72274823
41021343
23627982
25907303
19046752
23861114
45064080
49390798
67492325
51366595
54773136
11522638
33048630
75676832
78370725
70017918
43426866
59725246
67233429
69446009
63052829
44380269
37104067
48968569
29269002
48921928
54096645
33583046
73236222
47315842
30212266
14258768
42434941
54808448
16750192
36547856
49509101
22635608
51295467
47564200
40418205
53120069
51587565
17773912
42379356
74526183
70195809
38679509
29631719
13596152
20784496
64310907
17015875
60593259
63932649
38059495
65441431
72059977
55071828
18387560
17678735
27577319
16460389
39919755
30293072
16462210
30573134
56272491
32158623
43546807
19801935
48272810
20478081
69502698
55613930
34022256
76664343
68018693
32583187
61211557
70605342
21916521
59537968
50441125
19606404
47776470
20438839
34425525
10179889
52802413
68158460
58178615
22311746
70488067
20809441
27670997
67390668
25459980
52832441
74648900
28117256
20304689
56479837
39912981
31768210
53976951
37198661
26702234
69913286
60245000
11505414
54376641
68288039
32309627
61900730
15470718
64398661
26152052
48970949
50747702
79480157
66269795
31730081
59147048
13656804
67067393
42503643
62825045
43407715
37781355
21711039
27287393
78604305
65981131
35553873
36069780
49771296
45241063
65402063
33494979
43249813
38502611
29693313
37149884
28842923
63171187
58530863
63109252
10664093
41115012
71344369
72964153
22622256
78423250
13438678
74265203
14451656
45873312
45180538
49694830
75943777
31921203
10663052
63996506
53884612
30631738
42559708
37886752
47417856
14163393
63712765
37730825
44609450
62042762
67422501
40338437
45023325
47044924
79668345
50332423
25098773
65631991
10969860
22725747
20279433
36412583
61941176
13739397
23263570
61766040
61987180
72410719
70129823
48550794
47507096
23783985
32044322
56423940
66231459
57800237
19858441
78476371
13405485
26784143
49051425
77075053
19789573
49629282
17302984
19122427
22354982
61660472
38890647
29180044
34776769
61692988
54165615
27652366
68917296
24339353
24344241
71628473
30939076
62453696
14653123
59803363
31100684
22462811
44467052
13533945
65005332
49890481
60432952
70098300
77491467
63997924
50213541
46847435
34972208
27171372
54892451
29434576
68223536
10443610
44214442
59075975
27437290
47041915
49441098
21395647
13783086
31660691
59901552
31657155
74530454
62272524
26127319
36178353
53503734
33537132
17236850
74506343
77295354
65475706
48864692
23818298
57804523
41841485
63391681
76193658
49150597
51115279
65237299
39513234
59184067
10567221
62842264
40763695
46357966
67685819
50381288
17342883
17257711
65839106
40069621
13939124
20552131
24343058
44934422
13959574
60721300
33753537
49843551
28296311
48969865
57195894
57927815
23676997
41246711
29879537
33339605
57898594
75978129
25928326
10252671
68055955
25482843
43964406
68040669
12282121
42089924
71443418
33079534
23929047
68296286
51197458
45018811
34794141
42241680
12194227
76277060
44387569
41694810
32415785
69850727
68266605
75006383
76160951
67270440
23176012
15719343
43379844
49361604
67021567
31940524
79757857
76740719
72270596
65669017
30075419
51472022
53362436
76935547
52117831
52414691
47750175
39520396
45498801
21291075
10048736
51395329
33112001
25818317
16834312
58089924
52881268
52626548
49900677
55705781
62011607
33911897
16059923
32171384
41896036
63643859
58815142
56527956
59691523
58201236
68228997
26072587
78284529
40500578
42794834
61264528
72904342
54461944
32686664
52437082
47224793
65298554
52891913
54688069
12692923
72225004
75229542
35212826
51060208
63039013
35306460
28914669
12790523
31672184
25199944
57991978
27011789
54715699
24700779
62745608
44115168
59549974
63683744
78745304
39769816
37384685
10315985
55590257
69904220
56490435
64960402
16001750
78099233
44278750
60319518
20739297
16181627
14125548
16894307
39800583
60735441
64641760
21308838
14912973
10085966
55618043
77135895
30112643
37403372
40843124
57169277
22242076
33053554
70733563
35246562
66850193
59358418
17093462
45845005
72158251
35569171
25127826
17343064
18976794
15355075
55497677
30708190
25807747
15253011
47814957
55614115
49282873
17814613
49551429
60294380
57398733
62631618
73712573
41739263
75119872
62215974
34671699
33804686
71845857
73154619
55301844
72506064
23714545
42326290
21057960
78412826
48895355
77974575
38100014
34404293
69585605
27944196
34785641
40197267
42057656
10715049
14986178
37427436
25042612
39322115
79013252
20124314
72765090
10785403
54921685
79854350
77033550
45368238
22376769
27156416
13151289
11384414
77107341
61948204
22145384
51135237
42864086
64488696
67847873
22990409
59138830
37783983
30331641
23783157
18136362
70074752
13329666
15836885
33809595
42466847
70276940
22730005
29958180
23289645
65576671
47037146
23586171
25960571
49742751
23129257
39153996
15227942
20763584
38684253
49453893
71714285
19273182
73818081
12995232
76363706
77220679
33830882
11288622
78088345
34299971
14879035
20562781
27086932
75391576
42968807
24414020
31418177
34726096
25983298
18587793
10793849
14928779
69173922
62364093
48094159
40823442
36194053
45798280
20792353
49170593
24720830
66861891
16496983
21968038
18056911
79265567
46346227
62294671
75416244
18698460
15623258
70333776
25882602
56802480
42063753
75210092
72291563
21883229
13275196
60113419
79316886
31324682
30363261
24837844
43257490
55676776
50793988
25903900
68689311
14546631
26233197
72132885
26219862
28246990
35570558
40931452
17676870
51719999
28448978
64217379
44038614
56033609
36360275
79218525
38638541
20331250
31388870
72967296
64528139
71615894
26070712
74602396
52733765
58165488
42180295
41597260
41316025
75551862
65600145
29450860
65520713
62457084
66245751
68738539
30476776
73368994
10781893
72536846
16176970
33746588
54814932
26985443
66102402
55768697
29445497
77022087
62431846
60790155
22408771
32008102
52975911
52733837
11551161
51316583
30673364
77431024
12113980
64288513
49314358
43638234
45974681
31256309
64053250
29811959
52513095
33354843
52574828
48632393
37559121
53474070
35447169
78070523
25165348
32600993
68996716
77912408
29630346
66702236
18468716
28877499
21828542
64468689
57185544
36328856
10699202
27223414
10898174
16879885
51891898
65892582
34614404
30617723
65386368
38710436
17650185
79134167
78195710
56849056
34523808
16252231
74165680
41186550
13419223
23390970
68680984
46659305
35471365
37816078
13494349
29661674
49012034
18787655
23094538
35628424
21142470
48739534
76268767
57416719
55502534
26599347
76050912
27089389
19145658
41066245
68502912
52323210
79896026
28151784
59699811
75617128
74591959
57995480
42577780
65352341
66914240
13894952
33415923
79873501
40829332
26066117
33194074
23690597
51836658
68338790
73214493
37311807
16035084
78148171
47399056
20829097
66612683
65837614
60937315
42821541
14455253
63735175
62099069
41249426
44983332
62796378
46008927
58191399
78978149
34971727
66259333
29460733
23286409
48485853
35613434
60634485
50439269
52670308
17770703
72399244
65994786
11578189
15337961
10800481
28718378
22810003
39634350
28730395
69323386
75497224
63081513
24676445
49818351
76287874
15320846
39952822
24201281
78525029
28135141
53258799
66107983
47070034
57878438
11037380
25361350
53004246
24449777
14749932
41920522
75953533
62907762
19318334
48339559
25543125
35707470
29282101
66060262
15014492
54947657
78458284
13815794
56175495
12155025
36412037
56747338
74850711
12652194
71242077
31562334
57885809
57186512
54781841
36741514
17449402
46348736
47869634
23012849
38897880
34350079
62160483
52242131
18640683
58075688
10571002
19087357
16176864
16534388
19953714
69168161
77771999
23735329
66981056
58571030
60403640
24791898
28824369
15105038
76901891
10867478
55347766
42872045
59448338
27125495
10656037
66400704
20470184
42173361
37738521
26463822
58292004
28053814
50207194
12550607
68124484
11697018
28110325
63440125
30518250
74297059
39996795
25296054
73809322
51089913
41711652
13804001
37576171
54819052
79489684
53343174
17241793
32563457
41880464
66413723
42601844
66359892
12416751
15734897
34346067
52689273
60068382
66699078
71061282
70069400
45173051
36504023
12919332
78090280
26934991
37724864
75714555
45284659
52885129
34239726
39969185
69614591
20568334
78498647
76603470
31741755
40819271
53962370
55583647
16163003
27962037
68222179
21190409
66954190
57275947
51173033
67936675
59352814
16162797
18876866
51631309
75330748
24917754
76683548
53824500
15336586
51245692
73087589
74341558
28684645
22766282
31301062
65049442
31051279
31631915
44995236
66344512
41883389
50303505
25886565
37800177
72423471
77533054
37297507
58346437
53309660
59612414
48548883
67120926
15479506
40756445
66252480
18951784
76682600
72335224
29633038
51917531
30052359
72081338
27181053
60219969
69513655
78094596
17618522
14042800
22199137
67310969
78268771
52474540
47515345
66264491
53353550
22581460
54507514
26893847
26860002
27333615
41205433
66112968
42777328
47167516
48250080
27740156
13298379
77937304
69454049
26947155
32858881
41436519
38644609
34066321
18184141
47628096
79835434
33351598
66611569
62709966
53747348
72134051
23785723
53348138
26744201
53882135
36641953
54855532
36051584
67773652
30696681
10469297
67170483
72395758
49426648
45377324
23149769
26418165
34993032
72227251
69349701
74447701
58250877
19767041
76128338
37678033
62174724
73514691
55113692
27367321
23414091
13283966
71100120
75954302
33032472
25384090
32114881
28754713
46032996
36595501
33345241
47715493
10375366
35211096
19115822
67196655
67852441
70221508
59142024
47701407
75158155
37619778
61096319
17583497
36877602
50521291
33157567
16036893
45657037
10757889
12765226
77411971
65484018
70783794
60625635
51290696
73489032
37059578
39806770
32547612
48611747
39940660
28403513
72377943
46152899
77352069
63396069
55782127
45157576
43773816
22397370
32327890
24381679
74091391
47930671
43480560
28310797
44531626
68331620
58854364
33141649
38124264
61084217
27140726
54605613
60179312
35025933
58673378
13303907
41727000
58383455
28538153
65006610
56773159
56466585
31872916
74930053
57938465
56282384
30417094
30427780
39090469
53693035
59325916
18839473
55636462
24748555
53657624
59623414
44422170
58556254
58565459
31195923
14289270
52812828
65882720
49633689
75094377
49240988
38132492
16803216
16227843
41697376
68766953
46325672
52747742
69747233
36204162
46289993
51473177
58177735
15592240
49223085
39138779
69061781
52634292
61075056
72870950
48831850
14427264
58449525
33152630
16538136
77826636
71860796
72951600
18221194
26050317
16848357
49389664
23487334
47656685
63461577
34382959
26615537
62925469
16228817
65410460
57208006
37684359
71160854
74945056
41357341
54696315
19323332
45281104
53010215
21482682
54499780
71972302
74510704
28995270
43676302
33711375
11371213
34496692
30611640
66270724
25391378
77139707
13100504
10548957
61439695
18911908
59127879
56528009
71836993
35361038
48715795
52276536
30189044
36395668
64824034
28349857
16745701
41699101
58827845
21350614
22523859
19421355
63209316
29560857
35558793
49133780
40786783
27646548
20059044
35483810
19640006
75445983
52991779
15802321
20452609
61370562
53120226
79598004
68638323
44081595
10690729
45102252
36334391
24731960
41849004
66574218
24342061
54566394
79166569
74291400
50244943
61551750
12616330
21890001
66404623
62054355
12249962
40210846
50159762
50820966
13125819
59189698
78664350
40411127
46794897
29332527
46019634
64560501
79951341
69314200
72384064
11124054
72080897
51429572
42603971
74736563
20298595
51708845
19016405
13204992
64270172
38829031
31127618
18536779
12102873
55378865
39663501
77108926
77388701
14070136
47261174
29708668
25113376
58460185
78839181
11543134
33116092
22678838
59906846
75402892
55200961
43878609
34619651
57594935
66410888
38024694
31872690
38954497
47320417
69953189
64397987
34844080
36602408
45815813
68659059
37071696
50445289
13021547
72704068
32990924
18318690
60719881
32461568
25310319
22536321
52649413
35402793
64900989
68718608
24577608
32471300
47009760
42837206
68330404
77999661
30468300
29828227
48057760
32041930
74361682
39646509
77669975
15619245
27486269
13058666
74548003
51847781
78666334
77487928
59136132
24571099
28013642
39324093
15796403
48334838
24337762
17206094
69444629
37727594
30760948
24983470
43126029
10257914
13571931
23964445
65273326
51502620
49968755
64781135
15332940
20029571
24345617
51585880
34335309
59974396
51425271
34902011
40544514
78513490
49536499
25601722
23513133
24842647
14320078
75047066
44673497
38519379
37372663
38376844
67757711
36558109
58648136
68282272
23085840
75675576
63969183
71063644
34688887
21491151
11062703
64021689
35682899
69512054
67353141
67368097
76296566
55651423
39457572
78434685
18090157
29881820
17051518
34551038
60023235
45326246
39669002
18859662
40369785
27743054
19163563
21677927
16641564
36011529
32769513
38800874
77350960
71663081
77596403
66006315
65380207
17625431
25207185
40805699
39305512
17205309
57561695
53455456
61772155
29518109
72471987
47775897
28209386
27432398
73680663
45148924
17913636
10675493
73639764
35515606
35327312
38361193
25033738
41880281
42327773
56240938
72754431
41446031
54266291
67108775
63629388
21641213
16379095
79918766
58213608
59986646
36649956
52753329
48226938
55384015
79617548
72525989
75636724
50831643
33841937
42556444
67182217
48614076
42573973
29830431
66220552
39021889
31556512
20651998
21414755
14690340
51686008
11536722
44422369
34409512
46793638
59635974
59735803
71164414
27444640
35287231
74713531
47524340
11788939
58535714
78893548
18300167
79843337
10197613
35610242
70032555
55189211
27386121
14860612
75613004
70797571
60313860
25460778
30537114
73821386
71371532
39967544
11462887
64658617
56989085
32552284
27040200
32686067
79635754
35929179
35641467
77482476
78468598
52801333
34982764
37376915
77807957
56036582
11268562
14720782
53545868
16842054
26412977
29451232
44312865
63336686
48906040
48508731
27263585
73030356
33854366
57734338
29495226
41440254
34298196
74054853
50154733
47901458
66082422
60405423
39221958
32226555
66113082
50646659
51146118
13735937
67549097
16993189
77858509
13164410
74686773
78469461
72639013
69180285
62563721
27092800
48335890
30660925
78808570
44492317
66903710
41194410
43109001
24473937
71164897
74122765
57807616
11878752
37647641
44410502
15042469
50641948
51583186
27807136
29449131
52955201
73611707
29299767
49619556
46243443
65375454
30033923
45469451
19206348
47450998
43039886
49465594
26445391
45742974
54269286
70549841
18834757
26611659
76158446
23937714
20027466
11791830
27065331
44499796
17672643
51857025
30399410
25394454
78875002
58167026
27050622
49934790
19909239
69371404
67857398
17079091
11085558
15791782
10454311
66104539
17883094
63659160
53987293
13996223
41853321
66485398
37561661
46172121
42720128
24446859
21762089
25997016
42314369
23882448
71177750
65352806
15414012
73874369
39858698
10124477
63781033
64677496
49611107
69281586
46205599
78615956
26775941
30932392
40648316
20171682
25926989
48198032
48096122
36089125
57471831
16985029
27117907
27588409
11540401
17426550
14519797
32376642
69870785
18611397
12539800
35285821
47599452
48737941
59425745
33728443
17899353
13608455
32115563
54155644
33450343
45125125
70859178
30005564
43168547
28772029
53270557
78874230
39067934
41651957
19891128
64263830
36594278
52692715
10775250
11041537
64847819
74148506
27611140
78606445
34494059
41796794
21909903
25303279
27390635
69253653
19571454
79577738
54858321
31632805
45644109
28015149
59365473
40877528
49171798
55725445
41478046
60328241
63734393
39165799
53662869
14670024
76348481
71328390
35200830
31538551
38869797
25142210
76813875
19918377
67475949
71895758
53844261
55794748
55507294
12381711
65013981
63864459
20944815
59954455
75366098
60652214
24176879
44391092
40352015
50687839
56069356
40704925
23473529
12851988
70894152
72490158
75943706
73786822
50902218
49297325
66910749
40656266
29177062
42841748
15555890
51725163
57488137
66182138
55129400
11948039
54271706
59720943
45613755
49779099
58946857
73301434
12609860
64197015
17276145
62704551
47214704
52321258
47122940
12827723
26742657
53643604
50595996
62519221
78437755
17949524
64741953
55479216
47996675
70660548
21034514
32418341
54779561
30783272
18794042
74347523
21866930
59114605
55662622
64422840
15157871
73392742
75254010
22068945
74646885
34466313
25265443
66064118
73687672
13480275
58463690
55770560
60631222
33626815
13039997
21720117
58988205
49079976
42445816
43415335
49008150
31421795
56019347
29975539
77530759
42506840
79266080
31301446
70611735
57870331
70645466
52034681
77204559
74820805
30803365
25147995
44095468
44717261
20897491
51689895
50151858
64999418
16789290
11872669
58861375
42437677
44531946
54441285
51925864
43935225
16416454
66966066
49097893
30253192
36244564
62160637
56183045
64889388
36962701
33032603
50503402
22476787
37572273
37489386
25343906
56807451
59786518
14815483
52153929
19610507
66668456
36337645
54448720
36237425
79072332
41259816
39444135
63605502
14148805
44599928
13217805
25627469
29453831
16428695
33736695
65568714
20565871
46973283
73249057
61641966
34795397
36433284
40935266
19617821
21810604
45395823
71938418
21842970
69600112
34385070
24407105
67175322
62808728
77949752
12767014
29722748
49118745
75062702
12659418
29250039
44237901
11001314
58371746
16550272
36469267
12193562
48617415
65633313
42806005
56939388
28645355
40361667
32498196
19912670
49617891
48568469
39464101
19928014
62675492
41409254
53782773
13688990
29340601
61808624
52625456
13492853
21036264
55574405
47326109
28229608
19629825
29550584
41910908
77753411
22862306
74234280
67196156
76882528
59287025
32501539
30414992
74681506
73471493
71223663
53906196
58718325
58270712
39533058
51941706
66185129
24549543
31536630
46881981
42353039
43572908
31546178
20734914
44969949
17955369
54125205
45342748
19863651
11101431
66786038
27410570
44417050
14729973
46526028
55692190
63306262
54328430
72142500
58472508
60096468
74398842
44589087
24185426
43212110
79094546
63964394
52207912
68174176
76346468
78139695
42694758
64107021
78345884
12125497
48501089
77225697
66513853
72845239
26167162
75719882
45566802
60538251
75985968
48319276
72002775
36641462
11774681
30213719
65429827
62420380
26175804
64805057
75107313
31994438
26209370
64357414
70777278
76659401
39329607
37854614
27738653
77945610
66213483
58988058
42687185
40401272
59123070
51909370
79625238
31893786
38878989
15772777
66852686
16363867
31658591
79541206
60408563
46774781
67731447
34971655
27369925
21330963
60852982
44994948
27288682
69275697
39957794
19153480
14962332
75316113
20817412
22968208
59828209
25935973
43482971
63670920
43703502
65531248
25953125
16489230
50938434
70788400
16062448
52778087
47171475
78359018
51651432
51700218
26530212
61450796
23714703
70811047
49623950
21064445
26777913
60914836
20222041
18106602
59978242
19278551
49679202
68542381
35482245
20262692
20730932
76302340
58334097
34014979
30817175
69697351
29213753
75594754
25859389
67415180
35537699
76145207
78725155
58528154
71335036
37534563
21288640
42004851
49515843
25798255
21080999
61078151
21356527
55255096
41690614
62739155
35625977
52065697
19254866
59466766
71890688
20760273
54487635
79797954
60237892
77269895
63818395
71851482
58835572
75394509
35736788
76069461
13333981
18750072
19052288
41219965
47953123
15560254
66713082
68874318
14063733
13319700
15861444
20218392
35582900
57629123
74142221
43269137
18220460
66009911
60062184
40623848
78293502
40374695
72772584
17493768
26082695
32895438
55625814
58908910
42681636
39104708
53593647
74286040
41986710
13200662
47427682
69826661
44687225
59551093
10773041
38763840
52718716
21190382
29712492
74648732
76128173
15396265
61992837
45492980
42963603
47491047
13069331
17775369
69197673
48917317
39029073
52741346
65197827
68612670
77245103
40829449
29151152
75448352
29728562
69769555
15373197
66890509
24056771
78192323
21402548
68542270
54060401
18585520
30905183
29258889
42075940
40439966
56605685
72284916
46742511
21301603
78280698
57830977
53214860
18726693
37983578
19853096
12737739
21953299
59976711
57443064
57178750
52583181
61420537
39062213
27339057
42747076
21575032
76446812
32033909
26708861
78344037
39460406
61638611
52412738
78918945
59420155
60857710
13145419
40181306
21378551
24035659
20124974
49033406
14828633
39201407
55352314
13155308
71590139
26284377
17364957
28440936
56225785
59719147
46413774
13472877
14610860
14103922
19268595
20206752
39726749
22475931
50987066
30764010
55678991
79284071
35600381
19009887
12911247
40913786
47390070
58950017
47648539
54927253
42850424
62927893
13234445
56468667
53226056
71362527
37056689
68142504
77721632
24645055
40246618
27970958
63830363
26184518
51263315
69496270
27117001
69364971
74980491
26723264
16948436
29778516
35504425
67289897
56882518
52156859
47297841
59838499
41737173
31095136
29319930
51833339
65787119
38069739
35846216
75219103
22443671
48607622
17175880
32853000
34619964
26633819
68452120
61658599
15445711
27626428
21691863
19996930
23645770
52101330
26932532
58130894
62471813
58323531
69431165
75553193
40760319
61841482
34778665
46095850
33884330
27217400
55560337
17504950
70252941
74480497
62065454
17076472
34274092
79386106
64802862
42818392
28192684
38958535
79516307
62728696
22783582
22893444
24715408
79716856
72763280
33752341
23645887
60724022
64886426
28429303
53432148
50672804
26312929
12944066
20959601
75493861
20267930
22995835
25523215
58020334
28939716
30777076
79033253
14446055
24607340
52962278
76434667
11901679
71266069
54880309
76561755
61505008
36878736
53724705
34947832
65196240
77675206
13195031
23132419
59401903
74861177
51767484
55130794
45983032
54751191
47615185
13535010
31015212
56834391
76002303
16659590
11444995
26288238
77995952
12034499
23189003
29590206
60413030
78302327
54806891
77256850
63220080
61348296
53797319
36029021
21888485
11246867
52568534
25914773
11930776
49069430
49037969
14399368
40671490
41560613
79936436
33421259
25845048
45961749
58940012
52565685
32025312
23182749
65079541
72599636
48544664
31193640
26250750
27518615
18357202
73055667
22146063
73761805
48936891
22935676
63837271
23708325
71163440
73733677
44212947
25530530
74998379
14245239
71173315
11044645
73872518
11411258
62538352
77163566
65211003
59955749
55485311
69886985
38044862
65612429
27309100
64700876
69170912
69795236
35441270
31915091
23635724
33735057
62116515
31420398
72279198
66858380
70381942
51526429
71598798
72017341
33100970
23941512
77150256
52351714
50744086
10695773
74056457
33498371
71576179
19437048
31268342
57484662
26491836
46318954
75715064
26080493
63600270
41796172
34719915
39582216
34788923
26513832
31455287
34098379
45564131
19815528
73935103
44752406
44591992
33404491
53871587
39163359
28402672
32436133
10099094
46474720
41572923
56742061
68312007
39914542
65001808
38814945
31884416
62826373
21648639
52710154
34981889
60401753
10023413
69501337
16433153
29231017
17614584
58383141
49332297
77112146
76285407
27479290
74187057
14820354
31494703
76133803
44519189
69946040
46905411
53853107
55872662
38124706
42890281
56388456
29071110
64515102
44658223
21071496
66088771
18643761
63327735
41743778
25657123
67526266
63054628
47653390
30094129
44869935
56076154
40406965
19570363
34125307
64987780
19446175
70527041
78352313
42461822
71811925
41612528
21247066
23558084
14068186
54494790
55948558
33995158
19074206
21694553
64663161
29235433
46747521
40369170
25730581
69079205
56388410
50341351
71700882
11483183
50495150
13017702
10171807
44076640
73896711
55039121
68916080
52703317
51406312
67172280
62941930
69484011
26982590
29044143
50073661
13909589
28499412
26650637
48039454
30282190
17329752
32960154
12491784
34194436
65466082
48987832
31631887
47986048
30256024
77758893
40871083
33067030
69671143
46851205
79089341
48914067
66838967
51863976
61618034
66613237
16223580
79864860
35067493
30832389
39488300
41581518
52620972
46853194
41404616
15761983
23102969
58609331
71703460
74093042
14210608
17677873
76979400
37284147
42230337
71115207
59321738
47131383
64094137
47600200
47105178
15932695
47615767
51427160
74588695
12798996
59696653
21517700
73366998
20974084
45818115
22655996
60485837
14047952
76044881
42058318
45901787
67733833
53147727
15508386
15118133
13241627
26360660
51671784
12878188
65745577
30772268
51743695
31470677
41178233
41755691
24078917
31497772
12126733
25387959
70343606
18750995
71326366
18934318
16905039
79188490
11931102
19674828
46805796
42197429
15575022
72421399
16998307
38846664
46473472
63293328
48444683
75527056
39474298
14791272
64130306
73348167
67022348
78658252
18958369
60663714
60024685
30930047
19104356
16305035
29745501
16629188
52887717
77103602
51784344
55299822
54224323
70645909
60644446
23645553
67166330
23410213
27365079
54769428
45216357
58760959
56891903
53153816
11032861
58853346
76088936
58988083
18973238
27048730
21348064
33545443
59664231
68799379
52187377
38394075
22633197
69158608
73994921
60796084
31294652
79131726
19809277
71928779
71637899
15204249
63911843
26165969
43723492
29131145
25737855
56712422
70849681
58471303
41765889
44857605
69194503
48472905
48555656
26755831
48514652
69721801
39585074
60730277
35583886
34959202
12818691
63349311
25888063
64489859
19276317
28660589
73567341
44790605
14678793
58011283
24234020
36680258
44429590
76636992
62589620
54664063
76809014
62951809
42329116
27588460
62447106
26122185
75316572
12931190
46119031
24594334
20588495
64601076
26923994
76393978
59257955
70613110
68005451
77257762
67514682
72080542
63007380
52353947
14128020
18962854
42614420
54417297
13489806
53411001
69313192
47721579
19466545
12477754
14832868
27467558
25146562
77692902
62044776
65056134
18099849
43836548
61341691
64936573
65427959
25750281
79384745
25856245
42172341
72677825
55856292
60724780
79551417
43676891
52429318
49450348
11789433
34675898
71716810
47882447
37537181
64149361
47149803
36669070
30370976
26257053
28977830
17142156
18642182
30534128
42201002
73528071
52285980
70999904
37448904
12684294
49055082
54365079
66554079
45394561
51900301
45809929
36199190
75904089
44757327
15258495
41089416
59672803
41932369
30166502
74795421
22516275
58721095
46472817
79819167
76728243
66923440
58588988
56727492
38100705
59935525
14918454
11051764
63323642
28800162
25421247
78443693
63737935
34083650
36920257
37466462
22932789
34115143
25710920
54871252
21622139
62684824
77713511
76907132
22559720
62151984
76751301
51647966
28037067
24686293
52322497
29139634
47840392
70577268
43104066
37317289
33011015
65567465
52413308
40793348
62673604
71402161
50033705
23914085
58722045
28383840
34991614
66415535
32778249
11799937
35286523
74136497
34363543
50234930
50312588
73570534
55921332
46719589
25314519
61903556
16888220
51689559
73046190
74606872
25267477
62439814
44795253
45514468
13000864
23048383
23545861
37912156
30184846
30276422
59858882
44857563
79116448
14293098
32178514
12856651
23890126
77910079
40709594
75857558
19957037
76766550
47644214
37908655
41848928
29511769
30871815
79355833
23761846
63988358
50317567
18306815
13648568
60638295
69580947
43831544
55774856
69959351
72522684
60831356
20063368
29615411
11171124
15183349
56365492
46536613
68731105
15175836
34317654
70489439
64960496
51384218
14305909
29536854
31910411
63610636
41267148
58286980
11496765
31544756
70784279
52984004
73551781
50533301
44511161
14725843
37695835
21746882
71312338
78785417
48234839
71840747
76725129
68521323
31680686
15546835
18368434
35112200
44773362
74343167
56700307
10123349
60763217
29171491
48406837
11825457
76440218
53319386
33354428
58344582
20229329
24969310
68478332
66289718
67840487
57600940
12964050
19091406
30039674
76124928
57532210
69219830
71167563
63112669
31822185
35773943
28493577
51852425
36292277
61212943
40036694
27857637
53558375
30636721
54962208
56824683
74379065
72536060
52287045
20585006
45480546
74113436
62808849
49046072
10717652
30103337
23781167
61928058
21815372
56314832
53236756
56479511
31928212
51698483
37035268
62240178
29664172
66295599
40606214
72668533
58411375
36997841
43306414
78220679
75307677
11477241
63832196
21660130
58019115
25701190
66415581
77002735
53828121
10669644
32994440
21096439
36426198
73733690
34946242
26365426
53252312
13188172
41760448
55611788
27680069
45336845
18676015
18099887
47634742
49107360
45198655
79394682
48516979
30191881
55151187
55589115
53845619
77181422
40846063
51363012
11101911
55710281
35668129
62385845
54453920
70390214
30813671
53982607
39328516
64257012
29102153
60341819
24277404
26262712
11800105
33389067
70626231
37683386
76988684
36110608
43769700
21743949
60127313
59555076
11277139
49551121
34659414
28036311
10671616
70388398
28106370
20268143
31234012
33721422
19261465
59656136
61198742
28779981
22306278
66678052
25424046
31283314
78747677
11063739
43870058
14470573
40085127
61884446
17242113
67386126
44468927
62110693
21131186
79506658
38592231
53316992
41696502
36240268
24352112
60512225
48736743
47413721
47858136
13798238
29777410
19794673
74562775
58041168
70132993
33342923
32218849
59660544
20014968
77369310
19959683
43870107
42522102
64752344
71155953
32254611
72922851
39791956
34310519
34579127
67057900
23208141
58184925
45455699
23745709
41948168
13574688
50505773
24521187
71838243
15002247
34308836
67370479
11732831
66254800
62222375
26738352
56783133
23985785
67650720
32760097
16226629
52681052
57042582
51522664
76919431
54703725
79686831
65018606
43740906
41245694
49701024
56529118
35580297
57617064
75454970
59526645
48739289
48902893
70564126
37167997
55470646
19822347
27659672
53285198
21453477
72144384
55884889
16386773
70397590
38160377
70732694
54807094
30538824
32891571
33721062
52514543
49221781
21045472
51769329
52787821
51793951
27398484
23133693
62453156
61390340
34223793
45444754
76108159
20917008
74726458
24661775
61670109
79376186
10661831
46877456
30964190
33435543
27382069
57052091
27499104
76477672
33072004
64983964
49661228
59902671
26525180
43878955
15432083
65758301
14612154
70429702
36347826
57911174
59237405
25665960
37808570
76355177
19054924
18701338
21299627
46222329
66380630
11837079
40746065
20717868
44267343
41197425
32138727
35191124
65365647
10449418
75693095
37715702
19664360
58516023
59201431
10814326
41749437
17869296
54053462
44879756
24331100
43311497
64549581
20460904
14911897
69326650
11465471
56380920
58647331
72434340
42345406
21984182
51109438
30702800
30358170
71907440
13694610
31414243
53955550
58944159
34839856
74837533
68904708
15328876
15340834
54093457
67416141
15127065
21251129
47595503
31423837
30909305
74368371
29585426
62793819
50643989
79680818
23040028
41329926
11146216
72624902
30376541
34772595
79626135
20894039
19127560
15476138
66406308
75474153
38837538
58595094
18704903
53461087
61517833
69696408
67313929
68960224
78879093
74511260
76817334
55652133
74713138
47799143
44780352
59124864
60155569
68057216
59592272
32867844
53185829
38605034
26011773
46497584
13362452
14803615
42590706
74922018
63396721
22760455
59124805
68836180
22967707
74989825
49940894
22867926
11011984
23387261
33017674
16942535
26731310
46790443
48960077
61172318
20261657
22511608
12310749
13325286
72773231
41041933
65844400
43176743
70740226
50031975
62568034
12895479
45347153
59091639
17873257
63592632
15349290
64403853
43944389
42414898
48879898
27952312
72656327
15283503
62670926
36519059
46797495
71231852
74329118
42156334
54926140
57163658
41983681
69553771
62955676
61697035
33656074
46156249
41867260
71450051
67248016
59240465
32131240
26338140
23893948
19481535
69655893
31000098
41326558
28400140
70087289
43389990
32969373
39536623
24567431
59780704
23502624
24060465
66834646
57463350
15063935
57466014
50300293
56258549
78609053
18378863
70007296
62162261
68129278
44221405
68616419
40151687
64564443
78180178
42077877
31268062
67017436
57603156
71141289
50353464
31025350
69856683
51568049
68798325
30774989
33819642
55704938
66067552
28228736
47252853
39832484
67819969
50793404
32569874
75439488
35450584
45811186
52383108
75627981
10085366
33000045
57676836
16068281
62896583
45953208
17625158
65192064
16861145
19823463
68230067
65150186
38176061
39729701
45603195
19361440
68428975
66201652
68643643
55377465
10114874
17293114
35815108
11033725
71956352
23347263
56985329
79328305
41993363
34718446
36084816
43234091
77113618
12597284
79214043
78383265
50384119
49733352
31683830
47456517
36729143
44231880
10282854
58996365
74937981
59567454
76587418
18537838
25447306
17938095
57924160
64215828
54674611
32096059
38357152
24410092
57164159
57429441
31878957
53149720
59930104
62308081
20571036
44176672
62391985
53208012
78047189
29329683
27653301
34917871
10861085
75714790
29284805
73556971
18679617
52727892
42864195
34816323
26420654
55587196
20060605
18309642
50345486
45252939
65611510
56288831
31014656
11880071
53631423
47849157
75789563
71898637
79005742
17912390
75922045
46797080
15719105
45983337
78463042
25880458
16097489
75313345
71240408
29433842
70632868
32566855
56050054
47363092
11402962
58828450
46812977
46365152
14179784
55450123
17891116
71583093
55259604
53999276
14716057
16026647
57900406
77684767
16198489
63104307
58695897
67548631
59329504
77964677
71843001
29258957
58245072
53051453
11263369
26932392
77338807
30808378
15583940
45942033
51719818
12838488
26949100
58803125
75720563
76274622
62815389
24296150
16957899
29817645
78999680
74590538
36171107
53773710
29284375
52252561
31896762
49077158
45099099
19994682
27046995
30919238
48804952
33728186
35922437
67021071
69919523
66045454
17328279
37043810
45302658
71178508
27698058
52365897
10671609
33402789
76114615
47604143
12990260
43415482
25608245
66402516
20953058
17207914
22457931
42225882
18254091
64990786
63974597
13611358
35882294
76987524
65567149
39640911
70469328
14727199
14286008
48465836
31115082
36463299
11425314
66141382
53035008
75996009
25720813
59268624
76296726
54233612
57186773
63918561
32876105
74508841
32151901
76668721
73223024
12763691
21239422
72208081
38468150
39830594
76234688
10058440
49025097
61986607
36771828
67206901
55476151
66311357
10704163
70943227
78547380
31363457
50116292
69054946
23429525
60426862
51382116
13232406
47692274
13948751
24734917
35816781
60647265
65909364
61384629
59446673
18428908
39869972
74147982
34446191
53837745
27280248
46792108
17902440
42429881
24000330
14453125
51404330
40599262
73202001
65639535
21383122
16227582
32073089
22021823
31657082
48925799
13921470
30028416
56832462
56360526
16234625
23771679
75295704
52551986
77402189
30191844
52329332
52019581
56368214
59133626
62800118
58383441
70251975
24874828
17831288
42285698
52388655
70067879
70236275
76647556
11394503
14132486
75786027
67989826
43579015
74865618
27569542
33126585
44921871
13071985
70011901
39576979
76958740
77006608
61797178
72579627
28964279
33511195
62783953
22850655
75014997
35401050
47588912
58991492
26375533
60357298
76518616
62598730
41364293
77685828
56506560
20304578
43942437
66590310
49516767
43280963
49693223
51220146
64933620
64696549
64483894
25818928
45842558
52755058
23968254
28814622
22327476
72469260
29935585
70149832
15485067
46643753
28325951
22770490
61377265
70453620
67037253
32435983
13156638
67593086
29949502
16993247
58402223
16641393
24674478
52790437
38609581
39566991
69607143
33917540
43974271
73922004
78468288
62402306
41855280
45904342
67083233
59029919
11185527
64766458
78054852
72884862
44391488
13971847
72712428
46470770
62006136
34653507
30560581
24005952
79827561
51513030
16107995
40622074
44752136
14798094
48251815
29227530
20255410
56422044
58989450
46677261
22571787
36578826
15722031
44813732
41149677
50056491
42065773
67569511
48885613
20684471
69838590
43075896
58307085
54382727
28243395
29753131
77418408
30869234
46389835
11658587
32126137
19943805
71081638
74034940
38210497
37973555
64650323
23641819
54852407
34372353
20667530
59872612
35080023
60912125
14953226
19071536
28076349
55600298
45976688
79429265
36465088
28073104
10112106
57050110
55151782
77732772
79001467
66285528
64553520
55986738
18193366
55389044
63804759
42879182
48572562
29581048
53925855
26211391
79085505
76599757
26224680
43148298
69381340
14416917
65186659
73224509
42990337
71488998
50345708
52437252
51865350
13093295
46858766
66887049
61221492
17212936
69016679
63990437
47871398
33810238
66554063
11572204
27148308
65794749
13029955
75128444
55099783
77842253
36587865
53572741
75790609
29644554
53471864
55998082
73580310
12141161
58894060
55491558
18013299
77868798
68024718
44897478
32079907
56249978
51419680
31471770
47274058
11722667
71520508
13149978
70081426
41972437
49857736
40040371
55925972
33972586
39276787
58842726
22892288
75293048
14662649
72608672
44448469
63830937
39772447
32642525
21205960
39662771
49001283
21710446
31838980
51381742
35232954
68612117
70051534
54781163
31554039
71959694
32840602
45924814
59072911
55580085
66708949
55865363
19710916
37938488
67035476
63257519
74713058
67269963
34190054
64967466
49181400
63589921
26841509
40989833
43709024
31205049
68591900
25339084
38444823
10808176
73822669
11029314
59085800
18228415
32215390
40842268
41072183
73907485
25575174
28400937
60378439
72682816
19231632
12754860
15988765
46746510
11279088
47005309
78238175
51552075
38546851
44924255
26642875
55041761
42594955
47317312
17173042
77970326
68061687
79190198
37163869
60519387
42763593
65696723
16377717
29617622
64034682
17546138
68012650
78398514
21752783
41035638
22757716
49813042
27321985
43013244
35513464
47272910
67835340
24514947
59114099
79678154
12274521
29261813
30173920
65299876
76699002
15307031
28260126
27504277
64324778
13503841
39619552
70084323
17231762
52262933
39029160
72146413
75878120
22172046
34095575
49144518
72241830
11424891
30252192
28086598
70233751
19345879
43033593
51591199
73848841
40776604
27634461
16258372
12457875
20250376
30997123
75908083
76079782
45683788
53606956
47399892
78561501
30111223
23318779
49567220
29904670
58384891
75036217
35150687
36129992
29900281
37434126
75953120
47447369
34257682
43949411
25789346
31299495
64742146
68703597
17936524
49389106
64354252
32183577
21406200
10594159
54733907
49321788
71058079
60956422
63087687
40518147
52101383
40359266
53650511
10848268
49495674
52645870
13504286
11656663
69885137
23301233
16534140
54086494
69192801
62639711
79579525
22477213
76570645
30380404
39703448
41996512
79943377
58105385
38207474
49113462
12564044
24563712
21437526
78811589
57193862
15877667
63973510
11219498
34651071
39783508
23750265
77090567
34907753
34375275
19335548
10684604
73026096
21346831
36930034
43362627
20516149
60468189
45982514
56638811
39332552
44168199
79489439
20474870
60033599
58030745
14550022
37054349
74670901
46614952
70209243
72234150
31590182
78350716
58438506
66803215
67483348
46029010
56047737
19705603
45567026
79117826
28850086
28068744
73148611
11962810
72537538
67118010
31670589
54069883
21894186
29986573
15015032
70990404
75485185
60460084
50084326
43760399
60169976
33063622
57437286
39002737
40310614
43484255
28607537
72974353
79515700
68827922
35268214
54367954
70855534
62549868
62750221
69119913
36800534
39568447
64537114
21751655
39804669
59885666
79957310
55715260
64604689
55095984
34306850
19999195
61278297
72051908
35608585
47810975
36810782
36221331
18969440
77485469
67679962
66332732
16838565
52303877
51843598
70007294
56311531
74338549
22403400
64293921
37203287
54565641
75215355
30873110
30125961
70856534
31424498
54100624
47173041
34905416
36511818
21670884
36401135
74243349
79895341
36948695
15768759
54125883
36153693
64469493
27592386
78128264
50052877
15183642
72873934
43584980
43731610
19945274
37025849
40098338
46431879
27764544
32781131
55502812
36190063
13927213
74466734
26434631
25466034
26965883
63649546
31088689
76430381
75667108
69224323
13314377
10779903
32337953
50341306
69467037
60484115
71266474
71500056
37148772
63999689
43280813
69179168
44421558
66838570
71062892
62014686
31878240
51542846
59740631
73259049
43461168
11556719
34123834
26811202
79995280
22386414
69021139
21718322
71978571
65551228
26836040
16178798
16905352
78752224
13039145
31665598
51870060
73009262
42472552
43831037
58410186
28913607
42417865
24340998
61681668
25063932
39180160
37598778
18152318
24975153
76948176
40907364
48331105
26175185
60806176
31008979
69622624
29830142
23145168
67241148
10249518
25843831
25988506
16093687
44647571
46140979
25058146
34074369
23173765
29788985
73645460
17922228
31065400
41027666
63090125
62680197
75558746
54660933
62137688
74717311
45337595
52829766
44493163
34086370
32085234
31286651
49657309
36722399
30780626
23887650
69275164
40594571
17667140
48831811
73875385
34739712
39165379
69254455
66202962
49095845
17596109
24560245
47390854
52666808
75003214
38759474
57395863
18493314
29315016
72450931
68786183
70778303
55665429
75132240
61814291
29210903
13433089
32514428
65246223
40683814
25281219
56181498
60430157
54370834
63725064
63227541
40124109
26034909
55618096
29370751
40360207
79386082
27691368
17416973
34530555
42147190
31612626
28549241
27293020
12631184
32908510
30261100
78314013
60370059
13984659
71924983
33749176
60395213
71535528
16860597
52828304
38693128
24521673
51795020
65850307
26077864
40164265
25075211
76256817
75430156
55136943
22525529
24793907
65344341
21376246
11992827
27951849
30837923
41004126
23086987
66830283
40430992
12439268
24957030
33586130
27542238
49636023
42801826
21631885
40981665
58293370
51051818
68153767
27455198
47941566
14143842
77431262
13184209
20546446
32417688
16920707
42613029
34912273
40676246
38317774
27597565
54474186
56015896
77410064
79623879
20969104
31097919
33836422
24916515
56188397
40663570
48831475
10021360
46989563
32910915
30453295
31630971
59004726
78959855
59379418
50064565
77709197
15960092
41760915
35212216
50431210
30196600
76228055
12847702
44131479
45127306
59448121
32401193
64046963
72940547
31701536
59051137
51819089
48472212
14814565
74812971
55613187
61758148
38271255
65514574
28968970
49694992
29265277
59542569
60512862
69890167
70469067
28979295
39686659
42136713
29200770
74637560
14206241
56889599
69588450
63009845
58128758
13125146
37466140
35262043
34539010
48712837
25463948
60834011
51617707
18486356
65812322
39208142
38539811
58583865
40515447
65849562
25332168
28833927
29619665
63555570
62886901
44560468
77785124
42767101
12128751
39940180
79269969
25594762
72316524
24536872
21814503
37891824
59506247
16246800
27307382
58659297
31854054
76901585
38887861
67288783
38129714
17966710
75397023
14931589
35869698
54918068
14620606
31558672
13806697
32744407
68503741
50381764
47378922
47902246
56507245
67728280
21419844
33068488
44529048
39954027
21611984
75467592
46003017
10226310
31209705
37786680
14050431
59291875
54543821
49143204
49589740
44523871
39923390
46130313
66165531
63987517
62809168
56879564
25892304
79607953
73208300
54874130
44802481
13953175
24358373
72408477
49637992
55366875
53286438
42397216
69253174
56579710
25135744
41201496
52216090
74948652
60342877
25646525
63173434
56205856
13679274
11379144
68632952
45900734
48312572
17978700
10938275
35405339
34199784
60300741
64975999
17204368
43413981
49368164
75679698
33135605
29612711
40365597
31474021
16411568
60318393
29259310
52255189
18352388
78568803
49706726
75132836
19020008
29075308
76285951
53506013
14160506
35127540
64238543
63143958
70244268
52467834
34011652
41278038
44123433
56890049
17311715
28623908
31736280
55407553
17774219
31600429
46731611
60475974
43539344
46966560
10132395
57896668
37451672
34781923
56368241
21779855
54218666
28896928
19303953
59057227
46354327
17391595
73204218
26278894
62518364
69331105
40060185
48031496
66559366
39670484
73292275
46837114
37944378
26861402
58508863
47250840
20439948
72063465
34422404
47001195
55660250
71592364
79046849
42336173
39146276
29118993
54564395
61970358
13528589
21719918
39201227
61960614
44227329
79313585
10385466
45055634
50830576
33600435
61167134
35513212
27363862
71612216
15264015
54504510
25389614
20555346
49622240
37045358
35678176
46677609
79119749
22630131
34157287
38272565
10672843
38978927
30752071
63502707
29276845
64031207
58743959
68888137
25596617
42192017
74515522
48095080
23437726
44956257
40928751
69675897
64693224
59219593
36543664
56642876
24529243
46856142
16034069
21629721
37434708
10988026
41178316
11877320
29244736
16516477
54531149
59390755
75939061
54017362
27327681
46430530
57925151
64567623
66701026
51549305
67692480
36730921
66715112
52807938
76222324
31501060
22222800
18194743
45237571
71416791
51634520
73018998
27311416
71850106
11136318
15485264
32092488
73883263
55100595
68825404
60811237
68138076
53282649
42020152
71482604
78231528
47125204
26859434
30169610
66587536
50375053
28306844
66120422
33225860
60843342
54418704
16318574
28507309
17629978
37008167
62305764
19696355
23209253
34566220
45199673
43964370
67119301
64581816
44449054
38682389
43469075
60781410
53697736
38059070
55878792
36030067
45181181
53128904
78685964
74758980
78402265
60856516
29370422
71576174
67936152
37641927
59685396
69165704
66781747
45582610
74785779
36035317
60019872
42945786
77908797
62473881
19515540
56767050
68594781
35267814
25956094
13002669
10103108
51038238
63854235
60862203
46869461
16814946
23834202
79790882
43785761
28549044
63768139
36438427
31025405
19418155
72823761
79986777
46895762
31176049
13152378
25872092
44093450
27894283
28844696
65424198
26577607
75635335
34314649
22579949
24359421
37106329
58168877
77012856
10461282
51249795
70035174
32136794
69676466
13681729
70160745
41073170
32916893
56890813
55095922
66420440
74087013
58921095
28384196
79746097
72531408
68099238
68172562
53807025
63751543
24935033
22518559
64528776
52790304
67357025
14915140
36029712
14316349
10011884
25369974
23079748
46422164
77905660
10179901
33259889
21424247
35396683
17200822
63858174
31812216
65390478
31442711
23815925
25238400
29453433
35866281
74623417
42519064
23329515
38433127
67550573
50715494
79277595
59500382
63502486
23391632
20989493
25361947
78379433
45435308
51598118
15527654
39677473
29857652
17958697
32661569
68650355
52877334
25168916
77424723
56371056
71568512
44973461
15768567
67824905
51509853
44555087
61556440
37915957
78661835
42357745
34201466
66788223
27346455
22294129
36282368
72768981
78749134
18055147
62884459
25402627
30386655
32629122
24644268
50850998
78078680
31108180
51272665
44417810
73922255
63791627
37089152
31649130
38770465
74996954
29759037
48153547
23790906
46425085
61538025
74765353
29240888
64855837
46776197
21947523
38620267
45820701
70774290
11080048
31309664
68808763
74612164
53146512
24935913
34031620
32230292
74176611
63954807
70395411
17772032
77501713
43936427
10323101
69359071
70984299
39380657
38647435
29845968
74061034
61734736
69535617
59196874
71699395
73936428
50136169
26624194
50533549
28717502
21273481
78411461
34309237
36893120
33565889
27674484
28689519
15223781
10589377
65072119
31993100
77919022
71573294
75153659
42895391
30681157
35893179
29314511
33546352
58202457
32804932
34900200
20976096
57563968
52384881
74379855
76690141
60824579
14473388
29156814
68360210
73273745
48076482
77360008
74036066
26101261
29910980
24774301
45666891
62837000
56760668
76493589
11334694
23655067
32182844
77819600
22335862
21205227
64429574
25344476
37454524
48934565
14192260
30769906
65487336
58492231
21874612
15700266
68697807
29918592
41779360
48629307
25457280
75394260
28827667
51223713
59790205
59431940
24556634
29352021
72805078
57421654
76893840
49202849
20899170
43037225
74054522
61441571
70506969
19921415
27827929
52208042
47526771
18096134
36688350
60389281
56160057
69751870
29018547
38284254
25752800
75545917
18681226
76506063
72204806
70232858
19733002
38636516
32993767
53463579
30318712
68859432
45616080
15542807
68062344
41087349
49257852
27941655
36215986
44310479
37375514
33028671
41091099
41759571
42467873
22386337
49402438
69698480
20276146
12297470
18282561
37131662
36821153
36333139
72884411
51479240
69905640
72560589
49037903
18770783
31223702
36704556
76845615
58911690
73953336
51421348
76577055
75029028
34553386
29921394
25036708
30234622
47882840
36426651
19548597
53547874
47152574
22385814
47307230
44708531
32312237
12450339
19804222
37852720
18695417
27578833
43077781
76717385
42344381
51126451
18801443
75748293
64122950
76646206
74682092
76126433
10033449
36655705
71577305
65859593
57455096
16191192
26867120
60589534
49083199
27208219
58815253
55788664
75981464
17408482
26164595
44945937
66591019
39389159
45109737
43324237
48647565
49768282
34606626
58611238
45370225
21207459
22140220
70072663
24959280
30482613
75495645
20916848
76979725
42398254
36709905
37478284
43677369
64501643
71860857
62752770
13927569
25307368
25168609
64182636
68282819
72974521
36890008
69725370
16470532
64711663
36217521
34569457
13728281
15800305
67387095
17661139
47375115
23438588
21966449
54627248
41187508
42540947
16393346
75927555
72275248
43329484
77351945
71460518
19200656
51151517
17746188
18934615
48459112
24318618
54491388
42137420
48992014
23270653
78159883
45116599
16245480
54555843
26983142
12473044
15388940
61507413
24929417
78589155
26774086
72347314
29940901
50656536
26435638
45845198
67411352
75494230
13630493
68045949
61972000
67766645
44425298
26267018
65554409
66679781
62736431
14100049
13354486
39242610
53180067
18218172
41788206
46631126
21164235
71932398
58204351
68391049
13953097
47416395
59564317
27957600
55155487
44133994
24884286
28405066
74955752
15461864
45949653
35698436
16619734
10624082
33920185
44405861
31961833
16984238
62264158
49371823
73641364
21322708
60981963
11956601
56019809
30422983
65902112
13802293
78990003
13907083
59664417
12753861
15470539
23626059
74904084
74210348
34555474
76659371
15509507
24236669
71380969
37038397
73273904
39164036
58896452
68876185
71308804
75934573
33114366
48546551
16895341
12714700
73590123
65710182
43273081
75020589
42055305
28551049
44158074
76072783
25973054
20089711
35152007
50444947
39900053
15212405
76762951
67552460
42217791
65924569
31536656
31943375
44381961
18730135
11062747
51617052
73200352
42147340
33152013
79469468
58831772
12978392
31539460
21878456
71731765
31976447
71966437
73629772
72577510
68363123
20604254
73244600
31876041
66832888
51856781
62870632
52644600
48710919
60695124
45220735
33752001
21106888
71805486
26577008
21699895
38920524
38202695
64531207
28724035
53568992
50215249
45245872
65229095
74842506
31882002
79319128
40611272
19538904
40592270
10723207
62665215
22675424
56486894
24744453
41566714
77023320
56146842
12075971
74159040
71822386
60709781
68256164
67173944
77341592
12250844
72363286
44066805
53092053
73679121
13820770
31305069
22169629
58346174
35389205
57383965
20316447
25846001
39488280
20119406
72068369
36729716
58303165
25161749
45815270
54997954
48279677
79492583
69354982
24106260
35927647
50811302
63583623
59476258
70505078
48744860
56866617
77804640
59223550
35715455
12083510
72701991
55882235
64286232
63612624
25920680
75912063
66859625
55592566
53461334
61106895
54551858
42719673
59640607
72697837
55014508
68127096
13346772
26069708
72556782
29849362
46719780
52971755
38305960
17174906
55455135
69911978
45407402
56065391
36588802
55447396
19829517
76422455
19997625
38133657
48723467
66480275
67500479
75915039
71680647
62128167
19391273
59397599
70891214
58572687
34016487
75551866
28477593
27347524
23772634
30714856
24821848
18285605
43076401
52088232
41922953
10550970
78854197
31038409
42554440
58094672
10071233
10835559
68965382
65717443
22027889
78045266
54677273
26396310
26299938
63422687
62556835
67299553
79845488
38912855
59230681
27748337
48798472
75226540
23352597
21228381
43142441
66886382
57702650
78072087
74169226
65816551
16013766
57367877
65168532
17572547
76967796
42438438
17872637
73044567
41330444
55755503
61072468
67162054
59057927
10858824
44953524
14096860
52577530
32171462
75201346
58923833
30839252
47240729
55612634
26772580
36012812
33057479
72799258
50511494
25410458
29379244
79989664
57264655
53806395
42541279
41924851
33093458
54631982
79262403
55349815
34043354
55756543
54650056
76056831
72550094
52488646
24331145
57742083
47192116
62172104
67294038
68489646
28799753
79445281
70620797
55834746
52120696
25475260
58609040
63578627
54906609
78631039
48604554
25640258
12380982
54704409
54599475
54149709
55382267
12881573
30443478
73549039
36550565
25109121
58162712
30917243
28890026
58281828
29969422
13152725
24704533
12095919
76180775
52136398
17911683
30925764
47482521
33296566
60710146
55949268
19583288
65554076
33094384
26580791
24312383
35262886
44840497
18507682
11476901
39837426
47679302
38403022
17058919
32020339
67202126
55323869
43788625
39750175
69970987
47480795
12124788
49056998
36279349
25148367
15266277
72137268
20934976
59110867
21663509
42260023
36058781
77728217
25519606
51284908
20917994
54642040
45542069
37123893
56833759
49202161
15767425
13667695
30285537
78030842
76682010
55729009
48384731
31460331
34529470
66044409
15144606
32940995
70315108
50651475
16439048
47514608
63136130
75001937
31488310
73904606
36404868
70787851
52049697
19661274
67627761
60886355
38266065
12768540
23229300
52984484
19021392
35700068
78244030
69738913
54585090
14023458
54904163
46420314
50368078
42351210
56758543
42591486
45338047
48541030
79134253
45098620
63241867
66263348
64219108
24193859
16939723
34199343
43579085
32032829
71527187
37456670
63979244
40613412
37310112
10000247
26138599
43994064
27012440
58874999
11957880
49524294
57411644
79649307
78756992
66508926
34934412
18102946
62475746
60600848
31128246
74532020
31700124
76087974
46078316
57169964
24585687
78229967
61052956
48478521
53189706
34240440
40830879
50407075
18078973
64655557
34547872
71635696
27445217
36758221
63046007
28840489
74286807
24394024
16091964
24558959
45581161
69495935
17107231
41739629
15880833
69208199
21899108
33117501
22980279
79791964
37654413
39382105
38939926
55489163
51302841
33870470
24279278
44637085
52613320
63173777
50102442
53351036
53739502
40049598
59417769
43342757
29020715
16882470
58630287
28934078
13801889
64757541
71693223
76411298
22233153
70796974
54359706
39162093
71642440
37700985
79902022
58177235
34504707
23327927
13600338
75924508
45225432
37108188
59918964
35078727
51948796
29286486
31846170
29796975
17467432
25899369
63535739
49808652
66744140
33934495
57758918
73440441
69800781
57482154
77645862
71853342
28474798
68290821
56427223
66785555
18394985
33208789
20408034
11594683
44475660
67948782
10647522
35973810
22968780
24428963
11321569
27957003
48612676
72382968
54413955
16231874
48507309
23333417
45998671
59054828
59678504
53059996
79553748
28018323
55068104
55815325
63282926
19410458
66064129
55768511
68582792
52365197
45629406
68815457
37521862
76011520
17272689
28087745
30905996
63317898
46495741
67165216
29516844
43940279
56725446
37030077
59632919
29691077
16038938
61602848
68656019
19129511
43794832
47808687
42282077
54318950
33836077
23939444
36971962
12897237
32976405
41947663
55093946
67260266
16664470
59810050
73121478
55827968
74309185
77651572
28694779
62888527
29492241
29352861
68876700
51696168
46693530
27412178
54971499
21001580
63133733
15366934
14693356
31834949
52544779
16952889
55166170
73912785
33535734
50571244
22823467
26499556
39234543
33158313
38162137
21821932
44837383
78532102
62569662
65625588
43806302
14666830
33681532
23319489
18885852
16379946
40157720
18592821
48699891
25558787
68733739
53109396
39544698
67010023
22346784
37836302
26082153
61300736
79284024
28966960
55556621
70207023
14839939
47856937
40900768
47944003
55020638
24651069
23931105
21577684
77697910
26365153
14999820
14420325
11131669
13039828
52983152
34624661
44084141
71189501
37289251
13244031
20967680
34329380
50921575
19021941
10622911
51154038
44437487
25942110
76924737
25197897
35296503
40807237
25045532
50817161
64040578
17504329
44388177
24685189
76252129
72518624
52866328
27259743
33014883
79100073
47775343
24929243
46646865
48920906
12769385
48321004
36821649
74613464
23969557
57961435
40530291
22727044
76665099
76397279
61015263
12429980
10398533
64076080
61046920
45231199
74975421
32248439
50663570
42611810
45849312
55088056
10955378
26484255
77984418
53953514
51396693
39776810
63976583
40063210
59816865
36584491
22081942
10809004
50256787
13163856
42294001
57958690
71868371
68484732
69848554
24182723
41690297
24229446
27319822
46114622
32489184
18310675
71658346
62458591
40236260
63595690
44570318
19397921
73248171
49277266
48958560
57009468
16047141
75101330
62594060
23318798
61944409
23060152
61798113
68048611
69747605
25229080
68230405
30661923
75374643
75761240
14890195
53668198
43149741
28096056
27681636
43165951
17296563
41910642
57605463
73564380
59870463
44167202
69621297
27568930
29072652
30965717
28555784
35352623
62328132
46014859
79432543
79548064
46520287
13585732
78493791
18015406
17828386
40134771
41660897
36848002
11409504
55692924
30506221
47021862
40421928
31389360
33225776
31976140
63516204
68153591
19448199
61865313
62196494
68228991
52918511
62306813
50098606
39244629
36860413
41826247
74973350
61119541
50596560
12288929
39555740
57208301
78400962
38499754
63958895
75181740
15567711
68639224
31455835
73678632
28853481
38061580
63084022
61210084
60623214
62501431
46141117
55460924
17354061
76862346
19512358
64963871
77589568
62775333
27148233
13537040
76566616
40045966
55382586
29323213
45132588
72798293
52888632
69776183
53850429
68878058
20136289
30388622
19684862
69907993
19682188
25305005
44040684
32663308
10951997
20996268
33679825
56492308
20658287
68311420
15146014
71757628
36512977
38428885
53610021
61231780
76651152
31270138
70016400
77403133
49917846
49111938
47934959
48908862
39484010
71262467
22467523
64122625
74078130
56501400
29896689
41981748
31708262
39690750
73348945
25098853
16717574
41970564
15338349
78149336
72304821
70701932
32619158
23368924
46251313
74577124
53992137
53532931
23533228
35507715
31970189
66045253
30115881
15283847
12630647
33612814
66514665
15166321
53505939
64163136
10777469
11513810
60448027
76065166
67474895
26710568
43413492
21206460
22674464
10974302
13948974
15349306
61103440
68040552
76608864
39586286
55215198
72176131
13370184
78893994
42586153
69655762
14485397
14411982
73367191
18054145
26492600
48918489
20346950
22917435
16994115
35837264
28744242
54676982
69420067
20680842
32035174
28476523
68095662
23536279
43018546
18147212
35526814
68827448
55508397
46538556
78900530
71668489
16220637
72353187
26372992
56599914
79374591
76632316
49301938
63870019
69899729
21807433
76868401
71738036
70303921
28933338
59081528
48403494
63340966
56072018
17420362
48853523
69295578
13891129
50886893
26339333
47052441
78184377
13329855
52779481
55335188
50723396
68751792
34281065
29452799
75679624
27393529
15106180
14019377
47860900
78379344
63252521
41159946
59883901
23094763
35983427
32628932
14181587
46727018
60959922
34126897
36438466
13209956
77447736
57584147
49271887
19432252
78701171
15492596
69510594
23469323
78580805
16590948
29023054
15720521
45817253
66167889
42285342
75401287
21759181
34059871
47950905
23403491
69867185
36688486
55932870
56993933
59054809
37866561
78143085
54858954
70811275
27984666
37750998
32522215
31833810
21663728
23668028
41338218
32330391
18413409
25217783
69574459
46732488
52507510
55997543
39433954
12352000
27632985
25615061
11002464
79654874
61517976
10530405
35276093
49467457
32905937
26237053
10545986
16619564
35130850
42115808
22559945
21119652
19452199
32440502
43532376
37301291
37192876
36135116
45317932
55923423
37378785
27853655
62300603
31895811
61996021
12722373
79184629
17000114
27392007
41248785
20421138
68204566
64784047
57116687
57165529
17103449
63078763
67663334
30029820
78336645
73351437
17086129
13285382
65562119
12467547
29276918
18573858
22866550
70073716
70273873
49144407
46156674
40312991
58090943
11038179
69467332
51940012
72635750
59178999
62419640
47751890
35621542
71282351
16580833
63602038
69661939
63688013
46772487
64103239
44591083
15685131
48747537
10494966
67843401
30338210
54435428
42247610
16955126
15518110
25774224
66383061
62878446
37755785
52874959
20167941
54086957
70446277
75811375
37656740
30606813
51488610
70104796
15874959
17505576
33445131
63550222
60909093
10533987
78889411
40944647
11668712
46201729
52506274
70160582
51988305
70963723
73593023
61189120
20344309
11975763
11475849
16886582
71888854
20635005
73281887
53077376
10637946
75138431
54092362
79118452
32474444
30558244
24065861
19893671
65722271
27650308
30534502
55163401
45410897
46133411
66430918
59655283
51896539
20762955
71681071
36021460
64312302
73722543
70508759
23289863
38184363
43157551
30721428
63534036
33362365
51514446
28675499
42635093
72185590
37008635
42000000
16158426
25654132
49753292
59412250
71903582
46350132
22313268
39025503
37386116
22359794
68933925
14684898
27615946
33663693
13735832
35516608
41017338
22802052
50296696
56812723
17925481
38745854
52311136
44059824
27384338
27292153
71780324
43227659
37372036
45603943
27343994
26402595
29408437
30122120
15731646
35587712
61021496
29428066
77607768
58737547
17346600
55414429
16329079
57197882
66741535
19532363
10234470
71145076
78667034
64193408
63176348
35154820
57463781
16109160
21686412
15972289
40091430
58154708
51919942
39992726
49369075
44788818
74449071
37123284
30210558
31405288
57209636
65326587
44974371
60223424
60108249
47288587
29623365
62681704
58305368
49468811
34821111
51784929
74919989
49102122
19635712
22327217
43688247
60668031
71669774
22004411
72007506
29648291
28435401
27608022
66153951
55545150
56052896
48846489
38076188
38337269
13598879
26034080
45875419
16413002
60487281
59219272
12676335
71490420
27469359
55802083
31601709
60280886
39156983
70994293
79199483
43568237
68402641
56398377
62267092
33468959
70085110
37320469
59297559
25328138
52162382
38692321
57159315
28747492
55082263
16592232
47087946
24150231
78912379
77196056
58969618
64517458
14176209
10997509
26862599
68884735
11453855
68011783
21304517
43107017
57637886
45369066
58368388
43201783
43585758
69946100
56171506
60532132
44533634
11239405
32362399
43057686
69193843
56675120
21834996
62777471
12441903
69620921
52358732
33390534
49545230
22865827
26239029
25135543
79941241
13851322
60641234
51913984
30278973
27889525
77458543
58729722
76578657
60070604
20700480
24490364
11814544
61270893
49778216
19507920
13031867
52127158
51785527
27954053
53649002
23543871
21729568
23633403
65344450
56095208
66535155
33529302
37684805
35083732
41048805
57004574
78141068
23443957
42395552
13578707
33509716
10966386
62847357
44825397
51576738
41652289
41963644
60109758
19418480
67956684
49352991
69678284
45175824
14359744
74388734
48412887
51918546
29333174
74718673
26362595
26058666
59870462
48456271
31360108
40187088
10257855
72336708
50012725
75474993
11466604
37758773
27310042
52042419
10967815
41577737
11758625
14386874
25301269
62106842
32956124
75065025
46208767
43286757
27418538
62308906
23587069
27865069
63936955
30501696
10388555
55485613
78027250
59483958
14220495
50113922
34094044
71774455
19565720
53978680
25192237
49516500
47520672
59280016
49181849
66600651
30273488
65428420
10732575
33634297
75122951
79128212
48223239
66270959
73139386
28978311
16134027
62585915
23575729
49485987
21470904
23278834
53335252
77345129
72484329
53445381
17938131
63246153
50870665
37688724
14647646
70574033
44887462
63406943
73490334
46898682
27318501
41125697
62002221
57576220
65647967
79751217
17480052
43041029
39736738
49210804
66247230
31013276
27656540
29976740
37018684
53763046
46210839
19474886
31970914
41832743
10818826
11343219
10364572
52836654
79013810
44547713
16295951
74552124
43362277
40549455
39417977
40488990
73323604
76594307
21033048
69081365
28045550
22062652
74019555
29768529
56811753
18639558
17262992
30624747
39281215
40786685
48635264
74349824
20302055
19595057
69678903
14971152
57376641
28273556
44552114
31582690
72177179
50592050
40609232
79781529
78769859
43315535
70395246
49253599
57495924
57390980
51762430
73277154
70657090
72250477
44052762
49363524
71538983
74961930
54380317
20863537
51415765
18159288
45368169
39148645
60790624
10492140
18873355
73109818
28294223
52760165
60992971
68413414
60929145
22067906
57745888
28336394
72554907
56763400
55562430
73460304
21038759
54141981
70734578
62155380
27848205
78954194
72999692
68682318
14838056
42273808
59138582
71263663
24597698
75778071
53157343
32877706
19723775
65687731
60886543
55945154
27845590
76340012
53176883
28529206
11912149
78650262
18117570
75232206
38289459
58418406
17934860
26797928
52518280
61814996
17839206
63204567
31993757
61856917
32018479
32530987
43569135
28373732
69574046
56731701
72368976
21924067
78014794
56779052
70117860
74255122
43451392
23676776
26611934
59362270
22598002
10138732
39044569
49531927
62454720
67685895
11060654
19566462
33936417
21689085
52630513
47747394
51895703
45201833
63795917
61335021
77112389
62719210
54103812
56337664
36353073
56878084
60841823
39701403
52643542
78582023
33229443
71244110
78378091
16574886
77731916
76261460
36250429
38127333
41609020
39472106
23659852
50145848
73672221
76665022
68383007
48349137
64116264
15788807
75966180
40572530
24294760
69885214
13032226
11517032
52503422
57724063
72315246
29160558
51981398
14658017
23107967
65615735
10929630
25543251
55536813
63266457
73324115
30606803
36606660
16947410
18220372
53718687
56672484
42778741
73417169
18548227
60721274
74067398
19150988
29937225
13857181
63500538
25664003
68443418
42688576
27288576
45776951
17328207
60248786
43271942
33603535
34703811
11616780
63558302
62141583
58194742
62767484
76029763
23325030
69702754
73583164
76320868
63926510
52820873
17662123
48294468
51506945
26426307
33443768
33940484
77237908
58904769
57692120
53853963
53188048
33871434
53610066
35726557
31355842
44446072
65650318
53021266
35426458
59145571
50210743
57146608
22623303
14851620
20030766
44722760
25662706
72187227
61722954
33243910
45549930
27176663
15145559
43970574
63055376
76344164
43484397
53782856
15917535
72803840
79025617
59118125
49739631
31575749
74992475
53850380
67406006
31248554
35276954
53574946
17938298
30130558
11932187
68842200
37809122
71200366
66249447
56892154
34740694
13788068
22314970
24043875
14764837
36376463
30117798
61777297
38914769
48824066
15295350
35940644
14612146
26873799
26452863
57943100
15858024
38181612
12425342
21797964
26425523
25640783
48062386
73001741
43849188
79756911
56969950
17932083
54081107
10905638
70635957
36079319
55836004
53703221
12181547
77914284
27150429
65462437
21219336
72466458
55917495
41510709
70566293
79109862
19722337
42782990
11570358
51985086
51080141
53495101
71715811
14716245
75709021
65640468
67067252
53600398
25951688
75042938
45078259
29981574
79315687
13003623
60623249
18074809
11327952
12972098
65986241
68333425
12600948
37246953
59551841
25898735
74805077
41563332
22988702
71313883
25722741
36832310
30570205
74688905
25321013
55957253
49695567
71751634
55312401
65597420
45367720
63202495
50831881
74551534
76631651
18533701
32733267
10990711
34210814
54136300
19716353
26496956
27871193
32374429
53206023
66805367
45914783
61432960
12698137
19680272
11776639
24133393
63057236
74027289
21391619
33314918
15420701
37020625
60022318
51969000
38096616
67151255
65115013
40434044
34259978
54130861
46540357
49085840
19982617
70589444
42447028
25941508
32491132
43674723
57521514
25497331
57945221
63504792
46752414
21089645
36590585
64818193
44940497
24349302
53224026
31371881
24868980
22701362
22019412
56021529
14042996
53703786
52912290
78242627
11033241
48478047
23459571
70914754
21835416
40039433
31339216
41941759
46439002
13240066
24772533
12537336
70913136
49764784
39733136
59948552
35679465
13527911
53542712
69810852
79189234
72528576
12181137
73147945
17302808
59572447
70586763
46259226
52187395
19785935
51190900
45944053
71383040
56195324
41907168
67771695
13141333
71990427
37291657
65554565
35372193
35055831
21419750
18117972
46934777
48385862
61918577
63812948
51445411
30678884
70880552
26359397
39609973
74244149
49217992
45775333
65014941
53764958
74141821
60553863
10011210
41941269
53044495
19556937
77435358
52066082
35931879
33759956
47339255
47891181
71204297
76589966
33921996
48115949
67848228
73477934
52240026
56146496
45795301
69402048
16323375
36197112
20840952
18004529
75002431
77688753
60571797
77529470
63682704
45938481
21627085
16939107
26855237
40173186
64443992
59468339
30333194
61282433
20598537
67622080
15555229
77768060
67214595
24161997
63046769
46020405
17523218
38249450
42034468
15198771
40707937
49137786
54981134
56653668
79476988
58333485
38132383
69050697
34266863
38731909
54566669
49509212
77777301
20432186
27868695
42684065
57583560
64643173
18967896
26070164
30655058
49623794
25914231
68774532
30446742
21195973
56459967
69678957
36670272
59973861
46463004
78971557
25470040
40654817
63480514
68118229
42059581
24286066
31722263
28309271
64358186
62265663
50176623
17097272
56960710
47232852
27366560
72781097
40424096
57300984
33729811
49362404
73989098
42517995
72738590
21533947
16509757
59190924
12109824
30828461
28307772
53152205
48127871
48417697
66207856
49893005
21883352
67052254
56867428
37630059
54229981
13416004
69867536
48591201
45088333
16085637
57951154
36550960
76518576
65767415
65241778
31914880
57983382
17434579
35183931
75518111
61550436
67576968
77575500
21333391
17248477
12247857
66116959
48302401
41961112
77333422
48068817
74412731
23964280
20076594
63392525
32693480
29335390
50223506
26505209
14152641
57795629
47639236
15946284
47242421
49332068
31404687
19727367
48563625
73420194
75071316
58669085
60887875
30414086
70631637
46493148
70362150
56219346
30909055
14365190
32440939
25523941
26002628
77699870
14623954
75750259
50100311
68346952
77546038
45910039
60500117
72752557
75154957
37557051
11912353
60895049
37010728
65074978
27632812
13622916
13473037
25147751
44653018
57473024
34520263
71941832
73800506
60641145
46019512
78968663
65986859
41507036
18308463
21491613
39025487
62310998
51744691
48519856
60035915
20549263
10419160
34477198
70511016
17308729
13200927
12502815
47477171
11567400
60302803
67118210
25860120
32997412
41151600
71899405
20199160
68135942
42759327
27705264
60451032
69248811
17153265
38284823
16473775
64778014
31027930
76349089
47963436
29012763
38129014
16234616
59328128
78921624
74625434
40251040
75650707
32908572
46822563
69848234
30050880
77213813
72593891
45269503
49609100
21079779
13587571
25888823
62968498
24193661
24480238
55600270
27134621
31900505
43046438
67356346
13114255
50139468
56166448
26129956
78893184
56513348
70186535
22048741
10562063
73585217
76687148
73452220
66168809
22651847
32241139
39901448
26542599
46888532
49828770
27680476
12737239
22956089
36017683
66079082
58530802
19865193
51853899
50356572
20089258
69856610
50385174
71576192
35122380
66553640
60864764
34584169
52099434
77610770
45742719
43374422
16835167
53014646
63476422
30360299
37006917
41443190
62004135
69233204
16229024
58259899
68587375
55526962
38697882
66074162
45560805
31424259
49845017
47812831
72643697
34740568
16993454
66295295
43032006
57009661
76868599
21208596
31484658
60296068
28289988
73025738
32033588
21292916
37662445
57200356
23330953
15713785
72781719
23670834
79180429
45305797
18792383
17307525
54689867
56428529
34088320
59655145
28396551
65929163
73009277
13192801
36413486
73897352
55126779
68340194
38454451
25385604
57068662
49073964
17956066
61742491
26867744
61624129
26392797
61187580
32926936
18511931
71876618
13765278
12256258
72722695
33617238
79938321
18139380
10048312
65823492
57055639
23596890
45798246
36645405
11731895
69913333
71905347
47736242
11886569
56589382
18557787
66716198
35781612
63257948
65105976
52567116
65386077
63391518
18509930
64749955
37432991
39012901
14562278
48978144
46577235
70192882
52546276
51501059
65892044
11949801
53521743
79234444
18214113
46533945
49446992
68201596
77875348
40308393
74001679
30920875
41320734
71957075
27960325
52567166
69438959
19479184
18658986
13562615
63073994
12934642
34651342
42911894
29094553
18971668
40211257
37849483
76855577
47614895
22844812
69966698
47184967
56137667
33216186
12262036
32231952
10241023
56348202
13965390
18796816
77667752
25573100
41912370
16206877
66692684
40976190
78079652
49596331
39966444
12497976
65234631
74930732
38378039
41226984
58437586
59061817
52198824
17375164
57374098
31885384
42409252
19887194
46721360
47102861
42235992
49718406
20686758
67353855
56853011
59320011
34714744
39350689
43573004
30845934
52649555
30034539
45972134
58367200
41460321
40803055
62755907
48980796
25672304
74440982
30699664
14224653
43862263
42975334
21179460
32409886
56044977
54926595
35328049
20547872
46723320
66786129
66675889
67467240
36832343
19692361
73970502
13598890
60579079
51816433
22563878
11041630
26966399
69201606
31400383
24633894
32197901
45655711
19690030
39175138
76615097
73164450
59107941
17069908
54104034
14940758
79070927
28297221
40826630
74254194
78269233
26051206
15931966
42372659
16386436
74877044
68240436
38930400
31144847
74349195
11448834
16339425
53163766
16191648
44162433
26126492
67262747
12435408
33403453
58090578
49167096
61681964
23060957
59479456
29349187
43615790
61141087
43197363
74776345
52791961
21636867
50164379
32567034
64250608
65695876
38265298
35469436
48614664
64172371
31464186
41139582
54810802
27121358
28764313
31976414
64586825
33639506
10628864
75753861
14747880
15130927
74493336
77263724
77189849
16518280
38875440
67460815
38353509
50886945
62458450
59685265
63769024
41065233
65360166
36608568
18273122
73072902
58592481
66173121
78787160
19532980
61695476
44898043
32038152
77122142
60637296
60226565
56608751
13624216
31204618
46119484
50952614
11301331
48889496
31890806
75062086
21327105
43229808
62372576
70418283
71623519
73231391
38320849
52515584
11614903
34707100
43743849
31174006
58225945
73741960
71954889
40973332
66155879
76850040
76541050
69181476
36994954
41537095
60796768
59243340
26209548
26087616
38937743
55477189
38014791
31306074
22521885
25233405
23291076
20977798
44252300
77251666
53993218
12162911
20268035
23057386
39123885
64809510
71617757
21263098
14013077
66621503
78423644
70827006
68738605
50093766
78713994
59909052
45384651
64985548
31451223
48834499
24901228
60535878
59622073
73620981
63813278
31159330
48563409
11508621
72327732
42075935
11339038
76040048
28749253
24970457
65580198
17583705
62001638
56848285
37834995
65414369
53963562
49420727
36724039
32244031
21238367
78207426
40385524
11677607
76723154
69282301
17894772
56937515
68446202
25088034
58669865
48031937
30525775
14338681
10066186
59905869
77280867
11304058
62282267
65514074
43911396
68362902
76113422
26642577
28015254
32681010
55232687
14782321
58826736
23948946
36774053
56064135
69529018
60033066
48308031
73705821
55687225
39060262
39784079
68153085
45074822
28297402
53764682
53090183
31257976
20641255
63030118
74225263
40763634
21624896
64076346
16890334
40682706
58014544
40888217
30865410
54060460
61012052
52043524
79672425
25248689
67313893
48554432
59179901
62951783
21821804
70104665
24052091
46556989
29167230
53176222
66152816
25910708
10977557
28887231
26148176
25911692
52984525
62669058
49463120
61834918
49260402
61908587
19518317
39903668
14864679
37684246
70649536
36920146
76898474
50785464
77788407
64151701
12795605
44049432
76688274
12488023
45000993
77228551
76136093
71070541
61647059
50523817
40922026
59652262
55490172
65656759
62227242
43405547
63359498
18762793
38844270
61411652
69159481
10594633
34197479
21227510
12732462
15037135
15948260
20227561
24486818
67372531
69107502
44027941
79674985
13155138
60860655
18559439
17949903
28381187
41451308
44121300
67331389
14161752
33221012
77816715
44085587
49642784
16833171
73924751
18281714
26804671
57662484
60353705
61133730
19353826
21858229
20777792
64324209
21500174
68534814
67022791
75796204
17235519
32377524
78299287
67011677
30728242
73959814
26323131
79404215
50751903
79348681
50222476
46702731
53433172
28233867
49692384
25575441
66426455
34006046
59126469
66283551
74183870
52348414
47775214
77076372
12161462
64672727
36457287
26684619
43700212
63433800
11470651
57183255
13843268
51901948
27599909
67175558
59839563
50533094
66716648
35363790
16083382
58595007
51221488
11891015
65823873
54798229
50905929
36196811
51731508
42275340
64056400
61633325
20700822
33757085
34029994
64331397
58262849
44103929
45589412
12347832
21761342
35642867
40329791
47115527
24434202
19583564
25614947
52738926
26800047
60531192
68920636
12218062
68914711
48495429
75102062
61271834
74630778
13830624
72414647
27869179
17472265
56072231
10970770
68924698
77259579
75587468
67987729
32117467
49439618
40694859
71999492
77751694
30158012
72509409
68656982
19672664
44430863
52161168
15326194
57932393
74140333
71751655
37757816
20785438
29409116
29742535
24376748
34343519
78308690
32887645
56506693
45466625
22243866
47611705
32341768
55823194
58335781
18800568
34033534
16801483
38837514
25242877
63153508
73302558
62730356
24743657
79629136
50885935
45614629
73183326
27837771
50710598
12403377
19245972
53119683
66469593
78558007
35142924
33852241
68550035
79781306
53014035
11631868
25337158
50403509
12185116
16954584
38498436
70649666
76113209
66998434
26503366
25861909
38174385
66829123
21480975
32260587
18248440
29082407
27055880
40217916
31680830
12925709
14713992
29779091
28351004
19239159
60528858
23468833
56941861
66981600
19870658
62339177
46359757
76972906
37333004
22730726
34138072
25955978
18388683
65143064
55378199
71324349
63193478
33567630
71409808
54027119
13702636
78985405
60647245
62614229
34300790
16013456
45155409
78629519
46089446
17582628
37223535
72079190
69880996
77277565
14309911
29630692
15524956
13017241
42576923
14580409
15113097
28809339
38952397
12920429
10306525
43621185
42530311
48354727
50088174
68525483
47310868
31290372
47679199
70155797
46208451
30272016
56859521
17364061
38847877
25848254
32798494
10764215
17792094
32542527
21534280
55091697
32308202
28848391
79269122
56198588
41310419
42378176
40657637
61294082
62194420
15142969
73825321
16150168
44839070
33759239
49474738
46233236
11131248
13073340
52242853
60631336
69651282
18870433
37757104
69476974
38142156
58198006
59110174
61799549
35164449
37301049
25293126
60641815
45849028
42202118
35595276
14218230
46469103
49650651
43592291
24281762
78290429
12809434
50131343
35684744
42264202
45596816
62644095
66026618
71617547
78163315
78292669
10683287
76195774
40814967
52927101
73822967
61382645
50009378
50807586
59541830
20192732
65547525
13456794
57927825
13339885
47079720
52090933
38415426
69698074
37933672
66831010
40902819
48245949
13248167
73363124
68968198
21592275
17333942
29875575
66949369
62981166
12413699
23450255
25894293
20454924
28794398
51590671
39981750
42831786
59380981
14096396
78408408
58865099
32800739
77424593
39560197
31379820
72791675
44767944
17462923
55392193
54963430
44693519
68821141
16796380
59987823
49107571
15245134
70367639
79188018
42081130
61894140
52728151
61805844
60498204
66868102
13843239
55596312
31149405
52028522
47950646
26053276
10195872
30885296
36714352
31404233
49717351
64107542
77651946
62180986
26709259
41873121
78003559
58082324
23857323
51500411
17718588
41549244
22434889
23446810
39048923
60845314
63336274
53579302
39148928
61078965
23554226
65699623
70787415
19497245
75232396
57441979
57808440
52517351
79262256
61804704
62488573
59127703
17489285
71578123
31784223
59227283
45621945
35469529
43521312
32031995
54250418
41903077
45187430
76070526
67064512
67785051
16018574
54526881
59881980
33176704
71477678
16015011
73121689
19409291
72590857
41663717
38268452
40134759
19403713
36840197
45195928
16863239
23355333
40582164
13773374
53138239
44284272
53616548
20018106
41176479
51999743
54842005
28311623
59542012
42684000
29062989
72862941
79347484
13040061
53947599
38636968
31004032
37932087
35816323
22347907
19983512
71511128
76980100
59587999
35439045
22220208
72366483
54505747
49849684
36522857
17564441
45166150
27092937
39881677
50306863
36560380
61700549
53507845
33270554
14869776
60861427
15479250
71353078
21656787
34879199
44904126
10959032
70452223
14746500
34395354
76668049
51436239
49162386
60688652
77934566
33748913
38721042
72626907
60287358
41655675
74516482
69530869
29203588
55819766
27023043
37421076
79157316
46847408
32066096
14903776
24815444
47575018
50301831
54947046
26201584
38548440
22543061
23716654
59647280
42210305
79465996
19865778
44740443
35550733
57621339
69274376
59497650
72310643
77238489
48801510
36619490
47609245
37452585
43409714
11786324
21544837
51238494
61666486
60690378
53921372
66412725
27953368
14060388
76214762
44396859
17461350
79194259
60237000
64766956
56606838
41632724
12937902
68818364
41949328
79429220
18037777
21057977
79564040
25454039
12385016
25730251
23051749
44974522
75188424
37820780
59494815
32000869
15826648
58589975
48506532
73801348
76374663
67572640
70412831
75832738
61607267
53141200
65310481
54371412
42910787
60830237
42929947
65480122
41403768
34168171
68455846
79519112
75577804
18680672
53362637
51537737
24987400
15557169
53228404
73842927
50331789
77194573
15164810
31690854
50794384
72069153
50229129
21037740
59410090
39552883
78161720
31742285
29306836
58776397
76551708
53896336
10784348
38264375
43867322
33959406
65008985
14677236
16014497
24917384
41690699
74751526
62921328
54040510
69862092
63108067
38028239
79796533
70417490
69489901
62759213
35918814
22243631
16288442
72369426
40800321
71274810
73609902
54145359
66291303
48296443
23305080
70409365
26291541
76018503
61393697
39746533
58965412
19177891
65376307
76391194
57315854
58611546
63925995
61205794
65305871
76328006
40116091
66219863
69710633
28366670
22861656
27647862
58204744
69936834
69157709
66939095
18567368
72993695
22113703
53630996
41221392
64108581
54950601
23068896
40924228
44482053
18215361
42858271
78196649
48014648
51311821
76626571
17685585
65419740
62591619
54776589
67761908
44016084
25378161
20883906
66886907
46614672
48166173
19010545
74856238
67813999
14727765
24101845
36675736
32446305
54512008
49965691
58459969
69702708
18774963
58976803
75843759
29718080
74548415
36084576
49493935
43916753
63895499
43667646
46973121
69111754
11048861
46433841
12878847
55837254
48830428
14308613
77355955
47952884
61526833
56336005
26154412
15442903
66286232
21738930
11426939
64628519
21790046
29577280
57933384
32345297
20049778
45334461
20849325
65956071
25516060
28387830
13260315
63581316
57110070
46881034
10810170
60590857
43381779
18154794
62834726
51385991
18082724
50636880
10274163
24759390
39765272
46883392
10821655
26052952
73620257
16628793
12666020
61931740
12899637
30955117
16968933
58937560
19030806
53566876
49537163
10250097
11116696
19085154
30799766
55363781
45585201
20537246
11525566
73090870
64482310
13788735
40913944
62809227
20698863
50468661
15268521
63929690
58903433
59088356
39723527
39441127
30788296
34022458
36530131
36104261
65698561
73176396
65982138
43285379
63955596
11716789
44958609
56372596
25071785
74957130
12844410
73601850
32737897
35636624
47951667
75725994
55483642
23695397
74685726
50862240
71647060
56338689
66163777
32647571
13321715
61804829
53472408
19147288
28878836
49970609
44928021
13585528
14810014
44416375
21919650
39453617
42281337
16307283
47332596
33473090
76508459
25046245
78430463
56866578
53767571
47278070
74310003
25883443
19102821
17406219
45516646
32747224
33810680
72711410
74649330
56995399
16297375
75427639
19117354
53069272
36282946
27223028
23813049
30478990
61750161
64427959
14978137
14549609
56456358
30774235
77140029
70158622
38313574
32961137
65124065
17168152
57260766
19587191
14917654
36402656
26642352
18460955
25876736
22106040
54688112
48492754
70902932
61921051
20550667
20233603
16854112
46794648
56817701
23389984
44204839
16396282
76512599
71153556
73184422
58326416
50969714
23248859
59710386
59326221
76793152
42929204
34901767
59297237
25054455
54986735
76451188
10087753
32929466
63612981
27470161
52291078
69956338
32917314
15487206
72430908
24243217
69450383
35286347
51547758
66516288
43785216
15640351
13569141
55312900
69947471
48944297
50204266
44820058
35306540
39535385
15838896
43257908
70183549
15692033
37913781
29698359
57799197
18006829
48132312
31580662
49956481
32019635
44190043
40916387
39042129
63350170
62514650
24558116
39530273
53548850
28479973
58205947
48640233
66401450
50617279
61298709
54710002
11781602
44200228
79153446
57563018
43211949
72416976
61059156
66004716
78442524
67939657
46670731
55828616
29747315
39142710
32409444
71019881
56148036
54792250
20681534
38813529
78529828
66632390
23628553
30083478
44611232
56997039
59183702
67395954
50062575
42969755
18795920
55534573
12386336
75496714
64170260
37875136
32260439
23041257
62608175
34164573
37379310
61264100
40703410
35848696
27969340
76613507
30414514
12146238
58008884
45168482
27801998
66331875
17430942
71070538
77984665
65299626
15595292
78531686
77020645
45714961
18540912
12004420
42542567
50046561
60978002
72616107
31504699
19841914
45347694
67516583
77959548
47737242
10604563
34444802
27761196
69736496
12153388
30762286
61544030
39338213
39496370
36516599
66677291
27536048
76134184
36898841
32178876
70231476
76624779
31319350
72516986
72468292
71503564
32747535
32538880
64870340
29967933
16322258
62779078
64293324
63800093
78001365
28706611
63477066
74022029
66507515
78329376
64471495
11503438
56931119
74860403
27720008
19567171
75790979
77211743
25999250
57858776
79181210
39022305
36191128
37707234
34465381
30562511
25479841
27830566
17168930
59547244
29951710
29642435
10105597
66826854
61988591
57657967
42258761
52338814
12203902
31552997
31409853
54947628
25572659
20394439
21306506
57258045
73314974
23936164
73583012
20235829
40092370
57628583
43138803
39327122
49150971
36855765
49326383
45089150
11883082
32051071
73647612
63228825
51489949
60673170
47457055
37905271
31484369
65826483
44696695
12056586
40960549
19017304
25087881
22175509
60816886
52969564
67446290
52461589
30906347
14234846
21247871
66421974
50859159
19067348
54791094
20346756
41745727
65435505
58942869
24103289
23181294
44265987
55681464
62241028
66764771
42203498
42030341
57529952
10327506
46344492
41750232
42466339
70506527
61848214
35937620
17796524
63173516
57716927
73542116
42808447
51891396
69891799
45843221
44716273
22975286
31599621
62745763
56427892
78323136
77429620
66366349
24735266
46709662
50470586
24503222
36433960
71687713
74871989
69632783
27540505
66421315
49038129
70954509
56155500
64758595
65624813
51358568
36796417
35558185
59713858
60687749
69204431
46976882
50698500
29432705
77106419
54310495
42772166
36533220
58589682
46705205
58496913
46215633
31584483
27304495
41396704
39749653
52424810
68151796
49394417
27578389
59079528
36349991
37886276
48710651
13746052
20862286
46127804
61032283
14848733
72816648
13690244
52502023
55057440
51145823
28306578
53789817
34398947
73778363
33486655
12552250
21846218
52996706
39076740
75507570
27572532
33970540
25133034
52849809
26898154
27541252
33668565
55836928
36341525
39918081
57544002
19256770
32063481
21912165
51082637
47645792
73725708
57255749
14520371
75976318
79194782
72362296
22128524
22902802
32107435
73012027
44357869
13800954
15631217
37262569
34357864
12365676
72717803
65438301
44739705
12213523
66937691
35545269
50486133
13733898
46351344
13175177
17342344
14175668
24954777
36932833
56240399
37594866
33431048
73174604
46928698
26884150
48686079
36224619
50024709
33344741
36083754
12736490
64314898
39479402
37225928
52754883
14679618
28043898
32500640
48113987
53740536
57562228
10779779
38131531
61920763
51536303
48516985
76269320
76507163
67159165
58716328
40240478
29829862
65878648
53640758
48853952
35071001
14626393
20640482
60019252
30100382
19030486
75944474
15257546
66351908
54860263
62857889
11711275
62641081
28606096
77391192
39028028
72564990
35976300
60748712
16047379
71749052
65230876
28976994
41301585
54384435
24259735
68933373
73582743
68331179
26823994
58046249
63857452
75439853
15208352
22827406
29967080
52929481
75507112
35136712
51958795
38158423
10839367
40153675
20107720
78252166
44797653
56595190
41836088
47169031
17246076
78409025
57993394
48908512
71618476
27562953
17131569
25196357
65354744
72803142
49200221
44471314
36986268
58983675
71609201
18854898
75773977
37993913
51181884
37090033
31374067
19590491
64594096
55328215
59216299
31221136
15828817
44360911
18819544
30581187
37978902
22229321
41301252
75674220
20658938
44352295
17662128
18860851
38769250
55197426
20921679
63649378
67848678
41723838
62449340
37947166
67141788
36479496
11962679
31062514
71147513
50888943
32804869
42802245
55698765
55161524
50759962
15016618
70747403
60136839
12231663
54951937
32688068
34311726
57891002
39957814
52542072
15077738
20708204
30254120
19810950
14211506
53336420
37318062
30070995
57664729
13200471
64541662
45081193
40551367
45473115
77642562
10512442
46970622
48543750
76442936
12166559
77468480
65580022
28369113
63832748
54624743
72117801
31325578
42179717
79004909
20576650
12045241
69329396
55164326
45998854
42340795
70598204
60343408
22333900
75548771
60169699
26062623
63243115
53538025
39184423
54570808
47750274
70524869
46484003
56252370
15382712
52152049
75870101
78890492
26419058
13088721
79593199
38973199
46865770
28541186
49352861
37192412
38583301
72087459
79423400
28134194
76782691
31186958
49229140
47122517
44385338
53119262
47328384
34456982
70887382
78718864
64964346
48779247
20617829
27395874
64186982
43044886
34462652
55056004
35540799
31663977
30006777
11378975
73927074
57514364
19653323
72296513
64868933
22470192
73211499
62507614
65093012
60564525
35705147
30711549
63170427
29696233
32682356
51736282
56507688
15301003
72921857
29486466
63405921
52856877
30204425
45707273
16662247
61031944
44666543
26000637
75187915
48083216
12818507
37467455
48241378
69415179
22792871
65042393
54767761
53222697
22469001
24251142
55814632
43645689
48029064
47976723
27960571
36594817
63223505
26490873
23162659
24197672
57038601
63630766
73395791
47248574
40755937
69920884
71963699
27824296
35423381
67915920
68924613
27729001
46007580
15547248
55788801
55851202
61602275
32337638
30279467
28198894
30029363
19713420
52693351
11592088
66752552
49843772
41675172
23652528
79444110
43299741
42316909
79879117
39740118
18007964
61190696
35860798
48047261
57228927
33663449
11141312
32174167
67273756
32748750
34845383
77283098
77991794
52543332
24772504
71705160
58444436
20734501
29828823
78541829
49713748
25613927
68289697
62018627
54739065
40575153
41968665
21289526
39851157
60880906
50657683
77871767
44015130
43400959
69349061
58556207
38749097
75871134
72573708
40665676
79175760
29642786
42268983
27708819
42818749
59058346
19096855
42790053
75726415
48485573
39566692
72632124
73617078
44167983
68237076
44769268
60994367
67199302
71698240
17450603
55839762
62912982
