67701037
19516609
26268932
29138978
35310957
50085766
25985853
48337652
75186329
65179777
33732005
64121284
54169499
25957774
76760220
61642411
12741483
67094238
63549640
46551860
48364166
74623372
32111986
19113276
54562286
20454568
43317082
72292648
14342144
62491027
74175871
79164679
68335440
45348163
61673632
13996380
70719219
66302424
64906622
74533379
42653922
71684401
26780531
47219446
52087660
42399906
43218251
34932653
11631302
32367405
14661070
75987397
28868459
58973859
62776375
41991835
18436437
72368294
76947260
44368343
37808442
41084751
65940337
62227693
32300896
70856797
51730774
33190377
62572090
65952177
15602292
56738598
13010017
16116728
14394180
78165814
30537103
60693274
55100950
12086518
17640630
69111113
59376462
46284219
36233145
11388863
52304673
60694787
29061749
18647132
28624225
59555207
77553747
72613975
34617799
33118108
32377395
64834089
20253528
46230190
20184983
71141313
26735260
59583499
48751855
34870709
34074002
59363632
19300497
49419913
66103489
20299400
70108325
77432070
20264322
68734982
58096295
41296098
29484333
14409317
16666357
57341638
62028069
38808851
24274484
67739497
77298740
15114095
38438473
11875648
78282864
52999651
14156626
69135638
51297973
75694637
28821937
47335810
65261545
32936205
56439559
19072456
75784367
12480444
36979358
43985705
58565236
27006006
28745066
53924092
57516348
64261514
78007930
56338677
17442594
41997993
79932644
16260251
21423824
34113854
26145895
26392101
64247608
19119705
57750964
17833824
53337656
63242435
17626205
52771877
10366712
48587823
79182968
27834104
19896716
24732472
24361348
62210677
70550938
52341846
62861393
49331124
79836281
25584706
19935134
71589730
68298086
65075077
12010970
29840898
21762714
61828345
39756037
69138893
75212404
76006530
36232753
79159844
23054393
43834599
10684392
16471949
43236023
65607097
13800830
48583800
22006288
16529476
43070354
35739646
12551999
58099678
79441944
39157615
17551580
22935105
13378280
54389737
74577245
37068083
58498445
12198043
23236616
34931374
13271413
60059030
22764628
77324624
41472550
28891210
22273668
58804446
18771659
36936898
62582224
47041332
35557041
60686575
23400846
43111455
77345591
18132535
46417729
45601133
51308271
55781658
40196822
69770120
68443708
52179107
20779526
38470574
24649834
37240965
57114115
40697496
34449352
21377176
44117348
76314824
15803304
65790187
31593762
76060343
44684971
51408926
76573166
49613791
36311417
67452664
51320453
25216676
17377121
37531634
38364948
14839037
16979123
79484634
14585538
64208216
33376511
14286362
61718147
67416555
44339496
34352564
60524463
13669332
64557635
31829680
63849782
11010993
56649608
18487271
18496247
25002652
60458118
51131562
27987390
75114652
24906028
42270096
50944639
18707678
35358736
49496534
48951817
79193591
72375406
36540442
68152339
41000877
39714079
74812989
76884309
25105427
37197774
19033981
57082826
63901855
20613690
41467169
33566138
40590679
53919553
60116698
75736968
20444339
13442851
22284634
12808956
34538918
28942810
50729882
70551276
37579221
16715514
47733087
78194426
54629167
36484597
10037632
63641769
20360156
16226065
50727749
67793157
31696730
61256180
68913394
24059109
45497092
62979480
67821417
41856844
72281611
66892996
39166475
67868241
76460738
30346755
76524178
58649044
68688066
12050950
20777736
43256195
55782266
55732818
41979328
68593027
15076488
77708969
11782681
14964341
79216276
38517754
48575753
45161609
21097792
45990882
20343435
68192474
27900489
19808473
52017671
57189683
36344449
77006795
59264294
68286645
36969767
51850951
41885337
26148911
60106979
27024168
22569847
36806897
48400500
21472861
35329716
33708396
57855449
44431735
70351468
32366622
10699137
38392014
50883508
53231947
33593922
48390967
34834208
77094979
51883820
17355751
62596416
28255746
27772765
13356793
40714139
36056376
79650791
26003323
38461974
54466766
54030028
39510400
48661988
77615296
55253105
14065644
55420236
31542392
46610981
17206864
26185522
66887581
72531411
12194948
30059972
32639012
51432813
68258153
67297541
65884610
25913720
62065323
53757494
63997144
42892243
13805922
41633856
69196365
66944706
70700293
10998920
56644960
68086155
16883626
66197997
78257090
36975564
76045913
40436476
72628831
79066146
57356608
63898673
35794160
74186407
69458927
54399114
69431976
53788291
57607256
42141687
19321668
34202059
57528523
50656436
67237797
27913590
55952714
49943753
34734662
72625608
79015313
25160622
58139370
50979739
67560760
32161375
53061833
18438497
55501174
46098436
12350483
72154386
10909057
32312781
58604612
72958834
46426830
70033686
78228401
48021729
27005847
72167051
38599580
68011909
39515671
77106926
36522197
23284090
33809424
40566431
35615740
62512692
44011929
74524998
46428769
75943431
54396561
28380694
18925533
31678607
71853342
55911356
29867877
78309373
27564401
65102241
27433728
33189576
38640747
39044419
23049260
52339641
39484524
12013904
67422125
64102890
71115751
15211852
36738424
41615672
61293547
19218470
52265952
26646810
19614207
35854831
35703119
69173404
54400935
24033004
25514211
79953930
36531061
27069336
42265059
27852585
39309544
54598774
22941568
45060208
59939648
38781592
61046989
21581885
71194017
48193418
69705679
50742894
76751781
51873411
38666796
70070690
51171094
41412189
20484831
50043699
57487547
33107233
33361438
66845598
75616931
24467986
74160290
30771749
55900457
55853115
32960654
58700133
60623419
21413127
49824351
49634927
76764010
42588102
15123619
29270822
52393547
15896556
54070165
26378262
71146644
67924779
52489700
10427154
42023128
35288587
17773747
61166044
72059858
53942499
12044497
24124222
53678685
38998342
78473839
47375165
15578501
42841399
27521601
49385321
51919853
42541088
78460381
71334730
23929380
51127460
68810868
26529557
23694238
46245833
79307543
31020319
74673124
33606965
56483060
30115831
15277645
39797846
77317535
23742382
17817931
31542440
71612375
43065006
62490771
73628124
10509199
36147815
14212145
71175401
36226056
19668971
60955185
42889218
49558601
77696054
23075718
78024552
55924879
59461509
22575469
38055552
12646017
54146394
20458571
63465157
12251537
79886495
68372144
68806412
74392704
77466092
11587947
34707109
11637577
27703215
13058528
45823783
43527495
53525302
28057619
14472807
73163740
36500596
16238151
22202077
58333683
35539896
42941800
51635284
26348711
53221594
14696076
26480459
46159008
68957753
34210525
73893982
31180324
16313382
11335161
21469445
10279185
38283840
19340426
79246185
61478405
20076154
43457377
36736897
68450926
54505860
75161578
32476906
76236986
38504224
69937382
57690014
52193426
74308842
38285920
24298666
15870978
42254510
56498873
66017026
12463998
53862039
15974629
48397917
26566422
48811496
47638311
10743749
10834269
61434737
45676529
19186282
21987636
67042367
28017104
78259864
28501163
40934493
36984938
33653316
46659243
28490799
45802552
67554544
35725225
13695593
25617698
33594122
54059819
49374209
57188584
34793763
35226633
75197138
45935033
30917116
78151642
50968738
17878230
20007073
24825607
58310977
34305880
50295023
41745258
37693615
58758602
75365234
42447116
48758176
57310722
76536686
11936563
75164579
67228338
36723811
31934475
13777470
13974908
62688666
78435106
58480841
38628983
22607344
75930403
33388708
62666654
34810139
53485299
52470439
13389387
33573338
24619472
63002739
41272541
43570441
64903143
73829006
12838674
13985550
52208758
59616908
40122704
71003730
13562949
18472120
76392757
58901219
52180876
72114583
49514460
22222960
70752463
76898419
77001115
25192921
50882364
47610691
25249555
73162023
11695836
11742644
27879879
36840743
57596462
61604476
19679056
28240045
26020921
66159443
48395393
73386629
27798116
39001546
61068561
71301170
32457620
28620167
43452437
31368517
46014946
42820405
77080695
37001935
23019183
36042836
76636073
53154710
55166265
57152044
38719535
30888967
41495217
10536185
68254125
52329733
39526444
55512396
10088414
18503009
79805008
74203320
40808217
24908755
65101041
65405151
39403603
35024494
79406254
79986569
44413978
74489953
35817463
49314579
12256941
47273668
33139913
31495870
20024095
79572699
54220404
43840405
62909000
23874892
45755044
36120857
18909827
21381346
38669833
52559379
44918075
61374327
70666377
64559261
39208207
33750022
38741749
70248982
50102269
71948200
70640769
64027563
21352658
26219917
62545210
39161659
62510240
14774839
19146369
13726230
70570705
62546205
21112148
37262069
78673464
41718780
52510309
62382659
19690696
24582944
19503969
77287852
48872378
44619911
55980017
24878366
41363647
64210564
66708457
34011548
45279028
57369113
38683166
28283634
43601571
77921434
31104868
10539262
60596444
28424922
11457368
77144743
68237559
11559834
48580432
20088629
36964170
63438984
53158406
48745828
16554070
19197900
75174645
33801772
48529873
17509475
69800329
31408887
51057430
11979332
58628125
18811887
42481305
11031504
68566211
13150280
24474637
43832266
37823719
68184024
55323730
29794681
26837992
18431991
13347261
68805813
12873743
37515835
41773376
38004245
22588336
33611276
63652898
61642152
60414151
43119796
50693379
37201218
19249642
23231619
53884634
38243236
49452110
52670479
56709595
49312856
21027483
23678202
32390843
28778099
33345396
75808237
39145731
46710980
54883472
32765214
13091211
27449059
61591178
69038623
42533770
11366426
51014021
13689989
13981926
38098973
47909350
53058470
45693198
72724276
13982934
29184163
57798280
37491132
23127319
66114019
61578721
45195082
19895343
57439099
47425499
55618718
10217699
49180156
29245310
34777713
25577626
42168814
53710607
79161538
54115482
35049785
76022551
64228550
18291184
39608018
19123416
57901461
59079463
79494317
21458057
75831384
52085727
43201858
46742016
40232375
16917590
69126080
60109355
38925945
19683756
12126370
25696420
31759552
60322350
11304886
40746637
34078481
40045632
25898869
77859434
40438927
70572220
15003796
40282777
43474349
77753459
25682984
16417623
37956059
71901075
52434000
18654065
20502033
47190884
68382634
41165921
75408439
59400789
14143716
44455817
72487877
45903948
70673568
46152193
38394319
42661287
66342355
10038729
20071525
15021182
31130458
11712752
12363803
26783096
34671221
56217287
64620039
14398956
31797941
74100052
79497720
25747112
48900217
79611048
27100261
14881594
60549121
36554122
78646939
66907003
77997570
42533727
59512172
70815539
47320173
21705417
35466044
47138059
24287368
41579416
55774794
55880172
29695243
56822312
11567958
58326938
67107163
34628638
16815807
57075639
23291275
20851907
71482915
50594524
12762864
48940222
56541154
22707979
42509750
54761646
54799704
58758392
79525878
47147894
59203712
62489088
47732236
50013929
79839173
19579202
27560369
51341517
47994973
77384421
49157742
57285532
55577171
66839051
41118369
18438507
13528761
42666686
32621370
54874757
50911647
28370362
78701913
22420533
23254689
53798186
72372728
52620231
44254489
78063381
30711532
63775305
46514284
47815123
25939056
29053492
44328862
60505085
74295786
75751064
23756658
12065995
38134721
36678577
40881816
57591959
12849675
34069932
52981193
65703433
49316733
14795837
32314501
69535525
65493000
34567072
30097269
32941298
61968587
18242338
67602710
64870901
26851041
51941978
70052575
21002802
21863804
12594416
37437487
45763056
13896163
12262755
14337658
61599911
57312933
37343536
34617420
75058126
60602435
19632054
62115101
24716737
75874502
22008248
13669576
43653020
39006034
74865776
66406456
27043471
68011122
54819905
17043304
40404443
29771804
39523628
11776709
30600510
74348996
23547657
55224021
32523159
18190520
15120139
33676624
54903995
66792248
75291335
61443334
62515934
39617767
11634249
16009014
73530232
12986036
44365589
70426598
53334740
60381145
52718825
47476733
59877336
57683013
31509565
17301015
65924303
38668644
44771139
36652667
54251752
56563364
78539653
31008416
77072547
37234542
17161438
43810099
29094929
44293136
31483292
44919639
15397962
34007895
69314571
54380861
22123331
50500583
59022763
16460691
56057989
44875692
57007428
36441422
20768490
61601013
49023757
47142969
19138078
73642988
36300456
23059251
60725809
66550242
30107212
65441300
58546990
30176455
41042003
52540677
20756685
64354635
34386987
36621882
79470954
57021045
54192538
64164392
24960991
49603247
76432339
73532508
71799971
33931782
25120010
35087746
26390070
55117162
36765280
20250539
43600687
74796231
24020963
39614390
26311880
14473312
65483606
50053954
13761337
50481641
78302321
68784783
61869357
13058759
32273854
54276212
68084332
22946336
20729549
43823945
57139310
22659151
23897868
69028743
37674047
60173806
10589150
59757012
20677751
60033993
13709204
70120374
15141996
48781756
28650971
65566366
40335276
22266135
27527835
48485329
13180187
51508123
38910631
29435851
26332630
13826589
60849672
72836236
43706258
46039615
73390898
43986833
42745952
29915645
68838462
68454996
26004118
67767301
76950378
14575904
14340583
35904854
19692614
59008047
33615076
18200366
79039222
35952250
24402136
79896359
78948735
20548590
38628013
46858600
23257053
64757302
73421233
46183787
12035279
50845156
39563514
28972445
40017027
25338370
16990647
54974741
57060035
65209347
50036350
22270576
43130938
42483713
31628640
67430436
40086734
29159316
20435454
41818877
39876051
50428535
76222587
75120757
53263525
72181221
53550023
28087284
48040054
39229528
24925171
69563129
22178276
62910959
23104397
55129897
70629622
54955312
79533351
32227734
38643068
53874218
20751946
54417370
72403221
70046669
56109712
45663158
28951992
72787741
77250790
39968369
29841631
30910996
34308165
26184786
32184783
69729676
19007301
74487614
64614993
40615963
32557872
72108815
56589691
46986025
52046363
54574042
35048012
76247119
15111923
26736650
40816110
72237523
77021025
15359930
50126453
48657722
73105560
40720410
59215985
62650024
66061149
13356052
16956383
42990838
55954104
63794560
12295495
21825195
36864368
30200269
21612239
32789705
60605246
37758563
12671761
52310797
71590465
10072343
78321857
33112375
76801709
38230260
75489482
73761934
39430648
28889095
70865018
28055453
74801602
70223473
58656487
34191544
46863765
45787382
76709585
47094794
23373546
21535976
75996791
10173576
21918867
79759597
71021934
64348552
45842748
64460988
26952059
48361065
21707297
26156287
58882411
42650419
74320483
64541821
45341813
45014018
11510823
34763635
39529140
15800503
57481924
39616409
12844019
12131428
16489081
53008124
71305923
16825335
26308089
58129166
16398225
35919213
23762470
40756542
75556349
78772521
77527232
73910562
68913093
44774061
47129359
13778316
31284741
39699430
64135923
21689372
53521153
36561911
69103536
58681008
58249013
32532689
14924589
64084128
68317321
65736124
63317222
21262392
56608465
79042028
71892966
61681331
62187167
15448317
79866879
52201371
71281253
49296585
36472361
58030304
52126349
68353094
67148608
30914323
56385720
58770869
45680610
77528229
18377310
60234308
49374847
74822534
13912552
57351828
76033599
10288873
37832932
40821202
47119796
32494656
77382171
26746797
31339206
29316225
25790629
15247011
49151027
53857376
72915964
59456823
10928165
76334335
33384270
40508346
43734495
71242969
27377603
37203495
56720748
17426351
37121294
64230534
25480283
19134780
73109640
51282808
47768927
25535820
43565779
66051490
44198658
73151528
30650802
34445972
14986396
18448754
14261120
55291668
46079726
38303172
74416490
28708792
47494166
49854977
61371076
77898423
79274643
22353595
78424003
24706593
48766431
47249983
22272937
54301411
76224926
36914191
73888659
64040385
26049404
48660526
13977826
11916675
45446560
27496948
40611446
64096247
35307187
31029657
44162054
26821114
13471182
10085251
18627365
38468984
18931665
68617193
66010612
32272141
57944755
28900624
13497328
53442164
68472105
79832293
37388710
44996634
33892445
52733286
67224632
33890821
62297809
62217311
64126106
13940397
10037338
16300856
62389859
46758127
19791501
40089177
67217564
23674967
49771022
23020516
59955294
23786890
15200153
61209408
69503896
37322465
39223490
71300149
58771334
34853002
21464158
31069657
64966038
58180175
56640369
46117433
15195895
70417208
45392021
57120342
35096204
22243276
21245446
76126764
36653691
46944729
66032389
54577312
29300636
55668178
72497567
29205816
36910162
17659324
55532533
28197857
47971938
71943184
66785164
24184159
38440234
23312425
12751459
66103576
27943618
25323758
31316622
49379390
55165869
38447141
25446187
73689856
11140276
53222827
68119722
27715356
63256617
65970785
47244526
60291130
19448629
78931634
63623093
46944127
72103051
33463552
70915968
79658352
29167536
44703963
50485344
10923225
35238808
39148222
59303553
72281205
54717418
47754061
12555044
58775242
69302458
36822728
42181269
62164574
38666227
52384566
60262219
40718886
21048618
55198497
55203914
33826806
54694059
16442858
24622055
11587922
64424369
28169311
24189248
12503087
78632880
17731095
77592137
43373125
20051927
62275271
19549952
53566764
69860067
33875049
46231906
43722527
29464310
15802791
31921887
55793056
16687222
69210086
73096917
64291726
66492950
36479720
69924620
14999148
38283711
34471900
14614786
56583826
54193003
60839344
59508451
11698226
49059725
28481819
16062494
41781560
67738924
26898521
58110706
65369001
26526850
27323400
64124290
17285223
60251502
58688303
53338951
15513610
15526844
74285781
55814559
22448513
69453874
78511717
61583755
65638293
26587210
46012966
37934953
26532044
70327695
56179163
10748878
31260497
50410670
56888650
79029322
25641138
31789222
26476219
70306989
78309108
48078134
11734264
42443552
10762564
20672915
10307862
66070436
59273313
20568143
21069695
36599597
42544538
18648510
38078350
13108665
49633842
38142311
20364833
35598413
78787546
37792577
75266936
54913156
66878632
27494165
78880240
48066307
51843792
36012721
46785433
22234162
31517602
34723118
38392683
18990958
61397567
53069032
30437274
34710957
14705775
11857450
50062172
40265360
78234491
11738433
77441063
35820806
66235709
67243088
25312282
46612427
54127582
55350941
63991593
48703720
76290517
73073934
36535766
36289570
56696531
18930802
54328351
54255073
70723438
56827031
41599043
55466845
33217349
73417094
33290931
72555859
66333188
29801850
36281367
57108137
63901782
44150910
22961561
44673571
59098739
38603909
14711457
53125395
12864057
43323658
13450461
60394663
74073527
79204077
64180628
51389055
47886660
26709421
28682342
19018777
20261113
71497118
28632009
15462160
63175286
44155572
45949063
50531914
69273031
54610717
72042613
39888913
70105528
18006095
22085810
75550378
10409217
79324180
35825283
52592153
42702218
27245232
79922810
31818267
52973102
71170993
14560556
34371597
26826856
36430547
25129372
51557287
75112137
23512500
12630368
14323765
27068515
48600912
78343743
23997482
50223162
58433659
57021447
50480359
28161279
21349983
29852613
20181595
14125905
22592031
58549456
39741554
59557120
25771702
64847208
32929895
33273190
33104778
16267673
43548514
20397595
10506633
61452286
73517268
73795391
18961320
55075363
61240027
44174635
48604112
62726232
54414378
56636305
75233342
24230080
74948454
31191181
68611292
30262706
26237807
46576046
77478125
13388240
57800123
44726341
68010404
57554639
14270711
79145707
43418744
45425738
11834322
40771273
40377974
79900303
37000132
39858793
55288587
12781389
33470473
29443714
66768345
13566360
22911357
39710011
39681333
77192937
75455685
31475909
39509365
23270944
25626441
59363738
65905109
43338512
12799068
47135511
29478683
47378357
41171667
57734598
78129881
42540648
58363324
55650607
62296572
53229693
27677603
73297531
47598453
55657257
16349788
52030293
64831281
70570914
78699272
32085447
48463352
33110222
14536973
59141743
55779658
29985409
48572933
42517850
68271463
15621229
56751953
41791416
30820181
67650886
37084273
71478095
70502823
72526216
12891084
46408266
72865709
22231202
59782203
70448822
51486959
11389607
21837555
16821474
64274876
21913207
67763109
22196055
45466795
41492302
58520471
72137311
20559333
20964237
66266884
56955805
26420478
44742004
36352883
20610304
18762729
15144128
18777636
75507767
15609446
47021284
60483680
15557812
59198690
15801117
43349828
73700480
47184414
49763227
28717708
48000637
45703456
21483383
15054356
71310469
20389624
25260325
40224559
21128542
39439852
79857832
66363702
21893013
76482104
44993508
62316604
13559349
26456505
23773946
38713726
66110756
78482686
16744110
13158867
17173659
19248557
42493905
57245857
70931114
65421293
61966164
69899620
71049317
51691809
10632526
78535069
29781885
65251217
16142672
51771009
39247609
64892660
51056280
42695597
36898771
40857225
69725375
10767485
24320800
15077391
39795027
30366317
37575035
54720712
77783437
67162807
40556323
77796934
70753503
41457159
32970319
36120212
73011437
25185901
23499020
20844927
73592323
49816937
28769630
18465578
50495554
74248897
29785292
74409146
20657372
15530161
29609433
69905788
40097879
17125398
35059734
12459139
43078879
24252940
21739534
23364531
71773140
72745805
68657814
30246438
48559608
55741537
43168766
51754796
53648798
13889502
50529215
40581754
34819184
77333848
63232644
79914133
11588598
28535968
65504562
30004049
73016669
55231074
59459168
68296444
67120009
70454330
19569674
10595444
17332593
78980049
11661225
19640336
62066589
43226481
57989920
45717684
43243951
22384404
45579717
65850538
53620308
11676781
56222297
11791238
12589864
27505096
72001125
32866758
37334505
47497371
78099329
54281287
11562496
12985772
18797125
66676798
12590990
46725623
32477518
42933978
45958418
13482881
45811749
70422410
25162773
75402919
36406196
25407930
28901652
79993062
50510965
31428877
24437107
59607665
53273733
66582189
19106079
28552644
17621177
56257534
53655235
31907260
12291655
65001990
57845938
64162890
18077439
36801448
43721481
23360088
36311701
33626865
57919407
62677445
15709172
74154843
67953193
38123395
15305060
43695075
67040374
75264879
16020485
46672445
64159742
12997682
56622818
29454026
30552916
54177535
70669137
77922449
20747961
67053334
12391278
75146298
11261243
56088655
21075270
71020598
79605450
59758587
48791963
49980997
20751143
29898344
41395131
22495455
27769125
19714273
60133246
13653907
59425515
49839523
54740017
35637507
45778659
51810905
48496072
60349807
20656176
59693928
69161165
13037498
65663864
72654664
43791457
34581682
14864439
36663958
33171069
24345809
50178504
34430211
32843530
29689948
67404453
61597690
14211476
32087043
41283314
49155035
18236835
73844341
42995054
38972973
78086798
43265684
73168040
18182931
77971190
61365757
43401442
35838487
11419800
48049985
29493770
10020427
74788284
22865103
48986290
51162337
16523030
48138371
60337322
41442331
70316009
71077860
57424702
78879599
34469830
25537770
53934631
62773348
72816519
16994049
70812820
68371219
27246796
45605707
57402562
74528770
61608503
39251386
17570497
32179213
23673410
74453880
42966282
37404878
26677264
33079790
30682662
63180701
45529743
59297425
14718208
65268518
50885735
64274092
39047552
78028322
59109208
29829611
40250672
75765522
14416497
29128544
34238085
32909853
50987674
34398903
78162826
51934872
22383830
20118118
37920664
77376623
54124438
18294134
16871584
42023737
42708355
77608681
64458141
25568430
58748028
78249597
63028271
73610878
44083695
75594030
21290899
78216151
42376463
52220426
13853180
74039014
13845569
22335602
76664782
21682845
28337408
60894167
20351423
29699776
14240846
31850884
65688981
14660280
37823730
43528266
43253522
77949118
60289639
69591913
19609434
61413366
14235304
77328711
61467738
64104922
38110116
21235692
15861322
15735543
78493120
23356081
71303299
52383808
18187319
30275695
16993891
73386153
50332616
51607420
64822662
72185279
54841894
13969275
59016337
14908102
72358424
10056094
47494255
24826224
20126571
12525345
28228727
13491552
54766367
42486392
42771083
29939660
15193470
44532214
71125544
27019662
53932501
12623375
54189068
14154738
66534827
74603820
11302207
37716505
51845356
11448557
79972047
24889286
22557908
17715928
49310602
51894037
76565963
77579401
69307090
17276137
58398543
61300671
72729221
32443025
73130736
35122202
39093634
44858203
35348278
32007129
37748435
25501711
12149023
14040995
47726988
19832820
74748981
22011420
40857106
54832079
78634142
19467882
27811829
53958650
37999026
53475632
10519900
22136046
55180379
23655369
44182590
13548758
52055279
30954026
43177383
67993100
40400989
26074346
45574312
69836127
68627028
54482418
32009841
73688265
51110034
79188944
70277187
56677672
68532903
28523395
18007587
13963572
65241529
17277329
54000374
47650710
67462123
73453764
51113830
46083792
15461928
11910670
53999815
13940677
78646083
70613464
66998684
39705299
74232838
79225006
11007852
22828182
55947678
70345726
66988308
78133529
75073643
54047715
56840691
10431651
53474000
28199977
55227961
63760111
41289741
79202330
48259510
30008052
56140312
54583495
26218212
76802131
15318953
56271423
51102213
68501510
25821102
23023149
55238850
41225250
78514920
33476030
27406951
15173901
27399779
48363923
76388881
75238113
32422678
27991356
19433273
43092979
13832540
43951626
30510587
33973670
25786354
77134942
22867956
50429059
68644985
48540411
36540740
44221339
18916450
77012100
40420110
23872544
23213659
38695087
42533531
24084471
49578530
35841983
77957187
21866138
67833741
61841716
32164264
72558252
55024348
40437547
27333304
35759229
40941147
72691538
46776736
40268990
42545018
58169881
22591430
66824746
19909337
33364303
70835762
14742524
23580666
65523746
26685745
45396128
77613984
49060289
23155047
47057504
26945926
26818210
50063585
44141748
51518809
74974742
49411902
79117731
73507421
38731379
36821064
57335072
56615414
69814076
28893711
61517649
65906495
39619159
32171149
40110125
14558756
73386085
63906642
42820804
58935110
28001033
67136785
47031783
69192309
52166240
43450186
14568093
32769418
77674692
61323416
39373717
35902495
67947960
74494259
79124287
24461529
49454338
63761261
35492842
58869970
10714052
76591605
53762463
71829873
20725805
24153616
73667435
77982262
73689351
45644002
55930046
49866411
50603866
40895089
18985930
33090781
56119685
76858171
71116495
61885650
34939249
32365636
72181203
77464693
48615777
23264008
61444351
33872392
61295732
37256722
33065863
18440459
52241640
18038786
62857479
38752266
72421526
62625129
44946059
49637750
27519346
51301634
36469312
25145506
25900515
60256500
27670376
40436592
70478167
30778323
24633591
44564420
66823311
79423912
67493869
37334472
54314637
52614812
65712397
33646342
54065195
30692924
13250002
39788724
31809710
25487743
22378902
72249118
27126713
54607422
17416705
66746325
31366761
69818755
49022688
16515861
51838283
65273363
74768168
35417120
13818962
14174194
67139988
11442623
69338015
60678975
23623701
34854289
70407670
33760024
46370127
72072908
38231775
42128118
12017521
17026765
21102943
24714191
61806279
14703666
39033905
67592888
77017239
51435844
22724780
75188021
68567281
73606593
38410792
35061686
53636783
23342511
64103208
51707991
22248633
10552358
62340948
35475465
75769780
30529738
21813375
27992815
35740825
30359717
77454507
41617836
11260048
35199987
13515891
39925027
39557472
19843729
22903877
64282634
74360702
32488857
15354335
15240878
36047388
70776594
43804034
57877325
14623406
55180263
47414780
55182375
15175020
48788858
23651798
62170138
48061540
19049791
71565419
48993149
54061173
22508938
12676942
35282396
79080148
31128618
23365302
68466888
64826328
76155693
67112594
30425398
33760947
39864304
38406370
19200859
37890417
66255755
64387705
40304033
25229358
24220481
12915348
56749770
47869774
17343851
51095677
47026524
10621587
27357621
10612818
68287053
17501729
28700073
79285597
10135732
50027591
18654333
31691370
14748055
10640925
26569986
47298807
76247961
38277963
51809513
61647687
79696789
64572974
22623034
66041303
27125579
71580596
58760877
69719862
78706449
16728615
21932324
59487462
30821502
33707871
58220019
73921170
31521716
70155049
63297635
36735319
20673699
24975321
60851027
49572813
13454906
32883167
37824356
58832164
77267999
71411664
20292149
41164130
73884181
43944766
62488165
32341313
65500729
63061087
30161137
47159564
56054142
46162703
33872443
37811991
59371621
29226285
15711385
38394922
17208014
71562880
63388510
66692333
75285162
55731617
31789868
11669832
58964294
34466731
79561494
77239412
31856239
62388541
54000849
26710231
24573487
75449149
59680260
66290071
58961515
39288188
27918112
38259944
48287486
37745169
64704800
12286988
37212863
15580421
54072915
72741771
24374201
59525689
13058436
59010781
34229776
21156309
48430554
30299726
24766930
62888701
58922736
77215560
15063510
39737509
50342256
51913407
17326499
40387461
75124733
17694795
61682670
39798714
46086582
47023241
14839901
56788665
47161433
73083780
76965119
27270352
37449280
29108447
69634803
58012410
44959358
13166208
65344842
48549840
10396237
38457681
57739573
52673821
16380701
61352004
27596436
35489671
20588319
71526463
63976643
11741476
15918343
44069121
42924003
66754578
76621416
46333144
72917543
25548475
48967463
26702500
35904160
40737683
19418151
68553336
35007243
75344560
20666932
74449595
52483777
27990939
52930642
12000567
34853939
73318026
42915631
30989783
77292341
43993345
18280823
43453702
37396339
11518181
41293472
51240952
64372675
16744928
37681594
41730023
65514169
27726090
10756846
12992810
43714285
40334319
78672866
56337006
29424240
10654522
45956212
76098635
46800414
49865783
33940505
37002906
65246148
77886126
68959344
14897300
11344078
79007755
66045336
24562986
16027352
22201833
29354389
10443162
19274684
22497728
56126400
74107247
15015571
40466896
61081676
40800341
34244296
73284246
73323030
41250215
76086565
76513981
54226132
46567603
71251254
12800477
70339628
79030866
11364397
38054449
32085042
51082416
33868438
58747396
30426175
60927904
17302142
52081507
36207996
36952250
45990108
42879110
36045994
34663669
36012585
29250937
35187261
70698387
17658982
67346948
64251168
36581449
79639434
60967865
28863314
29658466
10227470
37811802
70772868
58730607
23209900
56101795
65662473
40020191
26790633
18206599
58651847
48645718
59517163
12352084
72812244
30363172
28179667
53623000
68106464
58933181
74270432
66578754
46609919
20627727
32860671
10553308
12201492
50019450
55038634
18179846
45511414
29380443
57680914
24666349
52290334
40352897
38418401
12110266
16796599
31133475
28935709
18604182
70484179
21825722
71109073
64500548
56592364
67912969
42429748
50014388
62631213
44434016
78137536
46296290
54573493
46967993
25805094
23627721
67226593
30211652
14735950
73745110
39587712
13284429
57801051
10495845
34634634
39586248
37242452
75889350
64712410
49048668
28155338
29576426
64803642
39516299
34395866
19921589
69357088
31957545
47485461
51847812
55509639
45931169
71163560
30290129
68596215
29373906
51114639
20054856
52351148
18489849
76412125
28616284
17697420
76945998
65535340
18960402
38285640
57782073
23080969
29666994
59854897
22217856
67133587
73526230
37133810
70138191
24103337
33044141
36164299
77922101
46671843
26974270
78364131
59589120
30759099
68280982
70611701
23131852
68704257
17323270
13493453
75184760
50670285
34555481
75785751
13757469
44300419
48041820
75776591
65983384
49491523
65977033
45533302
48959183
72369983
71776248
29479564
73399186
12773983
46820835
14302041
17531203
27989884
39484512
57943966
16692669
28266830
20783592
34300460
58945520
19497302
48358819
57863433
38983099
49895663
19099506
42654869
33977160
71872769
21199059
73717759
37828092
38412443
74419974
21303624
49305439
15902524
51427450
39329531
30395290
11633583
37585306
69589983
78909326
26422154
41307720
10226754
37031391
17796897
73533871
70646030
40115978
43495932
37588334
44327113
48847498
48862384
25810172
53653130
76953805
13741417
64310358
69503359
22816276
18199308
48613958
61320849
40405054
67722421
20612588
40725563
60103094
28407056
34128775
53883372
30846591
52292453
14050683
24246302
51549410
77691326
44849521
70495279
79586015
11324368
43988553
29470265
79563692
70159062
68811297
76480052
37914224
65275166
44124249
16022215
65018260
55446327
33212426
13188354
26824326
66948517
61198216
27515976
32769986
49680720
55226505
39101552
77788822
55849533
50081753
66859344
51233233
62322898
69306063
37247084
13977763
39710977
77694876
71531210
35662104
17342614
59263924
39151723
75307327
55874253
67710211
71443913
70259852
40628252
79406087
72176756
61022035
72261670
34236009
68946373
10723142
55888940
19403265
49410997
47025182
70418957
52843916
40716755
61297994
37150920
21261437
34513545
28819696
74443717
30009958
36556267
65497582
62546717
74591105
56944982
40344052
39594788
78073257
69931076
51223238
39480058
31290583
11388366
41493699
30385537
51271397
78178696
29349142
39909828
52282261
24158463
35457009
34873658
13987989
28218382
70301344
66644642
43041616
67664412
57622518
15021415
76538971
26096897
62965909
10517380
23709906
30819645
69754587
61849506
52425660
15627717
74148464
35594148
64662076
23407158
29955358
19052896
30608149
54396675
23556319
38289850
51539271
16810091
14333814
26539948
16583610
31563426
26384434
50733141
22984247
67250748
53954867
64174391
10505021
39105380
35700914
22604199
11923828
16859036
12310170
74097205
30719357
52248972
74371983
38378923
63939139
31335302
69921229
36036486
34003266
36561868
76416816
26403099
17374095
13553618
69297076
58269992
34402704
14431476
79113530
64945681
64008865
40865240
78892357
39226513
33217395
71416703
76373218
62371747
13865584
75073262
27238001
17183780
24443253
73225489
49274098
77920284
16292660
21851804
15471524
31608463
69385346
19908708
68096439
19430283
70124192
52438184
12096751
56893527
65167793
18518340
12434674
16785351
41928492
18915835
39480718
79958522
19099024
71252720
24904010
40071659
32798434
34737126
59999539
50434674
17069452
33673706
43674744
52489340
31229257
18103606
56623742
65226436
43401003
64510942
79498495
17756514
22710238
32737833
63887096
13607657
13364381
63277669
25290318
57536395
20980499
43491453
18011142
50415870
67922195
19076728
30760807
74392747
22846665
19405644
28148241
28500505
64720746
49191459
13278987
74870073
11143880
54893303
70282981
14263141
30200026
58673642
31251209
78611758
35336882
44522918
20920768
24807243
11211524
12349263
30368946
10929552
66507362
66982000
65695250
56989096
52658842
79647643
73099964
53316861
71480356
71987529
50043554
70301586
52698554
72634292
56256612
60828945
16357794
72175399
54222761
42040405
52413160
64041890
65743311
12184770
38403805
48445499
37015541
76203392
20118321
19500285
50529383
75550390
75977527
16428775
25858837
63094762
31978564
74155856
41449727
46959713
73722420
50877473
50334925
35566847
41347458
33983944
60087641
12994605
21288923
21763794
62167262
10915947
63744755
19527661
45492785
50894748
24099510
16702549
65579666
50685233
28286114
47782015
54129194
48721776
58633911
47297140
36658318
72364853
75260156
14642316
29140559
73300932
60369106
27861127
31444071
43489628
21992414
25081646
42261077
70401052
26194570
28302464
74124552
63054161
57179246
45840971
45264740
35324663
57629597
57064230
19462068
42019185
44040008
21155998
25128310
48710730
72636305
13003735
11203745
13729117
77392769
34531599
68401604
37282338
50195335
71259082
28832518
71948857
33729001
71927843
36275942
12705978
28886388
37107629
74826459
20753094
71290836
33248133
24449632
67147388
64397755
35050270
23035738
73887382
11911464
23955417
33249955
12654257
66957748
66445173
18365779
77319731
72972073
30626580
19538300
61527230
43127461
40212554
16435539
38611249
53954255
54919727
74609271
30307360
28052575
61846247
62854400
64586521
27077363
18543706
19789045
56417488
52917646
19164526
41516441
62541064
25052832
50167995
43365499
22555433
48986497
54207857
76579134
43208707
58266286
25877863
32050776
16954701
23556541
38971489
53187311
32330384
33307874
79632357
74317298
76196590
19101693
23719927
68726596
24414859
61530509
38108041
63547421
26219594
70130635
29747764
62866711
55461705
31068122
77165590
76319375
64379697
32579735
20784766
69236026
54815140
20817611
12405856
18605368
45442442
68938592
58456422
68096775
23329090
78087573
19983648
72083726
23799027
66844554
76168609
50999100
28491136
79502869
43911673
20279005
48219828
39369375
16861802
55657205
31502881
24026989
18357005
30042789
19380205
31028720
62068652
29056233
21195978
53655393
78537374
70603416
10694785
48183464
31179207
74350388
43469889
25650503
10387189
50459629
67763683
28560834
55167964
31939085
15454187
26727813
31589005
12011382
74326739
78827386
75924425
43946469
67126469
41985548
38676807
51951120
11124816
71159749
77715140
49650718
69527853
73150210
61078417
39675958
25935342
24019773
60604301
11987324
19251395
61766055
65552249
42967612
70003883
58828581
75158440
69363458
76221331
38683291
70486731
13108790
24159139
25434469
33338364
67657922
36026915
29137318
65170939
22499975
28964325
14314152
16881714
75993112
49084604
34498415
30964856
14402092
30944745
18368156
64071051
23208615
75462824
63475270
41183691
79925071
32062750
23413843
60370445
15931321
18723336
59425149
24193110
28945387
36392493
64714538
41174079
32886354
69127402
60188756
49885473
31237969
55516725
49733935
59285509
63596644
68407989
15266455
17610628
67000048
77046641
26995784
13356490
60517223
32800316
30105247
54044687
43738727
34606760
51572948
19273506
59359328
13961841
28677373
24484020
65322300
43145829
27871579
56928747
39863322
63569068
53506038
71287433
57793842
18663023
60245625
53302069
38572739
12396502
66986331
29809257
48487150
33417693
72571093
46573308
27308901
19364940
44152537
46428136
23993444
11747026
38721780
71602014
79485030
73014828
73839239
52268479
28354703
16563439
75711163
79892022
14619970
49055815
11890797
17377024
44653008
53212581
74015020
62243605
11713443
72600970
69502289
37000570
65713903
59742003
19599273
50979725
39440013
27229358
41845712
43705586
20925026
32727557
30908155
70783711
58205762
47168735
62200503
50985060
35200520
39125113
26036351
48712663
23004224
25126375
39543320
42177423
27992751
11894170
72644997
16938214
13200132
68616611
11734061
19230954
67156389
53544873
23424343
48026308
14598893
44289612
71952502
27581408
64110194
77438764
22943585
51644104
45171273
64684996
14790842
54485801
64702701
52697539
41678244
11710158
55877922
77549206
31752158
27091662
42860302
12337819
61679499
22003179
60995928
70712292
31641988
47748280
28413854
28395931
35976652
13683623
29719963
47797411
19590092
20827129
70497513
10683427
77149362
29055056
38910900
77493103
48215757
19760414
18644610
54444839
43130397
61409943
13722132
26189759
57622171
62548275
73196028
69419222
32038088
63306163
63895158
44040553
10642963
42857054
54046859
21982290
78521863
10710229
17945447
54262619
20106530
68613445
38353525
69838321
76270781
47716665
45078628
39204706
22235026
27988735
62438976
23251205
70100177
49816699
17191759
68072010
72420524
46277498
44970604
38854348
63571114
28504364
20712904
63328438
44877022
59654817
60974059
13147322
41389137
33571179
47455058
71911094
59514575
18093552
58188099
21622031
44641696
55594401
65962665
44293329
41306213
19419739
57550700
25279464
64321039
46723365
22117633
47554485
12689548
79127665
49599171
58991644
38308237
48391707
78870758
45994185
75095450
32482110
38000884
74016614
71786813
71795353
21566683
37530642
11384222
39316070
50062748
60237425
16969892
64904251
49019202
40794070
27550829
79929429
76980014
13370636
18368597
76773867
35213332
72999495
15455165
25311816
65752209
71005860
78045861
70748025
67886276
39124894
74913327
21170273
52152859
74135700
27397531
46080849
20786841
39225648
35161387
13231975
29176870
34114364
69269888
41862016
64211469
20039016
29840931
47214395
42054322
51432060
36944313
52041820
10543636
17155019
74471417
46923392
11786252
56939515
76394716
48167473
47875460
47240983
76265809
47676851
33725644
68560139
30558055
62303134
45676654
19604876
27540892
65113565
38621448
64153974
75954122
20731126
40512670
24489661
59288485
60469679
45048483
11380937
48039133
68190080
53172811
51011892
18476504
75511739
79694999
54069846
21653278
43784620
29136922
56683478
14885524
25125304
64124560
63972859
52717749
69098301
67255557
25243155
12263697
26213627
11470265
46734646
74435475
38316864
69177736
62414451
18377575
79793499
65266120
22670677
56557477
35022948
37651167
18588206
33705505
60603541
19950889
36336539
43049177
70056827
68672584
55129264
27785242
13069094
54485345
64113503
50507812
52061691
50287383
13781149
52425114
18067522
17385082
14272261
13372550
29410177
46904130
55525743
34149936
66215586
38053716
28168592
40780229
63397003
59793696
23291388
38502921
16764407
66138448
32785377
32420791
69822556
20662606
56228062
46733907
14301459
51880599
48167983
62901391
76801276
73803586
12418494
53006245
32826304
32064369
19829363
67253060
22242738
14271526
35954441
53210980
15188899
62451192
21456250
65645106
45195833
18474238
33396331
34776058
34393478
40077320
63317080
63942422
72062073
68402678
25992361
13175841
72624300
12330890
64864691
59534747
56522789
51267597
41986359
31079808
15015612
57938550
47749205
52110176
47502767
42979740
55339424
58732437
59190898
45580997
71842336
43941409
27454308
16584758
38359771
38349445
33898923
71375445
31085664
50300636
42669158
49348928
67580357
16595311
68993934
39364191
56602634
49096324
70200410
30025453
20948190
46976576
64214380
57939199
11146650
30206632
27378246
32510651
32245866
49108252
46154562
53207978
65051250
17379174
18129997
77942611
36979853
11938638
46121881
39639950
54782942
41618954
44391437
24682883
70907234
76965283
33961905
21620685
23900738
27467684
13196848
20833315
47267187
66985076
26849781
41162987
73379709
18444131
20239281
44477264
51264380
47986045
23731470
27506906
20723969
10670296
60243911
44104585
55401575
18014073
57856719
12313936
66079411
40718528
40942395
64718538
49977502
23590374
47705203
63962263
76649354
43895460
59076619
63184701
51793000
74246793
16301109
27356387
58717966
45955270
30403743
26706599
75060718
69260549
28264875
77294443
33494333
22565966
15176929
59363631
29360069
61630385
14098984
23678505
67531534
22631638
33375803
76798389
10938611
68564932
40033684
65819520
35777862
26144453
78658514
37820795
67203958
19103047
10177659
42993384
26903637
69620976
51570069
68401266
40055111
29352524
50954594
70054876
69184329
75114746
69210181
48536476
38283142
20511386
37119166
45076174
73791452
71092107
75659322
34177440
68289334
30465455
21188064
60575246
14772702
63355755
62670505
42943697
21508651
38833073
49446105
74918342
18943290
78406840
69139578
55167758
63469002
13344443
10003137
40121077
60304729
31139551
66104300
79089894
19576212
20457449
43011656
12065501
53150080
19400737
50803205
48849417
30218320
21259288
78096709
66707793
72305983
19950249
77656117
43151118
68191461
28849323
55570151
40666554
44788469
45535362
65649521
77009693
44506667
77788092
61246024
53789003
23930690
50128304
60530721
44320843
38963910
27473453
70965373
76471890
14624333
65970870
34402459
21528360
68981822
30784616
77662910
57531041
29967447
71237494
45139024
66134942
41326862
65665484
63542953
11381310
53024495
16990082
17822765
75781780
69860145
25105438
46922410
36975991
22457666
61901632
48742982
39049112
59494490
22857157
66898899
49533104
71130235
45979249
50086047
50173632
38167907
34800660
24889982
32253464
44888220
10642029
20080558
71446081
15938189
39817494
50615205
68088655
48864007
10730571
46103040
15730983
36087893
57715404
15144502
17494278
51222930
31027007
46034451
30066252
38752883
13766619
61059673
47540158
19059944
59131970
16737829
31317884
31069222
45159428
74545793
59673824
30019309
10036014
23900427
22544101
74006315
57396926
36434736
69652600
24536184
53754318
56003641
59001669
40745605
66487555
12448743
51997664
29312071
61789303
20442198
28497474
77585274
67221298
63226103
79109459
66544019
26725782
65403221
62734379
39366952
53232078
18592396
77288275
12007513
45184942
29215377
65447899
34279928
55129417
77845485
41449871
37940512
75107002
68083265
28901019
70087658
37499002
66329391
13686299
67492890
56694412
75394873
33338384
46916625
68612726
53340219
61905421
15716419
15226895
52457514
32130862
11010426
19266350
12787914
50760658
37305522
60785384
72191087
63854381
10969968
34393381
58314452
21297037
64030885
77303203
13983295
63966716
49872548
24975163
46242590
40118189
48423682
25695342
66164447
35989515
61029398
50595228
55524495
71232739
53745335
45682560
78818276
77400538
37698001
46333852
40217303
21028617
60159355
62854722
56695401
61789619
72194242
79202672
37283610
71650473
51791338
19706503
60863534
22525328
47909513
60585316
15799562
36342907
47323744
37519466
38282481
13436359
47746676
16514535
27650823
46038400
48825754
59611982
17891826
12481328
46842356
27834030
63463317
29105238
73935509
69002050
70970621
59569009
21446187
32358184
57994185
33219882
68750836
51424785
34550568
53205586
19748570
28606599
29593592
33609873
30460594
19167488
59576112
58671731
69742860
20695662
21567423
44391101
45235124
54675696
14405608
56130033
38491124
70332034
38423033
59502748
52969167
63820989
77689044
21966221
52204143
38722397
71096183
76661152
38803925
10032317
17177789
50063434
65222228
18582347
62308508
29701652
74904856
53973044
60317278
56217555
29952635
55733962
33684979
24091708
24262657
30229530
47633890
56085014
52647848
42131550
10499165
23300410
27168217
61224338
73511042
71969012
45720618
72810070
76035252
39666425
64004941
65129524
20224400
49454483
27662589
76372209
66447783
19357708
10978866
56924677
72882615
60141554
32922330
78780668
42636639
78444518
46951444
28986523
78064516
29016041
23192938
78789409
14473398
59638964
51967926
30451187
67181911
73434824
56592746
41284419
73614426
10268112
74059828
57804555
79328640
39052188
56850649
51946162
23595321
14347058
70662359
57832793
11558727
76164026
20022695
77831880
69081511
76421678
59454081
29990122
31658278
52889236
63457357
57831389
70558889
22858157
33580786
42760178
32302026
54128239
53223815
42415742
11754350
36900202
51574654
53364400
12664745
17144925
57356751
39117379
27606131
21028312
25871209
24127469
10207148
20289119
70515591
34967654
39572611
35350362
49504419
44401608
35306951
40547533
41632180
37633893
45535795
55787884
24021856
20026359
28898065
67477029
43723674
77881613
44975406
47114506
64392504
40713846
32992789
57848787
68764987
59411882
60126236
79813069
68258685
20803543
69747931
27805203
24008078
50692020
34536231
59606322
48999354
13104659
12114324
30858083
43078043
77300091
75952389
33078724
45368902
30566380
14589090
67627503
70722115
68841425
43890991
78611815
64966173
79315901
67884814
64247176
45495747
55820736
71651128
79663121
71009219
50849435
56289606
39567245
40494503
68672891
25782181
50327993
15161157
62044988
58557736
62964035
55498587
41238753
31158097
43107569
74426121
26927658
34716086
74450512
30521817
18525175
30449671
39157622
68000979
31698069
37223480
41737135
19177175
14430256
13910273
52664084
58682638
43849902
25242510
15926272
32255251
77777467
76845871
54008779
45877245
27806120
33373847
71861849
26596737
19299558
22332638
77066435
24913955
18605173
74260370
72621865
35273640
52344467
50707564
13899619
51268777
22565059
50453085
26523153
11829356
25028484
35709433
18090090
23380434
31019978
22673405
10269225
40050689
66069118
63629361
28509064
70443052
36195132
69873024
68650898
61737631
72185824
68911614
37611186
66477211
17415801
46975636
29512416
38210018
40065433
36774621
74244078
18757859
79879187
40193533
47978668
45165023
64909741
14352519
52330065
26053824
59746812
12402709
50235407
50731004
15509236
64971823
64519415
30738812
39075919
51626594
14098784
66888102
10782031
16479033
19786415
17728680
27960242
12094563
28436400
79679987
66476729
13262095
22170204
64164695
63630486
40659536
44962262
79046869
33381797
41018522
50342901
76662085
74080730
78851774
74545786
61338653
57604821
64606214
25695778
41705296
23207189
67687449
13845156
77657891
73998637
17593833
71938052
57843018
58981564
61189641
41279209
76116605
70563928
64327943
38564851
79211411
38979758
50666461
69970006
42443072
66571172
77185843
54747750
43497700
31042366
77571548
40165287
39808445
48437531
49555124
73757618
40787055
11941885
61532013
77279611
18258912
36918328
78122374
60165526
39145043
68474589
74088989
18234057
34830354
52546817
21688492
45826778
79541420
32630828
69702220
34549131
48148606
40379167
10917246
76973328
78183200
11076055
45373435
18238082
32128054
35042577
66906761
66148511
48695244
28944466
55070111
41838502
54785390
39347848
34573195
26409605
20317929
62484739
28763412
37028505
56308101
17939481
40415770
72291767
43392593
29798459
17564196
45775028
55480143
22323360
42684135
16821883
54844717
53548209
25960106
66632467
73979669
72317748
66336082
65235549
38589059
41623113
11924836
68757215
39011407
44863180
75348688
74937968
15906734
23422169
31909771
41890853
37977254
27080280
32807024
17462961
51155441
11596804
40094156
16112037
38947869
40755154
15608031
43275746
53557123
14693639
10753224
24431627
68357778
25479648
16017734
39047042
51561799
57337352
60852979
12427924
33162580
16450271
17568832
33257173
55616234
43325640
70853734
58476090
34044843
22963720
36068943
77254313
26410739
38685780
52162028
18711834
29534137
48006348
20599899
75062550
72864666
30502741
48478833
63587112
54870238
60352087
42900496
50881102
27646759
47547535
26428294
70734768
22687036
25795405
22814166
59975498
40974501
34867963
40299478
61971051
45106783
49627712
32805605
60479152
11303647
44640233
12164070
53854511
79069926
64049891
49109294
40968340
34714103
55906041
20924680
10823640
74461135
11992009
74622537
23954456
45368264
34422683
35531337
10433435
31248672
40753583
10730579
70754111
75476358
31809754
59472135
77080851
46234686
45563980
15111237
46345987
47292626
33274495
23853456
68440735
32990706
49592988
36827465
15716269
37771347
22309654
71524995
44628281
74672382
44564889
58552859
40539400
67931860
34817796
17013841
71474520
77701291
15831545
29518204
50415143
34589699
24610755
18045721
76064256
72545101
24429564
78507727
33256690
46487153
76725200
35237720
35615504
79677395
73444432
77650733
63625913
41561869
27288991
31401843
53260781
25639760
21940718
64985466
34356653
46389991
56037121
67445950
11959468
44463223
14833830
42753592
30250900
71791676
44037962
32450550
22993580
40989089
34839478
38732476
46332804
22312165
70443847
63783363
33159187
12105844
36353402
66145271
75991351
28579026
67030661
67872956
28572932
41319107
29415661
37849529
73243281
21933637
48671646
67173028
20080313
10554454
23343019
22243226
77173207
40459738
46867703
43544279
13851623
14942990
39673239
60691700
42007178
58151663
29986481
45931677
38212753
10961184
79919593
10026452
24142230
42973809
52742967
66255027
18698118
30584558
43930714
52514082
79224335
16372020
60059202
52494283
30835539
11380550
43679030
47340934
46125334
47529216
70820215
37127904
10002810
33985934
45152847
50065840
59649276
13283506
42960824
27011116
74294763
45208241
57896352
24641528
51594980
15874650
13554790
28238510
61476417
55394912
28600065
46822609
77968143
74320462
25322631
51067003
24768045
69733482
77828597
46100132
49285156
34387051
26990651
61510881
55459838
13194148
34628971
33180536
55485868
62696123
17370537
26117604
43378318
42816465
22069756
42939323
37784582
57139485
39567533
38650756
76065473
68704384
36419374
63505189
24288143
40339011
32693113
79994757
43249092
25215394
29818416
37024465
16932539
25402783
30467283
36686419
51440177
66669756
47587088
60968754
54188302
29471613
22914698
70849001
44849351
41507010
43446624
14708979
64982680
38820261
32162384
50741983
53000531
17834557
14311941
26252713
44596545
54957821
59518688
29984519
48759505
79844206
35415194
44320585
60222290
45359210
42938956
70004248
52719902
14251469
27163086
49201864
32835783
28696332
75068537
39113539
39673364
45325584
77587636
39087904
58978922
48582151
30553717
76814437
18756187
12643912
17528241
32188672
58649844
60490156
54250173
41164046
58234871
18138865
25135821
37687050
18022988
56470346
39955978
38227320
59031642
31774774
49134019
10485243
56896489
48974055
32017674
51234617
10595777
42120316
79533130
14754044
37450792
54197492
64008268
52783694
23297649
18400946
63600894
61099313
57805433
27290155
54017131
64327370
79483851
29123798
48392669
63115942
64672683
59972244
34940955
50100234
21454103
17821890
79465760
71120588
20104769
17789812
68899256
39894287
50310998
50156041
69313151
41234563
37852950
46359989
19980372
35438723
41374381
46505280
11445442
42124506
22147254
78042147
51229846
19311949
27450927
36818037
74829322
53230524
65601294
37045753
79380103
45702099
75580972
58047665
46852512
69140496
17557416
78113835
56242966
76369510
34355413
17086604
79272237
74006452
53665078
21183696
35548942
61664893
62290727
31169761
18835310
72573468
44122404
47613506
51204153
14254967
42479241
21204444
75237603
55511605
10401085
19002867
58732097
37738715
14687478
38696313
13720036
54163242
11503185
12977177
38485454
28612636
39418173
70007238
12940529
19327818
55580151
18508551
39777405
62682487
53126323
36740540
26871526
13300263
77006966
50047923
46355868
70972729
74826437
70003975
56556016
58378558
45888235
74411010
22884140
37220840
30380834
32252284
39723113
70325313
33484881
66415784
17683575
77708323
29330426
47826758
52947850
77450541
10604915
37702462
16673217
11440138
38500583
55485600
38703107
45261618
50811752
18263524
47034026
54747263
76699822
77694588
75030487
79596690
58420831
74965120
12568075
22117046
21136613
25976760
21932429
50600426
53889598
23925290
60156102
64599730
56424567
35741038
69123752
52192317
48250390
12703098
14976040
53322642
21039260
30331641
54303491
40558404
77806633
79364739
60926341
41689107
67254285
45949816
66482152
12473317
69548208
77523222
28514636
69718328
22405909
11193594
11585809
74829344
64615546
30665466
53007562
47154343
63118699
36765421
40551388
74461376
78841638
65322494
77583960
17727546
32605437
44875214
58443160
72892603
54878917
75596442
19304387
52919491
24753131
51776888
27217962
43648817
70001979
11668880
34703582
73880112
24199767
75942852
56901226
53547982
54367053
48832364
76832079
25900950
49502783
65524256
35776178
51377329
12099535
63136449
58648679
25498739
21623548
53895322
42403040
33615499
28475982
13686018
54898950
21420588
50091323
37739291
36892994
37141679
78175600
17506164
67958639
53825853
32336429
44327864
76951182
44268491
33333261
79034049
78102097
41328829
67681178
15041195
70478251
22465194
28687557
77736509
34346301
11075352
43951093
24171898
20818283
74547215
60496539
41551594
72920575
50246619
52451678
43193401
19434364
19485288
44314423
62094595
23728792
54718248
32546931
48759428
29241126
59432903
71574450
52733282
26712986
16254759
27088511
21446926
31784135
19362078
70414059
59059037
30973911
77415041
79781486
65658527
22338425
78416310
24744672
27561174
22335612
56913584
58418012
31920293
60053505
31626054
34522813
29878389
13272484
45293375
72521546
71839979
79530895
66145202
77601755
60081109
67048313
44841046
46346502
27338642
73656692
11069429
64077425
65418701
76840250
54716581
13266301
14376675
61919461
59702243
72710847
52531411
55779502
69926448
49098212
62207197
24404017
15574270
22169480
53306005
57502614
14128435
13244073
61612849
45166160
69458539
42400647
10922150
48042238
32820118
43160652
22686904
14099113
41982444
48535769
79701199
22538812
46028205
39941925
56781994
74544375
54004296
47169925
68323716
63175753
75639749
74904991
57930255
70675152
46539487
58220575
43162883
64834358
45855154
45571995
73875461
41810414
52717082
11363259
45308989
39487483
54219181
45150320
68122891
64632139
76812773
75474585
68001080
52730063
66110591
32253469
21095716
39267700
15831617
57906639
20386775
17196521
13146409
26156239
29013708
65511824
32694548
64054230
72540431
44317180
13763650
47550830
55534206
27979381
42574609
48913754
73121049
69028320
17283812
48508626
51244499
61389275
77156503
79995732
63081787
72671369
30292471
71446458
16708049
42741479
23763807
68184541
63943350
63078988
70732089
40030588
26073487
59151133
33296119
54211035
67879923
28846818
75212049
51894065
29442110
24194835
46669458
13291814
34223859
38626508
39694560
49462524
71355107
24645729
40970464
25148184
60433674
31128128
19251621
23648731
32516367
41469998
59341204
56571283
63209426
71551502
23353617
33376696
79410524
11393466
52790160
47519233
43955721
22501102
66760533
36754350
72246125
47502658
73462053
46407144
58760290
36302985
68364630
44736286
62424076
43216399
72007075
34829660
73223755
65488035
77883375
77109082
52660832
40287296
31267548
64071596
21912806
50586717
12373409
18508307
13137734
75581853
32058140
63617516
41906881
59280457
12668065
76862117
64001733
21930299
55659988
69897527
52462135
46275291
54775752
59680596
28681673
48736182
41424284
52294133
46319519
77080307
51252544
56510766
76104032
69252213
44162165
64085823
65359690
66288222
42614276
35071542
35039541
62005981
74631756
10975948
21010585
10461668
52559577
59325454
77985812
34319033
13000337
21781327
29773172
79610314
61284840
51440832
26021727
50813190
76788541
71169297
48859404
28861004
61695101
56359184
45305380
70540893
76270998
77115682
12550457
55190551
78022330
70768968
39843488
16855457
62938262
65810805
30868309
57725953
32189017
27648808
42056142
14773091
27145209
28060356
51969223
69328519
16503543
32159082
47031201
49782315
66133978
13416401
56903423
51737665
20469007
63813700
34582770
78992792
78463531
73519446
24811523
47850923
56267090
38550184
17874684
32010820
41998863
11423679
78411236
67417916
49582798
12976437
20220542
65800002
79130017
45360983
44959553
76701034
51699131
15419189
36696115
45617998
18420027
33821931
45321260
64075225
64159795
77860671
71169957
44373635
66228290
30865176
21719743
50987250
34418327
38767476
30431174
29161796
50968843
51870563
25913491
76306229
72111627
15519771
30382482
43154798
10669621
70682597
79024114
29951870
74316739
19453224
35037794
72660943
32955688
42050148
58607147
77533987
74293886
48328458
51981334
79590358
52115339
45565505
25227903
28353386
12180900
28228503
74123902
20418898
52026185
32131612
30745799
62509969
61282295
51813624
47522791
78360348
58254201
75799208
70097280
14097086
71082088
41472249
31774359
31220957
66749992
77376133
77060450
31089721
40027736
38085060
72515942
67794928
18854957
46877961
42805201
64863908
75142943
67578144
75671083
76880142
42678943
18438506
69758951
49161704
66086467
75394061
29940905
54572209
21449886
63553875
41377546
21117461
76682930
74573135
41804396
23410152
47284731
61911916
59434817
30533069
75358361
49621196
10306194
74756813
59695704
19808650
17696737
18018727
12995829
20219523
23303177
57011926
18480263
20343441
47444539
33091755
67463356
77241563
17900878
61907546
78640887
50628801
17894356
77493375
42816765
60818451
77708511
72167630
73940657
42613245
63769903
34460624
38200038
59337348
40040502
72101240
56915505
29074772
23647996
57499421
11382723
14629188
48889256
14416892
40418324
42648979
10615929
27390928
11400648
55812208
61595475
45183368
50598608
39619574
75275102
22366036
65719002
78612414
30058137
13635494
65286973
42133739
63414942
56105703
26501821
66389055
38861486
56017222
30474640
68828586
48597773
63551095
64009553
28812016
78860296
61290106
70553423
73564442
27368797
43086605
72120717
33863434
30749710
38173483
58055309
35495179
29381561
12722576
58766371
17907096
37080949
44832359
63134111
31433256
74510415
16432713
10961185
14165246
31771576
69389851
14675634
11974946
78968495
45426764
48239483
31335106
17899581
48270456
42205494
25524075
46682074
79862465
67878947
66890903
13018399
27196009
12824645
79779030
79392301
50833078
64623630
20071978
19041854
51272005
28881173
11317355
21900348
54701349
28891597
10138324
62704720
49025385
50282553
37982832
41710472
18413404
61651415
31757270
29766815
43938527
58205457
66495887
58372132
66845882
52001462
35245010
73797499
72479655
77272458
46815090
22274820
46254611
60050425
66372177
72685718
53639049
69507709
14725932
49014433
40687039
69912106
52606955
49704639
65286439
26918638
16557328
62199721
32695871
59852659
32328499
25013321
53436717
15717775
34735564
34823978
20841762
41144572
19084573
25028656
49798310
76055996
60259397
18620133
35883493
57769989
70069766
52319950
60660823
74771623
65513191
74267055
42706221
38032522
40448833
71100732
57452441
19614737
28935767
63784634
18378063
50129000
54859606
44449393
72694025
11264085
51989715
18738800
65373743
37035929
26867285
17384203
28168134
17137724
57510880
79220797
41261432
60745135
11991209
36475807
22528035
54620681
36529765
10970920
30005342
75315447
63461551
39792431
58294960
68141176
48157050
55546986
30779932
64703472
32426203
18897991
37245391
40814965
70180376
65466881
16678319
15653650
69369723
22398391
69140252
18506378
18579822
49896685
54295722
48615624
30132616
31948332
23628129
79598842
67536098
56204839
13043268
47239213
13788531
16032813
27124062
19190569
21865760
65828952
56209173
38493704
49876828
15719332
14114034
38911791
30317832
27833181
27535257
30029233
40238547
33491696
42023866
76176863
39634810
24183604
22953842
46411248
12899491
34340440
22931123
56155897
74184708
67824910
76851111
61419210
58396075
38902769
36072103
23459704
31281380
13847443
60579256
49822739
71838110
44357706
67134007
28880307
12846161
70452602
69441263
37444217
48217096
34265276
35738181
47833289
55346881
39988551
36337437
70812250
17147935
10593541
12707258
63325718
34740428
74013949
51866287
79585083
13997692
15012968
28880849
15102257
57670932
22520857
57145354
30927667
38002461
44492147
23671481
17880616
25537644
60974970
70739629
26527668
38862851
50787585
59577278
79455444
47207035
16682044
64311840
64020728
48291407
35559387
14898541
62151560
22002401
11224850
64205041
62172843
63211720
44981638
30908866
73647304
75350452
16197006
43480711
58809680
69572977
32208735
54350400
42383485
53494499
75825542
45219041
51440871
56287919
68129716
14566370
24518536
44897989
45672036
57077570
61509747
32637069
17349091
19489137
36742496
76710968
65591236
46827592
59828024
25281327
68229692
14463049
62336408
78711793
27661941
72656999
38969946
21060833
17207028
75369923
61398603
25210992
75873786
38888548
48796207
29857460
41016722
52473680
34806937
77568854
23760041
65431813
42310995
78054468
25264732
23700770
61384931
25801122
39421401
65129724
62999662
54575958
77378092
10362745
63743861
57720839
20526645
35514920
11176005
68385256
42969109
14172006
28751719
70403422
44016387
79906897
47507442
65990644
11426147
66381802
76198646
76913913
73510881
41990247
21073427
57823791
42890845
39682761
16862003
38909349
46112175
77365108
37302495
47239121
26041327
12389562
23023758
65933163
79791147
15650489
55744919
23746334
62391967
50737440
23019751
46024954
12596201
17887075
64488671
52388220
25091450
74691696
53433991
66024872
12150380
36057479
46138898
54019051
67949832
76371941
70976646
53079941
41748412
73786104
44668934
20800668
72137585
35500238
52905403
71446653
23821165
50586757
30658924
73641733
62141338
52828776
51552240
36533185
61272397
43241655
61993876
72502235
73086764
59868542
11016756
76994003
34117894
52751007
14018971
67477973
27866561
64433492
28368197
21177952
65225879
14183620
41960021
13777875
76429379
75547279
37457491
66219363
60063506
32281067
16753102
21112176
26799223
70155430
23653992
34418934
16129715
16813294
67527455
53147220
64543370
29873375
22140960
10594270
63002895
77567523
59849238
29706083
12028016
25358192
32360435
23131544
54432225
79438612
21075266
55057284
79844140
53273025
16879966
25488191
42665878
74872909
79666193
17507513
50946116
59101319
30762572
24980734
67888384
38149246
56638889
37566218
61500356
13035644
34774528
71126848
74202322
40148093
39088459
16593467
15939108
19719958
33811414
65468247
39261307
35985146
12957981
16847859
51387096
47707597
74660752
70705210
60926131
44140717
52289476
14338016
75389701
24394542
78227828
61355536
79764896
24404746
44428955
25313722
68893444
34135735
68789634
64482388
68272537
78663979
32295052
31752318
29602893
50513127
73189073
17835687
73386871
68911696
19652406
78088992
68695293
49919910
13216535
23891323
70094779
25496545
64100019
68523102
14540472
76429744
51103621
40394559
34010125
39005920
74487419
48273580
38765350
50669676
61084621
53439831
19348194
31560270
49272204
30993191
32036973
79242567
38841613
17247038
25849707
50655082
36071136
46750519
39791932
30463680
62979772
31564492
23719004
44823479
33822685
76803622
38848788
27185126
26090700
26880350
65480089
28804592
59465432
77594489
37745923
18550214
42854085
31368133
66382366
67361224
24240769
46337108
14751878
68746368
56748294
25930060
33063646
68705211
70028345
23533488
26186901
78877555
31412099
20310748
24541463
66291864
16861376
38799947
36924854
37520348
14077020
52687555
77961787
28640875
61036538
75324396
28762971
42991012
79690194
39133786
47265010
30300218
52704128
62120748
49667785
62768909
51748094
28345719
46909305
44378426
10311096
40651281
11559235
34917573
37181625
35215805
54107632
18031339
30652747
36467098
17036599
65733241
10690215
48579077
51509050
74644026
11835974
62325930
75497721
35694291
56790091
61091208
26665021
12550794
36160729
59012929
29768449
71526473
19486856
71085135
49014132
67896990
70487395
34054658
76522152
11649286
21508929
30961457
66671800
75442131
54374421
79061909
64584009
22454589
27193841
52297099
63468188
28057140
37768694
28906649
53145680
36734771
49097830
46690509
39012841
50292008
79009036
73889271
53349671
31462619
60352991
48676353
69140259
32878477
59812223
30743162
59099417
31537480
51325948
59687257
21270432
16267105
10194949
70843153
46266730
51267495
25172433
66834602
50177995
50211193
17629554
20514711
12302317
56548642
75479350
71838259
74851422
59355100
38824954
74411698
64257524
16770552
74718183
42503473
51271418
20003704
68653709
52053275
58618553
26658791
45622272
22574019
57537790
73076338
10964523
10838513
22183715
29155583
75362578
25964848
75821307
56536826
30460889
14156497
13513339
23858560
52910234
66745166
58520901
51771870
50735996
10082160
37123053
30345808
76792577
42041140
74515784
63970144
72985198
66305663
50674938
53334302
64328338
15356910
25428984
16033386
67219256
67221253
35472045
30956008
63675078
23348480
39959092
74436859
64215877
29605360
59329500
27064896
10909535
21610148
31095205
72495171
28200068
67593585
29681273
63004566
37931323
19525545
65562960
60582113
79997993
35609968
44759156
52146607
25936481
53806469
37927269
22432578
59263375
15867996
44748412
19793922
10726886
62339309
11133726
30517636
45909413
57461354
47676483
44374429
65508827
50185980
19675024
67556173
51057273
63744494
72687766
21291770
58688949
70095563
73973418
79399434
14674978
23522748
67196985
27425030
55236350
47016213
79553307
69631416
41351316
13764407
72288315
78874946
55343721
30414994
58116358
76206813
31911760
64824031
54834051
63227909
79893789
28037034
15531836
74969273
66462266
59979340
17980992
36904507
12441524
17083599
38746860
11921072
27837609
52225880
12314045
45808449
20662490
40128861
72953232
63650803
67256920
12440463
75265044
35828945
28536709
51700619
52959419
29564835
70897757
72793218
12427053
79852424
77642962
50207793
47189982
27739135
50851509
22854516
21488091
26209684
35937673
55764118
61930855
74300059
43584588
11895206
48562165
16770794
36420921
34600384
15526017
12772293
37522705
60217779
73971125
26441237
38399947
23616202
77623368
39315965
24228078
27653621
25321746
17600026
33831597
14465384
63402296
16252406
65504177
17564891
24493166
31610754
19436314
78152356
67537690
23961729
79724769
43570762
48879436
37586695
18187735
37119931
17085183
61509696
19883160
61308166
62330261
53471200
30945774
18545154
69755702
51294983
38269286
34101470
13998299
76181970
33066291
37424204
70902392
65177621
33789800
40260748
12972590
27797422
65801157
62776263
56314340
62558543
75500882
65657983
31006629
33302509
15578415
20336189
68596352
58080085
49664591
23113463
44618556
76851199
63650057
50675875
40615823
42863977
47729557
15009809
70105215
62106287
79045897
49301074
34112666
74724460
10301448
54552866
51890034
20480483
59164589
56981351
41659437
42949820
37183088
27023215
57016174
40893235
54434298
48708396
69148310
35072477
28911364
55261881
23933296
73588074
19841098
22672141
78098490
72345552
32993503
37257890
60453316
21372300
34352737
77497236
40815604
69609655
37238723
13496542
55552089
71601100
76737464
10319468
16666020
11035662
63951673
25570000
65249370
25184007
37657445
18891656
62738187
63964632
30092448
30506729
72897668
56529836
67549635
79170706
74942571
53314700
33829634
28059012
15095694
34305619
22096296
72469921
48168336
25805815
55160228
57457249
75761794
27990245
24258529
24329662
22362737
56866320
73113417
19218077
30390692
24197373
45809192
42870203
19446398
62161477
18878182
19387148
55867752
45236151
52383618
33584284
32113222
42464437
27331859
21276878
50817352
68339128
49623479
62450498
14655374
17315658
11814420
14875674
75945676
27979478
67763564
72546241
29332867
64550771
19929219
34782008
60722675
78111426
68856457
44848682
15174919
44520411
49942666
26388520
32958308
10382917
43907919
72898732
31243623
62342297
19767292
15995218
10778142
17933504
72109867
25900988
34212574
13234027
22248079
13349187
59166403
22646390
36956947
78465100
79003079
49695523
53292001
18713283
30773145
52501684
70119305
21653597
68143059
49619885
46316098
26941033
50686375
78292240
30144387
25025525
30225770
28416840
53570378
46506256
30454079
56508131
68478609
20710854
44208763
15386528
65299245
39830091
22171161
56461326
41937970
11809512
55155655
14870938
15633327
21928756
28948414
71989264
75942734
70299679
56834799
63287793
63423963
17018836
10283569
61192416
58479642
42523673
71239604
79705377
62086481
63297136
75461074
64196343
27548299
77516789
73905623
75360348
15258924
39821739
35533487
27884911
54797269
32064337
49778891
29415880
63658510
65775752
64488950
62357362
38089576
49304734
62267382
17648125
40068333
60949305
53309809
32768486
46362889
11794503
28104788
55598179
60415921
46206949
64863927
60960074
48852491
66421481
18117120
29059838
15052740
51457398
76578274
60232122
24123296
38056359
15707348
65641332
21977313
47262091
63753829
20632505
72724456
78810358
73680313
39536224
30010757
10699796
62260950
25162614
79469579
65162928
53795150
25920416
68804973
37399740
61356187
23718604
36189719
34032614
16496413
48476035
56948043
67851259
43381936
48366160
40768673
53702185
39646486
57602165
27409066
45640931
58560283
71640513
45538563
48991568
37608915
72652728
11422648
77819477
78417298
66456408
36225327
43123829
78137854
14073032
10850333
37791912
20533614
47670842
73307747
30895202
71550016
46102563
22394306
31753678
65187287
21671311
19842559
41778182
16998735
53476657
10254219
54663448
30098954
51398459
13915363
35146083
65771502
62094371
79201712
29806637
60399733
47237156
42207067
34249779
38259193
43500436
16622640
49185724
79341317
75788989
23305111
19269033
49539631
49476283
37605171
67250949
39906625
16459672
79407659
33888778
65828635
12989477
58817944
77629825
36203133
65093900
32546359
58595763
50418490
18787191
24462039
17325395
64559486
32664275
37474606
16679146
15457529
27594226
23201543
17199331
25310061
18718325
57533212
35418769
71556663
25140715
31137991
41492695
46289408
40790697
59994471
22020584
17477734
62512170
29958146
34438212
78275264
66977869
25749617
71512566
12706755
12574866
13938415
10927366
16103795
43746312
78422049
61217676
24831555
52114962
43167364
62212985
59895174
34128205
46312288
13988147
73916215
26609285
31862102
57929163
62847628
24493242
15933368
24744401
13116333
69106612
49080859
61762884
38557478
36018835
28352531
43170097
70455182
50796067
25765277
12115297
66417561
41832046
47467775
54186962
43905919
16329193
46769897
40344758
78481858
50029552
47638842
48587531
37779686
62091134
53378811
40345257
72531065
20272929
69985694
74172435
69078143
58521304
39385091
10224896
30884772
37949482
55219291
10168692
34991165
18235520
35346495
12373519
56370049
67337985
22689424
46126412
13958129
71135760
42777694
40611192
33951348
17716008
60153965
29264458
58427634
29319546
60820922
79236777
12362437
49863830
59219000
74889597
39693821
45813835
38304026
60356430
64685895
64087338
28128274
34686097
20823132
29538778
42775241
76931892
48829316
64964629
63037175
34848039
49260783
34463673
41692368
17246105
37855635
79454577
64109347
39773979
40056967
32383840
52396509
76218568
66310103
36479990
59159336
71833573
47715668
72754450
54215298
73380544
53573065
12452752
33316756
22845885
55804446
25142331
52820699
49990603
34470159
12499928
62260999
46117317
52624433
31173137
15023965
51367123
47982417
62614884
53944650
48651345
74481538
16573444
35994810
69758851
19000757
73235298
59073415
15789812
62303604
33668605
71883227
72869692
16289263
34252560
30949414
75909957
19561541
64820940
42613741
23815962
37781919
56324482
62938438
44817825
69886228
45790083
11500611
59815710
67188780
13846000
21166719
59545771
54566036
54075286
13378153
66469537
35574755
44575044
74673891
27789726
24517515
24715625
45810203
29693999
74272134
73839905
58938617
11389362
69195763
12933335
26855245
42847439
36552842
58625117
23396261
77713193
68983558
73048048
25178909
33838458
42080126
54342880
41294692
31820624
39768501
30132655
12086739
39698650
76727908
67771617
58705023
42750821
30937104
31572566
71577578
13534699
58404658
33448824
58234287
73127083
46043136
27538837
24725094
55168326
17461697
49353127
33095032
23337292
35410598
12694877
42161899
76436633
15488551
51001734
28333134
70894955
48250410
74948259
47507071
60580088
61502333
39712770
10191037
78358037
21813599
64128177
26947892
58316035
17796942
41179500
78267028
65862483
55440372
19653237
42556824
10603564
40137663
14255939
56455005
21089188
10708100
12372472
53299601
30660768
17684000
46416240
32247207
20345961
31688075
62077999
24206742
74310311
64322427
75275508
78398499
28921543
63175816
16692753
37717840
73829316
20690690
78292315
33525413
55261820
15579535
71465159
24499227
66049860
33625659
64498948
39609240
73007902
12641587
36518591
30446684
11470784
11525687
55177756
44957054
64134055
28606368
77856878
72424791
28279150
15853766
21907267
12702409
24147017
31564051
75336528
17127574
52807369
20720539
63793168
70182190
32654941
79089968
17346087
16082131
26123566
38191483
22529310
58408113
62726028
65082210
65256856
65596828
12957949
18272978
23746962
68799878
47981767
69754623
45769827
22845121
43711807
48782428
62246807
57678919
43119234
26779113
49604773
66470406
44456410
17857578
31594755
26117945
40395712
46869725
12935402
74609147
26819262
54472792
57276239
78609731
14634636
25402125
33181363
44722895
41202760
34854749
42662920
71937830
74066906
19197062
51027128
41651306
69447862
16801030
20292178
10283087
52687278
41230654
78515294
22566139
55672092
68289110
79053510
17572620
79379385
10783206
79736982
30959796
20392353
42484805
62928044
32662559
42110260
16197093
70779723
34913483
17152738
34728000
28877193
76817312
48565753
23853240
35506867
22540542
50792126
41032939
38604046
62970149
63935855
17067163
27992007
35149697
51889922
51940897
49442851
34490675
45476946
48296292
68835171
79486218
34023156
39566564
70330131
17606452
33035084
60147709
26535806
41993325
49922313
75586734
38095895
66436168
28549980
24202891
71084572
19122643
62009550
28176544
29704803
23867400
12117577
70798883
25925430
20444703
58434862
33755917
79906039
72537401
22055436
66169614
15796587
41251023
14188268
30006665
43430958
67656199
24553441
65922112
71830468
73534355
17771971
78930798
34820583
50829980
73801359
76449743
72660067
15294316
15655975
38870648
61104087
18498906
49359463
28537032
26592919
61767764
54710820
51687052
10013957
42090381
57503717
67569274
49506335
62553153
39176163
14782968
61772334
64413902
74788727
71830029
13051108
68939009
58467830
72584432
32444672
24047026
68279074
54922658
45865233
14040325
67467465
36405275
19087545
68258251
49825520
33951896
55971398
45352357
36392444
41834155
53331478
60836712
53173113
18626640
37758492
27130722
15428724
54274552
78078729
29019594
49295950
74847441
64196419
68821594
75596996
27535301
16862738
53965681
48100043
27511098
17661591
68901576
25459089
54204156
27939218
62966868
64563632
67391099
57521403
37175478
13043329
60925317
13318992
56363901
62184093
29479409
60976280
39698466
53552626
52876780
43899143
74068569
16540133
31773438
75246868
14535439
45397769
50910273
20464736
53243792
65729788
30312504
77245833
55601486
33979792
64576330
32128415
29746244
44755885
18379249
29868006
73683098
77813255
26733531
67269880
30378651
59175036
20636336
42900604
45989316
58605290
36009242
13536984
53912971
51298942
15626883
65054070
34200497
12068759
50806777
16103988
44150965
19122107
38786742
29153259
56410732
30106173
48396875
74458143
64370959
76930028
13529398
61627163
40211862
37504686
41150780
24067025
39751380
45043065
64528826
46893529
58434339
21972626
76724852
30333604
14488376
76991380
16739924
63149580
41102720
75195810
12600421
60527368
45719774
35440374
42612997
76944559
62065366
14586098
63002133
65842196
16688142
45742640
67431801
25326798
20575025
23215150
18781646
67190774
44363640
50763994
66629708
44866109
47728905
72007442
77096154
49774762
18526144
40463976
23134379
36488426
47953534
34908183
37016384
70208491
54022023
22274303
46382721
67523054
51103822
30376764
16420903
15402627
49205030
36466569
28785657
35160410
76279921
58102999
30620402
77241566
53117943
25204562
36424171
10720386
27262350
13898045
76362434
57979523
19337884
22574364
25821243
77870145
59848491
30282274
74681493
73231480
73966568
23289087
63826393
32048457
33362495
10804194
39044911
36764725
76070184
25695612
16860726
49767784
15499627
45403204
60498056
35565561
67204132
50599632
29256083
20218766
48878560
68147893
40287485
63082343
29778480
51984512
75603615
14687831
16420493
40113587
66309115
38304654
52658548
38831345
32706304
62020214
33369961
52945446
70169754
45070514
43573566
74199120
10389277
12297222
31044986
73470531
18796225
53583849
61819066
75167521
31423540
63360720
34709287
45703993
72332499
66336357
50740733
36383615
46557172
53706565
41684400
13714117
69798369
42784861
39597717
24773999
19597648
27128745
55063763
52842655
48155719
56625162
66137632
77113927
47772620
38593266
65091945
79804380
17829401
49847769
41433319
47354079
58292009
33315586
18355852
79480760
50006852
39123008
47166710
15725983
61701004
73753793
54798868
77893460
44205533
52282746
37577608
20391316
16861791
59661239
15914123
73190266
39793742
48264930
49021234
24255301
42359866
47083974
29281162
40072194
46883617
53824094
78667868
52378898
44867006
37561410
47849783
67926246
43136055
34434476
17332735
39148859
10477211
59943667
72211807
37471928
73355699
10343811
70698850
29511440
34166441
71491428
32922939
67984921
41900400
60714163
17023475
60441813
58532345
71803703
59050394
60043198
36320975
68892217
32035200
21634093
70677973
44013722
36072933
24967467
40421074
70540028
10791221
28643096
22130309
24187951
41509246
41240284
43787325
29955214
65386571
11859877
66694158
75782942
56832753
25940288
10505235
66905711
22444303
33852495
56148278
39074706
21849560
26552497
12012705
56929599
75010839
32450150
71216733
39749334
31716475
62547133
74761367
24186205
28119651
63250225
19710167
38352863
74541890
24193011
78952748
17545875
16954379
10668407
52207331
78540779
74227730
30287745
22764580
57691017
37442463
22018556
31501183
45170717
66561668
40211404
76969913
44524623
74038743
20956902
27173383
71696452
38032589
49186434
45221061
29219564
58797822
69498026
19553396
30992360
19495222
54834619
49552680
20088880
61097683
13790005
19902976
12670824
27942594
62629294
25425880
44099469
65301116
61420936
78092740
64961696
21505924
21433675
35452362
44544288
42796943
79233412
40502845
21939959
53232786
43170826
49384532
59751496
18828522
77309195
30848807
25689755
27533026
16242830
59977479
79053454
33181602
44582585
30802123
73262118
46677396
62309947
57578589
14012193
36016125
16669968
45088865
79368693
64902626
64072505
34998793
68518240
61777269
70660529
72561555
55815805
12861948
63962074
22573066
23096782
30200347
37416677
69092213
20573759
68986052
13075822
12291556
52421449
12541645
48763345
33889913
29307745
66812752
35501022
79413731
47701876
24724836
16143124
43461528
64433422
77406268
52650464
57835051
27273367
61141666
59352982
50249327
15963668
79693541
19406169
66297788
17552007
44442821
39275134
37978429
55435105
59506050
17955471
78854768
14267629
24381504
11669911
52034579
32153633
17442605
24279623
25288435
46610203
65368395
67118611
21345910
45635556
65200139
79357773
36557331
20090856
53063185
53947209
59124112
47402500
10972187
60110948
27291040
54791205
78720340
26282878
16259008
78399106
37082700
72641817
51090156
68663877
79533180
50602402
14666130
55454692
76275490
50118101
19226905
66907181
51923739
14112210
47822610
60780835
28826089
77841945
64261430
71534279
49398685
30806919
21563171
37425865
78817532
23230419
23878309
24821585
28962726
32576587
30168685
31571882
52116464
57149137
45398437
62054106
38089439
70220424
56695083
51533447
53283584
27019718
50902559
42915171
62664318
50005520
38136316
28711279
72465320
30175528
50194492
12676784
32667097
14525387
19799977
34367736
76195518
73192601
42052645
67872539
28764288
49662145
17810567
32588337
10327112
56333235
57963643
16890879
27409370
61260816
78004462
77213020
47648324
15240368
39324544
16830838
74086087
66990021
18835003
45179766
22913488
28796596
15717670
64744048
59252400
36652545
26241274
58438319
33288236
42229785
25833654
53315866
63773954
70857563
55156293
43128668
40212042
69073761
60225745
58067128
27488302
74986953
12207933
72874531
61490833
57799609
41934229
48998326
17352412
46279877
57613567
34146263
35725444
65702504
69948031
36241602
31711575
31955847
27451961
21790031
68729507
39445325
26704587
27619830
19388341
50669516
28128882
57704898
66509111
65894989
19753222
38315540
25759916
50367048
60761094
72625196
51363367
54678026
14749028
58011817
49294753
16195125
34305637
13306739
43630921
49265292
46573550
60017493
59738694
63189071
55656544
59225336
29423200
33891525
46695378
61975810
50430628
14157009
78368630
54594511
51792771
53237955
74328700
15373687
33410602
60018468
66842820
69166338
13802018
34524279
65924082
62274934
20944759
43338191
17497035
34037066
19646374
37428335
75853187
60699654
25668762
52911426
68466946
41997983
76293167
11926634
50727005
36795379
49000511
43617278
49454120
57000458
10418518
58853397
45419283
44261508
30589566
47491664
59740689
66127179
16979814
37540779
46521396
21398222
39713853
38027206
22476152
70790261
56543024
30635826
69489869
30109126
78788115
51616503
65610083
13800755
79339468
34672927
71181722
31448302
28601164
56074789
38264119
54468670
76075805
60690605
59938885
38015348
35992506
67343025
41778559
50561331
77104648
35142704
78416950
10960648
38622072
32618379
68343515
19307844
15061206
67812581
20413073
35524761
31430681
37409896
72325773
34545148
11987928
24944001
50621743
45252407
67615721
65784212
13264505
51723594
44443121
55700102
32485479
54753319
55287322
77605249
46720780
65073347
55630745
42532243
20607965
34040346
43202376
54889926
76753198
14351071
24574290
77373223
39576419
41120993
58161589
62446689
22668310
40590783
26958126
33270742
22199834
71440346
50729430
47442988
47889398
24871547
32039927
13612703
56456486
78336171
66803921
28266887
72612465
16882165
59627713
63906285
79250003
25559291
54844201
35848695
57519589
21150791
34398425
46655561
76884040
60894811
54338822
61500032
67124906
56867312
54592140
52224778
25495662
79503215
54446172
25361274
64483054
77835902
11869786
61128536
26950894
39357740
76525710
31940094
72426125
35569005
34855931
41849348
56642283
72550061
30825103
71365023
16523339
69588776
55568820
37704214
52683124
45238126
39296445
14302892
76130653
31840066
23791743
61478009
72592674
28608653
34186005
75795798
16511943
55533873
78566055
39642615
72571232
75362659
53329393
67467361
67103487
67990570
67425469
29030674
76099423
29139441
15596918
34794888
74237411
37568188
25486059
31765317
20142112
16945230
55996881
58041046
75955386
66547789
41900724
77873205
58295917
19519705
29978072
76289270
37406365
13192081
68336214
27959849
26164685
66291039
46676770
21341633
24980067
56354625
25873371
64074752
31338290
35007445
18215750
57067701
40583511
38126233
72096734
18069740
40792675
59972871
78365372
72682881
79487348
23077293
41244700
38510270
44749282
70363485
35714221
73218081
22503379
31671017
34125305
12255177
62303084
36886423
20259281
75747889
68834507
33079648
54841904
46013737
56424834
61374752
23971250
75753468
79883106
17427272
70031749
22531827
46840280
44431155
60761846
46429379
22994644
49475950
78420071
76863251
60425929
49763128
74206038
34770300
48540715
38376048
70779493
61634394
53640122
73338307
54895468
73297513
52081730
64231990
65966363
18998143
12419733
54757561
41449005
37856343
23434544
48280066
38681117
77496726
14446948
74888243
72297026
78335098
67017815
22900537
50079573
12401352
40812022
45060926
13947050
67415272
72775979
67443482
65194965
15585213
30592954
16230226
37668377
13854590
70844257
23984786
49402571
62687292
72223290
72474996
12864367
57364202
48875373
46831501
32774883
11874103
77508300
76591455
47621937
29572638
46277109
53691185
64161512
51784574
47903479
58233241
54216941
44149250
15774005
22955602
34720533
10087728
54848182
69909983
23054783
10495476
11880919
57483464
41568430
68147883
11637115
57306420
14059172
55414499
48654742
78606249
43521934
52646996
38106865
28921489
42503975
50847178
15501550
35637568
58904735
62659262
43512587
78049622
19913088
45498514
25657845
31685654
47133322
44182448
32561603
48271356
31038511
36012951
35653542
54045422
68573561
76764646
10283144
12461070
22973055
46004096
64515936
38200253
64337268
73739010
10017423
36582489
26237914
79819240
78835503
54807962
45389858
53932414
42838143
74941038
14712109
37344779
70306976
68140366
68791820
23484770
10590009
79106679
27692500
38564723
29880950
41476962
45429585
54877585
54280713
22868479
47134701
63960278
14260082
73787444
61469867
31149084
57964239
73474264
28808548
30284836
62450642
52948222
18981105
40266980
38549734
63494350
71425211
34487749
32765842
72613940
18452725
13049208
40229373
47608274
64965031
60905379
66964804
38421523
72170081
18704353
16017645
48850353
38087015
59711540
60185662
43617576
26298525
15880118
51264340
32689447
20390307
25442316
11840557
74014937
51360896
68330811
30717859
65110828
61385821
66578102
51057109
44361934
69978639
52613370
20585055
11074229
42296415
38323680
49272257
26137912
39790731
47340795
20561380
45061767
61904080
16437163
25389376
34699426
51061169
46928125
48342689
73979796
20983483
52260246
54583316
49123242
14687887
10808970
31456083
79746040
47077391
31706740
62095136
23613141
67162340
32180449
63465408
51179011
79760543
24645127
22143907
18927331
57229906
32070871
26559234
66854987
68470646
67443422
45674334
65804879
32420711
79968691
41330378
15894463
38872580
45471484
79766219
51116077
33609548
43558722
10875937
42065190
70427827
53814449
11670211
75224744
69894525
74936752
76772792
16387266
60120744
17811563
17278796
54180892
73016788
21350701
66487192
35744642
64444061
52529537
29199752
76111943
36812818
22172160
35292136
50741353
60909562
42995913
64749249
42140040
57291430
48272063
16949609
40994641
36590094
16054735
11231086
39897206
45890647
31765007
41709487
72122555
64550076
30452907
10964786
39701003
55012617
68620343
26473347
74477859
51484809
78367298
19241300
73244965
71467842
11792187
67586874
12293892
32305794
62609905
55884765
20239790
36299499
61311799
58369612
45195253
21810229
44321491
41648588
28454789
10063385
47803845
64690686
12204953
38988315
29157044
20903100
62070311
27546199
71050327
55966822
70922874
19141657
44465847
38318230
79976672
30087949
67923340
13046175
58049641
12236651
79550062
53240569
48699335
44066376
34256531
27029753
36016402
42009277
23274396
73440219
52746657
37053571
57546166
34988723
16559841
27969900
77086330
29286750
71295967
78105015
35438853
25170290
32010701
34778866
51256956
74102181
26586640
23635762
23951386
75248281
79842619
16532451
50809108
26209321
55121631
41449546
11857849
20660636
78977810
12056554
34764548
62878529
49161352
14060824
43935955
79169994
54948800
32558032
66738346
69445300
43217340
64170583
68692421
22082114
76133859
65910678
64774558
60246117
75307938
25885359
11527316
26961267
37946562
23810978
38852210
10242957
33543631
26627001
27566787
10505893
34742542
44406131
36261618
41528867
40697066
45464484
12451750
15397748
63187623
37877382
43681554
79977351
26881353
25869603
55325638
58651611
60575231
23422760
34723364
37892956
24121206
36468501
79708716
36175251
52629042
62170950
57086071
12954319
29200844
76489094
43390620
18470966
53209217
71092055
47719922
67225224
26328803
33428677
59028526
63317325
46775757
68226583
76296401
54463324
56250573
46175336
50563775
71192496
32557601
73552702
55160175
74915635
32983755
35614466
59302770
61331469
27990681
59980630
10259942
27365420
69077860
31050218
59830580
53589341
14242811
54102204
15705869
33945396
24931898
18868804
20780639
74509392
36158852
75790504
56439676
42656483
24791765
45489046
28392293
41609012
20042238
71176252
69417423
47214221
64693187
76194158
24603344
13417474
11422018
13967372
19373441
35304429
67929963
75405644
10338067
30644746
78737329
46204662
15452330
65754625
65249579
75594326
41444003
47837336
12247494
63958449
64937189
45898498
12429005
25843811
27556313
47908998
40589348
28252843
63201991
17020135
72305211
54006714
23976243
26541827
58016513
41021811
45371219
39977519
20446670
74716391
27019796
57518424
34347012
27915712
58730857
16053344
59164520
41585009
61514374
60843516
37296598
78541210
15133689
42906718
70351060
38091087
20290225
62943078
68742256
72169117
35453437
66858308
59372192
20646520
67137400
72683230
66004820
67723992
77896465
61498891
58130380
75186899
36443019
62838691
62673380
12567139
51044241
32973196
35725900
60834254
13058683
45271087
15999282
27076617
43809174
71814507
17919741
60870460
51222596
67264410
78577981
10827974
72462807
45774806
71604295
72993821
48546831
17846642
79973462
70539743
78675551
14724828
20901342
38910138
63784840
22133214
18850198
19112429
48075062
46702292
57003704
77161774
53622604
12279302
35335735
72561907
16606160
48507070
66035485
16750403
12341622
24613030
51874467
27238879
53768847
10331593
73585002
51975760
24291690
76472959
60542590
60998519
15319674
48285280
58911571
44617101
71917083
77123443
25467751
44642565
34363666
44734324
12059525
21666629
66327895
51149085
42001098
20902093
37342229
51027996
15013551
30749549
20629639
47846150
29287940
55703934
46425274
66074329
54171884
23198760
67599543
19098671
17242045
55426520
