25116847
44241822
78496465
74862232
75163176
48648405
71836648
23496704
69309409
42638984
38353686
17040417
38868275
74235674
62494857
63088469
38231043
55010162
79644420
29491861
79635970
54233453
26931050
61667198
44146313
29737244
25131508
71376012
11911291
70089428
62345980
50039344
40970387
36864443
35241132
73324101
75927289
61958181
12334194
10525322
76560836
73512384
29222751
24670056
53160102
56732376
30828844
38306495
18529854
60482644
27907776
55976262
36798243
34890223
79934832
31274013
69181983
38774703
50565921
48982022
42501204
34369471
52488041
45126747
57340164
59370116
70170911
21007504
35646090
51084887
39898022
28658052
20207145
30223491
67158212
64908564
75133726
49527065
30740702
35780638
42603936
22402314
39812612
67880643
33859742
27415700
60439264
78282173
60020528
44524922
72763130
69123767
45032496
30933756
73348623
42979654
67491075
45105281
12372462
15796666
27075713
24256310
17234213
69914934
30617424
19170816
76054960
45942729
56866631
77191288
62236611
53558131
29302450
15575889
63476607
45916156
41269584
18977195
49937993
72822973
73654680
24315111
29980591
75452163
20763080
70345855
30620715
78422900
53509774
53239331
73146515
69576446
77404442
10317659
61534913
73497902
24243175
56895232
69496963
79409480
49759189
31338988
70981291
27199260
54878423
48895909
34934889
58302520
61674900
63226320
39394205
14696626
79481497
47198293
73762947
71245014
29659175
13112124
37658085
14080652
23988217
45105548
50574683
66432176
71284346
19826687
60222479
47329411
49852883
31211046
73262989
79674101
49135495
10384011
17594798
50027323
48116308
70525754
20624177
54442560
70884754
61036921
77813545
38281856
31797313
72413734
67867554
34842144
37033524
72750109
17123923
13198874
15158583
17065639
27238444
70787163
17891166
79687571
54233123
56950635
67540876
67517331
45876409
77879775
54359229
14272328
47600294
63825760
52892346
43200191
69356160
24904120
58294340
16216742
18596203
69178218
62770269
28826566
33910227
71996807
51204916
32837589
36967508
26208796
14401545
37622017
27771920
32604741
76337731
39291066
19346085
37731349
11171156
70848218
17463383
32148846
24975838
25110846
23646400
62017699
19520789
51255589
39437136
41098479
15339374
20359351
13876848
76005367
60888496
58361428
27403223
29158284
61527655
52653548
64578748
26196010
62162661
69458572
53420484
34947916
74202412
11829501
14388313
43464196
77606642
11315762
42580743
73769537
20822564
49639699
31253567
62239254
27381719
24404063
36888777
68509547
19718356
77956648
36925382
59531415
23497394
43567198
24750735
14584463
33748881
42893682
36438795
56579535
56504393
42742081
72061228
20334783
47780219
74503526
19838517
15549950
45368948
75791917
36889847
63179045
44492772
29443612
79696331
75451016
57545498
22089405
66318877
27654363
62343018
55450577
22522423
53662549
76106283
73549995
72688701
61956008
26925079
10769784
58855874
72983931
46855204
52813153
72000329
74859040
60484650
33914893
61585064
34034640
73419297
59918404
38385175
25772902
74334565
31107458
34140646
36786329
59852138
19853247
46459824
65703207
15669392
31640676
17069261
37606023
76170487
59433951
64533351
77862017
41402998
10399752
24790055
63074307
49330628
74139572
70478626
13089086
46538671
48506934
51900639
28966431
15478082
59727474
69223273
78688960
62362810
48846343
22213082
17817022
31495481
57184596
63394849
17627472
25791678
40643753
79731184
19032498
65603032
50155049
50301827
58159001
30502986
11438356
42160081
44721773
44601723
60363137
57292617
70337612
61944783
64613903
15643266
21623367
39349623
21827731
60857015
69999549
47352942
20607631
20077636
64846025
58718488
12593778
55234730
54682970
15021207
20736841
30832790
27952812
32418921
14816839
14314560
13731254
22819272
50168127
71381328
49285016
53344975
51198022
69864937
23591631
77560443
23145130
35376621
37375838
24278676
28995955
28677288
72173624
16499020
68180127
48807787
65646272
13984730
72241812
60970860
60627859
32784327
49330877
71792214
70255522
68992544
60960891
55191091
48581436
33413591
47116017
17714470
74513967
40176065
47933781
74510611
32145987
10604170
68309065
26951909
71668260
27930439
49278290
67513938
56918143
13592374
37419209
27851962
37876268
33045311
38179723
71461080
50352981
23992322
73269623
29520242
68484830
55542224
54360325
60892664
44832777
78996244
13649422
26990719
21929000
54336556
34224452
61991531
24358764
63251204
67752746
49930534
76526084
48764530
31272106
42664170
33642198
79419745
29851275
22863069
33749469
38000506
30800766
58121763
47044169
18068482
36821629
10182339
72314951
16375410
28411654
19678192
56727561
59980638
62725015
60193571
30354044
40069256
25313037
57292186
36804953
22903877
79972287
60326796
78263216
10814209
23249542
34483638
34788636
50542570
34308368
61265094
31896312
30662282
35260464
26939852
45822948
16198960
54642767
10554301
33797429
14896287
65455319
76614469
40709986
65148307
58806241
46482476
36647071
13987954
69757127
73666121
20902149
17811389
57308249
19862239
38996120
13847046
70085696
72415765
66290508
72470702
61277691
79580586
57050794
33923170
38815833
54366491
17535366
21264262
38179501
27519264
14811885
59157833
39204786
75951144
14423683
50090782
37640599
34226126
50621846
67875769
61703449
36119239
41245485
18266593
30958031
49926330
60543511
33295748
24794809
42488245
10326010
17347169
65603930
43342178
28581078
64958964
76400630
48174770
65141891
56470346
38937792
32007139
51906360
12785432
66383706
68177938
60582428
30259651
70909754
27368163
11143423
78107370
60686694
34286715
10698872
36421535
34137191
13119645
23425420
60387882
38195810
10188465
70259003
19621766
51005924
50498216
30912580
69025126
26343472
43121552
44077898
17780560
28776812
64914437
23217299
62474314
75678321
12304277
76453234
20963233
51808706
78637639
47055486
58515574
52598988
77867611
57932261
17818351
64417466
60564117
27977709
42431825
22187264
51443916
59055136
28389077
25747594
41178332
66501767
12469227
30715051
38748303
27003219
66720956
61865581
12601007
27619518
58639840
14485735
32044426
79808266
37256071
39322825
67761124
77120046
27601335
12432652
51733514
41441424
15560387
72819340
49439478
51656415
26743255
43847994
45199888
74926363
45347748
14519581
55940187
62175863
35043911
45266307
20120571
31600417
57732523
28116808
32748866
67900732
79893844
43472643
57946665
60743749
45269757
34076588
79402124
39484605
12916234
44977088
33924756
22140736
33303144
33682279
58635582
38925256
68277125
40320884
53730556
77657393
73118759
29162088
14961703
24573860
48142379
23561015
61034227
76082005
33457511
35954726
69693614
37010838
73324119
49385851
79514396
20563170
58754075
78145504
69188571
22370689
22663898
54041659
49099104
16719850
54100186
36941366
15448454
19851771
10463761
72846043
39583192
72816913
66648548
17199699
72873347
27736074
77895767
58671879
43986107
20538757
16097113
64230486
16198999
58918268
41953865
72426725
28846473
38461470
64505468
23694664
67338445
46412090
37132526
78512247
30243202
10762929
67521207
73246712
48123745
76276002
28889857
52777040
37333954
13778832
52381239
49803480
41796645
71557805
75841973
31397782
18239863
50505882
71740973
70604810
60451671
18477206
62580942
60402064
15820913
13875890
65618687
20680399
32428172
56338732
68216019
73978720
23154275
43328033
19820623
11772067
74228540
43809996
65288221
43095733
57042066
68700963
63702518
55012613
18659194
27466886
43967909
22797809
25312306
46585457
24360838
10120486
49482159
10414910
16227993
76658847
20902830
64448401
33154678
66175460
58670449
40476461
67482013
28155195
28310589
24482326
77799441
76186794
61700729
64411644
59891778
36456849
39661932
54024873
61836298
72061638
55511875
74869494
29399820
78863188
36025972
67284973
22258883
46649953
13101017
38259216
62587496
51793462
42039748
74842218
41841711
79024188
63429653
53380830
54467489
72184090
79094614
68653482
67033426
24210396
69129437
34822349
39968086
10181152
75608021
71371081
13028849
76911305
51518059
12400831
12218195
52913830
60418043
28948919
12781265
12499810
20273214
45377267
79900644
67985001
62707465
76246751
46548434
18010023
56961805
42834226
13690645
55283138
42561159
70064981
55310630
61311856
62312524
10004761
51561616
52680940
11290558
16243134
78169882
15100715
29824879
58579590
69938903
48729485
49170954
65701572
77217471
54119419
40311592
56402328
29042646
15190512
60193112
19597242
57433338
17314150
48587727
53257728
16516316
16411547
62646793
76847848
70635564
65111101
12136371
72451629
46708962
36705555
73762267
42421021
77861398
33410114
65499036
12356058
36480377
10559794
19031511
78151492
49037906
78322799
11014235
28211049
40520315
22466790
27710491
50191508
71415261
35770871
59540173
69224316
29498482
30579504
22640830
74149655
29005254
25599169
35306714
21270142
68125298
64216693
31562782
34917187
25405999
16806615
63485090
41571524
39505593
78444155
73155503
54856563
32387400
50941889
17598172
39381617
54886386
72749015
22202643
56904464
40789336
79310474
29262838
52971291
52334789
33413888
71399369
63528147
11303924
40032631
13572314
32483370
34883439
79936957
26057420
71953045
27604064
17260273
43359215
72123810
78218058
67793567
58267795
74603916
43824092
78725717
68236449
66679799
54633172
48445838
23490694
40776724
19967480
59141377
56884847
36004476
15699939
34693127
19728806
20354754
52610563
42171960
55375773
29193964
22921926
29675521
58860063
25659523
27676453
38612034
28736108
44654155
10913664
54077153
13332527
27452544
74815041
56845371
72272091
59189342
31916932
58788908
36356708
34545630
75621569
52302506
36451507
49216759
71018070
69300003
12335764
79757374
24163825
25841310
77580843
71722402
42853407
61650191
44040659
62714665
69310178
62919250
65412289
23724179
50621311
12320799
57307547
29387214
64107679
18038243
61422230
49220549
10777834
25541034
63784861
28876618
69452084
19090001
50771884
50486584
36655899
73811272
78870184
63228407
38466816
63305372
75569749
40001568
23482821
64559348
55749403
55756542
14865326
55239780
56737607
24368603
28155865
69853069
74318389
44407649
40784814
24636897
34843684
26996052
52519155
73662240
34291992
30278234
20072398
77936129
79822411
11282264
41586836
77104967
21485936
63393721
44182225
46691734
50111779
58730263
10280426
25183027
24360148
67552834
58791901
15885026
27012539
16025179
71841467
44694361
65833221
71231872
45151664
67614985
29306444
48830813
58385071
29641089
39575017
24847574
45535400
29287194
70233530
16951141
10146919
67319067
38453404
45997454
63869033
36323538
29863503
21577385
54806053
18049364
65295331
21824356
42190819
31729278
13904231
40227612
16345644
53359458
59166791
77013687
57832956
62176461
29226124
69311985
15690135
42250040
73743494
79663191
72893575
18396018
74861667
77895694
51554986
68156237
60635211
14941929
67776164
62057103
69917796
60279780
14178221
50294637
49400827
35391849
65594181
47348872
66948848
33918480
14623540
32813718
68294025
56955405
41789056
70422752
26127137
50288116
33831380
22049052
39686373
23020885
61306184
36066219
14374391
15844249
76614433
21616914
64246939
62850479
71054151
61318997
67124362
21371146
51422634
40256133
26164050
63542617
56950520
21050769
39248628
78643572
61154964
62194649
74929990
30640461
63421643
18816336
13670390
40693944
41475859
36028689
75102906
55219875
11527367
29454563
32249232
70784774
74445823
60620890
40797453
11335516
69553195
72255081
41409517
52966172
63435018
54126009
36251362
73600993
28620716
19824568
70407985
22090436
65381416
77853609
15708360
27254446
18644876
29167545
35161480
46447280
70425021
74528031
29768323
35491030
54184583
25431619
32230631
18881293
24149778
48619373
52218184
42275668
76611899
69749441
41367654
26403216
56870157
32573644
39414018
28498432
31739800
44574454
43816024
70746812
45900137
18043588
12656815
30235627
10864773
59909458
52944670
38479283
27545945
65222665
75495449
76551468
31352042
22018743
45831027
41662056
75301228
37317356
23619035
79498061
77886554
30231913
72085217
74927889
77138641
16264034
42251973
19663389
23809072
39997729
64278787
38396228
53824186
47349470
23371465
54977220
54829505
50849248
50851267
69138827
73549153
51462544
50740617
15910310
73026681
72045705
73144845
32841485
63401132
66414814
48954434
17937120
36625137
44204745
59046635
36382145
56607832
47335148
40929872
21430684
75270662
33229966
79292425
51301375
72301189
60777647
17744788
25299904
14933948
72577796
38283446
51970170
20066749
75627374
49616372
47939620
16739004
39711218
53268259
51354173
35686221
38032690
19569193
28561930
15251815
72576011
36315601
61329268
74101350
51883457
75194998
72843749
49905935
45674562
13316866
61268224
75235912
33317518
26032140
31325504
63319997
19007008
13116576
11754095
38700275
61671986
17073190
68723886
26204924
24934382
76533599
14999668
40958876
35841766
27917096
56759278
51523665
36799901
40999507
17542934
37487118
17923001
46166006
77461706
46988641
61337511
65688711
58877991
71662155
68812301
79382494
50716461
17897300
18853447
77056098
24110313
58919382
73781893
54204170
24119123
22806839
29902702
11289442
72811209
11205072
20371003
13362720
78372211
32379111
53652278
71353176
33246129
48638259
16489109
49431292
73323400
64948068
19323257
49902938
37549629
54850491
67461823
76944779
20556408
51506325
18187825
57831198
16405691
48264951
15906885
28615476
69780018
60098381
67393455
49167855
60185881
20080003
32374526
63198741
16316521
71959900
60683070
45012533
22683837
35983007
21738910
15875830
74850884
54338302
38045777
32331516
34380687
36358503
79485011
38623391
60740297
11185127
76046246
31793060
24725572
10228242
51891200
46239077
14453075
33697769
13410160
20290816
65217914
55954084
60815627
79786274
16774001
58628848
12912844
52728946
71605666
40592700
58627828
22209051
15626217
72435673
30351094
26102402
36024392
65528708
72711862
21345267
52303329
43706401
72643830
76489045
67192988
79971840
31132129
35284351
37164110
64454655
15614920
33708342
52153474
13679510
69096968
78116501
34179787
66775996
18247321
67255992
77664830
52855947
51594396
22302013
30393720
22181965
51145149
17129078
47121305
26087686
40690643
30093044
31088635
12965785
62098221
17877098
28493880
61933693
65957065
18391499
30644637
35963366
24934573
11923885
15111101
26774365
17041647
23180911
47164708
33799278
44071894
24556235
72889724
79632000
74757196
75718998
68201126
64912400
32082141
32142041
37377568
33148642
69138631
54466443
34646590
48078760
73099376
10583258
45622478
40839156
50532203
33154155
64298158
63242173
57633151
26244265
32514483
45901415
51155860
13749748
67491273
66116446
27154225
10351266
34843421
20860942
18392249
66414176
33434402
52865841
51118543
23645441
20225668
71632268
26623977
79978022
22985404
73718944
35965074
72544193
74049106
29991866
46833543
43870736
24521621
49043411
43161113
47949279
24321158
74705901
53025185
58209540
67564654
56623330
77645712
62132172
62751777
75846013
18748199
62046201
35116878
60841309
41972111
32731436
67166896
75582916
68697087
66840417
74487566
44517343
34184754
61392841
22779828
61454036
71900858
56069483
57246364
60781288
21359227
27878063
59631658
46196120
51848965
33986393
19354836
49137059
39816369
31066380
79964699
49292292
13916349
37947318
63416450
53731472
72527983
16624600
40720290
78223330
27633415
29367237
21916626
39064423
35474893
58539912
66175356
23738482
68764904
73637493
71507505
29182268
38418004
35262435
42685732
12197269
51359675
37526413
51769293
49262893
50646049
47551159
78825670
77254458
37955125
30652059
24633833
40259875
77119336
61334489
74611400
72322610
58892962
77308852
55421646
61131385
24235189
17698594
10872240
33655046
59074735
49445614
10494722
65275399
78706420
25188408
20305879
37385594
77421484
63414981
20878047
50217141
34403246
55068305
63522105
19906909
28618591
74585226
51350255
56686145
23834044
52838840
60159694
71114831
15196833
48989626
71981801
39113814
53355559
53999902
33361263
40731767
47876872
11289946
64133749
42292562
62326920
66240193
72238095
72771934
68128333
27675309
28817533
72523934
21528875
44223921
10249513
77361178
31265465
31774844
18372839
68010599
44632311
59677864
28584007
78490295
64438974
76571680
28935152
40754218
46281458
53380107
46038370
58530980
11541442
21294468
17374038
68152397
66288497
33943225
71452109
36386242
58833880
36657130
25082805
55663394
70769578
64537128
43894154
34697947
43899924
50327925
30368843
65737451
12413639
39133348
64699981
68266431
49614304
26241438
22731037
62874688
45804529
29697480
40177976
66094177
29725643
38569122
36372858
29327833
23768872
40244482
67469485
60998753
73720233
28621407
60052382
64671821
74669200
37982149
17636681
28234787
57200780
24759312
10462969
24570304
25564126
73136755
51984014
45747395
66899894
26792756
46341008
40092022
14535904
37729362
66968828
38719816
38442660
63048085
54272757
58580291
77921544
73736134
59025951
19855937
23895386
28408170
75287107
49772879
64743990
69935626
39974781
48670636
19447532
29821116
17861538
57482142
45260921
40118158
48697364
27492992
49043124
57984977
25701980
66458174
72805276
42481890
47779752
28318577
32676996
43767360
78315753
53021090
37290498
64612534
28222570
39754458
70802327
24755574
68553670
62324087
67930697
10569866
47460188
46642243
61789389
11843467
16543946
22084265
52743614
48679859
14018349
15995460
64028937
67612780
50474262
65587823
31649094
68129453
12709966
73167654
14069629
31818518
61229652
62989157
37049702
24970475
25578002
66656110
45676386
45772685
21227735
73487515
37562752
57503792
25459689
16982060
40773274
39926090
57438898
68291043
10521342
38996391
14111926
58213349
40963251
46775015
30947032
72802373
55322113
35104617
21222671
72968891
16297360
66359764
15500067
26431182
11856604
11484230
42222703
66793098
63911738
75657221
35908765
22180672
61448500
60613297
77656008
37460827
37957305
67370364
26772269
34316308
63683983
59880215
48489981
37715984
72121824
11218817
29636136
33801193
61915617
50704676
37754989
28145886
70182036
21599985
43602455
64244928
67915221
67571965
17412883
46358317
25271631
48673225
12635118
61389958
21226214
12705893
12761064
66207351
28632313
16690953
15514251
25397721
26044971
78071902
70860917
57520140
14892385
15945317
54557990
37445003
61958306
23996862
17562639
16448816
25650730
77321519
71141195
11014260
14237730
21084810
40234860
79856728
75217386
27630785
35584111
23873535
33221728
25030628
79071406
17419558
44227590
24518553
69361941
40190486
39824325
68818893
33594830
70404393
29204033
68854456
11359804
38869689
75805271
14923501
78874119
78520530
64544914
69289583
17544759
35763125
15226296
48405112
18599120
55937192
33993306
42047634
70260735
43066829
22993585
40916801
68376084
63323060
36373718
40808754
10424668
10479335
46574776
64858081
64551920
41781134
61703787
43725538
31192022
78115021
78450734
48472800
55052597
51133463
29476599
31657655
30211536
68158690
31069795
61331065
74521811
69080857
14063094
32839726
17150968
45942092
11170699
39746095
75428631
19799531
45393151
76720348
77796028
53581554
68193578
22208834
39467082
38245475
63287315
27756224
34773848
65269073
14154487
63025997
55985627
37348961
17419631
51478289
17918446
17574930
27908959
64494435
42564565
66080038
16376293
23424882
45390365
60436978
36780090
59215259
69254105
54845329
74009684
11427893
67660710
46359933
20933082
75506218
39073368
33021680
19291261
41357028
68435928
59964693
78616344
39871816
71777670
12346144
73094541
61838704
50552812
16761090
24729783
59134964
47086609
46154534
13448867
34907574
58937525
44840628
68282790
21777220
18261035
64028348
78408590
55778365
68005062
46522734
25577212
17229812
50567983
12277771
68149433
70578898
38736292
50714156
67161381
55764978
74252697
60514302
23072869
44868192
41171455
40835759
21924187
26648394
79342133
16930567
57236263
63501236
65863774
53248220
51871175
61005932
72139260
78837156
44949149
26964609
39037086
54891367
16011197
67818105
51281827
15128633
40279062
61157853
48953235
16650818
15981436
19208586
45893522
64506360
43621295
62762766
41316955
56160406
56625249
47502622
53528683
44245545
56412236
29074572
66400793
61515376
72819826
41179726
22155862
29058356
10750585
39941332
38915395
76412619
72551679
24461854
33357411
56793841
34466982
31540939
51732075
15518897
79813839
49260060
67893824
14947143
14187736
10736041
21252814
51421772
28779722
38502764
65254206
65516450
13073706
65747259
71434945
30258186
12802743
69465075
53213895
61314007
37999684
29779570
64267633
12361665
26111738
55415925
49399281
49352875
12093488
32575356
77242653
16522424
49198592
32038315
30755816
24022258
11252050
28985433
31044915
48191693
27375055
33049065
26807950
71334723
70053603
27625764
68615074
57334252
58476531
60617510
70592781
59467113
53707518
14760174
57216552
73889901
45893431
25255704
78281728
26128159
61612961
42560798
77431204
13124983
37653375
65033716
56930020
67883982
43144682
11058504
74715194
63975999
21578569
72466687
32975942
18322665
19097542
72871124
77176370
69771953
63807992
76660091
54164694
37993620
22761557
41113494
12934431
57637772
13887312
46907586
66738011
44480745
36290118
11277324
30903082
39852348
25480123
31488634
18522819
30080821
79953059
58220333
16874438
75763104
23438317
34240877
66231063
49042687
79659515
30342418
42914681
12317005
11096064
68556663
52245900
76423526
49617482
64687661
55239182
35042414
37073539
50785524
48130825
20565617
45313056
42125169
24029182
30064958
62964399
63608909
75563874
10107914
44755550
17933734
77316597
34122657
74746520
27219912
71202363
24428917
62687597
78594928
19926896
67771668
50348469
70320442
75601419
11474547
69893778
19303259
46471266
51816853
48798081
64866222
35094057
79815101
41846397
77004986
66730406
27822572
63192171
53253747
51233897
45839458
57471150
23176264
48210114
27470492
27915450
31359254
52288885
33597344
47282228
17768185
26236282
12264788
54933125
32606531
69033464
79915833
78302253
60090876
40948562
63865957
35559424
33747206
17862462
68699129
79414088
76039489
71988153
34163097
27857625
13473344
53533107
60130287
67556474
26404581
46115930
77286492
34845858
27318223
70223487
28553614
47650203
18190747
52526689
75281571
49913508
44763169
70191653
63869707
18559790
60681983
47051887
29221247
24130736
65126184
33092182
74669209
49149441
71060540
64250285
58077570
12985158
12386625
17790926
11699227
63570685
13536012
14099886
73893822
18701180
49388187
73588988
12588566
24618857
79698671
39617684
64301871
37437956
35628237
72340081
49596821
63366589
20100984
69625626
19273035
47796261
29895623
38129488
27016857
58255007
52780215
61033641
14303045
48959487
25441516
72568870
28007710
15192831
45636879
75144827
52757925
51469526
24838833
76168035
16132279
49787019
10885455
43435823
65330431
57358756
65036905
11279171
48680237
49844345
37187877
19391481
36510214
45082142
63178407
26744246
17061250
60297792
38366348
25326516
19991230
26209512
14949013
76075267
21770522
55617143
10200796
35172277
15889389
59805459
78398711
18990866
25179216
21162808
56307843
28458774
26582133
57389759
17539279
33031000
33194759
71759660
42104307
25246588
36770910
57865321
32523230
77208326
30874001
13470103
38335729
31866568
42800026
78658163
53247917
14813111
62189639
45365879
13461461
13781865
24105205
78314590
65015380
52206266
63731723
52319015
79071216
62287962
33409848
15648626
64313849
40971589
72783444
69872439
62356551
39985290
26033530
12104512
41682110
22097045
25638369
58672656
43483355
46864110
31516970
64468039
12313132
60458473
20001058
68571449
59789512
55747483
50101177
34718758
34569744
17171143
51435620
53339085
50870290
57818645
50283497
47981981
17585187
70149092
26904556
59944340
64826825
16437592
20487625
14244159
12910158
15847618
62581318
67353871
51418328
41998460
72739486
15192485
17056189
47798918
69413302
66894468
43608277
64967612
62127457
14533491
36360841
29443114
76685498
14017460
53767603
32810346
41235203
11319610
79731043
35208845
50844138
34510283
73593169
52013022
52596313
64937768
48065348
63902746
33512496
31018077
37149329
53966338
48776566
59556057
28377615
78646147
74400593
32952132
36595573
11611906
60512838
35393832
54635861
67721130
65467996
70298272
21815526
34590861
30919379
76684178
47911317
15665073
68679311
43799235
27684012
17840968
59497765
70538058
39495966
62530393
51162688
18775037
77279456
72325001
75407680
77352503
74815082
58546346
24567555
60370080
17961794
33637872
27245736
39185847
73440685
25702392
21481728
70902705
33566389
51715297
46443049
43573916
26599541
11386204
65850083
70035459
33060191
26893503
27194483
30714762
42093733
58029305
79111879
13508360
18837510
69894668
34318121
56119025
71293320
31029348
58109545
27992627
21471542
35164097
50259765
56018175
68770566
33193381
39733199
67519151
53819357
14088685
50811603
29197749
28272880
60594817
35022461
49918257
28118726
61660146
62777982
59852923
65193064
32129386
78849586
51660786
27571474
79543789
72530858
26490228
75372346
49571385
39941771
52914322
23738446
67862418
34574701
52675230
51469988
11553640
27778729
79180716
45626642
65853026
77041842
68544107
44049914
14365047
17871220
36451438
42134397
24608151
30126903
50194703
74680045
13976638
66760051
37307238
69421961
32612017
54565256
37378217
79933826
42926258
12976511
50753657
50258968
47534108
72897700
49339766
18260211
36713486
67039472
78674165
35568635
52259288
15446372
24465258
29242818
68807203
42383180
71952889
70179182
74229193
22064633
56493978
22782808
30070319
36422435
78682806
64256977
49384735
68175114
18822482
44562943
26983708
11797388
17239864
17852942
42399826
33906111
24973340
14320722
66643594
39910365
65825085
65623515
47184414
12933905
32956463
29680039
37642179
25179289
19578569
39421625
28956468
22606001
77487015
34923507
21354626
67390944
53918370
46948851
50612727
18447385
42993946
29027846
27282856
42028045
42437260
19427185
74348992
68047421
49594181
56631909
72671846
55488313
59839617
13226748
44444071
58559782
39535573
48323618
73092072
16825223
55731686
51947679
12501154
73757632
43422161
51063312
61058214
21924948
18913252
13161415
19436638
54062499
59188949
39979366
78566101
15038337
56363448
14911068
32201857
67082500
18562820
40872152
73836115
13053003
29070938
53558116
46481156
15000676
20443134
74478610
34577143
37945057
67881055
34014761
66311898
50861177
79313656
18697845
37944340
10774488
49197424
73221806
74744050
73797301
16285614
23984078
68096196
78237830
71856289
69115642
33425947
35103891
49397032
10294193
45193934
29143547
77139353
12786397
12429402
14073259
72089311
68941190
66140489
66359262
25564857
57189108
14167067
36299923
14733462
53532592
68395520
77393727
33554850
61610057
72604702
72268027
27062227
46476800
63309314
65724043
23647548
42208049
36327259
15312367
46387824
75998649
69982494
26999549
73536435
62515195
56344163
59210901
64079730
67524864
71537513
14350479
76755774
60242117
65777306
70016920
69205385
56953533
73872600
44473973
53347736
71888935
55826147
36790839
75826837
10335308
69101619
21904363
21737328
14508902
43716573
63029683
32923035
70105721
17859725
70129832
70756660
26082279
10907753
13246677
46961933
13544515
77313688
56749697
74409227
38422991
43597621
25867022
68751421
45898512
50674378
42009352
44307863
26523607
36331479
24804454
30763627
46921456
14629574
51594427
37270732
44209050
62243468
35497732
38324431
70816200
62386295
31310222
57288259
32405870
26685353
29859332
56451890
58907867
27485981
74993545
62723207
67107119
51704602
26700098
18300692
44568726
63403950
43193680
79353580
54567786
13660963
61068478
19334641
32017011
38773805
79326078
21889530
30162064
68757201
74980738
71204513
50585291
70649179
34752039
20462629
60917524
39641945
13980668
43645686
25191444
28962736
50128126
70487402
36310426
19630665
44171296
72489821
36644023
73409934
14477429
36315918
19078176
65611089
25161818
71538981
72700015
72477774
66768011
74959776
11725586
67550688
26310440
64461342
79583869
47863714
12245361
78456450
79099550
20773047
55201766
46339465
66839158
75774928
13230514
26328101
35169090
73960642
21792142
68935924
62350270
54337310
15814412
27560967
39884553
68074601
57540265
68176935
66971992
20931791
18057147
21100729
12927680
70191762
31433466
75099637
35120879
46056250
32939088
37444139
14364388
66413509
39260503
44693690
13432550
45679397
50732510
14071742
50690012
38160292
45410429
26419054
44430941
28379763
51957839
59624848
57882329
45047065
60252726
38071179
56646611
72824505
65806328
25601655
77024216
29616345
35266935
27754225
48391585
31387909
37420926
30675635
71055140
50227624
13137257
26580024
63647866
54403028
71615600
18923393
45232319
55503578
75670138
40045945
24083051
74217895
29791166
72102053
43784919
15391458
63374518
37495489
43815323
15898204
45067766
52089849
33157167
45907330
72419650
54094813
57660779
76108638
33336849
75529350
29184624
68648794
25001969
54167939
17142253
12041471
57445917
23796873
72961996
53968033
13730764
18589472
19471278
40779117
55663626
48064201
42190659
20060790
47837416
77249098
17778856
62476623
49495242
48387345
64522037
16964267
19139101
76650256
21857716
58698543
62418711
60906599
34548858
12179480
11462876
20087160
62439966
47657223
73919657
45630843
30792053
66215543
32580598
51949380
37303164
14944381
42646934
31914755
41875318
73249287
56644129
79183897
67575734
19514976
16819728
59929833
67372636
73147801
32795261
23329408
32499272
38617508
37180885
23120567
72036178
35489569
34747529
10145798
36258610
25009980
74374716
14571625
33584832
56008785
59786356
66069973
13763076
76742164
65114667
31636702
77503469
20097369
31285624
69065378
22001582
49456970
28365664
73301415
40529427
50997776
12287508
17711500
63469126
63187114
75363071
27997785
63392320
23012387
67824712
36332375
47317264
33837636
59420892
73006604
49832308
62341733
28812012
79211259
54714960
24855256
75493539
73939704
48242830
40859264
50328093
38091764
41052328
77551789
21572235
23734991
14363135
79121097
26083222
46998191
70714981
78438415
11598467
10671011
72224126
44740724
47295712
58992770
18308504
34827529
69248255
40175996
73366042
13309077
79864033
61672938
50205585
79655767
65608581
21487520
30075293
44396173
13057088
65016837
26776347
62212959
51420917
32183004
14322919
76180211
59412575
45731867
53726860
20270500
36879458
45823053
18562945
41586442
53426442
45699183
67536196
43601440
42544668
44372269
75853059
34561748
23512769
17991078
56962133
27571013
14215719
46959030
37539182
65900816
27780371
39529125
64747965
68818560
15797843
25718481
46537298
50744873
29673372
33445374
40903096
18076477
78857727
45916934
11851401
78204836
32668811
65775514
13166628
77740220
66104624
65718664
71921691
12604173
23570242
30264179
19483610
37360578
28624025
71505978
75428741
12663623
13189534
63765310
40472718
66465579
30150646
21772978
56441525
68353757
72677364
59538205
52096067
29574634
23086246
37621220
43111326
70263000
16551703
47056848
35088345
74194730
21886798
25860161
35427993
77892839
13085863
60589905
49193827
29954419
55247356
72005082
76195196
39879221
66787678
48152861
53336021
22626290
45235562
24536135
73558655
65169226
34813912
16061522
55050198
31854804
11186307
58995373
75208979
71430531
26004474
66049724
12939606
75261944
76453811
36467761
54438683
73304471
53070179
33637941
34291207
42206541
15747769
45014539
28820145
68048022
43650547
60966321
75789108
69482415
11217934
27272679
46332662
17479807
29903839
56459607
36485931
37957334
52848978
69356316
70089184
18241346
58247873
48997699
32452341
43452921
31511598
72719803
69694798
77048668
34987467
72664900
49898244
56944457
10429092
63535173
14131640
68274290
56285247
43977958
73273772
71930168
68553853
74870722
21880157
47296265
18085512
30247865
22642736
59055841
10742990
61205598
65768478
23917869
75746616
44600646
61351972
65083012
69939326
64627900
32430154
74375833
53986983
67081517
38928072
33224052
68301185
69858803
40033172
20967440
32924426
11927444
25413594
12821628
18064603
68707669
60391165
78443430
57690093
25247712
37068379
71374517
52158297
27451524
19527651
35711161
38199042
36343589
45213199
66593754
28436725
27459133
14210654
79152296
30300914
17262552
72591201
33856757
25252577
16705573
43270778
46863870
19534288
47576901
79834610
49744244
33855140
19238538
50635565
31730331
77483862
38986886
12811025
52024765
26798789
69421534
49658526
36706326
73868530
73813027
17598893
69575752
38892874
42659902
73738781
56233531
28407331
69565406
39299997
51926234
62269331
14234050
32712273
25641424
26062141
52312066
16063341
29727896
12376007
62176915
55221519
18075154
12506145
60325588
48994485
65602233
70406244
20840120
14884794
76023061
44336918
13686561
47881495
70702811
79580726
62739540
33804353
20344579
39687704
36628573
52440844
73713910
63096715
28422836
76866868
56235619
74361801
11093507
46046782
16472164
21399861
75821885
24195572
75321209
20266403
16512481
13132648
12844449
74646451
69344814
38091427
47291982
11010076
36882439
13144202
25083040
31571368
46817564
40356277
11481724
46397566
13916484
47944328
34116653
69631364
45448826
40516078
69743966
14724332
11987901
56757515
14156071
68503903
29924261
23426445
57272700
20148159
16983692
33110204
47539949
60511029
73667074
24863253
21813728
40720943
73543951
68025963
38199310
77346390
10334968
18865440
79022121
48957963
14041254
40843830
47017084
27750648
56536268
73187251
45857968
72958189
12977529
10636327
71664532
64549184
59646331
60740169
44241700
74289041
44651531
61022883
22588903
47599843
21517989
75348072
71430109
79724817
70335942
64673769
18350896
55277223
17056835
53620206
71621066
30846074
25273136
15955475
59260292
24884206
66036592
54298446
27062904
76415681
63330737
59358255
41617882
60609186
68260914
26875246
46008991
55083124
14577029
75563807
55458846
66557970
58496945
36829605
35716612
39257250
45933697
18275286
35632072
37505359
64811749
34260437
24785689
58353418
49603211
58283650
71510904
61493993
20669052
27372854
51711396
68929244
18572535
50837647
73617758
42892430
46699185
33505519
17761309
44517895
41364024
53602984
10763953
78268743
75222778
59944445
57313476
13436410
64386073
47751240
63020839
34646403
38149082
61365479
70338399
18783971
75266284
41155301
36701929
35085033
37677877
78481564
22323258
10166944
74715423
39452879
55202869
26829562
40019389
30761563
69975604
72227871
30119257
37433403
62021024
42389425
77559604
50481276
62745040
32764870
72947285
31519180
31879004
48268700
24638288
20793460
61367778
43658069
68337783
68863383
79819940
54852870
73406853
37240053
35191312
37595480
50899040
55180392
64102552
46453719
65889941
48587530
20892674
52891619
64824145
11302513
49882734
29722806
57959939
26746063
20545648
75138792
13593244
14489571
38166074
27371454
64967628
44574353
48322872
66944757
57273917
28326778
12303090
71348329
68815077
62259901
12571706
35045826
37926809
42364116
74735437
78777256
69903469
65515929
28826414
10558541
77050542
64364308
36799682
77353585
26086041
76243167
35810958
44913452
79497086
26981919
40041003
20205960
51126305
60625559
65268318
62118255
19535829
70177043
78567394
10228017
76979805
54877217
44949705
18688512
35729699
58653638
33198699
22214259
11150587
17668080
14455691
49246085
75455852
52836620
39487337
54503372
76225476
23210686
13258424
29597769
36482114
21750786
15525728
59567081
66110463
47661631
37750908
41636020
27358397
75103959
55151247
53736267
38029126
63982054
58544460
71782479
47306704
79477995
52498092
70068231
55201322
54762590
10550189
28227153
21811562
49341572
61885396
40978014
14361053
68856317
24639456
30966999
64531770
15552599
37712307
17831752
46231287
42974925
50490991
64621015
27436984
34228615
65393789
70594943
47728949
24375687
54550264
31109352
33281393
67891124
27078372
27928836
48833671
79980004
53577381
27516063
34775078
32634104
74608232
77781821
38523101
12262236
51509645
39560553
33175278
29547149
11150489
42086448
78910239
72088663
41601311
76190524
51827526
58935322
16570686
52635020
77961366
19288630
49865898
13512383
10955818
35068297
15187703
44811741
24014061
38782973
50179279
78918608
72920302
11636301
73744810
16802052
12647609
32263932
15501013
74468204
12870457
58390588
59199512
78218286
46399400
40852072
79651004
43755503
73809490
72187731
36791572
38452318
51280464
34367081
40706475
24249909
48825059
41838752
28016447
30266221
29267486
53319312
48686116
29514649
64831437
22802368
27755069
53466374
73037120
51782776
62402754
26280605
72428478
62245459
60408514
69902008
19436974
51174671
36150615
23088294
79040967
53605006
38639929
76413884
66034055
39920514
31393326
29544668
17194542
47677166
58844584
36439054
57819211
75482683
73593338
47049772
38870996
37085806
16777712
76669642
65363084
52291703
69374006
36039417
19375363
76161759
72220713
25470731
68253754
52665809
19628902
18528016
24924180
71735428
21149712
29187833
12136751
21395012
36938953
19187747
30502705
33504762
40180217
28015758
31772026
39121346
32250543
75190181
71798240
24878089
60703677
17182282
52869416
36796967
43890322
13986861
52654558
40967162
56647157
25668304
60492647
39981719
23659349
42405376
71037666
25085640
71693703
61981701
77493936
48764514
52348552
44477591
42349293
75942112
50735525
22898309
68028421
17904614
24349334
40324867
36100281
16361886
26865809
20335027
38623198
76730232
20443234
37770219
43113029
12721302
19921615
41475707
36227118
47602426
79833512
64195570
20568192
62045579
17112532
24376001
49556254
44734131
69199184
23095505
71862913
69140777
55573076
44839261
30911833
50045691
44451691
75121435
58306549
57157553
52049920
37062273
70254703
10199581
66343933
18288395
48124289
69347588
21438536
17149506
19651168
31163579
50229614
52652647
33348262
58935511
51760350
49731382
14982293
29002764
76394809
13182006
31458549
62910889
13570940
18237367
40821898
79210647
18638013
56294418
46968054
18239833
34994834
20015884
62015925
31121752
41893431
14219353
51283610
54286490
32456347
29397161
52411884
16693748
59508112
65644915
47409231
16450556
67370088
67250470
56189714
32623061
76781899
37968808
44388611
48892094
13173506
48277860
32157341
49585938
31412605
25289410
18164710
56498521
26712335
59824697
43919613
25154044
53784156
70217658
31168343
56360499
72472402
56442722
75031199
68383310
71705942
38425586
54950597
34526919
32166510
15258544
12624212
66700820
34759323
47475962
21346473
28048203
21539093
29012349
11875640
73693451
52256453
30752900
46015899
45509486
46067483
29106794
72689635
20157024
33277137
67328395
45381977
37328721
77778911
44387984
47434170
12825526
69703651
68646544
49815196
74008528
40703996
77532904
37768265
68368483
32251164
23536354
39653624
42895287
70177831
16810249
57543194
37591506
27646966
71457871
73722620
27197707
34575613
51579621
60408816
14673834
18329300
33972652
19435009
51641242
33760190
66359196
70791193
54947268
22484810
16066657
76926626
76854223
65759536
39765950
31561904
58172104
36256779
46033627
67551548
77726653
14501355
43119674
56000115
51297076
38385421
21450542
65663708
11232314
10761922
11396196
57114264
75455493
58353485
21611336
74115514
20734795
49406488
28474442
42977246
15051111
63740572
55348210
46094953
26508557
70699258
32985833
58526981
14124607
31735838
18836287
20472254
22321670
24715870
51369459
75712094
75741667
23078728
62193142
43898822
31374554
72142644
22929155
62320095
77490049
68263868
78023591
45698092
55505262
52125272
37346960
69654218
71871097
20069776
31009161
57566550
26841302
78120580
77102372
51982254
20927182
18633654
57421762
30023108
62047507
67987833
75246298
73937554
15380584
44635904
49733721
44421443
76161051
46044250
24690291
37993154
35478756
59056371
77538112
38627422
35886562
50016712
22608415
18622481
13211406
45709247
77042793
65789003
49219319
16829662
38866422
31256068
71709889
58585373
20463383
44175342
18452911
35404057
52910257
23411976
54488070
33080869
77994497
56464701
23992836
31937626
38199117
23318009
31324815
72170294
39169133
45675283
78933197
29166904
61952942
49221870
34019904
56255888
69928517
40613412
66650819
75224881
27475357
53177644
64379700
31701754
12626728
32744765
19543797
57503072
37947764
34603852
67815282
63999373
33482604
57457194
42802067
76854851
35328502
12716200
73296621
45869305
40526318
21932381
71039718
55880484
24838951
55874959
52470875
45019375
58134138
30704388
52005803
78019724
66644691
25223761
48306562
68610376
26091741
68233523
52256661
17430087
11492000
32996905
15861453
40713298
76279921
78037215
25607827
53479663
67590196
70995273
51129008
37044888
39556917
48960260
31507313
34769550
47392871
61853676
63464423
52440407
13249587
19831913
26104816
32888699
50082429
43839861
32835316
39397835
44224796
42277357
67031749
53697154
22087850
46943516
21484762
53961350
69883268
57787261
69378112
46981096
75440013
35887332
23832534
76955806
14545627
12911106
59125253
51877715
66483824
15232003
54546512
69395067
60937314
21346946
56114963
22436665
35198065
47603187
20467814
49095239
24013955
76631256
76039508
53463677
13175235
66392771
60639077
45489721
29129283
63765745
16958383
71670803
24413906
43722764
74648818
57332728
15294889
79053994
35709722
13309667
64412203
40176282
61503647
45363988
76984530
77938795
30850586
73759256
75319378
49459274
25308556
53612103
43958329
39963080
10844230
10415907
17921676
28876772
70530009
52694710
26270747
31519745
18733562
41364345
34820669
56798105
35398693
52375214
25248848
29101118
20535691
18811199
60934735
12610016
32586885
72712196
38251985
40935224
10763331
53234627
15775266
38537004
17496853
69600370
68603762
79461480
44962208
53107794
63772353
65372058
63818946
54860915
10057463
28805765
59304991
24019440
69051067
29537479
29316262
74925545
60064963
38486545
74141974
31057549
66328030
40821041
15942485
37270390
51917664
69578005
64819246
30723122
11935426
11075404
79969504
50219358
61593846
25213664
16332934
68414126
23981973
22938935
62874405
11902855
33201066
49245357
58095372
49494170
70451932
13402323
63126307
57977735
13155031
58379739
64962056
76941809
33995662
62061306
77629545
48112942
45042398
11510551
63362404
71697392
20725961
50291016
57574196
13328627
76537855
76783106
42727853
26321173
75934882
11317588
13220252
32235066
74082752
77867715
73760767
50854978
47832238
43189164
45001485
39205870
16574120
45275743
68294453
79571238
36757392
39006763
27297999
55026660
70351705
67548621
24148770
70952205
63006714
35014831
68681076
34381495
15048886
54295078
50559032
73771317
60137600
74978810
75906817
26621173
79502863
46230745
75426460
61865221
48397762
28794103
22776354
55284677
76892511
59325938
57957172
39297069
24242384
57936431
76674520
57701917
53726996
45440601
37251421
15552948
40147586
38863152
66714433
62817521
20530460
65091262
52781635
30647368
33036131
15268937
48712994
45846008
62407698
36378820
28856095
26192223
11235549
35148971
59048527
48043319
41186648
31293467
63670255
45064876
35917832
47359524
20299366
73716381
30412376
50848388
69287128
42720230
64062544
49894301
30037119
57141300
44572861
30769745
57056257
22016403
69916065
26955909
41177265
64437061
66572091
73995498
56465063
38835501
65862423
74814088
48676483
23739322
34144243
20761411
42296715
63972835
19769608
15667633
61412404
41695017
54309531
11788075
24086139
60815600
56686950
69931894
21888426
69041773
68506740
62889874
70931725
67699208
73498766
49830247
62649140
30336420
38704908
27909408
60051808
78266963
35674308
49508741
34384917
69056323
20110676
42603488
60341951
24362062
11941224
27889045
30010820
67289886
14121909
28721634
14433555
62691481
18746877
47591960
15685668
35925122
40001050
61334460
57012321
34561386
42583755
74467118
45648907
39349524
27756792
79341407
42678868
37924891
68467030
15897002
56045443
69126705
20207313
23127041
23256189
77337005
75572528
65173557
30038045
78604019
71162769
33115452
14135932
35163641
42243247
62802298
66442326
41015894
48548399
14602245
79502182
22975984
22712810
21005261
25605273
17218351
50279724
18639274
63359116
57672693
26005786
40168735
74060182
35506992
48770157
59398062
48771294
18300878
71275037
38598343
75662927
30131391
72993970
65996154
71087064
73742446
18423428
57206515
15234681
59760788
44619184
61391273
54561906
39650399
10736684
70514176
35854737
15199440
41408754
63972599
38673893
44402156
50056626
55509174
74322080
34123905
67173235
44590786
57849893
46791879
42920672
76309065
75203058
54397548
30412931
58256682
30176087
12913781
77464939
14613974
76308103
40000203
61536848
24105763
76342522
32705005
68452974
43114824
26912910
75648698
15299382
76071554
50693636
67345471
70622149
51488435
62862309
52906642
52774660
75285226
44937368
30629365
17944034
78054929
69337502
55692592
34881230
77667569
73577547
40679014
36260096
14609808
66309559
10710888
20663556
25023823
64541827
73884344
37037453
33486571
58908407
33768571
12813568
76829035
77160164
63925940
22995698
29204404
24232874
64652258
31275801
59247624
15369094
46437605
13225859
76207491
10568532
19880736
47313381
33363295
57081830
54510381
44043771
13889874
68898389
60063950
43054059
13811109
50308014
24035272
32435054
54349485
56652390
11711565
39311957
23148780
37477950
22987323
59391847
34887987
23324413
71602977
11236979
10173950
11524435
40033972
47283090
57127792
77745065
35293034
61870038
39956952
31188780
78748221
49938217
12215412
50057145
34854694
25577326
45152019
68123254
61239626
52574438
19514191
40180020
51868341
58814309
19065817
77941162
54906667
64589450
58487207
48233528
49052805
10833521
23637462
66160182
69233800
26618872
18746410
71610805
45951894
66849063
77055975
53549928
34504450
16591658
64103766
53861259
76083080
21095022
28755899
19459107
54604337
75306079
32176710
72420508
46762173
40843117
39741865
34305292
65074537
77810655
11614875
23204771
24941655
53136628
61110699
31151357
61633637
67726329
18159475
69245868
33444215
47649288
23484151
64171853
13117442
65225084
14556948
35986323
23139314
58337208
71542143
78105536
37696141
72490508
10632216
67200714
32545614
22179721
59811956
77068481
59475212
69903277
70219579
51791098
59843253
44144309
40932958
56426684
14220702
46281676
68364033
17662390
42916413
41878953
52130434
74460097
35223172
12432098
19266646
25744156
26692637
34889052
63496764
50141740
15678392
70099102
12911950
20620767
52120699
14626906
44692672
11077436
65832653
24898351
47750422
43142873
25957084
28649365
59104898
60728862
79376851
54601996
54562834
56024559
41376594
71390629
49875870
77540820
50380752
11237936
12919087
73621160
78455527
31019447
14608655
63705188
32432908
11607184
41513984
56523069
73719470
35356587
60135916
77683232
33036328
16826630
77765533
23143318
62856147
61886605
46465955
22756677
36947516
64427584
49910495
46126458
59910643
55007527
34203790
35868129
69580599
10332834
69434611
35022058
58828827
53110873
14365694
54957918
17767298
67484626
24057546
11340967
62406637
53055214
61144040
16538654
30506104
21656802
54586900
47464723
79914460
23092749
74734023
12733475
30441069
27599394
25016804
12605741
21663588
33019727
36377068
22109174
70706008
28356876
61050608
66157421
38287168
77621772
38589079
25115903
35799613
47056250
73975946
52210930
13637686
21276677
42788839
72190887
24665876
77851843
44037257
72361088
70104965
51269385
64654795
59209678
45477856
35748445
18090371
55128313
56221468
22314293
54644890
75839373
54409132
68007353
52215346
55416915
52113805
46950262
20552887
51596996
22665224
70334212
32768717
71850024
77817399
31001288
17731042
17799409
37520937
24241900
71269681
65559022
74398079
79756299
44779651
76039249
63947149
30532023
57772728
13490139
45188305
47841668
14326336
37071222
30896440
23581240
17046196
55205590
38750873
22090455
22036803
27286728
74810860
18384047
30860105
11231462
26235060
36558959
36626064
58071051
67828468
58480199
15188379
29577294
22810949
24464034
47277625
31075418
27907584
11039058
41773109
69101851
75409560
44377439
70969695
53047564
63816098
44348886
39797284
64142395
67697006
37641733
37909810
31020553
75858581
39836373
78677893
62364833
34470905
78961046
62454354
26233431
59463700
60845799
73752404
19954753
66925520
48852649
47040747
71835162
25234301
43074668
21596677
17693539
43408040
44185777
15073551
53201726
31657657
60786313
67191989
62061199
46092266
63566719
24899355
20986819
47921350
66227715
33104553
46835168
48452160
13482436
12857165
72057464
63936481
10442388
15158227
31167892
48660232
43804824
47666289
18291297
61671234
17999393
10227521
56148692
10134031
66964771
14432121
23374625
77437948
13983549
35710162
38127231
21626111
58613214
58038351
75008878
55347626
45210080
38449058
54547263
65953761
71939101
13103852
77398587
53621954
18685525
64164130
78888769
55295375
26536987
32568052
33501030
47013428
50142682
79136116
52002742
35900641
26484893
78407651
79935948
38354623
67288453
39535555
70989474
14451461
67238573
10392214
72521289
58943579
67284870
50764141
68518768
69125012
70169737
33652322
72592571
75305186
77393958
11320738
75844802
22189165
74331918
46400375
35533468
75919990
70265277
38868834
74234973
57630390
25952515
33018259
39131474
34182141
10578716
35404239
65683139
39847654
32507060
21559758
48255007
64639704
76196889
22429841
74857821
38596075
24692876
64972414
13553046
17065254
32487422
77128034
10421616
26618563
23514478
60714668
34501533
77304249
18200163
13637381
62306284
52931378
60469991
23843854
16528143
57544431
20147185
72484813
73211412
29936058
26850378
42506195
49731390
13509987
12263376
44234128
79716199
51123816
55067449
66521077
64510131
59453367
58996125
11136969
49086234
53584598
51137905
77133221
43117317
35475869
66662938
27592575
74875489
33258377
67646210
57004349
45798090
42805322
78431535
65440245
71722537
48788673
17417118
47077148
24885259
64151557
71029796
26308561
71216306
29080114
49170895
44150480
15328248
12432596
39694255
24453048
72699923
66622370
20253143
31330494
28439201
28318871
50412189
66469447
57201878
73308609
22786896
50438426
68464205
70317832
26632027
38054520
34056288
12240975
72062619
60440320
23467481
52903722
79468698
59077818
19777759
35208337
53534142
27617489
73080100
71164580
14862409
17664531
48273857
75427640
26595525
34956124
48392364
79931378
79263982
65762856
39745459
37641426
53383153
53091476
39666841
42882074
46840486
67341059
66756184
15880362
46408159
21028838
58878493
33419218
16817133
62790690
74357972
42801279
20550180
28189001
19764637
19288640
17616356
77562460
33606216
14203538
44307299
46829583
72156962
75912192
65709853
50018327
11045106
16693242
35851454
23102525
37740511
55925215
73268729
30731155
61738572
55698496
22242637
11710784
79224831
37181369
47532304
46091893
34685078
15810871
30480483
52367180
19118609
10526727
29592588
69327018
63533268
52894260
74463009
15638420
27692741
29050105
14129683
55276374
29902840
54570291
15294075
27742213
57333380
36013336
36620685
66737104
43552990
62229189
32927179
16694026
64086809
76533833
22403720
47105910
35324399
76374578
24242314
22244946
49070179
37843646
42249895
35897884
11426178
57919394
48404907
76825452
39125849
31865907
69599258
73206879
77279122
73983216
44681613
51434369
43449619
20128763
48174909
11085359
78372289
42790991
67487387
28061036
52451046
21527091
49090774
60449333
78920540
69186132
71244961
51481061
25097018
79256389
71138069
26976608
49111175
61565406
69310638
69374664
53685242
51877490
51857835
12379689
62817757
47534969
35090213
32659415
30029698
66222810
56182217
71537177
42244386
60521649
53339225
19855521
70801493
31684689
56655003
68336557
70039228
67726212
23519619
16321301
41121923
72501094
25148020
39967112
33408122
24443599
40646959
25535266
60635696
39712875
19583010
64724103
33632634
36374232
47498485
68006096
29986905
26301764
39534077
13734437
75601521
52272027
47834617
68839211
13594012
36959521
19038474
58571278
35331243
75966664
43823100
57975683
24599334
79681112
23119136
56850592
73039063
58217019
43645342
52312576
69179279
21144299
33059005
33845273
73705656
53883219
27069502
32479973
54036445
38181146
11242077
33385798
20718268
35730336
36273912
11751466
39768922
67844833
21471519
65482149
27588912
20769463
54708123
34445471
51205474
20908000
68155610
58190167
38593923
25742933
71163343
47943235
51743482
25559700
70128628
11465387
17314847
69628615
74286255
14280839
58866010
70969683
66351036
31747536
11223770
70903069
54896719
20410211
32697816
76877400
48042996
65956693
58573490
69020445
23358903
66649031
31259680
74610131
59763750
18083731
66817709
66616573
58790037
69278086
11780777
36132344
11310118
20705878
16987794
48643438
58567495
70993712
46315177
54669682
71719328
59155317
15004283
42588769
19331346
31816611
58792024
57374107
28656914
30342422
24099333
34791257
30603692
36534451
48290863
12714863
41763011
67195628
19707157
10514760
79518623
59652664
51696688
49338552
55238723
48637601
56205856
11490692
23534832
26998883
65695398
41748792
73784173
59049498
38209605
45708508
36066777
27274442
37595088
75018281
45248697
76741371
53037983
34696971
46008126
17811052
16371698
34880965
32689559
46074027
72421876
38164223
30408261
60346826
41451930
39564089
28854390
25595767
75935060
53326776
49744035
10767941
24336845
31046994
72065555
46205615
19531157
34569089
16486988
25778320
31936760
79232439
54595768
25946623
18273736
59388024
12542893
60663111
24168392
22148676
68057824
64414942
26871888
31349228
44158756
10925159
17067778
46326221
57601836
47876496
39547355
49910733
46404840
14445078
37430611
74096033
68827996
40477183
47422461
60814869
35824407
41251054
49240240
58719064
56685409
29912842
50586743
75729559
44759152
42421617
24146838
12915554
20577277
29253315
66186536
66350425
60427287
36386524
67537791
45330767
58247981
47976419
34551884
31734976
55842047
42804772
63323854
24643992
62546622
37014035
67493812
21396873
69326316
32250037
52068865
67471402
23827188
77287740
14323120
20643586
19058277
18071347
21614974
22720913
20841746
32834510
31714024
45182020
31195769
44005017
74390731
15134728
67401395
72947356
51846267
47114764
14241303
45873809
44188476
71439016
77995312
22115047
51454320
75920626
22316507
11900532
77230451
75329692
65538291
72420883
33480258
31866490
71690401
56026799
32956695
71930559
24442850
44092787
60752212
73595544
24167708
19676603
53097542
51369449
30183760
24309661
34559222
73562224
19768771
53545306
31998416
53303779
40929411
24172619
69862941
23884141
62013968
65010683
76621951
73045184
63197975
22969721
16784187
49243517
11031769
63119355
15983450
46379531
76629310
75062921
71806919
15191638
16075206
51290926
23347432
70695222
11889113
14069890
14627205
31178862
32688258
22736200
54381614
27594144
14515190
62920084
20187663
64927503
17971972
18081631
25428349
49920066
58023295
53390710
54198199
61049022
39696731
71534706
21718765
10077901
45883729
37202208
28483947
35522759
10613011
73394527
42835013
66375770
32284830
72467880
73176300
63071228
22413148
33080082
19782460
21650587
42775369
58912642
48907173
79645870
50439207
38730999
58482953
38599887
13275128
68271264
77373867
62164176
20601896
28496455
37237881
49440424
68096311
79835939
25205203
56142629
38789484
41664521
18905477
74141149
41998477
35641984
35422777
29958247
19442907
43086708
26361063
47841563
48260835
49624427
24649404
40198387
46194534
35629343
49686190
49210567
28674665
75968916
36935638
69320165
18604175
56509255
63842295
19506840
43624726
36328609
64348112
22680816
77566635
79541460
32558076
32951434
49089180
48949201
49511132
39161526
79577412
27477698
46798229
38156751
39309033
72452740
60418634
71628172
39682636
75444799
45884763
19025257
69098084
46335680
60921206
40628133
76725501
59062949
47710830
70787616
66275019
11373697
48968131
50988271
57238367
41049138
70729581
23434098
77008068
15340964
32301661
35707878
32588010
55594591
33618037
36730915
75338517
66918125
72228639
32618151
42964575
59098874
51645233
31231714
31462067
19183921
33026577
75499396
46896114
66878511
22257561
59841461
15608161
65239514
67073427
31995277
18892321
27720561
78241786
38372316
31700774
15027962
74569974
18566147
30053297
72325573
61498777
14019329
69167569
48675465
34117099
43572214
31540389
64708717
24107586
60693696
77465323
34080690
13675451
33820063
59231070
48132485
19239104
73114168
77507566
15058504
47207753
15913715
75174424
69095590
20324969
27233090
30994885
37322838
78138067
44963764
31093496
69695298
70058085
48906310
32384085
10870276
41358276
39100401
37879121
51785385
13801975
44569055
39129929
52471877
27183697
43015061
59836726
33748193
70903837
50749644
62027163
19028265
61546783
23488284
22814543
55719159
41086784
17780093
60133808
58297525
13574103
20783453
15659854
62972184
45226796
13342173
18326595
79530267
58592512
12872827
41547769
24956512
55586039
41043871
76208933
38690505
19174405
51488790
50939401
51450744
35807055
77028014
70100906
24291521
61746527
53541609
16121753
43005384
69482751
54273938
54633069
24012530
29274786
26160515
51303855
19767084
42474002
65490702
17387930
50953375
53066577
27124307
49812601
15345649
37401252
13258196
43788936
71525219
38392286
30966868
38481146
45512392
14292253
15590776
12824428
73827714
77849395
50307811
55215456
19972990
22607576
77653004
25705057
53790164
44707368
75290284
26219287
75770774
15172970
20409731
71738304
14831216
59856287
44283930
56477365
41598991
78622513
66643264
72981790
74709199
23743090
46326208
23389474
59575844
13816074
56728215
41311783
48997622
63909768
32406635
75249391
18593040
53696046
49831417
68054958
46334569
20588143
29033083
59561972
52305795
79651804
78099149
65321890
47689333
13021957
20215061
34954621
76497804
78030364
42336697
12310382
42878779
22298054
45577586
73660899
77656383
62030416
71066455
74873570
74176765
38000065
57270751
45206128
31143299
69591632
22959951
24916408
29956794
37426761
46146498
51208285
60219263
58579572
28151398
74835786
13947118
68761145
41156075
15463837
14532944
61202872
68774368
44145623
27481730
64597856
39352171
73757765
20995896
34722006
38765118
53897574
70752648
70778307
79313538
58665536
34651195
19111248
16017320
26691365
78685765
19978221
61388648
17453829
53424790
11655106
21693750
77993421
59963514
76190874
16633210
31190378
67771729
14988563
52850163
28401973
52816356
21016286
13774810
55531771
62585670
77890596
66844347
28208645
16708021
64546733
33081017
78053586
49463945
11850814
22648037
17202072
22755492
77730329
70359939
59264164
30796293
14102321
22044061
16283653
24577746
79966548
68052838
76070731
71360570
14024644
37781149
44822073
10585308
67975591
40218944
17064528
42141699
46018290
41548434
45220177
24699639
23920862
52916416
32577272
74602427
42886644
68896941
68269129
53072948
53783692
30024399
54525275
64523912
63778497
58806938
41757911
45613387
72965242
38827459
35135977
27744711
53902621
41647421
17228768
43081903
21701108
18717662
11452711
64805812
49321465
66083595
76268874
39608912
42676349
27915308
13105224
70706017
18938180
29596724
61153001
63272270
65976893
12431014
15675257
15039248
41751247
20407134
12612998
27803851
74811425
14589201
62500387
20581801
20517442
18615557
14432970
11340097
57461380
29556622
18408187
18696402
37862381
36380614
40738713
17689629
50773012
63351716
28872319
72900117
62175701
35273636
13283883
68763337
26870079
48781450
61978162
66260345
50661265
64487263
14858248
35462342
49213634
44401539
63130246
23182609
31551126
30379468
48518763
20450653
39065694
29083018
26744593
24685027
53789596
62988828
29292018
56333665
12676512
46400827
70795927
11999502
32749347
32528406
34796493
33325959
16829348
14673893
70971560
51428122
52510205
21176892
41079199
11607305
66023721
35939504
53965067
49152938
66242562
33648334
66909611
24966993
72111635
73454183
58223875
65365584
21930987
59645203
45216418
47563995
22216149
68124144
31904456
60566136
28927628
33139514
42151871
42199340
20539429
41095343
26812692
71846549
24408659
77136156
28040207
47900155
40989949
15511456
46996286
13866353
79315147
17618927
53980448
54955553
60328758
15765673
30995921
15509901
53196118
78420258
46200980
18014613
41662077
69073113
62837228
69964791
50805672
72074894
53286336
30040417
16682416
34127660
34152640
38038163
17697690
63002635
69300441
27728820
16200777
66425210
68653779
48273623
74623123
47190187
36960233
22288355
21744537
74812399
58653046
52547390
17833803
22728834
25031069
74992807
14200633
69429743
20799035
14140736
78404213
53201438
46217916
64895818
10033136
45254595
37397232
23118486
44786877
25010350
28273002
55601167
63656404
34792573
56607421
71821420
38808515
35301270
21778655
58137530
29122865
67673314
74480226
15345513
23593960
41082180
35809818
69705031
43539954
50622600
55872177
62375072
61120776
35403186
79429823
51374924
19394601
75324228
69162651
70529154
38644411
45309519
31778110
45779234
79168010
41172314
65170354
26792264
44914643
71019020
38976840
31851857
76705647
40918881
10787143
57108508
44099492
44075127
50309290
23741546
11980772
47149831
11117862
22151423
52150451
50656690
19827769
74580255
64805504
11647757
70484472
72233738
32425585
71030408
58708433
13636382
15391684
79099634
55586518
29341904
62825193
37612683
78174234
34449765
37348613
23269462
56060744
60804414
42720760
66930972
51496555
53775969
53721965
15683825
18268200
14087602
61943645
35324332
17870492
69238526
56229993
70782952
39559216
13265695
48303441
29810406
63037329
19676684
45075938
75598367
59845118
26062515
79868015
28604493
32792258
13809201
65771940
10713296
23854851
25522118
69938094
43718061
10262473
33352145
26334985
14505844
13048261
67882063
49977433
10017583
13749653
44972790
76456179
10321532
31824417
47045407
18641267
67474781
16903601
72068104
79077635
41237177
61271105
75858588
11315997
71632061
77274859
34770839
56267114
71242004
35385660
21542089
12225950
41665004
67787367
39350538
58461281
71051133
28487930
49590853
33341935
52623715
33962437
55508383
54482945
75134486
20371176
65144913
10678847
12027431
39169838
46015136
62382036
53628723
36877106
56406893
36672813
53478054
31913758
62960068
37172701
47190434
25339001
41034146
29013607
75452481
55309647
17048268
58097946
17598185
42779637
50590197
21976733
27091275
65918244
66233762
48446517
34551241
79967866
70829986
48749762
20401011
42559728
74354659
41035349
46929101
15740975
70664518
77610538
17666135
55690184
61180945
36038131
39748297
75874127
37629592
60860751
32223747
62394068
11123321
14622442
10305819
79506088
63396076
44883412
63407694
15609606
58505098
66622416
11419952
44012549
70902992
33497807
55440315
32593404
52893249
35822500
12878963
47260242
60037908
23160002
47406478
20905733
78520362
22310260
25518201
62636832
79476941
15781081
17004138
31095437
74733013
48090880
63403847
74334423
51239779
63947592
66318411
58105825
32351972
39492677
38513713
16569246
75182786
66570658
24122724
68383359
45170856
56700714
22167025
37573357
20597215
66099392
21995280
71532621
26038870
35399916
31121514
37320414
25750272
52461873
67640963
22291590
17498432
76501835
54518629
26617409
45311695
34435777
25976843
15129916
69845567
28275271
45992198
17008532
32558658
64346626
52867484
54468383
68038894
65253161
14826382
58374894
64194629
66667604
38944715
50343750
26198924
64481076
53110819
11934913
66851909
18040305
17435413
69623685
26706943
17653573
75112290
67182146
10975311
38216041
20007329
77386097
72751222
52745667
16798331
55788030
34921643
37066047
27951752
76736526
53598809
51614481
26751634
66008888
21430743
15068157
17408398
25255394
48723410
44557677
35329744
57706596
34070689
47460426
68753694
17858220
32775274
74523476
66716556
74429426
60051294
47049023
65876720
77295791
41703244
79657625
44611454
28465338
29457230
78424375
57036184
70653013
53821896
18262958
37065279
47458273
45188391
46122841
59995960
56869669
60013354
45201683
76577795
41775543
42280988
32138429
70521282
63717765
12804645
78683252
44430910
50477000
31748760
14994927
61092779
12846729
41359203
13477388
19664413
64633071
47349359
41652450
45584369
34216830
36031906
69162757
79787407
10825207
12676951
59237607
50077650
56972540
11250069
73783599
55665062
42166154
42777349
27573821
66735334
34246006
72701069
44841578
39330649
55253960
48902597
52074964
67086777
21153177
45436788
64000474
67339322
67425361
65296817
54515376
44472876
34243217
36629761
44892287
35024937
32430320
58642562
51822807
41707926
59933290
78981211
26508431
26567751
33541069
71761857
29108487
75161370
79780333
68578979
67512028
44672577
70479966
39220731
39595686
48135374
16466611
46935408
43277791
11176269
69377467
35501341
60923740
35264260
33451413
52182153
41399317
41690268
71336084
78849021
29621281
54393552
76197166
79958557
27995986
44555762
13052531
19691461
50624651
56642966
17401402
31976306
28204894
77338767
30776797
69897517
23821842
23219431
12281488
36985960
18032489
34651501
38707623
58326019
35423752
63672846
45629387
30008952
77096097
27729835
48225506
45901173
37521778
59002762
57173777
16167598
51246014
28103766
33687824
66269656
61934014
45814455
72433407
62695933
76343019
21050323
26908185
33838390
73185565
38388481
58662260
33345535
71636647
11931024
10188351
79841431
73376550
57421525
34126091
65252576
52862897
78966662
32816610
27089929
22624656
30839657
10239572
76832415
67824878
36823683
59724377
52645147
44876295
53368397
50454594
25008488
63469042
53689538
63952185
62408980
66232051
41462304
51300463
55808854
43447143
49798501
51777408
44937758
55851508
53223249
16113489
58841514
36086188
53124922
31783926
22932645
10942090
35366779
16189418
63385359
59221679
10161561
15271628
25798131
45149232
30387165
12178428
59731918
76113786
69322877
28287093
29876453
38088638
55188581
72984150
52188075
34566809
72061993
49230899
71589489
26850565
10974407
24217678
44653308
54370348
68736527
45934234
36375142
78898115
69804544
65994896
30696195
18674577
31801048
73030714
22766073
45402400
26611976
19522291
52243062
76802040
59407046
41701539
55280567
18589820
54630365
60535345
46755506
58708732
39518433
24452079
39928899
66678992
67894179
47777372
20975003
50249465
79320753
37728461
52898318
36264145
77118307
70126244
72473560
31880439
25213879
67289861
60023635
58088941
11715120
61460270
74786652
44559036
77376267
30642534
11907254
51944836
66686815
34233813
37146381
16964978
74706341
47741667
33004642
41193376
16210891
54738169
74500291
73105539
73870493
32355107
42479717
35766227
33244668
14257915
75038845
72231714
43593463
22370298
63333420
19875849
16723972
33669613
18583182
32939315
11109246
73639323
17009996
39080178
45440792
72282483
13410631
37758772
56135768
18262872
24310664
31253792
17481980
59902651
19319625
29437401
20621857
13380905
42427739
44620177
13662622
62797930
15081173
17722764
58598542
59450323
42887939
17063021
18262103
10744358
45807866
77177032
74148476
25599966
32609518
61606462
76946915
63888948
27321698
76979973
29866859
52841150
22622353
33172264
67658024
26092949
76159411
74885589
11374200
41124278
75930550
68280812
25425508
37645168
29937515
75175988
39935930
73859245
55538343
20208423
27179594
47556905
41326421
28949777
77256856
34440134
14936907
14772617
58496197
37636810
39442692
74194415
11750861
51828346
65418183
14333878
20672123
13076782
50789981
63972232
39438942
33895970
31737263
29568330
41333913
75914790
52052478
34991581
30776227
24826486
79302611
25992328
34196216
53515419
72953882
69259004
34131150
27247425
58291799
61406839
42269110
10227184
25726208
19095124
15355870
31197399
55215416
35164494
24217754
51877654
75490616
76891303
67188988
75898899
46573647
60750849
72885860
26938915
28650395
68440733
66224075
47313451
35864888
68220960
47083672
28889869
59394427
56379672
44884504
46782006
41378239
35662411
70378056
58456881
56899690
34386014
26233201
44866852
41482317
50730615
76411945
33079790
21036231
77240009
58661598
43652315
74669618
70069163
32275150
24921257
54612692
30872686
34745845
46249369
56751771
56448768
68221003
37071848
76133221
58467225
33974304
60030689
49160466
30913371
63139641
69735710
36878973
56029493
38937670
46738670
63165206
12493105
21249170
48599444
24020445
23521601
77534821
72638295
49298496
27062555
20780749
41454001
42893574
49682337
52477233
77881793
54339102
48549128
68011233
77630111
55288741
58172786
22125795
77800856
72989473
62958125
52165643
52559059
61235114
16076709
59713494
75924037
47851716
44845014
78402311
59197440
49621830
32020896
21581101
69673631
50816832
23262907
76505095
29843911
27357130
23558101
51486721
78581484
74152101
63766936
15670223
50586645
74294293
26059445
74469133
74081383
31549228
29328232
33920434
23794083
76481756
73864108
25783464
58531006
35326905
68351545
53816835
72017996
15593600
31044052
75028693
20146456
78926432
31984079
10100778
14568783
73776645
51792238
52880607
68614673
70422747
10173801
27731207
63298221
61638066
53635390
57491848
72842047
75562343
56645195
13198107
38424854
72014461
13153395
47349279
17949577
31475049
67302278
25037980
73613948
38934644
21607046
53388807
76662916
73862586
14086558
77470783
12084418
44064168
60065549
17016950
76870752
72254366
66126296
36652120
50340801
76728143
30123312
68449383
57495350
59793058
40653377
77440800
65817906
68505116
20053167
12143938
71062611
31565558
73750380
12065812
78093322
32656129
42735073
10512770
51775451
61758921
35018655
51231682
15512800
55014366
37217380
36363563
28051010
44531459
60391481
39179453
51489119
31516040
22736388
62196968
13360310
16262370
15761972
38238641
64833908
22066617
33838458
70493232
43874807
37147578
77301581
28937969
42485523
74597134
49257517
13967716
42841470
29852642
58140688
58954135
16532037
47706333
65098288
76360909
22840600
71913949
53456008
49101107
20865144
51847477
60387952
58384566
39523755
36405252
18551591
14576840
48594199
69875014
50321787
12981106
60957630
43441453
29341832
23586614
27535604
49460664
47664242
45200425
12994419
27175159
18137271
20969754
32352422
18003243
22579208
79119621
54925735
25837679
24308121
43457497
39454775
31161666
21110007
66351002
44495141
53392567
58845420
53793526
60306512
64529062
69365600
71760579
66297096
41335077
51247559
35220785
49343227
57847644
23315961
21499387
33015364
75686882
21484038
24213041
60784755
60577376
48313365
72195117
61756201
15872498
14782365
38573999
49058779
21467624
57626796
28251002
67926359
65926276
57445722
44508033
78145166
42439111
69159775
69383646
33167242
77963273
15673438
53531576
47192438
49656645
10215735
51045766
52100603
35918845
42256382
17020913
50496318
56399829
28435324
41630870
21538542
51393292
18662465
31200718
20858003
76709845
75847129
67934841
44477206
21796152
43646173
23780939
56031100
71139118
77990272
31459352
47593484
27848309
70985338
21614631
43954145
22588885
30507957
75002430
37272329
22730272
46898469
48323459
53817723
26105379
69953674
16742226
12163963
63045312
22019677
12032832
36646598
71913838
54679452
30278874
17665435
51267601
40402936
28704833
68618941
66811691
28480022
50804414
61335385
35059911
30872693
71601455
49861220
47593380
25481780
64509575
26266037
14720564
68017974
27074208
58441365
13192795
19057007
63186320
79782097
39162861
36053586
73737550
26804701
11584637
33570811
25482194
53683429
43083385
36472220
60034108
41619721
69946353
12074691
30839686
44002698
61363928
56108171
55593779
18268175
30455147
57981484
14233591
47136208
72574527
35225542
37186565
65445536
51572211
21709299
64971065
56839260
66403543
57679629
76484690
70743926
23054953
44983588
31615540
79602099
59423942
77531664
26792127
17801111
79603484
57112813
47307826
64598930
54558686
26210534
28220832
22035259
63084380
18992461
17026167
49651368
46327292
74901929
76629514
48005129
30606444
29861224
38278995
53408434
54942897
48370462
56876829
32823242
21178020
31553006
21994141
45944489
34117811
44377372
44862590
23594351
20566924
50444868
68739612
74471381
73303777
50549780
53664412
22245552
62868064
41740761
74005912
23403736
34695736
56054555
66950078
61552829
24789385
56504085
39803594
26863602
53353822
47998366
74574417
28428865
74663707
62604043
71267424
30274368
31090746
72744876
31514019
26554976
48302620
40117450
47211183
29134316
24448819
20152302
35279474
11747578
67920737
30157924
33589980
38811315
40972255
28668670
55263345
73943568
40710329
59009118
30901584
15792370
16068866
28229268
27901083
64959998
77427321
58352703
23898257
33369884
44829487
22765171
12853893
66881751
67379635
31000594
61156147
74934758
22597731
67306666
12564353
36235570
50554718
65369072
15852369
48289719
30105283
40492009
78680114
68331863
50493654
27686380
27190415
27726679
73774700
72956889
35012810
62343496
30939446
23813420
38570224
50870054
73082831
24451588
16601639
44242989
67185134
47925183
39344116
20564537
49301136
32738849
10512971
77426152
60815419
52734024
35811518
69552807
14152947
12197663
45595775
64634466
65951861
32574459
16330279
53840959
61867359
41538713
34623609
74682671
58898511
18843083
29758872
41201878
36272625
45596965
45360473
27577076
46678636
13868359
51265339
25033990
48110458
16486607
45874828
22510645
33196184
11427971
19732928
54505258
27817774
41196013
66425327
13196555
41480297
52646015
47974042
16800187
39122057
43403980
68032660
44034969
36383248
43846947
33992332
15367565
45479076
32955496
53417731
63533834
70849780
41711805
45580966
67015305
54870121
43441801
25541296
65501709
19816197
56018695
26274477
15584737
53289567
56416740
69952043
78559146
19015026
20696719
19121389
34511602
75902700
28284188
62559204
19525866
57413204
17920931
27584015
10726248
43511471
36990437
52545886
77646421
20608595
26118735
67971918
34170972
50827109
40106400
29446555
47176139
47825657
14675012
60027472
27371459
33053077
49400403
50271966
38874026
54229095
39952400
25505909
35593433
64980058
45709293
28342194
41580142
33189593
26121849
62551025
58182185
59146538
79426040
74140594
19023338
46336776
51032531
62537290
60490809
58077601
19636914
61648428
71683867
33456308
23918685
42615689
61042067
63857163
56662501
62916076
15676477
54538743
74401418
46481181
27313466
14039057
75976294
27453538
27456743
57501294
36969876
26925141
32103600
17859156
62267544
40742503
47421047
54999617
78740924
47115602
48069307
39986234
45832402
14475654
45983097
49552589
61901127
72679803
36019446
40503653
29170968
51285657
54569490
42347347
48176798
42679510
63236356
71114049
60252478
45244432
51915949
51531020
24712203
35530106
74457578
77459167
49334746
18048405
74841025
72432719
17170124
18117290
16725895
20935121
51193895
13546459
10851533
36974778
21491944
20993126
56497378
39845341
55793315
20032960
44916996
31982436
58569421
45063099
55919912
16991490
34179976
32171696
58806369
38771571
21091332
32790777
40579398
66289588
18758009
33895227
35417434
70368902
36006476
45702476
37862552
31397566
25434307
46590810
12011027
12277579
70835930
24348016
60179117
66694820
67266318
38348233
44275815
25847287
32365544
40178064
39921780
71545269
57517893
60398007
51223028
75778782
35125410
20676216
19379203
47090777
76824466
53310069
57390513
77613209
43706788
30106778
58104993
27443254
56051123
41073917
56185601
61315846
60648262
32099908
25495625
19024285
22807134
23214011
55162687
36380039
53255629
61681188
53931444
72884417
58574289
53535835
58284354
54749647
73865477
53474474
75612347
60713611
25539217
10285885
23199120
32133779
61196812
17021281
23015849
36229714
75339555
32455040
18413047
10529894
32197850
50164468
43284345
59403984
74599948
31059007
19965936
54703793
24621384
52039442
65854427
72615359
30364712
40184585
70580959
65915180
29131182
45737893
76300631
21715121
66170568
58285525
65685459
63177711
13928875
19183718
72916537
27251499
32202275
18927265
34860755
29122147
69654262
44169873
68293898
35016961
79855490
55119012
33675115
78438970
22771922
56724978
34763755
34411184
71567433
33744863
70227938
42933091
23505730
71961024
59530244
66825757
28748576
12989245
73677582
62095109
69948186
67338200
74985480
63317751
49729192
33229818
21737412
40837019
25446621
56699618
52145698
50284613
68266167
18513080
44746616
31570964
25784166
25599622
29879290
67738427
12134395
17919955
26194052
66859403
79052990
69854891
22621204
12450678
40217233
42063477
56887720
41794552
42742616
48273504
39155083
45339136
20011657
31043399
21634194
49880469
69108548
63579223
19223754
34108906
40986121
25633193
45686388
54434822
79382634
40620873
38243702
17604363
64352403
76213541
39939647
49256892
55111900
40328949
35228963
35899931
52178761
44575852
10454715
48414750
19402061
75004306
63716354
11724480
57552217
29911521
64401693
46173121
65200861
18500501
45780586
38118969
21785173
61676802
58175411
15843360
25032579
72078932
16198166
76950609
12420330
56685060
44635280
49375803
70783589
76876272
23879286
34963577
66574691
63775564
73837358
21828517
15031143
42188252
11594418
51427520
13837140
62221817
68511258
34115010
31865473
50261432
77676880
17542747
45512137
32747016
70010555
18943294
58339933
58227957
16883923
31518490
46913867
23005690
17509143
50215908
65684136
49099310
16332217
42027429
13906215
47433010
63271898
33484644
16894324
12180971
73261245
22929830
32496044
20552567
52776425
19666444
50482243
25874570
19903603
25369419
27803906
72312334
28582987
31709952
72053312
36062883
58875544
26809516
22091202
26825009
39245152
15025996
41109322
66064333
76191413
64847825
63021943
11756928
17382623
70275847
44787469
32322126
39924073
33661533
24136280
44476429
69406876
42969013
28038774
17918724
67168027
65508237
76765563
29449651
67649875
47229830
75211216
24552958
57446207
48696082
39282456
13601227
27940652
60381063
29221786
39552724
20133325
31256251
57450835
38500263
36879758
63339500
34586756
46459337
75645945
55360250
78709397
57565311
79193034
12151989
38917821
62742503
67285853
63107403
15902406
25801824
73107286
65507138
54198089
14386445
54034676
58505230
66359704
67089168
31819405
38546094
29382380
52102263
40953125
78507642
19176839
15275753
39081476
73212215
20606980
17035812
53509542
69915003
48836283
50864756
76977462
49419149
78216080
59425728
34943596
67963794
67418443
76341084
39027257
76168408
40627058
41977963
16545594
59093158
46631214
26474187
28331986
51163197
36454142
21229161
40918329
54503037
43386052
33584684
39442150
38825222
35660918
30469036
24619884
75053781
60125806
43063294
36678360
76947469
56425117
38448275
44461996
16525749
11768182
29646037
31289129
37335435
62480660
29872862
48261090
61699714
25110882
36059815
43686913
44460413
13455589
53669760
11007286
25430839
47658697
77932471
11230991
50800058
35252817
51002632
18671933
31261770
62250758
23214455
17006579
76260673
27480699
16067399
59668129
60984869
63575863
76517498
34226376
34070797
46721339
71069493
17468394
51397081
38111019
56781104
24652703
67332479
64207987
64419325
38674969
59590150
56125132
29810475
16574157
17763007
73895299
12624215
29588941
22816533
64279398
52870919
41691516
67882772
51935812
11714300
70901419
71437530
21399481
38321358
37150132
38269105
30621279
45613833
79177969
18320262
42228587
66904874
46779968
71087866
77082662
25694211
49491995
28314074
67838488
37776891
32619384
65642330
61861850
19939705
35606069
11494219
54288342
76654654
41006170
44265687
26653695
75243674
69240117
64963923
68089168
37650734
70906082
72594762
34796337
18585669
17316928
70229486
53886606
22746293
79365492
58499426
64464126
38365108
38821431
74764650
46091776
58846523
49840919
13273594
62180815
70453675
54880894
72336580
56762180
58684827
77963634
14097072
15584750
72598574
26908718
61908724
48355469
12257833
68618350
69188599
62915854
42248098
24960122
24758962
69836168
58249820
22673404
69094195
74359711
34443194
35270442
46036988
41745314
59340175
49955444
20902159
55247190
12757203
64280627
11015392
31675088
19587883
40508379
14273061
31967190
75217632
51020945
59069102
15190187
39324241
16456382
77917769
56258530
57864494
30079518
63122910
39196742
39301141
33344647
77582696
54973111
26355484
27809877
38767309
25277524
20964334
77716418
35518534
49808066
46134932
69477055
56864258
44867659
27678027
36012311
31653212
50765203
11027077
18677566
43523398
20721564
16732406
56676392
15413964
77297275
16340717
56836297
77920797
20962905
70108169
76351693
53292993
59906965
41067951
47672408
31451043
60411848
41540210
50603717
73136150
51821657
31115703
64806883
59477570
17537293
40272109
62552808
59120328
51509690
49558717
65802213
28772536
68007878
68095544
19521862
18712847
51774425
67729754
52681910
61052989
69480472
21569480
12500648
72764520
42755647
44515546
26385471
38454676
48360713
64775246
28320585
61934985
50355258
10614759
58319822
52587275
51317289
46375170
12991115
63484668
19596940
75346910
67862809
17911544
49516145
34287441
51317329
79153465
67105003
75226909
50006469
33920881
23553809
20264557
64801413
66797193
47002135
30283219
58451789
50034026
18074342
11638182
63670749
48388619
42119660
57339546
40681663
79675824
13960055
60741033
47151198
41219358
77213499
34480925
19694938
67022050
51172817
20970693
17423911
62316902
34951564
11058345
75051139
29199061
45477040
11754630
76402976
47812026
57440945
29728675
68349245
44107766
75705785
78045847
39226722
10941676
53743755
47523586
35539075
36754471
64857653
25275891
26115168
30040751
26120848
36844932
28869890
70937638
54982413
52552720
70052106
38644199
66915445
11835230
13366531
28653222
67605273
17149679
43298026
68972893
46460651
52596140
28774319
56787569
68171650
24115409
29146891
66424719
78110726
23732599
22536248
38335774
54676390
12660356
63228928
71464744
20053762
62382273
76553677
28233483
65998555
63708958
46256608
59873921
22007106
46360311
57672775
40016651
56123642
38666327
43721172
55822282
25659521
37915891
79874477
78384546
14627098
77516632
76174141
62085357
70796133
56089598
33499620
53780561
45498328
73289367
16799966
59434709
25202058
60996689
37231869
45808138
11995668
13214469
20803411
51959316
10254416
44195056
43903815
74925937
47933925
34970446
46282245
54524670
19948174
36323751
54710559
66141626
73830789
35571430
56704933
17365310
48143511
76334271
59132466
59112133
79067754
22103405
47100356
65470459
57430868
43350096
75747630
26157893
30281181
34871965
55717174
65862861
33984992
55220935
10053557
70702702
27059518
56903458
69198045
26843074
23749951
10886755
62707348
15101553
45254277
62907321
16718827
72472894
11217658
78681645
37727033
31291289
72960285
31433877
47023310
50281910
63065558
54673459
31899677
26087905
12085122
76570736
54632169
17475489
58205874
55411931
28455602
71898960
25052519
26930593
70936994
19430416
57645041
35459347
76587264
16068008
38031088
50388946
62217122
76099620
31689339
23189381
58021732
66452774
58439138
59903337
48831106
42275461
11357868
29380338
53188268
29373116
17933194
42214567
24707364
46866355
64905931
60490932
16547124
59978370
31016487
53884563
36794546
37576694
70641231
42450376
72134616
45570176
60860832
16758589
72173268
27075712
35321981
58083327
68653382
31733844
42682001
14181552
22686861
16113806
19317908
66045523
51660054
71839073
47034580
61268537
34638395
66184898
38689297
52517626
33897637
64402205
66787329
65033850
69915517
59294167
31050155
33625496
78372765
51375103
29510105
71132514
44074455
75088793
69143291
18519555
23638414
73678498
34773517
35084525
34011824
74906532
51670014
43446138
27508851
61471996
79204970
27460901
29890802
69119189
13229654
43098963
15569067
26950625
38552435
17234497
59136933
40900800
44974646
63386725
39330845
38441802
61272162
73869511
47478389
69535988
27146015
58881552
63737074
75052097
31591041
48116027
70094679
23518051
20980590
50195496
19023072
47552290
69537409
73889024
53420147
69385345
67429985
28489536
74841201
14013965
23859392
57169220
68764647
24913297
41750279
63881044
60760822
78376575
42159375
10969895
38847477
33562815
40437615
37881902
67829678
26077701
75471539
55501791
22378104
50193856
34016181
79165907
28728742
16820260
59517475
66766094
26490407
34655577
69220996
37938403
30914476
29451007
17350366
55549961
25365803
64644614
54708072
69267179
42157451
58214928
51677401
45963979
37195721
57480465
78606027
25271772
53933224
14656028
68328587
36364826
24358420
12693867
50048033
30431163
34513504
24935098
36270043
67295065
53724187
32242787
28244650
50837774
48087328
75912973
68166548
53625511
58110445
30467572
29683806
48895639
55045996
22478057
18997270
79420116
58663590
62342886
22843156
73837738
23291566
54929522
69627392
69198387
71918233
12943158
44027147
47895349
74871641
50936505
33653275
18454234
68196750
64363352
75537646
30212944
71181525
32270080
37084986
41751933
42398412
76098340
35911519
75351388
59378881
47151106
78962218
11043638
63002220
22519772
56097184
15269062
40506330
76082853
36854886
44469450
45342172
23049923
69668860
60070491
71522651
75109233
68246679
73629923
22306813
53164690
69419413
61433411
23550558
18977017
28206230
30589949
26599138
54816976
63902688
18330748
72336443
63053360
51251625
39583253
63542337
74407882
63077888
79043154
50432963
29959356
41110477
75016413
79819902
76521648
10182013
57896632
57686378
50761341
28669533
73170003
15983947
13174462
31129471
62227531
77342110
11589767
32713098
43289679
20440210
41618678
52064340
15594160
64756833
64725720
12581076
14803281
37423454
24917216
59829497
70861084
30360080
60967287
23596402
56841784
50305408
43430539
42648962
76651462
37470749
56755266
29721027
39491560
43915252
52738535
78164602
34898539
64267121
12888471
70688868
63923146
22091393
28108458
67872458
54229425
44549218
60070191
33983266
64649735
14523340
29793401
30481316
72295108
30021114
11700902
74519942
16548915
29778630
72984793
66303876
15908690
73761953
38764139
44164223
50397010
78546312
15147731
60744538
73742229
49475899
67574880
77223353
22048259
59128748
10464858
13080135
35868116
49973139
20914640
69775470
16674741
39832480
64890054
56736271
18092193
25857712
25874803
17546249
10951324
58084325
28619152
37128888
23037405
58855266
29058677
48363115
63160084
14868835
51908335
60316130
54511136
55091236
46670063
31913157
60083230
26708073
27854834
12901284
50746949
58810765
52322687
75646251
19783636
72952827
21961988
37268246
33548584
34928179
15814908
47497916
45528616
76351667
52045023
32099595
20413753
53429196
62506076
14064607
50744873
66588107
25785591
50146403
63098679
37184849
17341805
29493720
57670663
30580542
49381020
21147781
75351985
17668337
18706022
76537847
33808174
27771818
29454841
71631608
68633066
69790663
53613749
28126982
15885695
19220559
20694362
62750791
53851261
72639316
71662837
39064370
69703382
23106855
19915438
11568948
34879897
49056294
58363957
61501565
10862481
31432683
27365744
59833777
72566038
68006478
23573769
72396890
46644208
78220936
24299796
56997604
19749491
18289897
60751461
35736225
17672669
37073871
17880723
78006407
30003125
66367315
28576142
74840372
69391356
77069896
54221248
23239875
59073992
53602298
50117747
20024543
79957210
23279430
70783074
12492160
19593384
39983395
46238632
59986469
26861475
75581282
43777220
47247263
44324869
52602373
21371273
78606535
66874343
76116818
74379918
13753948
54380014
66056229
55007840
30161602
44854248
38687198
59661853
13696594
33173008
52052691
28425871
65559420
43090529
71248815
19195939
42371632
52482214
40860974
39406078
48844158
15888982
44468678
54011699
47042865
21439426
43852327
17900679
55297752
47994878
75968484
52673516
64602527
33322033
48045953
19672430
71613728
57698885
48496891
49638335
49196100
61568460
47848154
52741886
44461726
76560586
59392621
32485903
27754776
55771178
72343860
45631321
28705657
60632541
40156021
31093426
11705053
52692405
75134709
62447443
59724151
64750917
67155987
31385544
37183911
78107960
10829524
20226388
55775526
22212439
38982014
29439778
31017032
49877257
74091711
69976291
62865435
78252813
64191372
37280937
59242883
17882204
73065087
18439312
17883604
34435875
25852763
72650554
71678401
65360595
77191586
28980298
70225905
68469251
23352786
21981688
59664202
10557309
30949934
74978046
76738029
42909631
21087153
18619155
29044267
46939831
37970212
28127079
25775716
12983088
40306314
36555166
58826434
14679244
76566578
17566153
50569581
14057337
11891307
49798407
18587464
11801555
48095013
23891810
63908615
11581402
21636728
57197836
69634753
53702326
61592182
11063996
71551285
37163619
56500012
54726563
73364094
55033360
28452160
60630024
35488821
75193657
13395026
27304138
57633067
16314722
56872489
12499811
77824455
77783843
69298523
69941655
68839283
77005395
48248329
10979977
66007215
35445936
46346630
34224811
42248527
11682090
75840948
67947578
49593297
30580914
63656823
65524526
16436670
32488886
26375046
12263587
22025140
23479255
40208154
29143860
73925160
62578606
79610993
49379456
39405453
31660227
26929752
22549368
44729879
22330957
35792272
31257423
61754548
30378089
65024091
55077058
16129714
36457302
14880415
61054354
73010966
76136295
46272269
50119944
57030695
49409950
22068687
14275742
75215126
78257995
69688302
36033964
17847239
26856672
60664100
35090691
18181776
39832277
47591474
52664550
54631174
66482358
54055908
72193729
74304137
62460772
38519971
77495256
74209049
29287531
76041577
20037841
43614853
43311469
32283761
37009486
49836398
33904300
10279542
75133588
29774623
57298922
72045883
53064899
58183689
70523437
62709043
65375106
16943565
20021292
35441303
10319034
19064538
16529206
11806543
38331243
11480632
42250288
69291075
15335780
50550833
78112300
72145884
19570978
58022513
36543424
22133885
35034524
21562093
59458304
15662859
38692097
60488104
44264533
71076606
15258080
10759472
20632866
76973076
70914996
45357632
18323994
12566302
64465062
54681475
47556161
69727653
24202948
69137877
71352006
23350183
76494004
62458285
57569120
13256481
47072443
71941514
68901208
31667681
25810019
12521030
46339266
71315549
54995959
42422156
43060515
20943983
58198934
35009551
11557722
40260620
79051601
44029613
75453762
64784839
46214141
37671312
66044395
50256737
35602992
61628277
46464122
31150905
71259860
22278722
52908926
11944310
49664094
68534320
71740462
26970070
16700392
49216750
13196785
49017936
49875995
14955365
24741167
40192033
75833323
17269417
20643121
44650249
24396324
21881372
52958043
49308787
19483237
43499604
69726897
54015457
76659064
70736841
44979955
78291044
61778081
61999271
19325441
70243432
26211320
73164822
70888469
53141255
56449217
37603003
55501062
27879730
56802861
61131731
45334802
74927385
36450764
77993029
11504149
62715329
15038538
55026299
54964679
34515107
10114447
79628171
29218936
31141584
38576868
72711992
48765429
12349998
72959544
23357641
18571075
30640910
39704157
15793631
47951696
19440995
72831418
14108231
12180099
55805606
79609784
14003312
45592778
31349394
17467766
59452833
74800682
11888760
53142279
68499171
45239018
56254026
55605770
15451373
55888334
75460717
47955926
12248906
51725525
47902350
15762856
21437918
12868868
38630959
72378128
50873762
75603365
63556572
39945030
25600826
55993186
11526859
32114757
14108410
57678169
30331146
67265463
37783584
16600769
35890179
61061429
50637366
44012205
71105553
33347752
49175862
62195210
44675778
16360222
10068673
78007523
