37383274
55382113
66324585
18725891
63873214
31117373
72615736
54648521
25041092
32984924
76759773
18431120
38107710
24051960
52521894
21618939
42768213
33879089
24328055
16000510
78690594
29184519
71094255
13261807
62567421
22975458
67298154
69896545
18137618
31897454
41483202
13274328
79190781
69358002
69894954
61420838
33065876
13961008
33982149
19164377
30821147
73376788
10247812
60421981
29348290
40716762
32777796
74785383
74199938
66895824
15372949
74780216
43090712
35623513
41027566
49898826
42604330
41421932
69646197
30866776
46229834
27413654
32381864
33183743
31666628
39268709
79499653
78086277
10011932
77754652
67329316
76009662
43555000
38369506
40321906
79567456
60554318
46869746
78877240
11656123
59904568
58987369
29203187
71166361
44302716
21600123
17118532
63747371
14912427
52144704
31039940
68730009
65099774
44508468
45277786
34264526
65217442
48463510
23243514
45581129
32097595
75284879
61238819
38049688
62736431
18648541
78838128
29404139
57330574
34714274
75189079
69903080
45356565
55133366
72138957
29577784
20530033
72758958
14547320
33572746
25301350
23385621
55424650
53604962
79750659
38113007
14506952
15098274
69559057
67862905
58838123
51086110
35207894
52551707
26878110
75469521
28863952
27527576
62349786
58415918
55804435
34856031
31818935
48379456
63735558
62184296
64727441
28645608
51355086
33991741
25455501
55031680
28207766
75232535
54324298
38696263
32952306
60385795
68464390
62452179
38154683
17647217
34111024
13786630
21820811
67216899
18895707
43579559
59950557
49127042
14177936
25308609
50443809
22042241
51549498
73173833
51797178
15697255
36616349
65292712
61328812
17990235
21691544
51315932
24201438
44922254
76564040
23018695
61317141
59896812
54951863
66328192
23000778
72690233
49311694
20245762
10872695
49412098
62953053
39970425
70799598
68825334
63983521
34858030
70957286
66396468
60530048
32858369
74439439
32829644
54553427
11969735
13805902
67790093
75446145
51395463
64989179
72774935
60558219
11021167
57240365
15716181
24798479
78515756
50836128
21614442
40458373
37159657
78511578
75049498
24531404
39375281
50868192
56849816
48234505
69002801
39887935
66422140
52960597
77241809
23324311
11119842
43687161
31944776
56187209
18842562
19743489
31956005
68917382
32175396
14600204
60815806
41222397
54968499
36993496
61960357
55840306
76928303
53851720
65306578
49878049
59277757
38111460
73946279
76546130
27810137
37465471
14990931
36604635
11089050
67212662
10702466
18650812
67308911
72169057
64940154
19779026
43273135
27351707
20413174
30185803
11223488
52820180
58380285
71573052
40236274
62100083
16097765
16799997
14856352
75729220
15957747
23027728
12703588
75318576
18153232
32242009
20633874
61966120
75567739
72596743
62949210
61050268
24016657
60447810
53547820
72131313
37511775
55635849
29276090
59152639
50904908
51025662
79888697
74030336
51918951
75665912
45470904
72471214
36391949
41788066
27932555
51887941
77597151
16396802
48643559
59143518
64860524
35165305
41653611
31215991
29228845
13901442
39673347
37725812
64784538
27365910
57724214
54025212
19418173
26895796
46363346
40362593
48542953
19180368
57826519
26902214
44070037
37293220
30545373
53593840
26191052
62435073
28732261
59520933
66383085
35132621
43902694
50968514
79469255
58624345
38853204
43087327
15437236
18057963
13138297
60710418
79277007
62639360
72030284
56853607
79243823
25465051
27141065
40208628
29044827
54671616
50412131
74379513
18679572
71784100
47653751
63622153
32138959
17378941
41168481
15952117
14482408
70676575
26722187
55753523
63191813
77922568
59202854
14398049
26307240
48472572
50728453
19891492
46556100
23549963
12321830
70910986
73607534
47686508
53359984
41920395
22182638
41854292
67065387
47054228
40372659
49157972
63563745
16110894
30872323
34994211
33847916
38125427
10939448
13404842
15027772
36785824
58069902
59651444
65500506
47697875
10425538
67509819
28898526
33536240
49184148
22255632
30525995
27629863
72154374
36197965
41394369
23900904
22897388
74054292
17049747
21852862
31307582
37709797
76770368
76335139
63511551
20877332
25669040
69504348
69124126
63273748
28792599
48041177
71920260
49100623
11249364
28843105
55676831
24413861
47227542
64557816
64812934
54765752
59904100
60060902
37906114
41179107
30595147
71616586
67703033
76620665
20022689
58603512
13389442
40969272
15442966
41372239
20391492
16856562
18859688
21603224
37029652
58156485
53242389
67412656
21623656
64858300
21676380
22289045
54885668
31396398
69427988
26540445
29266824
21533338
43584246
38771363
40022051
73940304
13115048
55089312
18605370
18661170
54344528
40673651
74113797
24206456
26271254
35383038
37888737
19010938
46204059
55174315
19989762
39463976
11357747
25376633
28422007
78785313
63395058
61183571
24674580
71059111
66821236
29173612
35798346
59613146
42811964
66658245
48071234
57035811
38191133
43752742
47612648
31877267
48247178
46529758
36235365
14594834
29978300
43740572
10585590
21702963
38335429
75824004
62129576
78926356
61288858
62537837
14989201
27114562
70490112
34740377
71878154
25460642
58937747
14462266
62706306
17788838
75813009
64732230
26394018
23858238
47646463
15241606
18454399
63556879
22494173
49013403
20770614
76595135
43046367
76458114
53590284
52022674
20167897
53136636
24878873
40693699
75509100
27048819
58579586
33465350
28607808
10178334
64222566
35749548
46254939
74429975
32459073
31239188
63462572
30859114
13984512
76793258
76184587
38505486
51794041
13558731
14867786
76356535
39617401
63345044
16203940
47479296
22125815
57917166
10370725
73239642
37865211
26674387
47747654
72921766
23195596
36595115
54733348
27583378
62597162
59313460
74399410
18753540
55922817
47270969
11439910
60935245
33067799
61724292
10304311
34994172
33203935
28069813
42718551
31590406
73057246
67094636
51507373
67727374
39485441
77470751
41127201
66799612
78484896
34834805
59082677
16905473
65581497
43617694
67577772
39186492
40445162
16991517
42783126
14636331
31125614
55096670
26962297
51729170
17995245
71174960
17460033
34893873
19007646
13569470
61573354
27368883
60627665
55935372
61907336
24888635
11654361
29752711
52119903
10002394
12340528
42714126
10318690
72792515
44524491
31969131
33436015
17511228
24736469
31983096
70530734
79282531
25847991
29075092
22590702
47309353
71274663
44770392
20725671
21834496
52126223
34634602
17907458
14070413
57910289
40503145
69209598
68944341
21660969
66426961
75707048
26527739
61433673
79742565
22796644
23575633
22426829
76440741
49876487
19805329
79498464
44501115
64172276
21658597
25976388
49781817
75083575
72690883
29230360
76089822
30472873
66843840
47125143
40443540
52242369
17283430
20086954
47937482
34963746
42350005
62214541
26677734
16637510
31583284
53174577
73074588
22531602
59795824
59266596
26463095
56063516
15939089
72483136
65505354
48872389
78832418
74244283
25291206
37777061
57124944
55451711
64826314
39417417
71920093
67549190
73179992
22706242
49901971
20977526
30353300
15357328
74093250
68814280
68357396
18887100
37390487
48098366
14504486
48357305
77770259
78306310
46020742
22784290
39032081
40188731
79304617
70914257
47090706
44739436
76658594
65623441
28942609
50997829
46784283
14894015
72706169
11896956
36206969
63296118
62446500
45220268
76659809
16898014
34471952
70254184
41282896
25215377
38902512
15083373
66293378
20371220
74352057
11624896
38228718
48374650
70256461
11905288
41927661
12949241
35412662
67303271
49977956
52734465
14064640
42607478
11891454
60096068
61019295
35210549
28231516
36959084
16741058
16866319
64344786
15912245
40756473
44500641
54477462
10776007
39481360
65574786
70678765
74230749
17439559
56710142
31382118
19227980
56301687
10520111
21524782
11010843
11825055
28247431
55981149
48364173
53265835
16164125
36971350
43094723
76319009
12695151
28455822
71059593
19744818
52181500
12532247
48541586
52309501
69482482
51994239
38741946
51271280
62677498
48277587
29323089
58777835
48691535
19638600
50174696
29941366
15868800
61609840
11090953
28797061
76278726
14758167
38966312
67717845
54478380
46353609
50254633
70372699
50231035
53158600
41541176
71645502
48667409
56406721
31090170
37850436
63435831
21302866
65980984
48759315
31939880
77955063
39868169
24525449
41004567
62062666
76984668
61241714
58771164
25904733
34481934
75257974
17571393
32255307
45683289
37967198
25772165
12061589
54787780
22593893
41958704
16496337
20511867
27714951
10720928
66847793
45324872
74188193
47459102
73912870
39386572
65581811
35521336
66032219
17011055
62603841
42925368
17862007
49886919
60385906
34054231
34083582
22374189
62779992
61897794
34656098
18064262
13154956
67515939
16358652
56995574
23683375
15363091
59052454
67429697
33393473
51777831
27182376
69234356
25524261
37840995
16778989
15887905
73834269
43274217
21742973
25364545
77453246
28182335
77898671
36181165
23024682
58203156
60874468
73014124
44803488
43354690
62600616
38363361
63069531
44066513
42846562
72443187
26062171
47150026
64513304
59335078
58707314
10244934
51481268
18985160
36553792
60815617
44357086
51131282
34857720
61956284
23205623
47020950
30311039
16102237
63026905
39392487
11095768
54377536
46276177
38613154
15553882
72723345
21827373
38759896
75304073
50096580
65517609
68881253
51517675
77161380
20274903
43350671
44482403
71494263
79512714
58854466
14204162
53006163
27625638
26578731
49432355
47348003
66401239
76417564
32528475
31884252
57083951
51669898
64881242
22526503
18457788
39670277
18217619
70369221
16068753
76181601
27061517
79438168
66574000
39918057
25373721
30116683
42049949
54960430
36963221
62537627
15030536
74391487
53027476
25599800
16043542
33636860
70332234
61221318
29098214
50091076
39117991
32294893
66001205
17534573
33317218
76723859
36489523
33684199
76493616
24971572
15607015
56212437
60928572
41283633
60809998
67528471
15744419
64926067
67922403
57894818
69951840
38395212
12389518
51366082
75348084
18090877
47261528
44631533
39138653
34698543
14538078
68733901
49441674
28223660
61969681
67392040
66093566
28010563
40329943
37676865
26462666
65309174
73323917
13264528
28179531
58363610
41876519
27297213
71973138
76071606
60869230
52170587
35413368
12787036
13622324
24531555
34195899
58972941
61696830
33799766
44189137
49734497
21857264
18958128
65711802
24862064
73528255
28132784
14786646
36694143
49927389
13049661
54900163
45232097
48887832
60311127
70293326
20820694
59054149
45847656
48757293
31718506
34602320
72996618
38917641
14128755
59575207
49365628
13544627
19718604
77323928
18202753
72422501
14470776
34402304
18162999
64337779
45649132
12143899
34785452
50919262
39011413
74697617
32581255
23671943
73687384
79190440
50959070
22561511
60080058
27368675
47416113
63098533
35534350
46903408
72222927
68635796
69606506
13597959
45056945
52088221
13622474
79407810
70195952
15999972
59085719
65700006
77587504
53639514
16703523
36598979
37684096
78960075
73161697
38285251
35405985
65496101
57581738
51130067
30627996
21451949
20046976
40095145
18879464
62734803
44184626
69790218
67470019
25460402
51832749
44803655
76501138
39122375
17941184
59497581
42207622
25513691
34974504
47375316
64037395
53527677
39979061
61763616
15803219
34439411
62122018
67341474
43610336
44846398
16155504
78387256
48130588
63765273
64668864
36391205
46887506
62961262
25292098
61240082
63019470
18846398
27319552
58756979
76697396
14973363
40348412
52898855
54496140
59870129
63226740
58943206
41103645
59946423
70150689
22163345
30584715
44472492
18763943
74869669
29319699
28318732
59213635
29030330
35336960
46267736
58823533
18159583
70577319
44534373
60153771
77259691
42764103
76758468
22170672
24026945
64065885
21929090
65924655
52949680
30279469
62167243
11291866
15040700
55379545
19214537
66140691
44904039
49469413
39193538
28414423
27499612
13331855
47004639
37131395
24397098
15841218
22585983
40553259
71234232
70051353
18273786
24170857
24642921
36399578
54799191
11668082
47703881
27016796
55644111
13636715
36999620
10425517
37189110
23165840
11338632
17688011
78392654
77029793
48083421
56560854
48678909
40981352
33802670
70183907
63009871
64791956
21937189
78979572
45517787
47346596
54807369
58190694
36880656
77087834
28460707
27652656
13303441
46476726
22677935
61145496
13926392
43654429
41126576
13946446
76870813
14699492
70819283
46126240
72257075
34223146
24782794
72075162
14417758
40617897
69292177
58937021
27719916
61252422
43431080
61719741
44496423
68158010
15526880
45886254
74441114
51869155
34329982
75083749
49446160
72549672
28431745
12850336
60721305
36226991
13024209
77753872
29679580
52350927
52255199
48751684
74758219
62264479
78370043
40771523
14389006
44505674
31181654
40307834
11167239
50726602
53177705
34853247
33675737
75143969
58191503
26017329
43813269
70251929
46226242
13303606
35471032
37217444
63775072
74299636
40269439
50220945
11385502
51274656
45375790
11418784
58415580
32760595
60444546
68534058
20261810
66875656
68825222
29713124
51265995
44412660
69561532
12714602
24149183
64441814
63999947
16702903
47028346
64206702
23789434
16069485
66778649
67621974
12173273
20506523
44780396
77426015
71907204
77575842
61424158
16927561
30566202
56343256
58588710
31244379
36669547
10936557
75243983
55662701
63887202
76956819
66763478
24222970
44534739
58744036
38508260
55165077
35682878
58239026
50894438
57678263
28663540
70549502
79778377
40988322
37721678
53099562
68182268
57773888
30515995
56645019
51172706
63604241
42196936
63012446
68899611
26493640
58542499
75732690
27732336
49929375
15408523
41324327
68526321
11014842
33968144
68230947
76431124
10377848
72188625
31533787
39549194
73929872
73627459
65657824
21587340
33359922
10166595
22786053
67603982
36939094
19655667
66684920
47716519
43772295
57562845
67359252
63056617
23035216
76143139
15380568
69842956
62566413
57815390
11671813
43102184
12152999
31687514
49341019
22522334
47945464
47713646
29012981
25881552
71087165
61947800
43454258
15346256
73382775
40574911
71896896
62570922
49213797
23172291
27896344
49555269
53690868
76337293
64237213
64935056
39322345
79977374
10305142
74980606
27811338
49279847
42278574
54202787
39182806
31703107
56927232
29876695
47497220
36973938
32593193
18269342
13837007
73490572
70287801
18805541
72842923
79065776
20284788
12715407
69924228
61742827
22616704
33527779
54914875
68480037
71649648
69389066
71054132
33174087
49945680
64053303
54871955
74073641
56802076
20216119
32513367
48063487
50276179
69645967
42232150
48960103
42067463
30574964
12029293
49823281
21967807
34872703
46402921
42521353
18386636
77728815
63313374
72658140
33228348
55785308
11429664
29328533
76629512
19336522
12078202
74706697
59211897
13601980
52935574
32482511
38326617
11993592
53323673
50229324
79692540
66099460
11534842
46617396
48370897
37780589
58290026
11171050
40754723
65579833
35542260
70303083
30882864
30909393
10888285
29361612
31765006
41458770
76947533
40698271
22883499
77039044
37184333
22498717
29574329
19387306
15721762
23530246
29137418
17712317
48908418
10617583
37585952
60866309
48089768
37706923
34463591
78690975
41566202
52372339
11396897
35625843
22070011
33928428
15653839
26957380
70008560
75282367
76118659
54643343
30352837
30640025
57471748
17706167
39545080
62564467
67535540
53944486
43548785
18976913
29946732
43963117
59736995
39195904
53523518
38247310
69794310
52960944
68782017
74858751
10599247
75341537
28443460
43481237
49698844
71416724
30924411
38050870
76940519
52567366
10508536
59693644
46921542
23065093
27894234
74430144
78875307
58484767
31734204
36919688
12818340
18613284
57373451
50679908
56069939
61102979
48639232
45376290
75878696
55457683
39344460
13772681
64721417
39802930
27249786
62325096
63823094
30144274
16747604
78484250
53655413
57359285
67607587
22064572
55118678
40804738
42914068
24537281
22326934
42881940
24645199
66475446
20704602
78557536
60224460
38221335
36612754
78774490
68124210
53613603
28538722
18972317
21749302
22602294
27721734
68103401
35330279
20758013
65756873
22705388
73603720
45431310
49596893
36768703
44930616
30077623
78480984
69897396
12648020
23044063
49678708
33173454
65206888
42230971
71341925
61917185
26396093
45463901
47750838
58253412
54478375
56813564
52823884
16934301
43284234
40569266
14418977
33807720
44714932
38342707
46864749
33807150
72673812
11878839
33235980
49923883
63926460
18168221
65007749
13579865
24221781
15184518
55462623
55514555
33632427
14359006
77706106
70039639
22807254
71126173
12326246
31739603
54303302
36476689
35282545
54134628
60335339
38261477
14769370
19650131
74133568
68334471
75549792
42448143
10165586
41970456
16457334
19713929
27717258
19263319
11916362
66116221
54585777
15330812
15303803
14330172
77731511
22266910
49981011
17690218
63266721
69727571
20879330
57861616
55236608
43848484
55100733
26770806
54692472
23862988
36858306
30842779
22383135
66957473
27928613
50278637
40968774
66621026
56864235
46440147
38253414
35847261
12935365
55253267
44583831
67396570
21223202
26166085
71030360
13007676
28371138
29257478
56276103
11910915
50183712
27194679
23698424
75630955
14943738
52914818
38517931
14201626
31292130
78615163
28663629
71740983
18358182
39809715
25898003
51663071
20590768
14688481
76480262
66129581
51709888
53262346
71068338
77373347
51907665
76612612
74921238
55087232
14535602
13637233
77722626
52814338
15193903
29317362
18305747
72222179
20831376
37352096
50053455
55085790
35854018
31394534
26830207
73911176
56362381
37542191
64860321
15665750
16468515
72719980
50006660
76820071
36603473
15880005
21922799
32561462
25847563
32328741
24452456
78286723
50482459
52165155
77947443
47982790
34298178
40274267
55478911
67637407
78552081
54488858
56015215
60472307
42208791
79403286
18578321
23256376
22925328
74257847
60383401
39608009
13908404
25192942
52990643
79256524
34506025
59365948
14260970
65646172
28220611
44413820
30835522
59686201
70726101
62327683
28482505
44234323
63521918
67782929
34028109
42488199
72748002
71196146
45170607
28971991
67122307
43176849
54769528
29685011
46923718
10532964
39172940
41798680
38830251
14188162
47836356
37997773
42733216
66721803
47013056
27329811
46201011
30429887
57752753
48570594
37991270
51166117
76701904
20259460
37871406
71647611
47959237
58157872
32194874
27200843
57974964
39235965
33538787
27211916
22696334
67801996
13152044
21419164
51073885
61602503
74334972
76252674
17869159
59372231
74063031
65007296
67280213
34967540
68060989
31691917
67055854
36428170
10382830
21466408
51881127
32352164
68189339
31420872
44892211
42990732
22205766
61130602
67811265
28463583
25378802
73568666
38014614
65036791
77230044
62302229
58457872
54774058
35663628
38897166
35306007
33525510
31887412
59339974
49395217
43302339
48168552
51003013
10472386
43186201
43848486
14924159
77613691
47394546
25118536
63227710
51929241
29527996
57517136
21592026
65318657
38689920
28824896
25009818
53452418
39212650
56189314
75570530
21313626
29924590
59966720
25434385
68252586
31384068
35204671
75122445
16717454
41822639
79524952
67190911
43690317
24883994
45793933
67628432
65057286
46279436
66418529
18744970
55905169
45874170
63441582
23109499
41015410
64203297
76753120
73900503
44125113
65171121
36300149
68681124
69163860
17764855
79317715
60026364
46538218
49676103
60082276
76219404
77490733
45120982
56603525
48801077
77842710
49960961
49534597
47112085
41570187
47856510
33815285
31553283
65347752
22306465
51245790
46005084
16645394
60139884
46140170
35108686
74089211
26994053
63563525
12375109
19862724
60523283
28022839
53857377
13245826
64352206
20541988
41314201
23946329
28366990
24484550
37150652
51631053
31460332
22611696
31214877
14341279
51276338
71126379
52862118
66674056
37351110
55731795
21275909
63045290
24990871
20185620
57690569
31511716
42551486
61974568
14575265
25860010
63318374
50272975
48500564
61878919
63013813
75297954
29593037
39089866
43524805
12118333
35684835
34647176
59215233
44356802
68522415
67769766
70300121
78790112
24166408
30109643
62104334
56320552
73123228
41195684
77029057
54499849
63677770
40675888
77946631
45728639
62498158
75338041
18240786
76821008
66009841
16326579
26623256
77095785
41773210
51826740
32620126
13172946
53534188
10401607
60845431
18947294
61056568
37011821
66870486
10416976
59318742
74115749
10452035
38071599
35629974
60224618
45220279
59272736
14793525
54851369
76052718
56204613
53499713
75546709
13054968
73650572
24298278
46827984
20107072
46056454
37573339
38651097
79686398
51376360
15346995
14271809
37208108
75935329
51204645
28641923
58408526
37306636
30288898
45221665
54264307
71657377
74400861
65458012
15427057
63032354
60780304
33695107
12404411
31965760
67231077
64490196
69339973
72843809
64773700
57653826
78013422
49167719
21537579
73860657
60785904
27230268
75454126
30480737
49043084
64149706
44722204
11896419
49126571
77638524
46907534
59159382
24499504
15907007
10503803
44752056
49565307
53564994
10119184
54711965
45268272
58506150
53253583
35706330
64149927
34291668
61552434
17488887
76537440
24002539
31834418
30656234
66102596
66340598
34653216
44119894
26852764
74731212
10847909
19192653
33012987
16399437
76456376
53804096
70858796
59630180
56488277
33627024
69236508
65726457
42672185
72056137
38638279
35287940
56943147
45304149
69813724
29653663
79369316
48014265
20566291
64509447
66449344
26627052
62499418
11899868
42535959
12951663
33636891
76835773
53710998
35290991
42945627
52938741
24967269
55528084
34671990
57228887
52325484
67466340
17712230
48843535
17151572
44216950
71983427
53151820
78114633
67704615
64097073
56801757
70467046
13352160
58377941
52879160
53104553
67345003
71760835
76736437
77471637
34924648
11442353
76816308
24138130
79812951
31344477
10816139
64539811
66027418
61936848
60403817
27016581
12991500
62936378
38642066
31114355
62133841
14748900
19525537
11660115
73122028
25253241
67813820
43477711
59348656
38799281
40152682
24840041
31836096
34547719
21369343
65367943
76899049
61858750
11106350
12727509
60255619
44789034
55028552
61355767
57849312
78557893
49438940
19953270
71556291
11967692
59900825
51900555
66903279
69338656
25639080
68106909
44561794
16634336
64974833
45164341
72611765
26772679
75016830
22811074
35327562
60011009
23700008
12355871
41172899
62586922
62456799
13651801
62315071
79383336
61507482
71951976
57477079
55953665
72770739
55830800
70192400
16716026
52596781
49218719
78045289
51707162
24913830
25687940
77286738
60713571
15189114
68139068
23699008
65880811
28438945
43226721
67562616
59470932
25985539
56030628
43814202
45404953
48339541
61726341
55625912
30611204
11660111
73210570
36436940
41230710
33991161
25739710
15302810
15590890
74823112
63000173
41475353
73794145
67865798
69969395
37935866
11302841
48447105
45049449
69930761
59706640
30410776
63856545
53631938
43948358
11623712
32720770
38858230
18010426
68635456
32739353
52498282
63109174
45205931
64612244
77146337
35055525
22733432
61401820
46327074
51487840
15331894
78871196
66113073
45864685
70446595
68681690
37057193
59823476
72712686
18719005
24682837
70377995
53496402
39520014
20116192
35320226
72769353
22408697
31487449
75848449
37778965
79730679
19569544
22246455
15478960
64839641
47059756
76287314
39388412
20096469
46784017
73105081
16880961
72853664
11222912
65302005
32214898
70976143
60906102
65410097
23847978
69647979
17756176
26266407
19442333
36495480
38753350
49333304
78392558
14865400
27522761
45078839
53596552
26831522
52114591
69129935
23096664
54400144
13556970
54639148
23843665
15945711
77519793
53432283
59579749
25952356
50177894
54545612
38493823
77926183
48330433
17448243
18006965
71526852
62947749
66899406
58318413
71240791
50521093
55216168
72798202
62973613
52784251
50582288
59937967
14410510
36494658
58253266
75930935
66401950
48197941
31614431
32336545
59862683
13839585
51709351
55863924
29180275
20142344
15575680
33981857
12619509
44704450
78014720
24892116
44956295
77307189
71939833
74137091
51366583
41286594
67870656
24791368
50796222
68797847
29278745
43543289
35119494
41281081
25053947
30267135
75748267
60302885
74462972
35243473
39726748
48391308
50652463
38403086
43458109
33401685
78034898
13993632
59916662
23665550
73740378
28966065
44493626
12274750
23022306
31363236
71850775
72645395
17184313
50185826
33918991
52319166
74757467
16306126
57396362
74334920
33674544
15578138
67317584
34492439
48320034
38132419
54429167
69995858
70376371
79929658
70822746
31885201
78928445
15375324
77364302
73342024
70264359
65990371
12213807
70809675
40434273
64667176
68373137
44771861
28202711
59115468
45785324
48830589
50696932
43868263
13017479
73298977
50015602
41752272
70386870
41898663
50945376
37022688
25091306
70418520
73643323
64187076
27712789
78423984
38762400
46723502
25885293
31076294
60165756
67102029
14849128
39866897
77595214
74775040
16828729
50805167
15536158
32417761
76437231
22902248
19640657
77649409
64103936
39734247
20456882
25503657
12182412
77098545
68758084
30584857
49557050
76214588
38325921
31691927
65817648
38847340
62173878
27074740
11678267
50794929
70814674
69588057
38262503
51642296
20146619
68147770
78370265
19461161
46344790
68289016
47759500
23421758
46831438
36895937
72448633
43448563
75126962
50799108
66996338
19332888
53117075
53653866
27931069
30556544
24743372
18785095
75598262
66889640
50549573
47775484
39224133
57904228
32892712
57630612
48735512
48915670
28711461
22262673
45257757
12801338
71644677
36312723
52343790
13094035
42580716
15852534
11129487
79764680
57342543
73146592
37118233
11745610
12403556
15491244
51188285
65245208
20701916
63237347
15640481
36518886
54676603
19392539
30153700
42019941
58040085
73356069
68869959
59676767
14709144
58098966
71619414
17005966
52190634
52044908
50968950
28840922
39780735
41997451
77862332
77839867
21743431
69186672
28447733
25898688
31785351
64328457
14328033
14924750
55952485
63781709
45288732
42654779
25690643
61611226
46030338
17787491
27318286
35613704
39851376
60563670
26016819
51413023
20220477
52399660
47713081
17899823
28096557
55965518
22965541
37352425
28432097
11153140
69467011
37616263
45904852
24179660
31727311
57180734
10269122
49943065
12618555
45493610
12807786
77273949
17250803
54470872
56339683
36463890
63631849
27483353
49429184
39016796
67028950
19008119
26493705
61481333
32936670
27005906
69745920
24542473
24953239
79540499
72852587
19957712
52599519
63015865
49227480
10622780
54205631
40260322
32350327
51867455
73369213
27543105
33749766
38545895
14553782
72772075
41558517
35666411
15992390
12453100
73026359
33741229
61128571
39096920
72603597
20153178
39992763
55982582
29928382
66001477
17868557
57582859
64393656
39625458
18282260
53273618
66043641
26070930
50471124
44528274
31049745
51867831
17255623
73019224
69730391
35293593
66710059
27591228
53959172
54674294
13643120
15748388
21598271
77899613
41846226
16513556
28183612
24238116
67300249
61824870
43932016
36994622
57001547
35937085
61086735
25314261
57047077
49577963
62529017
28577256
77817265
57902189
14957882
67109237
48975003
75588648
75442050
16922564
53540580
56109884
40397593
54166882
59383505
39172032
12081592
15574510
77608188
65167804
55927202
64853466
74179908
29597168
24391187
25830691
48097340
65392370
27048337
26297161
46153898
48956752
71386284
18915471
12481582
41390753
55239405
29264528
76569065
61508615
30688683
48041805
13071942
40048824
12589788
73468581
72454724
30816866
34534388
28902039
18778907
50575532
72153392
15667563
31397322
39417945
76202840
20395836
69600316
35346938
39732273
24057178
20320617
66868197
27397134
30537251
48608900
77639886
50308794
23758665
66578107
76917589
39603668
77344593
73435669
21982551
50533966
23032171
55424375
61975434
61448998
41886848
73764730
44942368
47001467
73666281
37716253
40741489
24139130
72516453
27472429
41075033
76815907
73392447
66528451
71056183
40114857
53566260
17156860
42203471
67958019
33979111
37578665
35045383
41073753
30293708
66971777
20222153
62934450
28711007
70833720
22331393
78145590
77766737
67191696
55822555
38867717
38444925
59152752
71590401
35465061
32444460
30747696
50765363
75591868
74799615
45086611
54268904
43935778
72519049
54996120
44385421
59777778
79193162
65630929
46625943
26423589
47149645
11133353
17204840
29014126
42981378
22188106
21712840
69796978
27435639
63311094
10473560
59060705
34297392
40729233
48963182
72302598
52966057
78504055
29506001
30799284
59098434
70156771
48734405
30105296
69432493
38824426
14922184
11899377
59046611
72416843
28663291
39485512
74375643
65011548
26522603
11745497
50320174
43011776
40247239
33544238
59874994
32681842
21720971
39982757
69422711
74124638
14968035
58283472
24199264
55415061
68786917
21619400
52919759
35200107
40276893
53948788
55215382
67615372
66184101
25368648
40949711
38340281
42682506
27758984
59628973
50269954
24009196
45253052
29459071
15191583
14864447
29362979
46333508
46842797
64596930
15262974
78114632
77090925
39866099
11563314
50182942
56332089
25306719
73260060
44413914
54251420
37808683
64262667
31773497
18500913
69801015
68080623
69138524
59696224
51298963
28418986
46141061
26039463
17151748
48237171
53884894
57401125
32242230
34204604
59438380
58959378
12860002
19462589
44429719
40137342
39037402
36607451
68039741
65837408
75849067
33009934
44851113
16295003
47778336
66261717
10269468
24208210
24644766
27397798
15151159
54110195
61929520
66370596
32882932
69354829
54878155
65600069
66058175
15269273
23888265
19588426
23259511
63492645
75383428
36236635
38761563
73564375
16163523
73266706
27016838
28451445
62170775
68656937
42246504
32207044
70272987
47943914
56722781
17733180
32108767
57903341
23010167
42705335
51745408
55541956
29545287
55170476
38601537
71953512
55657568
59956649
71469795
50569476
14544737
37139027
79209741
29505640
33624975
12985471
43659563
28083354
38516819
67458227
13195543
45366451
25753738
33282762
11372595
75237613
34511065
34247248
55661606
35303134
39905757
73426276
76507468
27319393
71702112
63138629
56666038
52435135
34115016
11983177
22324046
12742454
75365631
16160484
57455128
39016954
42830974
23927462
11584576
48594110
53704216
21734634
29902191
22509488
16541977
10451955
57960822
16775812
74469057
51857924
22927492
76891313
12629155
15794150
64143103
17279529
62746464
72191691
55603215
68649357
65423328
17254508
73889470
45879868
37076888
72395236
25891688
45938619
21129371
15038604
17608291
46056004
53381457
74002227
38067350
57052103
13495444
62928742
60223628
69957038
73760000
50411457
19931236
67588407
15982041
61023124
32165485
23362040
51164902
70299389
17709912
44715691
47277714
57529590
12440565
53049206
72915413
22487274
14192350
45433828
64470151
44219399
51559752
62686410
59602999
35148778
33061167
63266180
24452151
26480343
19661078
34751652
27287961
14931624
59536162
34493654
18066104
23063062
25650641
13228848
65798543
62283566
35364746
33973325
49004078
29736130
34783974
15969662
78893183
78244635
39321607
57780951
19922215
42348077
34812255
46359775
13091890
11183102
67321122
54254712
66011326
55083659
77577886
54028227
19612454
13885553
78052181
22004791
21677108
20279170
73756686
53798776
39832475
50881669
35872215
21746634
53106431
76864813
20963799
28602777
50129357
15505101
14352591
46242158
33974118
53956002
17819292
31943062
35996707
18127731
51539473
49725542
36868892
64618785
54756926
31732731
40523602
30992384
10554994
76020136
73840540
13042072
21084415
47121319
23120549
74199044
67990932
38206837
41279578
28714507
31053099
26427152
39871769
15096510
70240198
40270765
14284529
36134201
38199651
30138144
21903049
76520002
64802958
33433543
45684203
61557739
64046026
67075169
69618001
19194586
34671916
20263520
53159745
73471431
53740279
59207615
47600070
68491202
71379370
69405800
12448139
71813790
26989971
48993422
18782141
54618181
46515643
46870136
33235393
18595276
78571924
13882025
61996493
59535911
51538284
66365122
66834052
33043757
10445859
42302024
42384518
13252728
70852704
40139093
62226277
65482335
78325105
63075874
54537051
73506143
33241032
59127374
78952900
63290541
32853838
73093041
77703458
67090466
63502109
10371934
45376318
31804749
29496773
68849721
54481492
56903987
39048431
64167645
31859312
36400702
11774528
78361624
67262760
60324863
65527539
37916559
74009276
10819834
53819909
31196632
50903919
33372344
78649674
35906603
20737044
22568769
40281006
41176788
71436155
41523712
50724788
25021860
11745669
48973742
30033883
44318168
60993591
28011898
72443059
56046938
63872864
56269444
61381093
66176057
35905495
37399716
72786811
61760095
29860001
49553498
60833285
19601436
42886072
66677856
27149056
12883466
28351878
63681875
31320355
26306038
23467438
29727761
47904758
35756256
44075848
62288048
65771118
30661848
27751133
65720584
76024201
24728030
29163248
58318021
13356945
41981263
35368805
15667188
15745322
17236322
77641826
64744539
12072258
31121055
50826698
75894524
65989794
75429203
51356718
72765046
77203002
45439391
54646923
13026471
35836522
23279440
67594030
54974612
37037201
59008087
36011758
54945756
32558583
14269657
51074728
36064813
13185817
66557285
67730382
13752303
17010750
64118314
10270721
66888517
68868676
62002658
34955997
74296924
27590543
67018020
10311850
12193420
51982216
35614206
51114905
19757478
15354015
45718302
67632896
69244524
70090656
76764263
61177051
47870720
18232843
25776701
70915630
29593341
62955646
61225709
16651092
71613344
11935021
71084379
31448047
59113757
42844292
40912656
12567206
40970778
45612618
13240695
75420695
54857828
65989961
54085131
31233214
12607410
77285835
76118321
47019649
16928051
38322293
30442709
67402455
77794551
58673458
78930183
73884448
70374943
71462722
12379410
70995095
34752491
14590388
40538850
68318423
55299140
68557717
59640798
39385442
17816364
55838941
26368358
68667642
43422807
35252111
63386547
67570357
14951656
47579824
23798667
40521282
28054314
62558230
36799944
11345361
25400185
65690515
38883752
45038777
75847817
64668462
18252020
55640506
44377987
65749302
69537303
22014166
25752131
17135774
10813227
15702210
48981172
16651332
77257575
59466406
16058547
30868011
17178102
44487621
14293191
63042516
71405913
58054869
22254249
60885278
56139291
31774521
65910746
51442293
70785152
13139039
18880383
60726219
21518661
44628771
69651366
69722041
20149628
38243213
33134375
59142269
66770469
71902519
28392309
51981329
75242735
71593998
66920822
69459690
14210179
44051294
23750423
77370637
74648702
16595465
46521619
30855088
52492673
47778379
77432390
51139681
61442735
73225090
21946419
23845996
60184960
18801266
25228894
76855697
13336047
64869600
71437044
49182050
33900723
12733610
46058415
75413111
40648171
30272870
31884039
26798337
15650134
65076395
35104698
68228347
16811087
64571151
71728478
74123723
78981868
53203295
72274254
33101863
22182374
75026044
42598718
17695138
43808947
67742945
10153320
26339788
71149649
29161966
40773573
11084327
27083337
47984201
27975417
17950576
59241987
55002104
31603133
43589446
66109170
12543063
72292593
19767153
22426973
52047138
79008873
16546544
30874003
13430624
41609115
50606932
13385124
35565851
12633208
62611061
44458676
71073982
44548963
77997621
61200047
75319244
26806808
50341727
18866162
66040775
70480978
20772417
19351587
46948160
78066266
50375363
55274261
41654224
44107247
68567302
32479096
51378673
76636263
64453523
63312728
18100599
70059098
27382328
57808864
44047646
35277137
68169217
35546777
46385058
38639619
27134389
27614050
74253942
49494638
17816453
31961045
53243130
29340198
20575658
51436696
24501536
70580102
35609107
55858127
72854360
66352259
19102820
25254850
35688915
72111589
68533229
41507829
36594263
73409543
11243972
53959676
18599533
42342136
73691837
16540310
25252592
39132492
70301581
21316626
21986062
79614146
13613356
49174446
20083067
10014456
59424116
47870011
43851138
60009113
63420570
74510840
65357603
13559127
20292420
46772572
52638588
35506742
70318359
48266697
28974505
15591849
73540143
30352332
41602798
55696307
70340772
66864279
51252057
58403982
67935631
79064757
58293750
46932075
17116858
61699680
73017089
61855150
14965607
35398874
61122769
36855192
23651498
43387687
59310645
29727428
72741665
28237927
64716963
59313483
42549469
35724083
37262408
78463404
12926378
71031157
48479717
38013045
20645720
79602259
60225351
33878861
47266341
18017736
66313381
36897160
20263489
40331849
44435868
24719721
24733197
35858508
18578944
68689915
46514966
35264136
53793154
43296468
16785103
47550242
41982606
15985415
13151261
59235015
49005806
72945125
50524110
62815220
30108738
19763555
77204395
62631088
50821393
77380058
37202159
47526535
10356398
32556341
12996018
34718428
32747911
46288932
30059679
41589072
25782327
57183809
25621607
34447192
32918811
70492846
78062874
24517058
10364657
58526544
11566463
19669844
20848411
11650916
61454368
65107030
45113594
76782799
38887691
22238715
24589667
59025409
62638971
74812240
37283240
61419348
74880029
61065325
31245885
29193582
48944407
24604328
69886327
22687692
10526395
45202457
47646109
13178522
56119348
18062599
58659412
53833082
19112520
19799359
32308211
40975619
54208353
60247784
78168516
40554906
51138778
36626959
54672895
24461565
43650690
20355186
46783385
38285274
79647806
18477995
58700609
64113236
75120812
78900338
63717644
35301473
13328703
10574758
24187705
68635044
29360627
76428349
46587606
14983329
36954393
10961165
22390925
45827745
75464122
64993925
63236565
65004354
69382571
28143387
49059249
74124380
28065727
36976039
32921551
65881354
10616745
26559325
71063920
20834339
15490602
63546682
24346590
78156090
56907025
32225375
11228185
64066273
34837546
25131937
72881772
19274031
36582224
48032579
70669844
58263387
54097570
41144084
54362328
55837578
36544358
61617091
32175156
52473021
37391729
49719369
79493168
67302743
77413237
77040022
12771491
57199707
17035477
64526330
34708671
18527497
17698984
54261573
31814086
52640159
78405165
61864350
77590843
75639044
26809228
26269935
58525881
66717368
22419355
14452619
66752927
65825821
54061227
67387977
40574906
29494002
38722995
49765325
13683146
77531421
60240899
64707519
63691375
10307591
78267587
75033514
18622444
39985783
74876921
19141558
40459253
39000173
18317312
34001321
21132603
19081186
45035701
40792632
50536093
66475952
31326538
25621360
58392527
42609318
78978416
47653314
24738259
54879733
76069187
74583664
45078295
76877397
58497545
72402944
24182091
79546419
20849135
78627298
50029687
36357742
53126715
79083040
26930565
78251375
50811862
35033553
63953662
37433372
76108706
38975183
26442840
55591297
37770252
13672090
63500140
63502956
17058672
36638541
62448927
39809957
30260157
16346164
70610627
17967918
25293276
68381629
78338303
65420830
57881849
30534347
20719510
12984919
60583378
20193606
34705159
57345576
51263216
20544383
47470855
53612690
37405788
15149787
40832285
54105842
48145988
38375551
40515202
44143945
65408772
41226119
52918971
29338147
32904277
24036653
39600489
70765747
18000441
22744625
40857602
64480604
79395219
28925924
36365911
34917848
12082415
37429665
56725902
64465825
72231515
67142296
69108305
27923038
32058125
24579814
79017269
65233159
44886547
20611877
19263140
17871838
21389128
53901383
20208029
50264780
53162232
67937826
31464034
15925641
56558508
75656678
33284000
12051652
18413489
68795984
47977753
43272778
75462281
22366591
77736297
34929530
79980854
61783215
27619128
37221375
23681542
36259718
66101376
60607332
13797985
68191643
59619468
60743869
16156818
24250831
42025041
24242815
48151762
71574781
20221333
18040031
49231539
67466968
21007911
41963790
58349787
65866604
33813700
45354157
23801179
77021649
71947993
72360003
18281327
43456389
53480692
30394208
27531160
42169974
15932254
51669016
70543201
47171459
66050791
67537767
76585470
60748865
58853139
70981286
63874230
30767984
61667407
50923456
52393983
32525283
34761495
62485313
73456349
42514523
56067379
77691876
70071734
40629515
36109263
63586804
32626661
65919309
12015400
21989825
60237024
49031651
29828091
33162215
69083550
46217140
27714734
38497387
78070216
51016524
58422484
66729994
43957603
50553591
14108377
56744418
21532666
22593579
78868141
46342129
42757015
19864552
60519271
12234270
79348229
35877156
65471049
57949599
23199949
70697899
35060910
29399699
77848339
79851400
67930450
10594559
74922605
16929646
50212013
23587567
78163145
13967349
27914340
42961554
64375815
10291412
62601341
27828663
74081581
25721187
33631909
74587360
19355903
73622222
63482577
11694598
55512399
37085512
11621144
27560746
12535922
54399902
25383055
55912457
62723812
30650087
27745263
27481365
30920863
68484998
14854548
62375103
44585309
79718187
27395961
39081968
42851981
78525967
65527473
72002675
43079891
61918947
20790957
67101275
31106981
13218744
43729198
60393667
17072027
58315540
31086742
14849679
69457229
64154197
26977523
10427592
11449905
68288240
11705711
10442237
48643439
24777887
23038896
44485875
16338373
42286353
79426922
46243875
11173239
23645512
29135029
78033255
40172715
34822632
41787838
73877216
54153092
32488678
11536846
39837077
10281009
48214116
71770852
28562920
34065355
29210256
30770253
58588473
11825775
62723984
13850364
44306032
15017792
16144292
54136242
48965273
15921487
35111246
28303117
11107697
60677564
38435240
35154624
39315496
69654974
16911230
46678093
20904518
12557224
62768001
51934391
52045655
70507959
32931448
28994629
24524509
15223311
69059623
10122988
23080871
78808855
76399455
62993592
40189712
34491932
29241714
15792734
12986270
32269156
35842985
55956808
69335396
30933945
79477694
22743047
68534859
56943988
10728431
37956744
41065318
32888768
68951556
22064697
50800177
20746175
21528400
60454701
75730154
35446161
71578822
78312972
78653187
52420831
76562171
73888054
71203950
47897781
68324364
75305390
69739579
29424409
77891102
19099649
14970459
73520735
52848241
61225855
73935083
27209360
22292984
37695160
55212821
34001610
67372675
44729482
13581867
27243751
38431149
24251993
38006197
66555822
25019419
11899352
58227555
45292683
77788964
62126884
14241705
75801931
38664185
13304149
21874574
17651614
43494161
50149178
59201815
72022026
72200194
17035363
50884563
24487015
53587020
39716060
78058265
50912150
35877599
74103992
68195147
43343465
62264141
10872908
18822851
43682419
40409195
57451192
74502473
35058582
72041432
67465785
75915723
79072600
45392472
48004560
74725015
42035623
53156332
45103086
31740004
79693744
79651765
22161640
74908204
66682718
79047260
49138423
67092394
56042356
77084313
58753649
18508019
42010344
19168204
49595066
43896694
78675949
53022648
71622039
55040519
41067357
27601999
45454300
25619814
55480716
19592167
72025816
69353584
58929495
56217209
73791640
28054749
76060200
79551455
10571921
50625135
52913003
25719584
65747011
63500598
35055457
79131134
70390886
11639400
77071448
22213001
71499066
50127996
60993672
72767292
41208326
51440506
32350139
61115094
62262412
66321534
34747778
12693300
76749975
28053042
26038864
51652523
24773490
48744065
65781608
21666871
61591822
79526927
52775733
79415806
16259589
19828967
32664974
37404593
25024350
63815170
59883241
11777826
71071909
50926635
27029237
75111013
22144567
41005017
27678029
36423028
79358587
52161170
25843972
18310594
33651352
74046533
18626856
48430100
32414637
42846905
38842991
76317147
23747526
47311950
73727982
35829309
32146917
28323463
36767300
47661686
54114713
74810707
49013766
70250499
31158676
55394922
66367013
41011140
55307419
53935476
70527749
44518276
60111935
75894410
14122935
58270584
14146109
75734972
51635713
44950108
48202939
58320204
22028498
62639780
44779671
70873916
54749510
41963322
19229289
19566554
74883158
55716654
66845197
42688816
64825285
48727303
47602412
76874520
13013260
27075528
62834808
58915037
29857254
73394378
24780128
79808967
23297827
16971329
26982585
74282576
27590814
51490165
78696507
35642909
64276373
56559024
22839469
73586356
20540696
61708981
77585886
77213709
24619399
73353609
74370402
29874543
38069263
23154576
10534684
16536615
15813955
40140038
79217003
49761721
73514354
45486583
52402949
64543392
40457371
52939043
17251589
45314587
57207810
49287313
75826527
65370085
57868601
79235696
68535341
14550725
58938107
22206150
61019791
71239235
14855298
75914163
20640512
61003981
40309147
15683425
33378468
45081910
42013871
59678086
29060519
11024352
67389000
37710966
78561933
73341477
46352898
46978607
29186811
12941146
15566349
35295656
18867233
19282202
49280599
56071627
51914489
37925880
52661894
65390328
65047260
36654007
28391190
19946716
23110453
75752324
53823774
34115776
14527681
40418659
27719257
15135759
15396130
72973673
42448067
53915208
37350287
73254793
67851286
30680482
32025050
22931369
37156743
13167749
47391952
34585522
75992586
19198662
57275029
54016250
33233842
32349610
34448738
26819594
48637463
63740434
50381665
54420887
20554694
21105911
63568616
38092182
56691724
54092250
65936266
43939381
38693190
46582948
13490417
54370104
33959119
57532494
26344586
76344556
15165222
55251983
34777403
22579419
68671630
32070217
23006556
69095027
39146137
52809847
45750183
43746414
54708196
47215217
74239670
42666151
32952015
34403650
35562600
40320417
37985439
62146960
29778668
30398349
40428591
45068260
25380816
45350769
34800231
67908569
50408216
51146935
25831922
38252121
57072915
30205890
76146612
25388661
18122907
62381805
31658157
56175731
47240999
74712410
40579385
70371836
19492314
10232396
43078394
54061612
24130760
43383175
36599912
28434097
70240926
56876070
10065598
46504964
28880062
59984515
79805906
31559247
64962467
62427616
16820183
31590543
47081689
66492984
20768698
15040558
38287312
42114190
62316929
34101918
53840589
60694526
28487175
57375755
21338854
53350331
54661813
77891082
36616048
36024186
57632728
12064753
44148358
78327120
63638190
32488237
52273389
69224607
30509488
23920758
35066168
47307447
27946615
60096038
60820204
61837659
17892738
36026216
39827795
79396299
52398038
70937910
59602785
77156390
75703135
20155720
38546138
23240893
12474886
42645465
36878711
14770646
38884223
54430301
36810524
24942735
71747383
38316705
66692453
75508051
51614236
79832026
55425021
67250629
13248076
64079356
59464425
10883030
34630059
78457665
58812792
48930699
77795755
69499641
52373916
32101442
72327075
35676770
62009576
54810680
61032767
58454558
53749608
51845635
46725060
60006244
32932256
14609896
53186800
18793346
46199349
52023710
62644496
71958758
61114780
77044715
19893870
32565392
26861981
13237154
45806202
31408137
24891324
47473418
11007507
21877305
36978734
44921241
45069719
23429100
19008568
36062434
25599873
47938461
57795835
70323875
48584189
72521928
30390033
56924805
79400306
17145268
15476972
28833692
32930376
41223118
11683732
19558600
60885904
73817295
31980666
17301734
21275692
17928648
65917604
15091934
23957470
36704885
17856123
25504348
34938631
47292534
10121536
61198822
18995627
10101744
70936606
14350822
32232617
37814935
65111156
37129603
39532636
25219751
57480353
17281457
31754923
53868236
76777421
19493518
68948693
62381988
22764688
52693921
26680576
28606429
45817070
54103415
16752972
70376555
72202908
61705679
46283683
22304568
76059516
26021721
41703348
35415065
57703136
19653490
17914026
65556595
17703433
19976025
73672519
58700615
36742071
41563087
30408958
38137584
33486068
69046155
17674315
18332877
39417423
60047186
75412268
39273791
62431455
38761891
55339891
23584181
72381704
29234687
43136305
50333598
21502617
37232146
40780353
57594863
64239315
79023805
78652164
78259368
47626026
70756855
22108607
58280224
33242824
37240654
72164274
21193770
12615182
13409289
61357653
33990981
55127540
17493976
56711114
73372581
68967234
30946828
67918516
77331541
46269975
66907886
57471291
38403023
25903497
29257644
79618516
32080038
62371470
48813859
12556408
12038591
20888609
44873383
17184234
70701667
46099170
72051605
68402004
37585376
19965849
64743414
12517097
14706532
37172610
59709836
56577127
75696189
29402883
37207796
65280892
21358770
61994590
64576650
72001061
50210353
49609416
56677442
72033340
73970194
78076224
25441306
48392498
78909080
62477749
18898640
56654001
68092301
74069250
38254957
23529768
78432263
11940632
38885330
62122267
23374222
57734117
16153542
27618641
15164126
27807676
78343571
59702776
35047146
70857680
29098218
47279781
74277124
41458164
10889112
63125598
26000191
50954178
56641057
14037264
53183139
77219115
63454141
54189636
56108242
56629796
32903342
38088035
58584122
21065843
41647244
30764325
72390956
62682375
49177303
31534245
49222323
21414698
72486042
56765612
43054876
75460995
17016931
38619059
65962517
33168952
46592311
27206003
59145491
37344887
53598197
45050458
33560269
53608595
56384578
69831182
40837601
71829120
21649889
44753808
19753485
57518889
52122810
43136938
21749585
16835721
42222644
19074756
30336659
27633454
30912603
11717858
41936685
31396745
33855098
61318101
28242243
45689515
21777902
53292533
36696951
65310102
62658212
11516872
12988467
74700687
14942983
46900111
57704452
59122508
24799633
38231975
16467532
37146753
13864535
54480487
18699101
26343405
79975465
58983188
56712081
10879217
24372542
21705668
38623467
53515202
71080009
78188118
21148043
57203717
57536502
25508624
66926582
69559671
38314747
33353145
51532740
10154552
76126988
36755096
18775076
27686587
38310970
68590966
38772275
54504756
49231923
50469747
16752190
60267406
67108152
56136727
59667271
18083351
58201199
76593250
29939182
70113326
32672135
64312129
76820202
15552158
39927212
28630717
73658610
37334589
26510614
56254126
31271181
62233927
63350375
41353641
65779447
60338835
18978690
70171304
37899742
38746341
23290338
63659922
74985979
55622663
77739891
22994337
79882591
33343805
20275207
49676670
69763214
12950970
59466370
27110602
70984098
15299416
14756506
76290194
27707329
41908708
29416466
53464306
19625125
69259615
54541279
43370589
38953408
28391986
62412793
19693692
33340693
66683581
40007661
35060607
56585060
49287941
32493597
28604126
66786005
17670515
59319860
37952672
76028735
37777133
25062471
22423407
42111717
38596654
52404287
11643020
70506577
72149240
76045641
63497555
41023611
74885712
21945333
40461258
25435043
18269925
59154321
58198375
20210674
30237514
66204530
57651911
28579491
77986224
68190326
44917291
13692810
66601032
65004047
48017670
70168738
12603722
65527839
75652100
34458053
41158636
73060437
78911584
40476099
41521467
25297768
65178492
38555096
66793952
61059424
55644303
39928026
46797130
19595556
58824465
75193425
56617116
14650796
21651473
69795560
52376330
61342745
42332001
35232255
45342116
53546369
59882807
36108280
13606423
32131166
32992530
32984056
48727851
32727801
57151759
68349717
55728034
79722007
36038749
33749222
15946554
36071122
48517634
36040799
12362737
34856780
55658204
47141616
72084377
13413268
62678334
53289026
62243643
45699878
18418084
50648815
57512126
49721591
24878230
60656000
29303279
36267860
30950514
79445934
17872851
36793318
37151856
23836886
34270301
62414375
60799392
32294879
11258987
11211064
36980650
46838573
50531612
71581583
59407087
51016414
57930687
13270864
13160903
56060932
64260033
36263004
17457021
62758604
48270896
74048476
63806452
13958375
64702579
35813496
72664776
74762278
43982171
31469841
67279834
49358926
28253315
35494199
13592885
13035986
50038952
53292753
61281042
25539758
74307300
59073148
41500297
57450900
64289535
62537025
53516165
42512633
26605695
15737767
25731369
15273673
68913229
70839199
72896673
42115761
66734507
76844682
50675814
73435285
17328044
74899813
54354222
78090102
31784623
27256865
36161794
54368388
46097992
19377987
21707750
70458529
77899282
72197757
33879869
39105896
79721231
62045021
29925639
57067423
56783542
77018928
77026334
11655241
71561021
30265426
77428491
64470147
66759895
46285720
42376216
50595911
40123254
76389950
74686999
61268416
61573149
67754664
69112129
23247127
53572682
24791423
50689841
73059913
13102607
78702958
47932187
29925042
12201691
21955753
25229029
39268211
60242921
29859759
75606959
60965136
10714608
20050059
27392394
27996048
71977465
18868335
69150311
34702564
12685234
40382945
67318426
76365541
73147485
45641721
79489241
45401229
66188275
10939830
39544680
69159302
26650436
43152108
11665162
17760286
50300422
21732875
34265520
28746616
35403923
13248404
79250659
26943990
56593447
64879110
75880004
31618913
48721755
22681538
78344347
30995400
53455671
22543010
43775883
67816389
23579085
41479195
17428202
24639795
10315460
12469326
42305551
28854826
13832242
37315297
47692038
59602440
38940384
63164849
76860694
54267579
76795610
57259788
28849197
26866503
67936297
31297206
37846395
21393285
38325055
23228595
66766440
10831274
34944546
40185864
47166200
16543438
37873612
17264230
67442791
62993532
27850523
20208893
36398438
68401228
78896458
37835627
31811678
42822032
77484534
48872528
48082232
55872501
29169703
41544434
49003775
25502754
57306713
45384200
72178404
25436538
13906304
32221905
55582222
22089457
73856304
38796989
55375045
21303654
49554824
15609091
68151212
41773705
49549891
46394632
67862953
41713689
79378555
40689462
30215892
33699102
68571127
59823253
12489477
57026469
26431540
69083178
18278453
17222141
32868022
74059108
38770986
51635546
23223599
70241110
52783239
73085214
21283169
12957951
23122468
65490430
76710298
14623753
42462632
30169674
28480014
56685699
39083970
62217278
48149225
66849177
32276373
41993756
14209070
18975240
32964527
30054732
55238937
62013260
68240373
55196935
44588901
22477420
32433489
36413882
16013902
11475270
30509115
16149707
33846753
63775342
75811188
48305347
25951974
78141078
54090585
36599624
63987201
58548262
37256771
55984072
54788344
46894780
11066776
48740762
29644546
11144979
14006416
45185186
51701167
24507443
21846857
28471455
68475258
79121691
18089266
39834279
47231684
61826942
31406245
66714516
48233506
52505837
74924758
24912011
67726925
73699893
65522745
55094525
62421884
38749054
53359766
24861260
43650473
60997144
74023738
38484792
29616551
79242269
62423834
12524472
67256598
16278535
65313741
43348177
14128656
31161501
47918649
25189573
60016620
76421623
49241568
18559013
26402823
29963290
42970648
37235437
40050387
65080276
39410926
59281619
57024641
67394239
28664695
76390810
74660456
28725093
63393568
63316479
62667364
46234885
62202574
55706023
27653129
42651639
12028132
55525836
23945959
54245347
51562413
28123798
50920158
16382376
18303010
61361027
75033054
36658961
21013963
49661945
16787430
51708695
13053808
23415036
56774027
48045362
69810788
31744854
75838899
55391930
25121178
22998851
63265408
51934486
52739974
15616840
63653689
21131663
33063540
12088882
27841660
71212761
28467181
77149554
27443439
60536164
21303954
40942883
29775236
12665981
26045512
17805404
28234334
78414310
24932530
18027802
59375411
28172731
48152413
20356505
12268076
28142946
44217307
56204111
79938148
22240346
49933643
44175323
73129563
59178314
76351427
45678142
25423431
35456737
48769497
21780533
75055280
67239611
60329244
75132420
32289792
56077828
57004548
32002937
37859343
63066316
42557402
42640621
38287473
72812771
21528372
51190993
11417865
30243486
76425159
25397224
49734071
40637328
14156288
45002601
15536317
44111273
62611182
57525984
16987325
47106410
65221605
12524373
66944226
16424752
18309785
60520512
22338329
76524869
29635019
21849503
11568291
60682478
66468211
28003147
28861448
52123148
51615406
67962965
18719874
19793295
47029365
65502055
61784235
39869453
56551546
12854212
26679908
27350637
73095417
40859948
22870887
78278462
58387268
67444777
11550276
35014025
51284350
16300848
23934967
41783605
20314509
22163244
19560937
48855152
79616807
68861177
15270410
26140481
10892043
72373717
35814016
32546096
23145945
47564732
59450260
45555455
45894309
40969499
58815780
20423722
63487361
23959031
46368688
17294829
23264029
17237199
79324992
48880184
70877006
36956026
26910386
52424167
44143589
18516133
26201798
52490511
64731687
77997564
69053893
44527473
33562972
58314192
21333995
75164709
56963614
25957222
21123981
74460533
38072914
29018070
56512578
56847811
36040185
17086819
63294342
10756516
63075801
29341750
11293021
15409674
65646875
13958730
48397052
66972570
74157034
54712706
16551881
51801391
79803667
72071293
38575046
38592725
33427325
38833386
16016571
55889614
30338321
36211453
53861609
67295188
31909836
73112213
32575964
36264014
13133504
70398587
41310015
61848632
21380321
25591444
52350877
65969908
43502515
62677268
39449961
41120241
51957869
54889642
62592774
16515551
49079820
61336858
18824496
68563265
70019598
23142655
50749894
11121679
61964100
23874944
58709824
68208243
72830399
40613988
48177923
17836095
66275214
56969821
11923321
52430814
26240298
46668050
27856236
48426812
19279407
35261624
61263998
32426724
40587317
55587562
26463461
71586610
38728793
34717370
66867933
29325147
13889610
47109123
61635723
53737896
27218941
60454193
59166717
24777288
46090609
20578028
35278608
68098098
65470195
78678158
67195489
43876547
57896341
25825573
56295582
48861531
59067602
58652472
31812959
74012733
77843789
50121729
70153945
47265528
79685807
39502080
74613349
58050389
15256257
44273628
11399488
40631966
68039538
46116504
35893607
45200161
47097823
75042506
70755366
29216584
12869218
63435788
40085575
21127506
74871783
35818242
24210700
38697032
59021859
24134574
33968522
35118806
51806355
66339985
18067166
24169235
20423132
12845649
73936699
12935040
76604249
17302992
71109738
72697772
58735583
12590273
43924340
76144597
44314137
56447791
15715416
64035500
62120562
33784758
14651429
28157940
71642346
23391604
58177677
66741258
72288163
79476638
76200292
57934614
76048977
63719297
27995293
69289659
64375864
54851642
60386757
47337601
75099344
52778726
17999292
43833157
62871559
51557242
23625332
64504365
49155291
11666447
59054708
74460231
51014986
17249392
76345371
39056816
65655066
14877402
19673318
10360242
55799742
55051746
45109988
67744981
50959063
73640505
16226807
75596565
57121121
49162553
18168808
70123729
38430871
19061986
69219232
54293114
32086390
70876716
78245843
40272632
26970583
30499617
51946486
45277238
64488512
72214115
78344493
29606301
27357109
48105302
33271276
74919469
51573740
14495521
18524849
63583673
75663150
26823709
64135379
43291380
44013302
77757548
54140144
44507234
20248157
13196642
41002088
36113266
57684417
36947939
38672873
34282273
51076730
16250860
74225128
33260279
34476338
43234837
39833011
42582078
11845513
66102362
21803790
27097387
66212267
58609154
40720909
67014930
75201337
20940065
79356030
40909129
15001246
48917875
40216222
56550121
17441352
16041100
23183031
60636593
13182023
59884860
57275074
42035529
54929110
62865928
45166721
21729989
72008547
78753162
29862076
19685998
49118147
46721789
49098911
62943414
66655464
16454835
60076813
62868278
23280801
40626012
18664781
68572578
25649334
64186958
60831343
77192164
52530557
19040648
43546549
61779402
26645676
18457386
49591169
52942653
17657517
51239461
11105355
51751462
14016303
63316587
74436283
42659002
67125326
31821682
54115139
56406758
40820560
54613356
12517401
68625368
30415589
46225341
30291815
41779197
29396535
55136169
65187761
61643873
77604845
15909892
78668155
55144117
60908437
46887006
31546332
67776425
78615259
25224894
71092615
51480742
37186434
38033593
21397485
23469577
13167895
68777273
35737748
10772790
56346229
58856238
59970658
63618420
66472937
11148652
44124501
58358722
59795566
75301252
18880378
65078560
64694515
16746217
20234310
14626208
75069650
35658042
17337530
37887684
30117794
53983725
41038848
61567296
53208201
48626741
15321480
33528492
52343688
48778428
44674771
71939454
61892792
68758129
74186226
18749179
69120747
44073841
61462113
17435926
71247284
42681439
54569284
45111481
53830473
73558563
49810376
54476475
35301360
50388441
60941594
30066432
27799404
45330979
59405381
63206113
29025530
73859967
11414582
17942408
59693222
22748939
21954323
45001716
53179225
30112566
17306003
52805758
62812981
78834198
69552572
59734339
46368414
68851628
16659684
67191530
42316741
29550120
47539928
29826717
51103110
50780360
72917718
36428882
36160384
66358502
28593911
29036552
60136750
57026919
20964768
77276381
76963332
31175022
14724025
57454352
36092419
21746545
70590277
78544288
69131854
63753579
59806733
10633711
45929536
61266414
14715483
72763760
79267537
36796227
19331902
17840331
62098277
31936706
77739901
77302381
69972636
36838277
42398536
76931876
71457869
69836733
24634364
38730607
20384024
12257653
41237959
11998335
10512641
13026672
43590424
57356274
21036317
65295229
34271393
77686082
40036657
61536243
66671227
69787538
38716474
67534206
52002528
25172490
19151599
71658981
65398909
61691584
73931484
26071087
43776756
29641549
63281770
13565888
40554267
72694066
57960760
58624426
59819451
17992253
47080836
41157957
49145832
59856430
18232798
76278822
56129169
60244113
76580628
31909386
58565209
62332428
69570038
63629852
20487150
72288824
56484402
66364299
21376131
60843444
55622708
11193824
32624903
56686558
44496989
48706452
71323492
16720775
60834816
44581990
45321460
36186116
60761522
47727562
12477345
79171402
23896611
52332986
29917943
30086065
67262931
43490228
66258148
18560548
16450826
11454578
58726123
65201981
19385216
32053707
23057503
14591435
35074155
46957892
33604159
38038602
27777869
39133059
52343423
51857111
73256180
42868622
12358703
15151119
57115955
62248942
66797213
14622991
79925530
29209091
18120403
54750520
76124715
34128460
46123118
35120695
23213370
35281330
28110002
24353420
46914526
57412256
39869032
38176151
17712784
62001220
15908171
19696658
19105109
64020899
32013047
66206199
74271010
66226861
50534892
45789637
49830358
27908558
53647184
38843408
61611842
28132565
47721172
42385333
39638119
50398916
25388465
15989388
71506025
61264546
23866911
36167092
73947648
29556572
31626095
49511283
29033840
42214787
46327783
76304861
45048719
30590250
48692825
64493507
34182870
73501231
61038240
78231912
59173768
43663869
72540438
14862668
30888410
33134531
36504610
67847271
38829041
69136560
18962413
18136764
21446471
32717429
62182375
51870813
44689328
22686655
70672354
10693725
64363127
23313103
23261864
11697955
75822489
40561059
70346876
26314679
49193432
36696493
13902481
26087929
76891648
25144578
12454400
24022133
61054150
78202532
36803286
77570548
15774642
69839857
74135655
22373310
14853656
61545504
22944065
66851364
76040457
28410044
60516085
35562423
30851533
30329647
76751958
37397805
50570620
68746354
27801092
15562329
64564277
79240175
25690934
18509200
14520865
32844580
42748986
11845466
57093023
45475908
29190363
28638400
10889868
57195122
42838471
75023202
46222479
50771067
66857485
34619813
12526426
62190852
74589796
57460259
55213107
74128281
36214867
72551443
58180574
18865128
15879392
69310744
13082576
68871895
72513642
43988114
57680736
72417847
36965907
36958824
78004310
20368693
68468315
35388284
31901859
16678619
36140279
72458714
29187659
41825626
46701955
48981374
67843147
36342022
28402149
24878461
26506337
55409268
15461206
25281945
28900126
48398537
53864144
33847973
49301504
41591185
60468252
48177219
30196572
27557385
33991763
75045672
61384822
17786988
40672721
69126706
60375861
28903990
32114208
77519143
26330825
71786366
57586165
63832284
76340495
66235675
21077876
55903542
58974741
55784147
28633912
14359468
72610464
45993013
54629387
35509079
24849814
18782111
46398249
76422544
46724425
55048783
57804441
51825134
76362630
22075648
38174713
77110073
13605921
79033832
64487202
36533661
64750037
66237243
45216433
42964463
18732950
64269599
10514495
77740197
79090541
27604521
65728745
72586629
11969509
38735970
28273238
21588313
68836048
51298249
37634922
51968036
70658608
45630149
74396024
25522219
62155248
68374162
40966285
64442089
51071188
43411933
59361511
11113489
20205319
77909075
63975725
66658513
68175123
20245504
48669598
26194810
25309709
55526286
49786625
19923142
19365505
58063685
67581668
49335136
35308680
58291322
56619216
14181558
10172550
29849085
50816856
27672314
55298111
61470884
36990662
50566207
29696461
36744538
36182181
32127872
78307826
31790019
77667279
23185300
79880744
53947870
61282431
48422685
67693737
36812588
79057569
69929300
35305193
78113339
30892394
11368929
21125206
62813742
63914578
14361608
36543006
71124563
56403712
75880198
67379464
63718059
54850301
72418948
45557416
36801698
76981600
41991428
50431072
10092454
73936974
35698416
23490814
15443759
23585641
39212169
61899400
11875719
79806969
56644490
22230690
30221408
27321683
13742544
72122674
16213289
11191752
10053326
17602320
40362788
65999632
52345065
62331932
48863361
50992636
73865575
36797226
63071444
10137617
68183022
43100571
77747022
15896900
52432815
44772677
64731495
35587667
46670462
48457714
41973132
12539596
32596129
13291678
75516189
77232445
45789963
55531851
65087104
52461093
76840304
23427958
67580314
64317617
78235857
33869695
30608731
48002993
52192702
33015844
44113772
57148097
55121395
48483325
41645114
57525425
63932988
74204813
10805754
44478466
18568660
49590857
48477261
43149536
61187521
21134500
30945506
32150178
39067329
15062448
38598320
61046916
17372400
73417554
57707808
41298604
46542085
40822639
53782866
42765261
24739546
27790618
61976189
24218204
26174692
70261378
15614410
70204840
42626044
67576790
46018710
75154833
52697979
56773561
28562498
76242402
70507426
49038934
63632160
49106280
47950254
50815489
24337033
42599332
77014341
74519687
19566957
55240239
41762617
40163353
33313435
27415625
51359460
38398815
25500439
32465188
64788720
33203139
33059996
24532300
58854146
70634439
59600035
64731557
59914066
71753313
47180107
70525310
35294789
59888945
53168858
33242220
31338166
41472142
44203879
72186147
67146157
29830838
11631418
10260864
34961262
23397916
16120246
52174050
49075988
64239212
41673321
70463837
33355677
34947056
41394245
60947052
26215098
73660701
61389035
24807040
49336124
26973574
55448626
22544819
67656870
15798936
40820009
20555048
11606803
10398209
41349681
63092777
74176751
62165015
13544435
22274090
29753424
75692930
44806167
39955278
73283564
13314400
73382551
69181748
40000483
40657173
72093731
79195448
47909168
33344807
59836668
21832760
41482370
22828616
75610542
76983326
11818103
46701039
52757855
32424322
70128135
27018958
48854491
55512043
32635075
76009724
79240194
41721394
34378985
14778212
48824848
56288388
44098693
20070286
35856696
16132656
55823641
48676063
22087859
61341253
53430770
20036157
61210717
61216878
58391570
40601768
39504381
42219554
48574522
48901318
66793410
12901541
13153630
17871569
50271957
62562244
30067552
27959985
37460183
24752542
62417201
39046467
29485881
51748033
39583718
24203791
64932827
17334513
51859973
33910531
39694194
69751060
37700283
25139031
28084388
46482546
73815860
36139748
29005877
25189738
38624022
45763097
30673735
62738635
71668514
22274063
32448972
63444073
55933769
74041336
35080785
53268300
13215567
29171152
36445405
19493256
59863691
17549310
76338970
50717576
66720186
79376280
74099393
70191298
29676631
54469932
18030299
68818649
37781733
64857931
26416760
16180700
64578117
47369601
40649587
29941664
12886212
51900982
16843711
62114337
71450370
76692731
17127903
79068294
63398687
32339098
40678232
55738583
45254493
23391286
59473395
28646820
49909466
66519044
67338243
62984794
14697292
47973948
53654763
14791767
42122937
12231570
50111808
55745269
40556736
18482307
26705545
43371772
38422645
36354679
11401442
53001416
17730632
37976066
28524514
41418550
23125875
74942634
50325418
54689540
75078744
55877694
38898451
33417242
65508170
63423827
40651253
44693935
59327930
71997589
64862151
79328461
64499680
38226044
11506717
26269478
20712285
26588366
69507948
54838530
71932462
31447391
10060650
14133465
51890952
28955476
21528014
23553694
10979181
36927621
12994951
40419300
27603722
11802319
31935651
58251926
21493463
45806674
38759271
65785338
27384628
59317127
17883879
29049532
26367299
22679009
54477542
13853737
76617146
40114196
14830433
57337534
11854388
45332818
56949676
42256982
14102209
47489212
29634284
49639818
69516170
66505230
53080279
61735455
75593685
18083743
13222513
14273273
17681612
58580186
62057047
33578202
57140927
56813730
42417238
32767379
11547290
61593169
75729077
64216650
41289417
36909009
44815932
58494915
37287687
39011217
52497416
11088222
13403470
60930231
10488827
35460234
71853151
71672045
46709240
16507076
10503280
76433404
35856521
75287856
40886115
77741025
19370485
68717765
72756029
59883184
62841547
48379500
73288490
70901558
74342113
54778781
49958144
79200918
36273795
28086225
21967320
68171638
73041290
46458047
27929126
67555437
13599328
58965986
76276359
54096687
33297201
41481021
61640403
64961279
32094660
49804333
61678952
16665668
45299931
30492251
60198002
71967800
19344631
74144820
34560103
56039919
50180478
52255462
62578655
41436026
20883167
70656480
44772787
56157176
49583945
64191334
53054534
25499427
37733106
35677279
37143713
42416256
65105803
66610803
72559074
69742351
31618096
56831761
10950879
16302728
42309106
49119375
54391976
79233978
36631150
29458843
39563666
39144188
66871901
16464935
66804387
28321003
62682095
64665342
25136719
27725732
16017105
14169575
58677499
34241610
65721271
33673670
36734598
40793546
14524959
16505661
62740436
77220239
50652846
60092644
45881314
32181947
50396456
34407349
79558780
31972525
39830589
18428081
38856331
11264162
32254592
71061725
52053475
23687143
46725800
55738783
70785635
79175980
57472725
78127283
31257236
33296863
55065186
67886358
62168162
64356043
42917432
60325948
39233284
30595164
69844531
13595655
40188453
56727733
47385107
17133728
72768967
14386145
11669250
15705282
56907943
13892189
67147580
20838351
30670707
78202344
34504917
36013310
18534351
17416622
26623332
75479940
62710184
13493832
65707514
27993288
20386720
15040106
35103273
36424823
77067688
50152918
29274824
12131999
59753969
52792050
62023777
21911662
41184361
38150761
22203272
25743835
29063185
40758489
56689901
67413065
50250520
72911895
25158736
57192966
43330177
11536715
26147262
43893998
52135970
67529268
72331734
17948150
20217937
14006330
72869954
29772294
45862422
78335658
37315881
44907142
75232718
72776671
77288213
19290801
60635722
15893653
36739684
63617008
24004299
30888113
72686744
18297297
61642650
14884161
64831463
35799303
58808385
14795092
66972663
66365649
34409695
13812661
65382119
54671902
59335077
66708884
61528876
29483922
69825642
67612261
51700923
75977854
63673929
48226284
66082296
39295105
30261198
51869677
73227250
37153180
40737846
51330676
46663015
40807641
60062150
44944116
59074101
45494222
24040092
53652137
49093039
32780991
31732952
15461015
26639879
27044440
58246411
20790763
19163415
16505845
45777019
32696367
16275722
56052600
62670722
20861122
76503476
15881362
16348117
17136442
53090445
37527834
45034583
78969306
19092171
52637359
12893505
18879641
28546586
37495003
44162119
78298335
39688393
30141140
16137942
65943977
73733715
12997546
11153025
35703711
13056299
12576855
71073486
34745864
40909080
17427064
33036671
13017842
23831364
35543852
29040011
44021126
71416792
11375435
13767200
51977723
41696797
32004943
28034379
60388702
15717876
73125824
33393365
13411771
61098037
21973721
59662537
75725145
62814311
12181178
68111884
50457952
74125032
14129992
52909044
66433486
71427561
67765414
78289276
15781604
76855557
52241780
34511148
76117035
53315200
19553447
20500656
24829247
17256610
20540520
28675374
34131183
22062899
53437453
65482443
67879961
79042124
34802426
39506534
60418254
67237283
11554122
66944429
35707027
46983474
50735030
56743463
74718664
10414569
23860056
46940917
23528341
70122369
68341366
27182620
31382675
62391339
37811742
37060516
60942574
59656025
21807558
67194922
33810082
25570050
65608343
71264322
69961812
69096718
19441767
56512995
24295052
22806187
74783190
22589746
32325483
44373206
21627161
31247664
47586526
31316692
38448612
23254815
76423497
52582942
29743843
67483720
50491918
76312777
25936064
18798917
36497477
21560930
69475029
48149079
57673396
43569050
55377230
51348606
64570423
42302145
63734976
61108306
39996893
79130281
58631167
68071138
54314392
30241747
34823381
23134450
29072108
51657975
63055717
32785545
60917180
60804123
13506310
65405988
36277523
68429833
79109611
21289240
18794642
68610802
12794944
12437330
29262666
28948862
62656967
73394671
67899227
77194627
35510489
17324591
18778539
48827031
68816072
22214578
57915711
31507103
15738797
72409857
45394635
29413150
30187608
42104644
49917034
23314595
11166649
46545982
62844279
65087945
29017541
53390421
27667105
71278151
58157667
56727894
78431726
24447231
64306068
18428523
46235036
11475556
64416560
37061101
13377637
30987371
39367764
20863597
53671737
54110990
13469890
14075945
62133156
15071493
14446242
41586961
78171944
27650259
56213823
12788356
34224553
35387575
15695974
34053874
25314986
62537580
68498684
45284030
38219387
45051758
49930009
16461785
69602758
55016848
59427006
42624176
30392401
42665896
37068479
14737979
52190118
36742546
55177463
66426433
51386836
10932846
29004822
61397241
65816679
55266645
26847561
14966597
50816473
63771680
12880305
36591634
71102275
13629733
77407668
66399201
79066726
25918870
12558051
21863606
20148994
78930229
25750186
47990249
77628254
65184470
60928931
62357455
60863926
46863499
36997994
35253306
27715854
48895479
25491528
76881471
18720636
46115533
13996478
15280102
51114348
50438889
17010524
64573201
23100182
75189610
39581950
41518501
58571241
69424157
34494698
25634692
13684077
12172459
33306996
64169861
65073085
50372923
70144337
65776271
59839774
79121686
66956199
19324226
14670980
78605016
34525941
15183670
14614243
43576821
53417987
65589175
73885211
32014258
16887309
17086457
25790658
14314427
22015757
31474221
41627498
66285503
45837214
59160272
13425457
24498412
12462173
54208232
29942119
60904541
76932406
23845142
35780955
68261748
16430240
42955865
30422463
40063312
36709874
58386704
37688648
57382434
32301182
53303751
19608364
58337511
16542482
29647725
31342406
15264497
66206691
15768146
12356820
39925053
36123309
43491730
16177413
37565452
74408273
73904932
63626883
29256786
43894866
26610413
51155757
38003928
66338056
49984568
72533643
28787708
46582312
59325941
74601663
47168061
31312578
56257466
79706602
30564391
33235599
46823714
75137046
30753911
42056834
46560267
12884858
75234784
29207754
31500144
20131693
15028738
59250120
39899491
57747336
71443208
78623679
31905846
54905156
46431348
63874618
67333956
71653673
48379021
27219794
35963444
31813251
12278865
34727744
18155958
11675642
33591085
62296371
50494383
37277525
19002915
77295246
58134829
62553343
62339183
55720302
20921945
63988980
26648717
42005847
74829525
70898300
34993330
29307356
22556344
33014118
24830484
73422356
13349250
66644342
51226980
44578802
66113087
38555801
11436881
56011774
51780741
23135822
13665951
12502999
76061509
61102645
38214002
79714846
51304265
63935617
35328763
10259559
59213934
43064720
15367493
61440804
48555437
76739118
47252916
32347050
79483498
75423274
58240148
70008332
64623553
38424943
49829548
17128006
18865025
51006365
15373142
25660983
45072566
53152790
43748379
54186538
29185892
19912255
33666350
32157786
20720696
18904600
59835441
12635935
30532670
24747068
73267485
67276156
42393430
32443281
57810962
22810935
45649944
28043488
64835022
16645260
33459561
32829091
69681863
39743241
56854384
77891338
76518824
12213718
65209654
42079862
39106904
68980571
44905920
45143357
79466643
51114809
15468119
21354401
28829834
37602979
24716108
50646179
27593062
58331139
20851251
10962789
64685978
21170601
53778633
43411630
79353080
22609960
79490742
28782851
42975421
60540235
46133573
62514250
24102849
23795950
61067316
48070860
27265122
57547013
72858052
47958860
28147240
10843932
37002893
75434457
77077888
19596834
51807324
34309416
20473437
48050537
72845900
42892622
65638592
56216438
76597498
62973617
46406116
47986981
33582656
45151329
54180829
31035610
38568263
39602583
55390527
61871677
74554698
47024429
71447715
51592165
75031293
56181035
61793188
65321777
32721972
13171211
49480578
57079733
55841732
11392576
28964706
74373514
66275947
66703385
47558726
21598332
54982957
60064254
32083020
10175295
27299295
59313120
35036285
39474097
53862233
62044391
62330714
47235119
36615653
76962174
12543449
73256775
25362923
67315968
11410430
28564951
61835589
74445804
17291635
23735906
76208700
25702439
53911034
63701664
57176116
69337190
32838419
71921533
32637272
10766315
29691839
59332519
70633629
40634958
42653719
28532937
71636996
10680295
20506741
68872213
57047433
74937760
11867166
69362964
44385173
31942036
53585091
47494609
14973066
31231026
10181505
29805978
57757441
20758807
74535150
41263763
57469544
76450817
16988959
33733167
28511700
72289974
79234411
64083211
30022743
54752971
38770620
72233380
17549120
24446409
27666427
76869215
68531823
48740785
30546264
46570557
50421137
42954607
68489000
66104232
58100671
59927090
75410039
16727518
51663752
74473590
17247131
11870517
39362149
26601036
24630560
60031706
47810820
21459530
40499437
15142948
26535877
67127545
40534145
24368445
27446110
14969509
54322392
46700636
78677321
29709409
21906388
38801243
36886892
10283449
79084331
38003219
64588142
53846968
25970240
63352765
59888281
23721289
26774457
17281940
63152361
20486665
67816357
74094449
30082584
57903234
18405311
27284731
39834055
27785986
39533185
64878598
56644503
49955019
11768558
73861427
55105318
13671524
59910084
42048695
10299084
28203534
60945527
54011447
45684950
53335792
52518072
13344296
59959606
33066623
11638053
39764628
37445699
71323560
66715897
47256925
51703016
19527855
48690393
67213572
23827879
65819531
57523576
40122088
20736756
17074328
18892712
56205681
28077384
16175830
11817350
32473818
79537338
11654555
57281140
68906864
10222826
43424389
69937856
26150498
22213305
78989298
76487310
32224973
42198579
44638267
11070072
67045594
26433153
77934414
23028286
28507820
73247524
66501028
59308019
69820374
62822359
41888918
49499773
43207915
51436686
71164462
16608298
57867227
33299404
19888934
30850639
22521370
19289604
56224574
21927906
57058208
59417303
56797826
13803983
77903771
72517952
21819394
68741000
70562927
16100180
15417397
60872857
40389459
53251431
77508452
71141142
33278452
11613822
34311801
46464087
27388413
66516558
50734202
75146052
54038761
78291351
67726800
73874331
58443487
46059068
18904667
59882321
13844844
69132880
43147162
56587607
35820196
28926660
21917899
74042650
30442624
36699307
79870875
65085218
54528617
46100050
44629195
70038172
22829725
46680602
49390340
23375296
20752125
73184453
34216178
11546599
45846430
26971866
40399684
48981292
64149105
41188758
41724772
77567821
23407084
37625796
66326099
20090604
28914558
32365375
60099010
76691447
69058047
30320747
47179930
44286663
68219299
25517591
65331993
71670141
62657589
74558362
16873231
21183196
19835582
68425189
56079448
44150916
41185629
50285185
48868568
10449200
27300515
74059038
41884117
76065400
77228703
12362615
75151001
77194001
23609252
78859051
51704884
11468226
63668860
16358464
73402662
76170734
40407073
72151797
35176667
22575527
75522982
78880850
30053737
27234948
30822747
70439877
13300611
76189023
39882528
15202644
74405389
49770614
78322111
58878407
16149104
59954882
43495540
78881879
35662986
52017992
73873049
49220222
39175483
46154956
21385938
14552244
41571342
11676435
34628584
41766494
51906832
53973877
70987520
18960425
19043412
48652190
57605499
79096139
67593197
20195086
28194040
69791089
72728923
73784141
34023479
11028664
23001395
42660456
65758316
78739405
15834141
27031991
52625680
50521571
16448160
26192355
22586428
78977552
21887710
42301679
30623614
73001486
22672390
24212314
47851504
40977143
40568174
37797091
19917043
38301469
69453755
46050981
36486544
21362167
40817436
35479738
13588252
21457557
45436107
33542301
11050858
74206406
59995264
18790400
64329984
33747096
58797694
58924998
55719125
14539925
52009727
69671754
69959983
59810845
43801463
13236081
70280514
14436498
35679154
16623909
13144090
71615633
64925203
12017541
17633276
28860120
69833297
56558075
40967978
60001611
77381434
60412347
74423630
54247263
65855516
46118916
69638455
75694431
51580795
66347614
47605769
77460043
18492910
21728944
78842019
23858088
62498155
40806459
12913262
62674640
60806583
60581638
63612428
43038368
11545191
46627510
58971244
31235290
54878820
13558742
51844198
16475364
25567165
12206182
25845844
25275480
67505189
30594911
30534760
23203032
58061319
21574416
77769937
27743555
70584962
16177480
60879014
11593402
42494181
27013184
55467123
25324611
26360413
38491747
71662440
12145375
45765121
62026570
62301222
34035485
79449313
42199756
55716313
13145830
18554473
59857890
25813322
32034930
69255080
49134491
27340827
68546635
63193378
54890378
31313658
22408619
18344920
76400847
27663347
33763340
71986229
62194928
72915409
68989590
31256414
59682779
79186312
39724550
35595085
46713951
60636101
36437641
45306349
54916507
47498922
19681206
22519196
47486727
52479214
19803799
13923348
71576761
46059379
47804320
51801454
40255569
64044179
78616612
45584469
49401277
48921598
24717297
37113475
40554501
51169466
36613906
32929917
20681206
47238416
19894316
61918779
22025003
49501111
55343715
37375853
53204894
45447634
16345059
23286521
28890493
76810066
60677009
50099771
15614756
61783887
58118073
34409681
40449439
27418125
46014308
71852872
72820833
40092750
50670297
13295281
24770840
32196536
20278033
40475747
14676365
58917748
15646186
75771362
61479312
54354142
67427070
15141402
21366788
38526885
21511168
56941764
10431782
11511035
55371883
77588460
47558607
12841460
52382179
77632972
75296687
34311012
78544653
78994485
75378827
13098419
34639926
50420141
61866522
48014982
47368512
66319678
31980793
66385293
49164251
27382112
79537058
77048292
61276675
52185245
16337503
56703288
25928987
43230520
19973182
40566239
44035173
69807433
74034039
58710656
41721576
70682758
72945205
31401774
67691386
62659316
28685342
62038899
25342107
63995497
60316125
18661736
19170494
63465610
44739895
20707751
35948115
18208012
58341529
22661962
73621709
55913756
79019374
38963813
49937921
14528386
13970286
64279555
34156945
59596464
14460714
68699586
17009106
76224207
13805845
52364580
74597151
77217085
36957340
65447983
48732761
46121149
77679822
45232016
34225665
42837801
14526662
50739670
35188696
67605869
40050168
60813182
51640900
37589558
65570698
16417228
28349850
79669892
16338309
26889028
17755782
34417752
78992605
49879939
53084494
67946253
43147291
16895781
49821906
14863546
34418177
25739902
63824574
51179162
54830687
79978334
32418269
19073732
63292421
76630294
19915105
74181073
71763623
34815993
76757442
74055108
20113880
63696098
68921525
22265676
43377362
33174615
24949950
55064443
60788362
78627841
53229665
25810767
76707579
20841598
79347236
20570907
67447091
18536008
57166835
78365944
38789385
10736904
54124605
20480201
66348879
34829277
42197123
53294021
58999140
25826776
59926834
59380075
42497929
22165918
49802969
31729018
38768542
49362271
14423020
12013827
69624341
63007400
77197010
44869220
33853876
28945991
45505729
76382655
21410284
42875736
23478749
34693958
33090847
64348878
33695037
62628847
39492625
74490884
45893162
13527467
28823977
42618125
68612974
35458153
25429965
65310236
79136411
62176823
13699461
24206302
15800198
76996636
70517531
77083862
59097228
34559979
64164420
61264683
55389273
42382238
43848239
48966128
62944193
16024563
36787354
63640722
36403528
25380601
78414342
59632907
78128124
45292195
61899092
14260550
63013096
23923869
73646332
78617173
63781504
17306016
27169101
32603996
59489391
59525481
37107143
36088516
20469344
67771015
10541410
25218968
51088860
21040536
64489235
15464289
27286306
12188697
28271386
12619246
12018363
11177486
23884441
32679219
36181557
43189328
23093451
51014656
79883540
59622573
74279948
42124730
58443245
46061589
10728286
63903690
52057419
14716096
57110123
55008326
63201495
44678845
51825164
37515245
41893588
59275450
41083719
39529840
38199032
61361070
40741832
70281456
17413172
33187588
20634246
74866078
79967458
61044810
38601989
26882842
75422251
63514227
79207473
20202403
15050877
19365288
59845294
31102168
27266193
36004757
65816187
20113960
34934548
35724126
16020737
28663530
14122205
77863368
30328210
23522750
21468494
41285511
62581385
44529994
17957325
28679628
31797747
70265225
31958852
60390292
25842584
43006589
52664408
55890326
23612327
43647488
68661361
63568020
50898655
73328857
39559206
33263447
42337629
56088541
56439542
22348972
62465430
34963897
58772391
58338536
16549744
22037096
12557163
19565800
36873615
29950080
25182891
58973931
34424031
48569203
23830298
33354114
13990975
74575989
75862122
31480908
54756649
71893329
15752041
76214084
10698538
15228093
46366417
10437291
69519883
18829854
16653310
13807513
79055017
48325081
35373217
78128257
70353360
79655313
26632897
29892209
17526508
46512584
79188505
43963768
19096216
38430899
38442103
55991223
69156463
13287770
18658483
62741192
69908077
33250420
67182839
25754563
47481782
65332678
38356626
51210097
33749863
11324279
46686801
12900336
54306559
25562847
26070312
20950196
44483483
36031055
78770248
20877860
78804616
35370308
13230861
72280679
68149641
18341866
30531086
24881997
21790221
26727656
42842034
50896212
66458287
49354397
77741007
71924094
38091864
58475031
31140842
69100781
20318549
58490316
37833338
44990664
76748707
75745002
27962307
10304211
13263066
17820211
66307923
25106397
15362406
45339729
57661595
49652163
28956897
10604003
73793187
53267949
63939448
49119575
69581359
68292377
38340810
19769825
28899063
18630209
72610128
27950580
42621771
29273149
20271604
54793634
74869916
74593644
50326417
51852749
71374267
14277945
45140290
49835844
65112781
69426545
79782668
40156673
21189729
61794230
53588383
66942660
30190146
58613159
12433464
38319799
20415803
30261640
40960759
26643809
53621514
11711171
67396830
60716197
42184297
41369002
11557210
17381195
25306856
16189382
73558428
17373262
44426272
35892652
77762890
11649873
54076498
76083950
17275728
63851377
67707808
74190916
70576377
27383868
57496245
35512938
14245447
21191400
72959973
51526896
28257847
40306257
56555917
57733094
74502987
72644752
79683794
51282001
55941404
56869924
53056691
73896758
73744725
36048257
60009842
59281682
24929208
49684471
49018698
73676813
38245876
79261645
58156117
21049745
39217117
47555392
78440692
53468862
71315006
69299508
55539513
34974927
14706940
20521374
76138532
58330138
40930747
23750568
69008556
77375819
23887456
17664429
22603610
34869126
23982644
65161440
51685058
42772544
68894306
20477613
13357615
46855376
71233133
16359141
69389772
63960351
32562047
75327006
70392949
44904543
62099777
58835141
61569703
40696398
56628695
21970436
18225853
38756653
34879874
45677101
23398474
34560568
37384948
77912601
24073333
17573307
42585988
77639724
71867029
55310254
71309077
57929861
22002746
16117536
70896937
33050302
79526786
47862507
59348481
63816615
76119197
23746501
51804015
11967582
27827903
27366820
56089927
22684304
47701752
56734153
75694854
55551103
49150402
33586645
28228122
56901365
45528873
79312282
18208324
73225900
42339000
18741199
46940352
53664635
74873912
70474785
35928963
38898821
59256795
61781159
28921588
46690728
50782028
67411918
70204848
11151350
51361711
56426784
21526181
73050669
57701060
60326761
51660159
60474980
17974639
13097925
10550490
73029504
51349213
30446321
47389219
21239546
34332930
69370662
61963358
25117412
75016325
59320441
33664523
61277532
63264937
54690568
12608108
74484352
41273028
58757294
40350421
11614434
49273978
12425904
77975171
14858860
31215605
45007573
29952552
51536690
40423295
69027612
53203775
14221471
37088384
16761959
28634029
53869588
16998386
67728039
27187154
36561585
58477565
73997795
28050083
17092994
22749016
37231521
26420967
42585203
71651874
60060664
33920282
42927283
47159086
11810771
12788715
58477728
67841558
14586228
41256103
50439195
70463219
33952831
11609240
66074645
63767826
24363112
76545597
16485473
15075118
72471408
64916867
59872253
17323300
32175051
78055127
26692631
72973254
29978879
66298383
63771793
44511632
61978166
54923123
38069854
68972140
24901619
20851428
31376437
67905344
24092380
13015486
52187449
26796075
52492191
38926150
43445870
32068498
68643793
62253932
50473724
66621280
69984908
22650051
69219279
41008451
46982393
61609599
32178865
52414192
67185810
60103421
63707437
31219385
50116219
62781613
76926856
30882111
55072058
64833085
33357999
60002157
75150495
66935757
72276690
35404131
74545157
34124502
43123478
43292247
52796663
40546542
67783553
37319303
54598238
11839716
74490378
38248929
72842073
43844608
40481650
64617032
72275299
57955119
43098882
12561479
27853653
69697947
45889002
54213965
66883049
43983299
52597572
70710127
40131486
74860613
58680809
79513265
34463911
17758593
36088688
46218393
21463678
68270738
25568053
46958144
49128207
43534481
56133122
54711655
61947658
53597696
36305585
28458688
31582365
12755294
72503962
63908837
42281316
36628791
23114520
51000666
58784424
38381040
64768477
18326932
10113308
12395434
70089692
12435735
69288890
60356402
43820631
49353494
18856633
63489277
69289784
47785104
26625699
54719627
49708756
10621010
76203252
48393140
61286141
44711991
50664245
35095159
41887049
65696904
54684488
76126271
25408737
47493521
76932927
15095167
47985835
10784350
50152759
17173934
41723555
14043954
21332765
68129754
12196823
14467931
42070829
40707448
48338302
79851559
31454884
34107888
47713087
68452988
33072652
58372394
23704478
15401004
23952642
23108259
75911098
38421814
59303069
30123126
11643512
63457545
40117338
21778729
60173629
19528953
59590573
18236069
61028217
28944059
71629469
47229890
59132631
24651355
40001204
57900796
73187111
44931070
23876612
16287285
24624900
13810799
79857521
31556492
14476357
53680389
29148203
27251356
56941172
57431914
31054902
11447524
23103139
36833326
70076978
72139961
47064432
44305144
73065940
59956219
17799063
29132779
73555018
21569867
36815346
13081042
23622759
27911416
29384559
79307323
63879222
63929164
70707909
34150062
74928015
66710619
59621469
14629854
64349170
49864883
56204546
20364511
60246639
70398934
36716265
31499980
23017763
53283755
16375718
22103108
27973584
52060284
78737794
31554773
38469583
17842662
44354681
37414412
17034586
52821082
43476562
68518521
27141243
47269372
36490381
43543197
28857239
27338381
36666641
61270671
61062781
61556311
24923328
41319424
48470073
78203791
70637138
65913026
31533417
38115159
14561997
54347909
30602082
57282106
79084027
21413311
27080969
71109506
49840915
70759942
79401101
71509480
73734811
43148425
68659647
72965433
55539166
62690056
11309839
35294269
79307321
63938235
77620171
77740666
68164690
35482106
10514626
69216776
52899953
20220821
58329137
36202145
61869809
