69988616
66535909
53200040
58640884
11000474
58008975
21783587
54490960
37858636
54738866
29387176
79252754
39007956
39003880
63845252
42625318
41610153
46321895
15902164
46163360
11718922
14335354
54782626
58348799
71434244
38597016
44587257
64245391
68479137
11812596
53269589
41338917
67187034
26176292
39668834
50075080
15043518
30094905
38210080
23529842
73762813
66885018
29076767
19446297
48581374
53676872
33759296
48267736
23526091
71077097
17018598
46606579
14184234
22437505
35184082
36270865
24344252
29021013
75536136
47204921
28750316
66226896
24788172
56739344
63626894
17922226
28580890
41504997
69271460
58182677
30383984
10238179
46590335
20017319
24744474
53872090
57572292
67524062
57427438
55892094
22466177
55967624
16139796
59506701
18316274
74757938
15705325
29602048
12764397
61382911
56801414
23692019
59954205
38311298
21169572
32267060
76316982
34708625
70497646
14883401
31485172
49077312
34984934
37753133
40600606
20943362
40099955
31870541
39718709
58539782
76361757
22510145
39065357
37749730
44758794
38791240
55157397
25853657
58564647
28870502
36261205
47125348
27052941
23491830
20789622
24691011
22525499
58628852
43425188
40668999
31183462
53275110
20054723
68759734
61499905
34415180
61972464
59984961
68823902
48521348
34258087
70416120
76380874
62257156
63527395
32037873
58796431
67884775
19566019
60135467
35758662
60315653
35779809
25562251
37916001
28456768
38595918
20376334
17165589
24990717
34473251
43197130
51515844
29489651
45585309
70807509
70197136
34743462
78039042
37867473
68088974
55152879
17066759
61130090
62500253
25538259
35911377
19690743
13535082
14625625
67676346
25487748
71545793
75233714
32105392
45324889
79840366
69854457
32792120
51139076
60632582
25531626
16315647
54602847
30734647
18827110
63384995
77323558
18649974
36525825
10852970
27053907
35958338
28573645
61714714
34756428
76356340
34124293
16943374
29127695
56123074
45451303
71905552
73424293
35915041
61733330
38066421
17220607
60890100
13465137
16375289
47444538
56659777
67885975
74193690
57982094
59008077
53570917
23980754
51801737
36458188
35133833
78003609
46012802
30040693
27635241
33728163
74146966
49077924
22303035
38808171
19480122
76205983
39997479
54570400
43936446
75483791
41848175
43617630
63951870
54804252
78701833
17139376
52548813
51407839
20928367
79708967
25800773
77372932
75178822
63171782
66976528
38669617
66499358
21993555
71138148
39116130
67527850
40472270
76647929
58261247
41062521
36633789
66397147
30504669
20713531
57920478
71048943
77886149
45169249
21671045
38384579
73027218
56845888
56497708
15192094
21691485
49780804
28709216
78051477
73549885
22768385
65139194
37248188
72348485
44377365
53843176
56022397
55312042
44462260
40041742
19160964
45631037
76539548
32717616
18720450
49122587
75062795
68217767
58914975
65620898
23279790
75118569
19152612
44036692
65714955
14586669
67576908
21058253
79648114
57208427
56416797
18392792
34885580
52880831
10424215
53287815
39282272
71852125
67817668
73505242
13913423
31534053
27742866
73775275
70186419
44774673
22475254
33662620
24450209
18820927
42634969
15850082
73136053
71579546
79881225
74734209
44842782
27608239
23692444
19708211
49987763
11166666
68055759
14824125
59833259
57737605
46349456
19126758
36548909
35114727
71826952
43971505
79003564
26458352
13712118
17535278
72738790
59056816
75340188
15042681
28268006
43658239
78965308
52824794
52510291
73432750
20846903
58191008
56292183
12008125
30232019
52494241
35304126
76402544
66519125
15146673
52317262
25492336
74689831
18528866
38515926
49756622
72436775
55244808
64496202
16378581
75796536
37690460
70001339
70865016
44855550
19613945
10113014
70592395
33017103
33001441
55427703
31292418
22650228
76391102
37705739
56196428
68447896
21325080
79402433
28019896
34145951
30627496
30283937
52481078
21046769
23252459
67173394
68722304
79645845
41176853
70648059
73975060
26223069
14422851
29007328
49370474
46985871
12092737
41335716
46225931
39276927
33376750
73600135
32554032
12266104
73936188
33445243
34009341
13462820
58877802
18292338
61067893
26280024
31213737
28141210
42702993
57943309
59778172
48509827
13898359
11694601
23039289
60124371
47278326
75877477
13088707
28563985
64264907
24663553
67008813
66694068
57669805
48626736
17144700
23406804
54952715
75580885
22579954
50028645
70635310
20356660
35251329
59088967
78551661
52515105
64632985
23866013
72000253
75395229
69104413
79246651
18491997
54190700
74345671
60084491
17919895
75860305
46782292
53259173
67740909
30541575
30345096
63013545
78367725
50030476
39469010
75326771
53127724
44897481
55155848
31053696
79050192
70090746
68306285
11495667
67868413
65268317
53581534
36975903
21563255
57817599
34463105
78953341
38723847
12282939
68932391
25042686
27905267
67794992
45561463
21188585
17886976
35186120
75895057
40589263
58548556
59047026
10141776
63172114
66994410
43534556
73243022
26343033
77431904
73079230
63081781
35907622
64851881
72741641
62579311
53331995
39646750
38961633
70286979
74319768
42788149
28472128
12723078
47460496
10361393
10745933
25020684
69912812
48566852
57698638
11750258
26619423
73891056
73655242
78093076
64590948
79335199
73150109
11769530
36428796
23562228
19494210
60576564
19857494
70562856
62160105
61270731
23962229
29380937
22408720
58200234
60371009
36734293
15003247
72513264
70248368
63524902
36584970
58495346
38404100
77334167
75134155
43529274
54773704
62194554
79014092
16649507
70998300
25311203
51007125
33578428
40903307
15490317
78834230
59717811
31487323
46166817
68454102
17857278
25036593
22982153
19294388
21285828
61748649
28407744
49952373
63279291
57281634
29927991
25791432
65699136
68095013
66161592
39325407
26823442
26129042
10080033
55009828
47578700
56555824
28897348
76932884
19464840
54229149
62797549
34965962
31333473
26203741
10841438
24799765
64768844
51586627
78647943
68764632
33095168
55850861
70316561
10992871
55938227
46519839
77453893
55317187
13375417
38476985
15591358
18455395
21099325
63472093
19865480
15939060
65797689
42731392
15189520
38663739
12029956
28362302
26708049
33771277
47800401
49667214
16809155
19318498
44991914
35121461
50110735
25686144
43987159
76453194
13308086
39835639
16052824
48121486
33397503
74395140
66956411
17260308
60621436
29762201
46720628
73596148
38734113
74933074
77649083
49027550
49038458
41914941
20863554
30551094
59899629
12883418
31810170
15459937
47046816
18215396
25268134
39649539
19312364
13068861
32672356
53009924
70895479
73727388
29160084
68881750
54403258
68836590
21541551
48992927
33898488
74363054
60554477
22133741
28998659
71736288
56867670
10256694
74982445
76882975
59630712
71200047
68247321
65722513
66842711
77074923
34390673
57672976
12891526
40452854
56215319
77899224
39822994
27095525
70120621
22459711
45690092
43272558
48072958
70539175
18674888
24706419
17240556
11188422
36585295
46993000
51142691
68425494
39414363
45065025
18228126
30914519
36313938
63636471
35279367
20888964
61242675
17171188
42285743
30706325
75294042
74696698
55882443
72140290
34447162
20334299
33760123
18693570
52153143
18459169
68587431
73227511
75840489
36631807
50626710
24989231
19451851
79585748
69463291
49122312
43095651
77558511
31371092
71493707
65943597
79485850
54401103
36389195
75013705
20985083
75757495
15277530
63527868
42857494
55148082
77103480
36892028
50791605
54254346
20886742
72559707
34933170
25868774
10273345
12183363
76115116
42818812
59140163
15183118
14745736
49964958
47126804
65823708
28355802
74525613
32298612
41724438
65426142
59970717
25716492
49026403
13171973
47478367
34620336
26716414
53959789
58971915
14392710
54074960
55671478
20270877
37391422
27107710
16959526
77786410
39124981
14533452
21044915
33353678
67647575
74569255
13550355
77431318
15619577
62893503
23802175
29927869
57736701
24212504
34354324
16147389
30957606
65685291
32226163
62334778
31513257
78119939
44969677
12647049
53009976
18570700
50647121
28317721
21916565
23918264
70515232
18257068
48573079
58884601
45691963
65016128
65625947
19241841
61418286
49661433
64524522
25298548
24653721
65512219
39697929
22845785
19977530
28714808
15944802
63394944
65863958
76126142
25784661
73894791
68657841
77449709
11000062
37231869
53212383
37070101
17752436
17049275
13556438
30216955
47415567
32014483
60620508
44814429
73872126
50923008
68138881
37300803
48819175
41676947
37229038
77946794
10099313
30323641
77229651
72800713
51208640
33887567
42048191
47899842
76965715
63998446
28834000
75282607
48710574
16659249
22749904
29854886
44907678
54816730
56221095
69696050
28616764
57369149
57606428
47488951
34578944
77149040
72668584
46142189
31419072
18191224
64624895
54577250
72728666
39817858
32617894
29429765
47604070
36823337
43758332
64412556
73926518
18282258
49725688
18212101
12859919
15851616
20719871
18911949
21924161
49775985
25310668
22219536
10686146
47760025
34092314
66047802
58620745
18565346
79057436
61620373
23327098
77470835
45952323
65927380
63462509
37446792
71727522
73482837
26189089
79309396
12488745
37762481
46712881
38644316
16795524
41442664
29727555
36874560
46045506
28375792
66023104
75158534
28086922
73831675
30559981
74933960
50795577
50394175
45451108
76878166
58887814
74644470
51417612
74075854
74737997
38469701
68666908
17588182
52731945
43158744
26708905
43597158
41971972
17925896
75464824
17489459
38885719
66634000
22822228
24969481
43766590
51752339
72445015
45073640
75899857
13767309
44454290
76114577
63526897
48914890
66581163
39141536
42516572
45704775
30060477
48081089
77016714
73283127
56160992
56684165
31424226
49006605
62349327
72659525
22317790
47402603
74103417
24449326
76136034
71767665
35834042
67594784
51725371
18696513
61169407
78004901
63318612
43032731
50909650
56887808
78218251
41543323
47396281
70752088
49031239
78901818
76223140
19690717
49058684
78797950
47938538
77367922
11009485
34382290
64010580
75527627
36918986
54401470
35545068
54499405
58763556
46312216
23527384
56042872
37617631
15469861
31995085
70062701
65609227
21330050
13592952
68927557
73819506
66116468
10026098
15552784
22105580
42970182
29943495
37248399
46639451
57482343
57185185
33125380
41971595
46481731
12626194
62024304
41074306
15984076
60713492
41760646
26633337
59391193
72335044
20923482
56940066
38086008
14450633
60833751
79511653
73702319
75162533
70270931
69532942
52414120
34818292
35927963
30220307
42331810
73239979
60735103
20055275
67786396
78856346
15093264
12221745
75554210
74245514
74929217
43270499
12198010
24729082
43492286
39541091
68904559
50114292
36508756
73313333
10378912
49195338
29994556
66089198
67163908
55039780
20236448
19660610
68195828
30382726
69697648
58536746
21007417
57361074
45171863
34970341
12894035
18045450
34883000
38185622
42325479
74540483
22900354
19656519
60312597
34232355
23717232
33500425
61072651
73556700
74095794
15984909
42997496
30682732
69219977
56138487
63911869
64559221
31133986
35828138
74004727
23852789
68826033
30785905
29692823
77501956
65031132
66585704
22635996
20615241
63329279
44060611
77647843
50099440
20451741
29087067
40370713
41597803
65131702
68923916
28087700
14620938
26647323
20640856
48885748
47247931
25664740
74737482
29955328
26914054
37689247
77932099
41154501
34391237
35307327
38511973
47370473
57113861
53416090
59876369
58381192
41382556
18609432
33135477
19633201
70295213
71815922
54380887
46999179
79289904
18437810
31747576
37189138
19028922
16019900
41250564
34898225
77630772
71381804
12806126
38939678
54571083
24830591
57660865
19958678
47219775
29779694
35976565
32393264
36717453
43155037
24617557
53134678
62965807
63910114
28210330
14088310
60588960
25670247
74589615
40933813
51106356
72109052
46777305
46336061
64208823
42394444
51985471
51868713
72954833
25682802
61421498
72932733
69268479
29111237
50731253
52571848
29451218
79861146
63075527
16370347
21863954
47861531
15557276
36819496
43321955
34055142
65416789
52756314
52063397
69093250
38395770
44500947
24107741
65429976
51138832
32447308
73782693
78085041
79456917
61661593
66390633
71632824
21193041
51889988
46200142
41176816
79183282
60698792
79696294
28862060
79029436
37881005
64104031
13166243
25127885
58777859
58666970
23692158
75503844
29579023
36911661
23047993
22532639
41345867
63273743
12252545
74355792
73797418
51064536
38043394
53091101
19631457
49702122
64671687
79376761
47708337
52200323
74379211
22987917
45852679
69832458
48992820
76713118
53078192
61219467
30468973
38146722
21515357
10278216
55196724
20840306
56012960
11710444
74776310
65470993
44234100
70179065
14192586
53093969
76626505
12895599
71698369
31252067
64993183
49159976
62556248
17667123
40447776
68511565
39052431
68181213
61113062
18328479
16568164
57410884
49424303
52314817
28964056
11489810
37318579
62712099
79841152
56691512
21030120
37329910
40188831
37229271
10542854
38301488
22069470
44862627
72983013
75341379
72559115
59410349
68118034
77059235
52057667
59947752
27748005
28616357
67233169
43431162
16071221
40169511
73950018
62614517
59187716
41082360
36777688
72828450
37490382
61517668
22647102
16242603
77247367
77378361
59585771
79249728
44744020
61256230
57855969
10199610
39428304
66220625
40068357
77049043
39894211
73047798
75011841
43107181
28169380
14591988
58382909
30732434
73531942
49119089
25186031
78390761
38275837
54749071
67998775
62885078
79449915
79486226
11796527
23192655
52194350
26434991
62918144
32230292
67028100
78080619
19968372
48418685
75723415
42062455
64246508
71730392
35942762
26273620
35407225
76296105
27149712
57127745
12031264
74221199
33753108
14753286
55734699
75878135
45145086
59717341
15441038
79337105
60022629
51300299
71174212
39710154
28443705
58492882
34659498
66922468
73136784
61317192
34861309
37419424
67096177
24498817
38929068
72805811
11828638
62602934
30409383
37340208
67923944
40326847
59038235
32678495
34284623
28057507
19090386
29760693
76330526
64662713
28065986
50316653
56556696
50650557
19917365
11528159
43847892
41143785
40750996
30920593
36396728
15800444
23886966
79329453
20737590
37897966
31001701
26048848
32405977
32824852
22077722
44983750
64491260
31723566
57876577
32297292
19563759
38104294
14099876
35803484
38007964
56603033
26875329
34099618
66763922
57004210
65914259
66468278
26319163
29308600
75665523
59453114
57165268
51088357
13459480
66875938
35465540
78806264
35853848
64918244
41199303
22722023
31188484
59437798
41276760
61532085
69323325
79212074
59587286
59742300
30319383
73714018
21738281
41987799
48779234
53624435
28635618
14919670
23549509
74914498
69732442
70442721
10703677
18548871
21917984
51993919
33371606
44020924
44853571
22903348
60543120
14769463
77294124
19551926
18045827
49749112
33978946
53477104
25653476
74046416
16650675
14931535
10720850
63013872
39565688
22830812
54440616
11851744
74065201
33982140
24878823
30247928
72002708
24456213
30983545
15506310
49688608
48563635
29182704
16343135
55340885
27917558
26356040
17359174
77411424
76680699
32269744
19864655
15526950
68394713
73347574
74862056
44105949
42087713
60958850
53392656
23538820
28818466
10425584
43203280
79735072
12072398
45073570
24558351
19088316
69523416
46493539
17392316
58918646
76956017
78794840
55444227
61791903
49050123
54127289
19501523
46042582
78473590
57502535
18721584
12330494
23560760
26481189
28341705
45582518
14791351
64050281
65056998
32899972
55407633
28679065
39699402
56895798
57670185
56888556
23809841
45344240
14762500
34606677
15979619
74522272
53448295
76866716
13036510
40360618
31745643
20121616
28088287
40910425
34102353
19563174
16878055
45161258
32134737
62723493
22073513
59197241
14702725
55993572
54271976
24973369
73654851
65092495
78746907
45236419
45416447
31239634
20843617
43923034
78962749
33504661
41543998
24090129
48879707
60947862
23393166
31021215
36557609
23199192
11133534
16329310
79380497
67114863
11897203
74812013
39923112
40036458
72785412
62127461
77672299
48227128
75212642
31804681
17032371
22966698
30099349
23753210
29617863
66346110
68832418
26082281
77717943
35467772
13457420
57488822
56515109
75838519
26248751
61349575
35931739
20980400
59744924
23479812
22805680
78395054
27133888
57590523
63064228
67266880
10245193
78029921
10973399
61220285
41129780
74541139
64665721
26217175
57494074
37257158
75276840
73040750
41674733
69507481
44423756
72548785
41779651
26357000
14322859
33808463
63534850
79455421
14143476
42665050
13330959
61977409
24503402
12397140
67164651
78651928
52941033
72859545
10500186
24380439
40429626
47167598
62243793
57097876
57014727
52655685
26663810
38327867
65035903
23191079
78165258
68227959
71080185
44920498
76492464
22969581
33466199
47357741
50771515
10503238
63247476
50600077
62155934
47681825
44656690
39621041
79049097
49171076
35350642
25686971
37261124
41309472
13806810
48679138
61114639
26750414
10124687
32584819
21793603
40411385
34529506
49501089
12005194
15994966
10667251
18061569
60522199
31466275
16703228
71381033
78576375
21743694
64441730
50433389
46191010
73922953
62012226
44813379
25379998
51485738
68371935
20646523
61500084
27182112
57335968
68882112
65652628
25631293
56759824
53251473
21413685
64083123
61925959
18292035
10732806
66040141
64185945
31154662
62343682
38992841
23018458
41113970
46415983
35557342
79816533
77343290
33278926
48429037
72624384
53852689
33929321
48823835
41573232
62267277
43274150
12053749
47166035
41824103
57794015
37486656
38708168
47604763
22951982
29805297
75951574
52363653
54245443
24313980
47596206
49219668
79649929
66764580
68717781
27148924
26778139
58098359
21679053
55966240
29552943
45354452
51131006
22863735
24214547
45124863
12157730
72800443
51490914
20935306
11320507
71754865
63024729
18205187
68266905
68170978
74960654
12879671
54915543
35047840
32650592
35323010
66672943
65596261
54700797
13206781
32041842
27043012
47049857
32692692
27601703
36750531
18430063
63800562
63172031
76720856
77869355
79609389
27063691
54805000
70115721
22718436
35333195
16133130
18189823
29549830
71326368
51836082
54136677
34821230
15110010
56974109
15231478
50944753
32846088
26757219
70642612
33681476
77020369
48231320
70416186
63415455
44758906
73416630
29510242
70109333
69766715
59047067
39300107
67880490
13812730
74784415
24645576
35825799
34565045
25396238
57089038
11938397
55295561
53775709
37580956
24134048
53466308
54912135
66246327
77255340
37799092
35728485
76755248
53167547
47968927
68919460
44431807
65622405
63838886
24742170
21927486
58505589
52881649
48951914
74436850
32626883
20862039
54447066
49715107
70835043
39052613
73569346
77080402
47977333
46081827
42703027
67056725
22891898
34421692
40759107
47049286
44450506
58179569
22707171
67494171
40777051
52178120
58424450
72347529
52167321
54299878
42935587
23117545
55648063
33856030
68543369
55339619
66282843
29006421
33333241
49488241
47136941
46156890
38955258
68307750
42174088
54617714
77684173
67692307
76151948
49181828
47463046
33698101
64421887
32789848
47488662
74162257
56033390
76403556
61301986
54578640
51445357
30067701
41152122
26112841
39355608
54548408
72242965
23264758
31668253
10501159
60858510
13049656
67903296
10423849
17173219
79407614
32392632
21922524
78549854
54539721
39058123
26297377
41550963
36693633
46641650
21601766
73110562
18484200
69571977
14522468
51323758
63189028
57721082
58652295
42796051
78344259
54153199
26989887
45903144
33056111
47603443
71597307
46328191
40810148
24155095
71301741
67708555
24020305
13493270
24843423
18709620
45733965
49127549
16955754
29886843
26403972
72287620
39940556
20714087
42133266
50547098
56496700
12915739
14018769
46177229
34057085
56220868
51496008
68772460
10388325
56835731
27557208
47049454
74581944
58469334
13409183
53293587
31239408
28076249
32435420
37776755
22360935
39463785
30483960
22013246
59772872
57795064
50561910
40919409
67085351
79683771
42195044
63855567
42057391
76385393
57033399
48380695
49436905
68014699
52476210
33354170
73021266
38578602
58343407
59070475
10721804
20531111
60059725
20565005
29927389
34548887
40233951
13871963
30740283
55380473
50598756
77379859
72113233
42995333
28020928
55835078
16524687
46249908
77368094
45523413
45539401
25526032
68944659
30803617
65271346
41194539
12148712
55082306
44002033
60527517
29063876
47984886
54555029
32444291
12895437
59283982
61467127
67029653
76709521
58764460
60353456
63631242
76622221
24544426
39022416
44692207
56820764
34637548
54987228
24545989
10482654
30982529
61989392
13017572
14190273
69363427
77140522
41934953
19515336
40063003
32057282
74492665
11580313
54119456
21677247
28766178
14900169
61316579
37415156
25114821
39705293
69101534
34316308
14797428
49546406
52938576
66320423
35123620
46908556
60985441
21036109
24930404
38942539
49316138
37997198
15951683
48482247
17906314
79239433
61311275
67042643
33405942
71007390
70745848
36498282
59056861
34411239
60629826
31894405
60245868
70168831
20849721
74876139
23105052
53992790
16114073
20794640
23576247
58271010
32002184
25996999
50735578
52505791
35764233
73880592
22145421
45149049
66114847
21672940
62719187
58921859
28445786
76152564
22652583
41611268
19056327
43827016
15974784
78895391
78475465
43780817
61980040
50416373
44343549
26244830
17178714
50212025
19599351
66659105
40345524
42201096
63303629
14443342
36630817
37936671
31408550
43740587
19353021
62167454
60371115
43601992
76095514
41756804
66658278
64144230
37148443
77878629
60101155
31698863
26063292
63181047
63114615
29946089
18067995
14229242
24181592
47288723
56182751
14942927
14508485
42693115
32555696
54603415
41137938
19363681
78496391
25658383
27261757
33939309
76424521
14184199
28316165
62940496
67124613
49915271
55678562
35771766
28394187
27874737
74189413
72150028
62828014
48111880
41539438
21902639
27687958
36656410
48842040
42030896
55946161
32732676
54776219
31036362
41080776
46157530
40810200
59203580
40750639
49986813
65546698
30453604
19473575
53583528
16767754
37999114
70072531
26300427
59638518
61806076
70391723
22487398
75815395
49245678
66473494
65602595
58611980
20575623
61340273
73997229
56585258
62154061
53635758
30871114
48223265
12087988
34936327
73421241
44990135
26432599
21722890
76188003
79781387
15397177
75354965
62216096
17062999
41634070
76630721
22063122
34688244
48444476
42060951
64862669
48955508
53932256
11458997
50293727
41838485
73056013
42636268
71613318
14634106
10998217
72744930
75819507
50561430
76578063
28507933
18587975
56862833
15652297
34482278
66171167
62339617
33604937
11020366
60007940
79129231
66895021
38391741
24759845
53434460
39506863
39565278
70363978
65421393
25289151
54318513
55438533
66582751
50946068
23103382
32593231
66577569
72794997
14393893
23834528
74864225
25923086
17060679
22823204
29491228
75056540
55544682
72455760
27948046
40767687
60821458
50699901
25708872
73573174
24093987
27701454
12040200
62034085
32309136
56518644
57242272
73626423
17517775
26979600
32812337
71771024
55261141
43101262
63771442
17715758
32748391
18628374
37319891
76088805
38585339
58699379
46037559
68324405
47553279
34717192
53554169
43334499
26958025
14946962
16655858
48333433
61890674
43926494
43265023
71534384
77565453
40053350
30601908
61857591
28722420
51167452
77850893
40390397
38000863
15041059
50644568
41124428
35039463
38440335
15422722
28527522
49765417
77548585
59602048
27131914
53374409
12223502
26629869
32317431
19448940
32198186
25870664
50278376
59269425
15800180
72035624
66548904
34510157
20457954
40819067
21948815
71472581
29858245
30599443
50618116
53709901
74270190
52852086
17182655
40032048
61278584
19584449
54326201
46822502
56507517
38501728
41727756
73359564
51913032
42227689
60142546
75669099
52931137
79679879
72052494
13972430
79340642
55859211
63663938
57632229
51194533
29215577
17394134
45913481
61076335
31960925
31705613
14550714
34723738
13371370
56736146
63964949
53920471
72733046
58313214
43984085
52128780
33048320
47697623
57026923
64634884
19596869
70066514
52183864
14950333
27510798
66041335
28078893
72811589
13847044
70510514
59342993
28895448
15617390
45856110
38927655
70859915
72871557
43777863
26793738
73924461
18237483
73117732
69062585
52118613
70566869
18792621
13999098
65425445
45349690
58263058
44789144
10889442
16656676
27643726
75029624
28588041
46783333
19906509
64479897
44830029
50720401
32292610
25102953
50268365
45768975
34111197
33870664
62836793
14500556
66430970
62193606
77200534
49008808
19330009
22740888
55407109
76292046
23302053
62238024
34565526
22272487
69591963
70550448
35025474
62621631
67156708
61292946
52861281
45315029
76609765
61830529
32654402
22122081
58978586
66871446
36443545
55185901
24780086
73001435
72612998
33708593
47146488
79302386
45577088
78950234
55710613
29252904
54700929
44304073
33917073
35739039
50847147
72043718
68731651
76184249
43840885
54740290
17452726
15923895
59061386
68418717
60627293
76395535
37858633
42741284
36538284
69077166
37025820
56977181
37771364
23523304
12641815
31522996
64181373
69972942
20143237
26549735
64430247
34953480
45646505
74354790
17748238
13784372
53279179
34086026
18850120
34484667
19749715
53574303
51800907
51284661
62828257
64191665
42878905
76884610
38216212
48438527
51911789
51351579
69916344
54766187
52889803
28387912
62685739
72416702
46445682
32026212
21851261
29773450
46929771
23499493
77134651
41263209
56897335
57856983
22279368
15092870
49382235
25813969
23254377
76881584
28847005
27519184
57339942
16663615
43339514
35592482
39196560
71678163
71313123
25839324
21500077
18757449
58069004
63667721
58847931
11428666
33329590
31925448
14856874
11015848
75404826
31358261
59348460
16650474
64321718
16187462
35968667
77933526
54552783
23099247
32311786
21227365
26270029
52282469
33847896
15304268
43029794
53000118
60624265
37137529
68489133
77693290
35055422
19976722
19824710
79877322
29021965
63487329
64691584
15494895
42667974
28832586
36039729
21151457
58991829
49869304
31396065
45864841
48428629
18337737
46427477
45202637
31690644
77215731
24798702
60207640
31302387
20968590
63389344
70257932
56993682
41840182
39366595
32456950
13352754
12316364
31481438
75757623
55855868
68544727
24358594
20364430
36153428
42446722
14581856
21595329
23315502
11653819
15144963
37658096
11351413
25088039
54689827
12096569
68284874
57388200
52315474
18472461
66468632
42417719
12583728
12688798
44033388
64434118
37815724
47262435
13690900
16420917
76801301
67266421
78085193
55422853
41322268
22130457
33056882
13074021
64957181
19455821
17587947
16576019
58283068
29923259
66488860
46600234
27378519
31065720
78683992
31007564
58031585
43132186
49930483
63648114
52121944
66376269
33098046
30687913
56657666
56342620
22970230
46419808
77870023
79504979
30317845
10382074
56972769
18670633
52672939
59343131
76253728
44547755
63146563
50212234
27815508
57427235
33198310
57130999
72724639
33558487
30338542
22792276
50548920
28699509
59605688
60831461
50729223
61564307
65240972
62863074
13876062
51611786
70635883
23266394
53458964
55786581
12240831
32007595
18234403
78023184
26100551
49628956
28114183
72811844
26835519
26949694
57089541
77672698
59703907
66086611
59903109
63269867
70247103
29942853
23630561
40071690
46941276
60488862
62558033
54746038
77513511
20552520
54480363
26924745
15704340
41806515
65197240
32067057
19182782
50508693
77841058
10279327
35170820
72032090
31810950
74542537
35338755
48026360
17517614
50718882
30804512
32470418
53843465
70694549
41772868
12728373
37055653
19198456
33985571
48846270
13248531
40135269
43471265
65118168
47733217
49151309
59432900
24159498
67881961
11153730
17573698
61364258
57674284
19717031
78905727
71523558
35614258
26674298
73633820
48806225
46854574
64591634
36164776
43556605
14167203
23144154
53731476
63911318
49179234
58927555
55274230
40065135
31768313
73990699
64035070
77259366
29684616
28483296
27260172
68519418
72744692
33850481
61102196
51198691
15858164
73616044
37155232
47328280
56007097
45616486
65062135
75480887
77325673
38927101
32831901
64728076
64694739
68143200
79012965
54644516
42785325
24690357
63834843
16547909
25162265
40492201
16773818
17761074
13294317
42639252
31992149
40385458
74948848
69060669
64211144
30422368
23882157
57458791
66830181
56841649
22154699
60019899
49932976
37492822
13787684
11947816
76668466
57649918
32128781
36069899
66388953
61067787
27301200
25883715
56389944
62319522
36491259
45569509
74774888
22145599
60840678
76151881
10917808
30232869
50371501
44879337
34677374
51585153
47716347
75855333
31331384
64549022
15972923
70826632
33044520
76446929
10926936
37445323
35337843
69739965
48042159
64154930
42524031
10847265
48966585
66029132
39171726
46047191
41908689
51506072
58834794
46963435
45807092
19615079
73056100
68782151
79526033
48729994
37467513
60747459
56189333
29372610
36047396
30535649
28426544
55020936
60928030
34398559
21671481
38814449
26613455
35446236
40882736
17093041
10465880
45467726
42381411
25456383
45725817
34578659
75993796
51528187
22047565
71029032
70871082
66447208
27876448
11173155
51323869
65705674
48355705
53119380
16296784
13443280
62696291
60864275
66825039
36011345
37399024
73578007
52769191
33884889
43769728
77246485
35442090
61456176
15206602
14763811
47315604
45790906
47990418
10162878
43686602
44250420
38216225
62339259
55404459
62164575
16751238
49094031
49268267
48686021
69699760
14123215
19328380
39214843
58776967
61561928
10002224
64309850
77537162
39307418
26466862
34585089
16703546
39243972
61450364
35992570
28262387
43987717
70986722
39305157
23203884
22731505
32848086
34032011
78570377
76513108
68649395
18651963
71807762
40244471
25931883
45505205
76922945
69291829
66671730
21839518
67198844
10788660
35284407
42543362
39976275
14869411
39005026
78966600
56399026
72856606
37055081
46130036
65905943
16961056
22228784
69099060
23392027
25254335
47307505
18710784
34885244
36167159
41254939
60319533
49610358
40829467
65459660
31564713
65107256
38929210
44614680
74842789
45256755
30142516
54577327
38334703
43468831
28209543
62773024
25239660
55974897
38692141
61615297
62487268
27149843
40909739
30506956
15350231
17825987
61668162
18396809
48693808
16437654
46249168
53231498
10045783
67632045
15350126
24975597
17072309
24120451
68548672
45066434
56643034
12474589
21434036
29691272
24828106
60220667
52279126
24933406
38549903
12433937
74462778
13256749
57440383
68388357
73394338
49457504
64907949
59605935
27261951
78766980
26495907
69712016
52221262
13028256
76753089
10815864
58026497
39435643
41438952
58790487
41578871
38287528
63570953
65100272
77566279
64320539
50810737
61482671
17492411
78812734
60163423
24658523
77482548
63125330
38753834
53953278
73295799
13339095
65158432
72663792
39477372
57300720
63081697
36003841
65011503
75201290
21151522
16154636
64082811
20135549
59030771
43072632
77059576
53588443
57978278
43162528
10644186
46118532
44623663
59106194
54696559
16078005
45275632
66937508
20534214
46426927
65532620
18235122
21978382
30602646
74641416
78627721
65064990
16973238
48082486
73345099
37990665
65040625
52913874
47214497
53098399
27202416
52710520
16317731
64746341
70047640
32923475
23834825
10059212
27019587
50921046
66414526
75361230
38096628
52809114
32704748
34368467
72845105
55048264
72313641
49374844
74190788
73376168
10792390
54894324
74623561
35429250
41767299
71673279
48761576
32530677
26292216
79697228
23014670
10450689
65107435
19389259
26946842
52349979
77509568
49820804
69406561
63663606
10639343
35524936
77450227
32929952
46189420
53310575
27370375
77635689
33792500
38175397
76328917
40047007
46746735
26462681
55608679
64893951
30796004
37859133
39623010
51267488
64237775
42303224
54927963
39597819
14348205
33937440
13073049
36569524
22271333
34200179
77048480
33961220
76410673
48641511
69012686
51535581
67119515
53741288
16876310
49240487
70083370
36716840
22707537
20139194
58666434
35751417
77382316
62374321
41585406
43390665
70007679
11742194
51626802
28636943
57745814
22776416
43733848
77381356
36494796
70201730
18903438
64160740
11264905
30236349
39036236
69262359
74832886
44846179
36662958
25088704
36808542
79388238
70837758
66691806
64874129
14379349
69116960
12231013
17771795
13135541
40944625
76806714
43183616
42142437
75001958
24655910
62538645
74985764
39322158
16894792
50941900
22695148
55599957
30314511
58852310
39877385
71591160
67053024
24816685
72824327
73891903
47203826
24027020
27690848
78089906
69222155
44180779
21156407
57390837
30530770
25022275
74156086
72211406
51707416
41852526
12090271
14515338
79419798
15176132
15132426
12210516
71301168
27161307
15939687
70756897
22952641
14346412
18706750
75448037
44160740
19797995
55860522
79492795
23550566
31363970
72352924
56692262
29986880
65817802
74001851
71501897
61787342
12152833
30258093
25374852
66627028
78569984
26627164
45154320
69653580
46423176
22151163
55664254
55145470
45549729
40012422
15206935
35378339
26815019
39279455
70443167
48336232
36818907
62861279
73690853
29136504
12141127
25395411
76241981
50048202
28944989
65731725
74810945
72249530
39994876
70773532
51575059
42217911
18177385
57922476
52743404
64354432
79726895
65462479
77697179
52150939
52129883
66019872
10976765
41191098
76868264
27997925
77658463
60803974
55465690
74831521
11961445
47713726
40692187
63960883
49065487
13559810
77484841
32280226
28759300
71175534
67052876
26845230
61271728
57875871
79556326
54602298
52286277
54312502
19407002
33341323
73994388
17006315
60903845
17959142
10872071
35081839
52463960
76083094
43480951
78936896
15569331
27680418
70455528
18095148
57816758
20758090
47941401
37984237
44347925
13698461
43637928
31801083
17042154
28057528
15975615
52467199
13610873
62571210
35982588
32848130
21816437
57837483
55688399
17546421
13504975
74981089
57477190
39888872
60454205
65600567
42862391
24324281
67624174
64135791
70375957
61120016
56382091
48688756
32860904
23838661
17881388
22969958
12731843
18832710
76805374
66316556
35271203
15250519
13923058
33594300
58181948
74668851
79717299
50378102
16740888
24465007
51391779
77309181
54186060
55112598
11096907
10921132
68850117
79664151
43856436
41931616
60164128
62751408
35485422
61536832
48899376
66606672
24801451
42695213
29493151
16142161
28689625
49211512
58520133
21183397
22771387
58190591
40234604
18435639
78699823
10215833
24504241
74595575
66623836
66027019
33609065
56689407
35008893
68805323
25945707
72595092
11255467
65648402
17689584
44382997
30682414
49106040
75374282
75684515
62868040
77603382
27369893
26558254
26495424
24599057
73180947
78771924
34935357
13755885
38787810
50240380
69742239
44757181
13920204
41237099
56133759
79267582
13059902
20457511
32265608
48367940
32590923
49630323
76110714
77857087
65351292
79002635
32997432
22319791
27552975
36051326
33981760
71995177
30077487
56914408
33864353
44494625
67988964
76418933
63275628
12868525
51406525
43218742
68086615
23358951
68880808
50477036
48991551
24214914
64766728
67914677
77816980
55558887
71005715
68496910
30890601
40684715
68479967
50726342
79696756
18490948
15127440
31607588
14100701
75323160
62727425
18704189
12995583
64275142
12877886
68443062
45208068
30418010
27319118
58637896
61136592
13866865
36408894
57202105
67326843
17969305
39976193
78109813
23420938
59466595
48846754
21236078
49259577
30517379
36425627
66806734
67143040
22540948
19432780
63329752
41636945
58880579
43692268
11811790
65802734
27713299
22627090
38898807
23264292
62652536
55850844
65939869
55384415
31873964
17209955
16891994
33423504
79687669
30962839
23278946
48199890
22542714
56794910
39364119
46459941
70167339
32692113
64030251
32480881
43477178
50892364
26854209
19491341
51978855
62709102
75267134
12463430
15728337
32004568
20400432
20129889
63854821
27111414
39819847
75375874
68386022
30790156
63484331
42302711
38129744
57437004
54868595
20586014
61372521
35823847
13421704
79911984
13659319
22802613
52346332
34325496
57951609
31478493
12675655
77651769
53414289
14549852
32820750
78648555
69801831
56595366
62835496
29566572
28733087
49822813
50536925
39017818
73891763
55529393
63017146
12256010
41547453
39381199
58792363
58812284
45446222
14947586
29324332
49614950
41730983
56619751
24568437
28752514
15604001
65368084
25266373
74780314
20605276
18185754
35709950
63421266
18912670
44167682
15607945
23457395
27837713
39767063
42740227
48369397
24901837
30000336
59639684
18489354
64308561
30735589
39542885
58015674
15436959
66747277
33946242
55680702
52553587
74334027
70363832
54427079
45326021
33809091
48019910
48570866
73216425
41511931
22935958
14639443
18327277
26770334
42618186
45075716
24327303
26405273
62988749
30832050
17744358
79878653
79807991
47362719
30359248
31285080
34487179
13606687
70272292
53061449
71859479
48989914
74731066
75728454
16966148
12587827
43602692
27372981
64072483
51557040
74608179
19489514
59601703
64527900
26427135
24102106
30818067
77789095
66416438
10273168
11196581
37663134
58461676
52110011
60669462
46289544
38891486
38412940
17614775
74677056
40470362
37096537
72838278
22862360
67275239
14109179
30945747
50541128
58600527
66463542
18593697
14401315
13195844
11002877
71660774
22746965
27615831
67647919
68701979
79115744
14399136
22133128
26725759
70321558
77481910
53894156
42222775
67464739
65554795
62118658
57460701
23490791
10386251
60213193
67754145
51859483
53734175
31937849
12979147
18035874
76247122
35270900
74822833
38949675
12703313
76485587
23979298
27397917
39533426
73353413
57342664
33394241
45191519
21830105
46791892
14261647
67039967
79540313
47242467
36014226
28975924
69538688
32465256
75789907
34517197
27411219
42528419
26875344
62583521
48566885
11578894
10725141
43305196
23607161
20897391
12095983
77641907
65962552
46139329
21653895
60093989
53956209
65614412
13191895
16495613
40673070
69422283
33302486
60525044
38076436
43139288
10737307
50472981
10826030
37614120
71169991
13494480
12584911
64065933
27538841
42928835
38471945
10839623
47680835
63599315
66566540
62785767
79908710
22812121
59703556
63705225
25570806
53827423
54354992
75769179
52838477
77056929
37094651
41907703
27582522
34652954
31075170
65392723
20898844
66098931
16751142
25961293
39950809
71623063
22701924
67933900
62644283
20566314
68675102
43845493
58911995
20257771
25559649
53396071
59790066
55089049
18004328
20228113
50785467
27011586
28932365
32304882
44419139
20602305
65643133
67662173
72435367
40990931
18778376
31370361
14124080
74833663
33214607
56744822
63498730
25910860
61800127
76095473
47508518
24987077
35376405
46079774
13212181
69723229
61336604
57348281
69375680
56324290
25170794
36533560
31375645
41207219
43343694
44519929
49659787
78026103
73836442
48437304
30374487
57817148
78643727
27203236
71547149
17139125
79021633
43479750
48176744
18224200
46463788
48776858
49272249
49491779
12333233
48900454
21843606
66770395
46809877
63738378
60319389
73740198
69180179
29970644
76038812
58193360
49734509
27593064
22045176
55480403
55684892
46883503
45785424
65347838
79717683
26171629
33901920
49372104
75027876
13412575
45699685
39850554
56906809
48726495
63330765
45192959
55614215
18385646
17499946
10415179
25078402
35783883
30986279
36997966
25103522
60475507
16763836
38208257
23233072
36510561
18853205
79956100
10314008
10517854
16440934
39931029
67224425
16353417
13048054
16665527
73993382
29628168
79689406
52621873
70588761
37191065
76530206
25809548
33100448
46440957
48108841
12418074
62696256
47786417
53810751
48526002
27163863
67641813
68876329
53603985
66439125
59396605
60008582
30647817
64801921
41383923
45069296
61891589
16985864
77322618
69296940
45768158
42956554
34057745
17732851
34331968
29149726
54297577
48985115
21647279
67493007
78192128
75391398
35116693
40954193
68819344
25240795
48864675
40857655
44175396
38161792
45130461
55874567
29658105
76470320
15207928
73352375
21038468
24682624
18178666
41174154
51067699
64629230
35059974
33322034
55873800
52194649
19754332
62307661
58775102
73148759
11209450
68657786
77512531
41379061
70158949
77552124
49525265
42911216
79165405
35479974
31596952
37667772
34093760
42044161
45024398
71925468
24154081
11616567
41165304
24254023
35372932
12417899
77138805
70258565
78943604
56593447
44844895
61529643
49971046
61685629
55869432
75761182
17272934
35645052
59618188
33819220
77146975
24501601
78420885
10095972
38015418
66330282
34992414
54748220
30100583
42470897
23451578
72612873
16023696
18078834
11938480
76462038
74643042
10546446
52870049
52839554
32996471
52665604
73008120
37724070
15592409
76199274
17191309
77249432
23043001
21925120
75456779
30580056
37532259
63483777
31325474
37017105
21261384
39791632
55112472
68540112
49038590
77952472
36843890
64662231
29809872
34521643
31854740
43124223
21010543
29241277
21112478
50063712
23304337
25128525
65735430
47219536
76903102
68790969
66898973
23581698
71302036
18428915
39475436
70856006
30619125
48925154
48424428
60517948
36197272
57208002
47165112
32872143
22973326
14125419
79613409
14124736
16611294
61150901
28717774
48209301
77101665
42956963
48983122
45033526
55330816
79651943
56878859
24691557
51105114
68523136
54835212
14181147
78632375
70562647
78576877
14398440
63152505
74413341
71318010
70214434
11910949
27251185
45697511
28130314
70886573
52684806
11521157
49043652
51332761
78692410
75053018
67766818
71531661
35676365
53157128
17800288
23728481
60407039
31595850
23628586
44131073
23861651
23765973
63750694
48537602
69809125
18923634
78972132
47052289
42286064
35417911
66733815
76448962
66828372
62528909
19338979
21004012
56323141
10529415
56720679
62546365
45152364
13271464
74137304
46484810
61352949
74298254
63986527
75924442
16629127
58208274
23532018
66273520
43818431
43154283
25074612
45347003
46632686
15351129
27210680
19836384
52765164
69855324
74551484
27058923
66568326
39538244
42949189
52049824
31952843
40169856
53149665
13501595
72631332
63556176
29419790
18870858
19990188
29380780
53446033
54167443
42771730
32486756
29251446
41762548
10245986
33388121
58834071
60318821
52183032
39423727
51520735
27850199
31632928
15233082
64703526
63400191
29732560
15786902
14637124
63554897
32245935
32471198
59975503
76872843
76316818
17487712
45958385
53238265
61572798
25783223
54598256
26697252
59251112
26474980
59773849
35397166
48181791
10104202
50650263
51913857
13041583
38301399
25858100
32419061
38777179
39997192
28229158
55437738
44777823
20293510
51257011
71329137
58388654
70574835
55296434
79826535
48401326
21547472
14444462
40040332
19437916
69388517
40433293
39523443
31029700
26301264
33641853
41701299
65157935
46692879
31594935
78010842
45967056
18756844
27327538
28327559
23288414
21436506
21594760
23103991
28134579
52829781
13675949
38191685
11767615
50538461
26172695
46120815
42453434
51197369
32716262
49720559
58888086
21645514
35810070
23496349
64522572
55979337
66612577
44775731
12812976
47325979
50465303
36452534
37303075
43819376
62018463
66685372
63202401
64009360
67630017
72420588
28303886
57934443
44096716
64467364
11403360
66681771
23669469
59947522
20660936
33680732
10161649
10511277
58548963
76978927
49692765
62526523
27741868
53224296
30330230
61415586
50078019
14361792
65483188
70966733
44254818
55331740
75879076
68439984
65943817
20999728
16799363
40275848
74277636
24937635
25738588
79445876
12684360
48116787
15858103
62250743
76955337
23123695
56566780
78408481
54061602
33324635
49512767
38299283
27164577
20037974
30327624
16635356
32545333
55262665
72060417
72322316
34226762
48386255
34734415
17876446
28653024
58396471
55758528
52654810
73008720
30145005
44817006
47619939
60001988
77533994
78678573
42807552
65317875
40704446
59710842
37902772
14619732
38075487
21071822
11336793
77589229
66428156
56608661
75816439
67581871
20941888
73656815
26002743
41759383
14232861
57752453
16854805
48101978
55264368
10920171
51757276
28902509
50136963
56324665
48392747
23713175
45148920
74454143
22197299
37981336
78229311
45447043
49140439
14837294
52952404
22868828
53375029
17013777
71072509
39430989
12292607
51459068
68156832
11774895
71370138
62414290
53576534
40990346
69216280
77330380
21981561
44292599
13520031
75962455
55921380
37634187
36703528
14724986
29280847
48493964
44483080
50631176
63068470
77772584
75283425
71149887
39327462
34815400
65305003
17519761
58936466
10745250
28351661
34280063
30049244
31201717
66748473
77279464
45654067
51602134
22230135
68379172
25026814
25050439
10650799
54461271
23871489
53614156
74341906
28900975
78974340
25843969
53564353
25719335
56001222
63271592
47846698
40607249
63371024
25554940
45601897
53297943
41837614
67937860
75780812
58174726
25399203
55290254
44065499
40706092
37648169
38928750
20244246
56245858
26628964
16273807
44590914
61682517
78905935
12133611
66208352
75924056
28554910
33902346
41565913
55434221
71255767
76412113
55200535
26770881
12138271
52899084
48046981
66806020
50064819
62453375
31104237
64590873
30953483
55032189
17557520
64141318
37473019
10520529
32222740
46166042
57567203
66139794
71613163
46437806
52704939
51313702
65846249
73437879
66024641
31132695
48640835
30589892
52091029
51947790
56937684
68768330
60129199
11341724
30120348
65237330
34045395
36875669
71999345
43131456
30443036
27574176
79589481
70758507
78812983
44976368
27222777
78198089
75570190
10649511
47599895
57915445
48052589
12907020
13034545
30746751
73927195
66648126
27518727
17576253
38948568
28168449
35630102
62009626
12121844
32581619
21184342
39630629
52237376
78990221
27954755
31556496
23161133
25514834
64402569
66649147
24226686
56803176
20590083
29635084
64184574
59898740
35763290
32480641
69035669
62550251
44315878
29017099
14310255
54354906
71326124
42165399
21958431
47871945
35833551
49975997
41830050
61761081
31097773
11053613
70027655
17209630
58109293
64311712
76953369
18461975
27666432
43661199
69645916
50050265
17158217
70914078
74495810
53569671
49537604
62279022
37090415
18979686
74808744
22333067
64345043
21420859
12921783
69365246
71725526
75147050
20113867
75060757
26234145
12351678
53955130
78945131
65998928
29286834
69986249
13201153
27697396
22908324
46342520
21861418
64904178
40631335
72757315
71827146
35799606
73473081
69283264
40202128
69237620
77097352
63383138
22679939
33867958
45300035
37618561
19643068
10544186
22754255
17362967
23878965
72351015
16365793
20304734
21692434
79168493
48590097
43003649
35854987
31290553
24620038
32132575
24449785
44341638
11915894
11249364
66166077
59902430
24062820
66643497
12479616
42363461
34856331
11155090
35486313
69571259
31780051
70293687
59117615
32732115
31007935
17382654
36601120
36972162
58841943
70222702
46804041
56223901
50947935
29919955
67313447
64399807
32648960
30741164
30010618
64400159
22190984
19721223
65682044
41339079
66419734
39739757
76835493
20389316
51965734
34380935
66653279
37058953
57907757
69979319
53892162
11397520
27899398
72227380
78582891
24781288
20323594
68960926
12750750
60751669
20698933
14962664
37850027
49040668
30576339
35325674
43361336
63348534
65616425
10487109
33106076
41943901
37216134
42752219
74032149
31476843
63154693
21365162
12520047
65622739
54360737
63353536
16408016
68228858
70663655
40874525
27259713
42179241
16002683
56873901
47166513
22538829
18513661
18163709
72441339
10943638
11992352
52915765
30838025
45512136
66176567
77898008
60208838
23860770
70079135
50615742
24707321
71101977
17269003
35844158
53192553
42569343
27176561
18101699
10924877
67790243
25309358
62029951
58276397
27542512
51732960
32061352
75285120
52993783
24829209
56641641
11204917
55182737
19308795
28879003
55648034
38022367
46497529
76974890
30254840
23360905
25807981
18280803
55031078
42055842
61986691
53128556
44252918
78497849
72181927
55002850
46904809
61136861
39066676
60078324
62380549
70904563
69484920
64175247
69621636
25088463
45315182
53847941
39861976
18747584
57336620
43503527
73852524
18318889
53530101
78328072
50046596
41850133
21132890
71992924
70473448
18771856
44699012
45498432
11562486
12124370
73483858
17932372
16285852
22268056
77857349
31268301
53484740
76210648
70100079
49312026
77733075
11043940
39274011
56788286
29504976
65728635
10338062
71154245
64579705
64455860
35829463
50829012
71996051
63903871
31458202
64412998
70106300
54031056
21843087
43865992
32479472
36570717
68131774
43651286
62474842
35980116
69245856
41836103
44706793
68852162
54882386
44449835
79650061
78340938
24824413
77737272
54163954
79645828
70495450
38491830
22614977
33093490
59880957
29358339
31827135
16753889
14929744
27812010
67279991
61672834
64627975
63558615
50404989
67309557
37042657
17704600
25438159
41725841
57617357
54644599
39716414
74147844
40993320
54402807
59755221
67670708
25662829
67704250
65935783
29463222
19782415
22163928
73935675
67148797
48458420
13991183
65873218
20629059
16295761
46405804
79718425
67064897
37447674
41646666
70660063
68498928
15037601
62732468
27174577
51322413
32998977
61792712
77955018
69721656
45583105
17455946
62622199
24648799
14772938
41287702
68531320
30935511
35555341
54819939
61679275
22035100
55543656
25736759
18011766
37358623
64999047
78225347
72429103
42436938
35702096
43471499
49509876
65833462
74064408
44432495
60773995
28618836
24297284
22033905
35726150
35455397
72315121
12432453
64734049
15468118
55658239
50295076
58876364
41470764
49830598
15890029
54463229
73077719
17478652
47490022
53179552
27172303
19951393
54958807
36759398
79651894
48574809
32839571
42484235
38829833
30864638
12442890
74871419
30485716
15990987
62125925
69688810
28245989
14986554
77993836
11584572
78465176
59992002
57012010
67875846
38243820
10230573
59917372
37288398
16349503
65072667
63232541
53364985
36037374
54208679
29569764
55903264
70208881
35774232
30079287
63453908
61394574
45622690
59925918
30286417
48727107
53116622
51063681
23219959
14658301
22360143
53318342
55934550
13762017
25504932
41173667
62513863
50607873
11005649
70502888
58108261
20798434
21628716
63035777
45428154
70883730
34358413
51499760
29616859
49705517
10588724
71457472
13556648
69175684
11719488
52665139
40592384
55155152
57735569
54622900
51638418
56903767
68636644
49515759
52698220
26137133
70574214
36830143
40914143
70567791
59402635
12998229
23342324
24256224
57087686
51747096
43670199
48600689
49089301
43245938
37346778
61864269
61713349
67083827
49046125
23842868
58638088
79842008
50724503
58129187
64242297
62029006
79542600
44762330
48840894
11077848
34270089
69181070
50545031
24201783
72552714
50378676
77127979
11536912
34389128
19128013
70750302
13491733
28374617
34540405
48960986
25393464
48540528
21764235
41951500
47866542
24843003
59800618
71471106
14757837
77915353
76326453
42029661
50833535
50801912
61284922
30097347
69387268
38303568
57441330
47896668
47175362
48870108
53643436
33484608
72480495
50349132
35056703
11605144
63536311
40956930
50079906
54141447
68272294
53392558
51334608
26355527
40282326
51884404
13610172
76382530
75534599
18559302
32726586
23161069
79312931
40189750
53295965
26928797
16899129
68989826
25897793
39942971
74243028
62598901
25029640
75784754
48393281
20489034
55496315
51397281
23489560
15087342
50412118
18855595
47499457
60808683
49689253
63621819
41233362
33271579
49679205
65016984
35714501
12839276
64632655
50417838
54508554
23641299
19584075
30685743
67652664
33120111
13774529
23949775
14393581
69142171
76706705
67772814
21733895
66526003
59385638
41345307
26864369
72849312
65494883
79333662
11542708
30995863
78921126
40417984
60157232
24231394
39896970
73002464
41239111
44719348
74793495
21714680
42968217
24446932
13032476
58832405
46250706
50044320
20269498
15580731
13862190
54678918
74574205
63958302
65226623
23017475
60882866
34577506
30186543
60828806
57292613
68682628
72144230
44556375
67748391
47418752
32282319
28194840
27674515
71845318
16958289
10252593
49424402
62236169
50073101
73216325
33074761
28455200
33509295
33219714
32465923
57195710
47988671
75704155
19007770
69525121
20404262
14928528
79606589
62297092
45841711
62858489
11353858
66076530
40929224
63006017
34455310
37168350
42297882
21436624
25294059
28876038
21651383
36237886
65496199
58888678
58596309
39844394
67524765
61476500
46347197
23383742
17619927
63505581
16686135
60876815
76476263
46289405
75163492
65828759
60317327
27728159
59831530
38217676
35360403
31642094
22537863
58461546
69349236
57405046
20339329
21038500
41895428
75077440
57201646
23908101
21265065
22966009
60397539
20188648
45539219
64064144
25724444
20213281
36382096
51085038
32006612
79209939
68349854
36906695
76123840
55920616
65789774
18784611
23657324
16830122
52751794
34787798
16276420
45843186
74926784
56169592
34617213
61063403
51977854
66673539
65480377
38252574
10630901
53812995
36132930
12570698
40374515
79903240
38368759
72875462
17158476
43487508
64464485
36774110
41780704
68757717
57441645
12792210
18361168
43711141
21569291
25446603
52645639
73086382
10219030
33534455
38463641
75413113
31333762
13725909
78953978
54137253
19204553
53635961
46594748
75450687
59788804
10778182
54795384
78259143
15418858
13060858
26541093
56578716
76148788
69004365
52091299
20503756
66742763
20530732
68816045
11169260
11150833
24817902
23979100
23462595
56670277
48002280
59970388
47556109
65959368
76083535
47274064
73022533
18830683
30759934
76192845
55890059
78668751
55185299
41563516
66781445
45287393
17837909
38111337
54178360
18784238
76497574
37371734
33921813
68172072
64942768
53280421
39105694
50939505
76943008
72939726
52211173
16750852
67537859
31779367
76203943
55367225
16382664
24718908
72040957
20636610
56046119
43776496
22475440
74979462
25480524
52736450
52934857
67839575
63223449
65345162
34198021
56150596
26840819
67117071
63656745
22722175
76200135
65725421
43155265
30452456
66832879
72213928
76169008
71103597
19381889
74143135
79015315
55634270
68185852
47230667
23287998
72287166
67397704
59543003
77191287
31146380
60647081
36076781
78621210
59202718
58760429
71233167
55360101
10587829
48262516
51982075
45397626
41759855
31114297
47480726
59894369
12649299
54682073
35589666
40725014
17609193
70528782
56385386
66167420
37528049
28083956
29740760
54389154
58146548
19857406
50038106
26660563
49637203
47283886
28542014
22557702
47736771
79849402
52876789
64117215
32426228
36456967
70425492
21563673
68015483
65030682
18679037
34563948
47392199
23562540
67919385
27111396
65725008
28800062
32026871
34430762
25231715
16982442
13907173
53291832
53992126
74562337
38691482
79444445
30286659
20916887
20154261
37415619
26484414
63656208
28922545
29499757
21324372
40711903
77770460
17116617
28228853
43708362
73916322
35445063
72747040
20746476
45626799
79302679
68035003
73136341
24083922
16030172
55850524
27454449
31402604
75981355
39646477
72102705
34787368
28462193
57848499
32174582
51489128
75848186
70576417
76039138
74698478
79618102
43059393
34498843
74893121
49412506
45466738
46219643
34435502
64075027
75470652
19388880
44187958
70499588
77762653
53639680
56922859
73133984
33489434
31473801
47945829
56877279
19229945
15632913
49739080
38028211
77503308
78339941
42529210
26325643
34666271
39231347
14949992
68169912
25858152
20066594
12890487
12713405
23924583
61880036
56093485
23593244
67017277
77372602
24743560
34536785
27790670
72030249
54664430
54931220
78646396
21721481
23563145
15478881
46966390
74558879
33539121
66442693
59479986
40542646
67646614
60223956
40737712
43172085
27902748
46487997
50439812
37387421
77163528
18625512
67942359
63650109
27229263
76285072
41953733
54004302
51734420
71682233
74122421
23018425
44667836
31787118
38349831
77614676
59377648
23609440
59187806
47138592
24128930
54817192
43304551
50867668
35493126
36863208
12504568
79843062
40312983
17911251
10804673
44258104
62997571
79987627
77637010
71253731
35119820
22750954
26993476
21390023
16353683
42802248
27794146
53947892
47303029
51050293
75867234
19656550
59715474
14094450
65445834
37436568
72321158
38287178
54743970
44365299
46780781
26120292
55305019
64895837
20828978
76346259
27129098
51514521
54242107
61790823
24782655
41321128
39115730
46649635
20163974
13663037
12178662
46287021
26222474
11540288
71705255
41857060
18294378
56209677
39958770
64919283
51935988
75075045
61304298
11889332
11403501
33206917
14526786
42818320
16648902
27187667
75016814
62568631
72259189
33672627
60089560
53546108
31408962
52555624
17451394
42138423
25137187
63166547
70470270
79629970
50503618
71586109
13380742
18258263
18703737
65920341
22287935
17933844
15762408
25049476
36041003
51438125
41199675
67558618
11437455
48893739
73216029
47487318
56666235
62549022
77826175
27202978
26978504
19614064
20802775
33781327
45780343
71842570
49526367
16014052
76922457
72765343
49954327
34503616
38179596
75827341
29021119
58074829
48239383
22728702
77976931
27602463
74152392
63533447
13968832
75446084
16139710
47515558
53474341
44138936
71507796
29425577
69624248
55284381
28916210
11841901
63147234
26970921
30846788
73265992
36203958
56798467
66554706
44329840
27502597
73010063
33638658
40103829
23588189
57744224
45411410
19493372
46914170
26857686
13746898
43821329
42954935
61996281
53731265
62084670
66807841
44862693
75736350
50588044
58063997
13788069
60808302
33635998
16825076
36011830
72970830
65481176
34561439
30207361
11872446
48258724
40725586
64321127
51683406
61948148
13523572
45485829
66231073
10357759
20697307
32635882
54340267
17311090
60216085
76120263
42546069
42394090
64510174
45866499
60670552
56886100
72157972
17426377
61249527
73396934
52285899
76773035
41733885
36198934
65170194
37119422
56355861
34678197
74029611
78700928
79729616
12416462
64086433
69020354
30620084
74038750
55670289
72075115
62796942
23888218
60614862
44877463
48729264
17210971
22414090
48532859
35783297
46966626
60623532
11676230
21554861
51077815
53405972
65883937
61673551
79377130
46602198
70475210
15948290
59774508
47093440
70924175
69081107
71361413
73046983
20313932
41767183
28143986
28331645
71358048
79980562
21548661
19484013
35384412
11464877
16808125
36372785
51159140
50582863
22579602
23566223
34458417
22797849
13319282
74410712
39826580
34514006
59521666
18051914
46321701
50994662
70145461
70647145
31370281
55551619
70629790
59703763
32994446
22446535
23068332
53230481
64969790
14833447
51061500
79956184
73560347
54944446
19031390
10822225
77419653
45266083
11448899
17027777
16175390
71217587
65431709
22102114
17560373
75530289
45240602
74033036
23554946
45964707
70285060
28725749
46295505
40743213
72789506
16849929
20768396
10203997
15193757
54408921
27671500
76074479
55703355
43735355
61110146
14164780
14443466
72423268
44103170
14395622
39960287
51225462
45521189
70553254
66285964
38563151
76781576
67390812
29854681
73851154
68117963
26561202
46401446
29871625
45888966
32711268
50513991
79904389
15354130
10649533
41188086
53680591
70292840
79183401
56921293
50303699
79345374
53806728
40827171
33917397
17863097
20666362
58291014
71316801
22485458
56795208
66171153
19152172
74587570
11361983
54820383
59484582
16313673
72883632
60601577
67749421
25413572
30858429
64290640
67229321
39679792
55531166
66457632
61898909
73831804
44020455
33485351
31336818
41953070
29119967
61867592
74975340
12198381
41867675
65952427
17427199
12027576
56690671
41011343
14067732
18323767
33805226
33957431
19693979
60432590
52721204
69626817
74175321
53280314
49086628
79068672
32089732
23503638
30896826
58893470
12365711
40711431
26839880
53153630
13891585
32718180
36110534
48758025
35444479
55570172
14883884
46144517
62652948
29586710
29355861
51046486
35462802
33064281
55584324
42324080
34103146
58967096
12953299
30484543
29981239
36492714
13478898
36823134
77043748
63313499
47590740
64983272
67800535
66500650
34252191
19030705
26292055
75454542
21987059
17484378
17555368
12850323
18079117
52087213
32837289
77994993
28220013
59990549
15441230
21155225
77153888
42351493
16822871
10805893
35829391
30055562
43700713
36570255
50234572
69634546
64381768
13876670
58494060
14728209
16661282
62509452
29650053
72910007
69273865
30412214
45094114
14476994
74139344
15557718
52265728
30515840
13100671
14720857
60972482
37312684
63578582
48680360
69626446
63691558
28521751
11786653
14015221
22743000
56349056
48804608
68232581
67670435
68965402
10259981
46585708
31597621
30552608
18372672
65816110
34621306
65081246
75478622
21184453
53511092
72391802
59713753
17332098
51246238
42978454
65579015
52267782
34242322
29530919
15169465
14849772
65103224
38370647
14134568
58840560
46370898
66151397
15864885
73446441
21997495
16994601
30685316
47790963
51330684
22602762
78950745
78596688
58548143
71234864
68335776
26021799
42309947
38948899
29992076
68927280
33360955
28149411
57502435
12157262
38400818
74826703
78407044
21062929
52454777
14775336
69355493
66491919
78027853
77128303
34008666
66700992
39345511
31861223
73312255
45590009
25479904
33034993
58661058
38092052
53445176
62778949
62246485
20423072
72782945
43755570
28620173
54877884
34958932
24417662
64563346
31446008
40466345
71953967
66858724
26904715
67444004
71260810
62795989
27205239
38220716
40251737
58200043
64542778
34841729
66615382
58480924
50120190
77407590
59133987
33439098
67738055
77651497
24001394
40094196
11229321
55908066
70064774
43528727
70313535
10714582
20159709
24283266
15287232
67151114
66697525
76407699
49049466
34685642
14410722
18750415
22845607
58681830
57484028
22543964
34463078
16431375
19363896
33382227
24046268
48130870
49847640
66730138
61133749
10774458
67255533
41574543
50618034
36260369
37103750
33888811
54576623
61721532
49930528
26905714
54864127
49179651
39573575
60982541
64881467
79895960
76687837
72676233
72182312
24792623
11681318
26789510
64543239
27987098
13656867
26385502
25379930
14319255
21207198
16855172
60511845
40972724
25292819
30383225
68723617
33398908
64909313
24504746
52401070
14377084
68069264
37699992
47229604
75028614
48635766
28358852
58724369
49194106
24631900
73805858
56477994
69986330
53494996
27927001
79401774
34876445
62151103
35815802
16366703
10232315
64023042
35059187
39137590
14077407
35080238
45493127
49367122
66145004
50613565
37439313
32317153
11458004
32977848
75855171
70578841
24425280
31864160
35619809
54086108
55083486
76828121
63195706
46342682
66068091
69954408
17092485
60061269
59906133
34939488
76416827
13572807
37273563
10700254
62051975
16218906
39169225
47492611
30083255
20182727
59350010
55786800
37089199
11535468
39080102
33603444
73497794
17052129
34465958
32717818
19040639
11775074
53274891
77897697
33901028
47399670
67588090
46928314
27325232
54301612
77886797
16400375
59679403
57496961
61220115
19857119
10071269
52082622
48607110
65046216
71788959
39437798
28856963
63753633
50844268
32261820
17800092
29230084
79844103
56908607
10617908
72932723
73580649
13263886
39583112
33621397
10048606
70982673
73807445
41334431
24533805
72890536
28546405
37337537
46627473
30735498
57352558
61995201
41031916
60676247
13331168
56063454
61996115
57691143
66734180
16756928
72946127
63846699
22936263
33265986
67353874
64300464
50423359
25163570
26636962
38212979
50428348
20503408
23757387
79907778
38275368
10692915
65313029
34322076
14457293
15055368
45643689
10600075
51328087
74146990
36105480
45714969
70740728
23674421
40820406
25271832
22511600
77557937
70751942
51449591
42682778
53386415
63714764
64202557
17427472
44842960
54234626
49088266
63994247
18640404
30514520
56243252
37395780
53355777
26581838
18170505
79523208
43551387
34360215
16105389
29329240
40489632
17817616
20346423
27212265
58140810
39216237
20049600
26452709
70211430
27628397
73205636
31767787
53595175
41998253
69119663
75035484
28790240
60631685
16832309
74429881
38315074
69101661
66085430
71935021
23354480
28355093
38938476
51173742
56114318
16236994
47848721
76043398
11522351
36208458
24280672
16359647
49289607
76925847
30216256
38692954
42510960
69162222
78976095
31517612
26717987
62648233
30168352
33282059
47116078
57723712
12134399
18662618
22835726
41941928
63178116
21854071
71872619
48661483
14388730
73753722
73320486
55435996
38809967
38669864
33636979
16637835
50540587
50421786
64892976
26213277
29287365
18341997
54948264
71248619
27188525
13150849
48486205
77697641
16701439
64635948
60466020
78683744
20628506
33138917
10649467
19372142
24038763
64324438
61975212
67191284
46871918
57943876
48991893
16184174
77334623
42230733
42119780
28856227
75087464
28705053
67133584
56213996
41854327
71608639
32999970
20840362
49217501
21093706
24325148
59675614
35778361
64433800
34233097
44125363
27176678
53889152
45569978
29442247
16936532
27499356
64395981
19816618
26145002
17126827
44369476
69965630
76675974
64649290
68477210
10776870
30876722
68531237
27413966
58492465
66843130
56908341
25501267
57740812
36165836
72334834
12408729
38458328
22393385
38161088
38050836
10522050
50328847
51029083
36381929
26708003
39543696
53196493
69176109
24183400
38722474
76396629
22926424
40792655
27567558
23695077
56969679
56001005
40240165
58130436
45767351
45257460
22868139
21400244
53566615
35725407
67401567
60748250
56044785
65268108
67611124
61126005
59215851
44712651
10555886
17823095
24393802
68264118
22036340
44325928
23904263
61941154
56639553
67096235
35607948
75061980
31026824
31474755
56216439
43128606
28854310
77153172
15768715
31986804
76056840
59546669
10516453
29614968
70052702
79176333
19388830
29940221
26893280
37390706
71562581
23309872
58631580
20317106
66414733
20560440
22430999
48488904
54009390
38437867
67174514
48743289
43435083
24480406
63467539
43537398
47165004
60095797
65485947
29207540
31907218
21892860
34021849
30039203
39253627
37385389
52835347
43007499
76328350
76550493
50085273
66705138
21437295
57708532
78220503
71003431
62983155
65019632
61712351
73887512
74080736
69441001
20090120
67027045
57416826
36054956
55330278
44216896
53316570
51321379
32903932
68181186
45209523
33781200
42400302
79428982
18424189
30520363
74242464
11424984
51549223
67010230
45105641
48156955
30244883
26583113
53481024
20051986
64082528
36522037
32542423
60868863
31896540
10041899
52546571
20207538
11775047
34693492
69683435
41429500
12332256
70805259
16303164
65331787
75472302
27869780
31287306
35677268
57795289
13746988
29915654
36640164
18816251
50567169
49320852
66607734
15527197
18660516
38132817
64030627
39728824
58874913
32935192
38335415
42113372
27063274
11098528
72127427
34962259
79977916
73836237
20918886
23678662
66179803
62062638
50836488
19978167
56381442
73826327
19091891
45697728
37556816
25756126
59888208
36896503
12650752
20920043
20985383
30629721
49463159
49096910
40735028
76095762
39772390
29788791
44374995
26736620
34299263
36342854
15702665
45513726
51338821
54793263
58864688
20410515
19343268
72333763
11285817
28249349
34062615
59739671
46856158
51555101
73977136
19571055
67999108
52900661
77108454
25176559
64715815
11304084
38884014
14747294
31496756
11289931
10874419
75097287
73635223
49316582
34630686
37293228
23602646
45458887
61871783
17784145
55528939
78072458
51218239
64445721
21995577
48991105
19852688
62507205
41125982
51074062
10943006
49345568
26295175
45666008
74454973
31011423
29011153
17324346
28029958
59509809
48311431
43826680
26263743
60338097
41775604
25787504
57961686
15800462
65372873
76084860
26280720
78155815
11538037
12601169
74521381
46661999
61999016
63304423
44637062
12660582
62203046
24751168
22638292
50238326
27499229
45033127
29314250
49097568
72934329
53446860
62901385
75898691
16175499
67084608
41488948
44870048
38105506
38646803
51667734
19904728
47360481
30040358
32739023
26452345
46960967
10979863
29606398
71278969
67428931
65648968
72563256
34514672
68587427
68312761
72301151
15001983
53568965
57648665
79588782
55832486
22271817
45574862
25169588
13144703
39869483
59536902
12716916
42903589
35845581
25082080
25997046
56939011
25036013
14765868
68610659
49408871
54057101
14531820
15917917
25857504
60317169
45999700
33314942
69341337
12250783
67663566
75412710
22495719
66898143
75433424
72634097
44752496
29539904
69996242
33403580
57005007
52454931
71304331
50447739
18445279
24012691
13877684
29727764
26133898
13128272
76885996
69564997
66323384
14617335
62562232
40274509
60256780
23792350
28522995
13646529
73725696
56057998
72365426
19414969
40168322
62613795
36213978
11761875
35199566
73585003
44056128
75476096
40592118
16869841
34493497
47971313
69504533
18961499
15673456
26427167
60665586
46019238
70177821
54510726
51313134
15734149
41390538
46534189
53928374
74975432
20462779
41495119
24656995
35576561
43111790
23049166
31726403
39289149
57792283
45301798
41502036
47796957
10800253
39035566
32820102
43678789
18435545
53714465
78324427
40886345
57103667
59411275
79807246
45465639
77763740
14141178
74849303
49678363
10151647
61746632
55041924
36854683
12237944
23592008
27080102
41756654
19508903
53378754
51268191
41936669
38563768
76977365
54194553
77690774
50793898
65429664
71267378
42152776
18835417
34946070
78553852
29404456
62728662
35877057
13216632
14568136
42248565
16558199
55603264
39345687
23179330
27730565
56735987
76467231
14005837
77375672
15381685
63384249
33354406
37878189
62538171
74597049
49521400
38927576
71028505
20356489
45113100
47112122
69300579
37247503
51325421
51021568
35509620
43139811
40952152
42123851
21646357
77999912
64159766
78267272
43538603
14475192
63005797
64585702
56907855
47740494
31777092
29954909
12951715
71488413
15264748
59163037
38688957
41014835
61870249
61544504
52407958
33796918
78112492
32603274
47552927
67390970
12143166
54289266
79141228
55520032
33438541
64611136
32773095
53351214
64074093
15379479
56528644
70592251
25454575
57347141
79723439
10978041
32766326
25496450
67589469
38407408
28470246
37197293
21652882
56976873
29459770
66945032
20240528
29914078
12606862
38189779
15153220
23439502
30979066
27887047
68161161
70615390
76703148
49573500
63042851
57358038
77899950
13285259
71288704
43085255
78619863
34654434
74830863
43842114
15060458
58415704
72949155
48812219
10635584
42947271
47985087
32724359
52140251
79680787
66002074
48818832
21178182
63799524
12006237
62193666
18510883
34813413
30989169
36376411
64247706
44914528
29440228
71557683
65821584
66355748
24366684
61529782
75486984
37077984
36601619
23655701
70996908
77288414
15332726
74792066
21709897
14663270
50446271
69760686
47014129
63323918
52620409
59070260
54095766
54437622
11555875
49447323
50927506
14185734
54539502
29235543
72137254
21134115
22102253
39585337
32719090
28864991
34129983
47136484
14182807
67486743
50662787
16797319
22097724
60680928
22980019
72926587
24504345
63925693
18520744
79188203
36715263
25641672
56720157
48764285
25736713
28678324
19460354
65571229
27129559
69766334
17946533
60073854
42590784
56636838
16108130
71047870
79065675
16495191
56794754
62213306
75235492
33177773
39616170
67913892
40506056
60214866
40744543
62554530
48588824
71228296
55906182
20399983
21361791
62892963
35171223
38669768
61134796
16840499
78197211
65129317
69974119
36192028
39783301
49848405
35187856
16347421
18144655
43866748
69203158
70077010
79000869
73876593
64358221
41212787
19816748
27764696
36010213
50962044
23234339
40477143
48186402
67234735
42061511
39554991
77139369
32703912
42913113
64377649
36884806
23848274
59078498
18135744
65797464
45271123
45316094
21282640
45947249
58595931
14975551
34809027
77863926
32809708
39782557
67772795
51875171
44702345
37004703
35508376
70008290
32504014
45732019
60797194
10923164
63472180
58122780
51937969
39239458
29339701
26385343
56865598
46666890
53020778
65790007
20358255
75402219
49572861
42824462
40333573
78095682
47787645
24237255
73042077
24314117
36830391
34483758
32414082
25054642
39931617
65744833
53958161
28660810
11052193
47379833
34121137
56399560
16439773
66748334
61901998
38698996
44632744
67868462
63599026
47839903
42929467
36984979
43357937
20168547
56161200
66541128
73094971
50930107
74771358
54869222
37871172
50970655
18114259
37497317
69636288
64192449
74080817
25328564
54872859
47685655
26526210
75767031
74582110
24060695
52974739
12883491
70558076
21425203
56054813
28198684
62220180
62612305
60709514
61019987
29488387
54205017
14132987
37239804
29437695
60687927
70217021
46676761
64422148
18398448
34200047
28648818
30504261
54498718
68925119
65026861
51732453
52360718
47067321
42093519
71138789
63035921
11523383
10145656
42297559
29687831
43037486
43657932
41276899
50123370
34991126
31503491
10798742
23358606
12704402
49693508
39595918
20790009
30536532
57387685
46924203
37950901
10137564
55251548
54862690
61975897
21935066
36567494
57726178
10328057
69659021
59566145
40470144
48389572
19462765
58781410
66348647
53108088
74795419
73691906
27463170
42117166
76099110
21217477
58895104
70671063
42336237
30745072
76397073
46874766
41390532
67646498
73989442
74768960
14797749
56600916
75910263
61612168
57869428
57549981
27317082
66855488
27178328
68465460
79810136
46810083
66690404
47600593
63745853
15948974
52583422
16505189
31766874
66412906
22117319
36864363
11025037
70687591
44525534
77514709
33432402
33229291
13182755
56103772
17385388
23617438
61084161
74392759
26863338
22077391
64650384
74565231
58551408
75250459
67329757
70899077
69502335
64521154
76084841
32845391
42801245
69079800
46580913
17508447
33473759
78855655
23614105
18740470
18785722
54896055
75798031
41532353
54195616
74422740
59256139
31276002
31993021
57906914
73722953
71174254
74649799
46588039
16664262
17668616
52249288
33834312
41798240
78770036
71030588
62616041
12273697
23598699
31244939
44185525
77893535
21939980
77040251
10796027
79402764
25529477
54139009
25452762
21736547
49836010
75862615
25774029
20181593
47546819
36760491
44867072
61051131
60926670
43626964
77456760
11183160
75824436
39823656
50640561
14740860
13375320
29958989
43152430
50530459
43723400
78483115
67391727
78292885
76784390
35095225
30229500
23180137
46154914
41338629
27320013
26746323
59237334
44092888
59833899
27021466
12247415
57630052
33226991
15802315
38898613
33255679
16896229
20713016
15746650
57740894
78456546
60687641
23309887
48836234
76914046
17730732
64648523
13822187
17400749
13675217
10901418
31141749
14292749
43523364
56770505
56338629
46322211
49145181
73471287
73441181
66940178
64750089
22590275
45406656
29495321
51498769
23915357
24900681
55017783
24176349
37619739
52418569
77942333
49276914
19915355
40847979
71396761
50874732
70537193
63505810
41859414
40638108
49661088
78025259
52247759
20964597
62182932
35151105
57095853
25220674
71523464
53626177
68739345
29915355
74818220
29927054
49116788
60549435
77669592
15036903
45675123
21615317
41077145
70999726
17200390
19905933
77391850
44162796
71298319
50707680
17875618
21512391
72443242
62571804
55633919
68653154
69358304
39251283
19409218
45589466
74818347
22272949
49424887
55574131
57495263
43435873
18834911
78055489
37501603
32935258
11013079
61876226
15480925
54783691
35357219
27514189
56175274
16545417
44098250
62272143
35929249
31976896
39589804
49932683
51276195
28308457
28453358
39981992
38145007
43267053
65661968
51253057
18849258
77668679
66019684
66826058
11397100
37730824
69625411
72513075
26315904
46649235
16722897
43239957
53997007
47548954
55448684
10551500
67173005
63797992
25956140
58888378
44685280
20908151
73623029
31522160
57748807
34231836
46499274
63971194
26662984
60928665
63474058
11222444
28675344
38644706
47965525
15645453
20590069
31019331
79836478
43560091
45409382
66655068
76977364
76163509
69102714
48678675
71874240
17388328
43972676
24870792
30940235
55885714
45848778
51881937
43346942
21430017
62174503
39219531
12067648
28386098
60207994
38269488
62018795
40795027
12509782
65985581
67438358
62766620
32931933
38784592
54248607
51465224
20191358
35711916
73869952
30218781
26653044
76245974
53200417
35556891
16427954
64463016
13761989
73638611
46725111
69147812
44493412
67143625
22914597
25242192
30509039
52532408
33186488
68839325
16918865
20328630
35608629
66983662
43317550
13031587
27241386
54585046
70473015
59994727
71660028
30076537
53538932
54519935
26328222
70674705
22663410
75561207
67316978
36507986
27612390
67961522
56963297
30899322
76029624
28895908
17764513
40120318
77633147
56488998
77673829
49441976
19370614
21385049
36937858
63173782
28099879
68214009
55539400
28534433
59424599
20995264
25030857
22636385
43880660
42045868
69325829
51179527
48004339
73256761
66041191
29402450
32353310
30492186
37969446
25737673
77201724
49391362
30615754
58552367
41015509
52247738
73881034
56226837
24838679
78472539
20344821
14944700
29492060
70015971
72957182
50044444
17656786
72870826
35350772
68735683
29439982
51134980
70378057
35514644
59781163
22508221
68181177
66127256
69709124
71977523
67551917
41567394
68928456
68071307
35197265
59825802
14098660
64313960
29193570
15093272
19135846
34700012
73851653
73604707
64343924
27200961
56866418
76925890
36809336
51469036
64827079
77152123
27367894
56520531
34009068
45794781
72078416
18127967
43782917
60522682
69570071
27680574
78305448
37281273
44720047
73989272
10184291
13480457
79945579
43191010
72020018
44821157
67108263
12151535
71210798
71371794
53096376
24546644
75014326
72611901
28014871
79452907
60560030
32651333
29855476
70750073
58569779
61505591
63216318
30615023
31334177
48672200
53334468
42416913
77616351
63240976
79938048
47455629
40839681
39839617
17328125
27558138
74387508
10639125
66395114
69768579
45575140
37438271
14185502
42360861
61288508
57520383
24876295
17953050
16198490
68033835
41973149
40213065
72937697
18855295
41116571
49091639
44147700
15103198
23053701
58314885
79978294
45537047
51709844
20587079
53594152
27824961
22794679
53034490
60883250
16662575
34486661
31443097
32249796
34378536
52383272
52415235
48826924
67593290
57863878
39165760
27690061
55333900
44857890
45158908
11720889
44695099
77074946
59227948
55800089
30969255
76980644
51087058
12813445
12409199
11771274
29919295
21602246
25757573
56147418
61543461
48777814
58872894
17786941
59261736
71878618
48729001
18669740
56419801
16256979
63438181
66744732
67663895
58610408
34252698
71383368
33646094
65754034
72982670
28653652
42760796
30412868
43732532
39300292
29317488
53239175
17323438
64184360
29064473
77402424
41456749
34051286
35905535
44222806
12449913
24692587
75480843
55847307
75065594
17178739
34296196
34593530
24118720
60367155
60010944
36899503
57385214
75839456
27197949
62870283
56097650
31695118
58218119
63321067
30746361
68719795
48394381
47920863
54963106
58449607
66454853
65596569
16736042
73453364
55112996
22441070
30028206
53444048
19364044
36220461
76265400
16379919
42010761
31046304
45073701
65517864
53504091
70453038
14817917
75607248
67710474
26756898
13841562
58175440
35420870
25410281
24060712
26737055
17111120
59259161
14557025
53155187
52793494
18310974
59553392
40876451
31728428
66335913
39079576
38511545
36569493
73384008
37173628
59652182
39204454
45794843
34826562
67812802
40022835
15329613
40497881
68769573
12216397
31240967
57729407
64157691
71589750
75721563
24337980
47802110
43646866
57276650
79344459
79213645
41323270
35735101
73634179
58370449
16868404
61453364
34801894
12960872
11810732
75939662
43834033
28289444
19844717
52857593
38301116
66923079
11825196
10971077
78956822
78499424
68092829
39639517
11609462
33310805
61882743
42127761
60187059
68183855
74591941
61960235
17212383
66771059
21215689
44322174
21045848
26294844
20883957
13650061
70413466
71734161
31732930
43052164
52747021
76052491
20060657
71925098
40733530
44466742
49352422
24565974
50427906
41850591
63468332
30431087
14316133
79912044
20765494
69698565
53895670
70687175
46607063
49695660
59805560
38013109
67444740
15380444
69058705
36172491
42194805
50373455
26040867
54081019
39468047
39233041
62235881
50614400
38350520
47268618
79466858
35408919
62242969
29389482
12688839
70883963
62900990
13071967
36829659
62087288
50017765
44401537
26907679
58205799
54670073
21905831
77463073
54997003
41632748
35049973
33379367
30531933
33405812
25944589
35449801
67798482
55401028
55338371
21709711
28622277
11209425
73512796
19225813
65843276
65180479
73905032
63560449
43805034
54196879
32187104
21169152
30916686
78717227
75947927
32120890
46718983
65970807
42338866
12691715
63773629
31146571
45257588
61598986
55173354
50066040
39345352
30122057
51442265
15667877
12086886
22641102
12633388
77999077
79492941
61617063
31837558
71882136
40604058
51239950
45005670
15306294
40715789
75224648
54257956
15190810
62396517
32659666
43360042
77393768
18881043
71975229
42677555
58692751
40543668
48270638
72908951
50866528
22768682
53673903
34037973
49869400
64647827
16766439
23553552
11349923
50394790
61909001
63329850
35870175
31876490
30561405
52172379
75559573
52606578
15826291
39957221
54740756
26444949
26511539
53975056
28257787
53993673
38026290
22194925
78932143
43585894
47145223
41860786
46258648
53512394
30010606
45659894
55020981
53692257
76214155
73340258
27852567
42941036
71666197
52055471
79292084
13107984
40116767
62901371
51029130
74816679
70153409
66640699
21859683
19139881
21984755
16575138
63346630
13517525
57795594
67623866
58574454
16738007
74726942
12144047
77286469
62537678
51254014
67683295
31508479
34175948
78767568
43382738
43121817
33786933
26491451
36701076
15965153
35163348
42452037
46266109
71842037
44051324
19682590
46641818
66438110
26098098
38330299
58088118
11629963
72487300
70875832
19848709
60739278
59181318
17922531
24826981
76675191
32837891
68788432
13103518
54037933
66247043
42314620
47300983
22689221
74401619
70920542
64388419
77171611
56890141
14533731
21392457
10085173
67355378
32827447
25075640
62439734
47408659
67509550
19011107
32238773
58548455
46809684
54553076
33974763
26627278
27993800
27057054
56786843
23804850
74394147
20056485
51845632
48809265
74265712
33895359
68665936
20119355
26286401
52989406
45166533
74981395
29727870
62286836
48117410
54841106
25789162
66425950
38678658
45916154
37064978
62571197
65784397
58648048
74294732
15199072
63060284
71689775
30495614
75068266
56778813
74897414
49076790
78731775
16831835
79935355
17146319
56964257
44211301
35564000
24261407
44685133
57043264
53158912
54576470
10867888
10294706
20947816
43889701
15012868
21475716
37285677
50290389
18620617
15178730
39924557
18809726
62698148
68258427
49793710
76667101
38647330
79542291
31064286
27212959
18807044
29775536
38621039
24084356
76072116
29344121
75079593
31262678
39176160
10766805
72591854
39439167
75638245
13785020
65670527
15650473
47061086
58994088
52901347
68915440
21731960
17333284
79230139
52596605
47980061
10671733
40114187
39629122
26600456
65737096
48644071
33242587
21042692
11069564
61276975
11423588
35814560
30512993
15769005
43117875
55722492
65346957
27913220
74763655
24401959
11142702
18479594
49829201
79124550
17083994
37877925
56503462
64046357
34795806
31155618
63930147
50795230
21410785
42735985
49620717
28789348
58037317
24437825
23185411
22503680
39138129
79758258
64937988
10630717
79886923
12241742
56207916
11889821
72946379
51354231
35459833
37621159
49406324
15797572
28530565
42111488
15424302
25496399
24498372
24424864
33897144
59177785
79307890
29420692
70615515
40631411
17080550
78259542
10284834
32437106
48901454
43320554
48926576
20211593
59040282
10723850
56819736
51539566
68388992
11835842
62918137
58230481
11187549
60898580
34145534
22900100
42499207
16845989
74183551
59848872
12512428
26053427
71002569
57698352
35207633
14805923
23269386
54746189
10673426
68135354
13129351
79236235
38022905
11222390
65044062
71167159
17354347
39709258
50090239
27256499
59410113
22395231
57792142
20451607
47026551
11791763
58550482
63311571
17658310
29061785
19397834
28582370
66286842
45688505
41988885
38150067
54491444
75166760
14034924
54905656
35620813
17571170
59327152
25009562
55906700
45022620
50473683
55119458
11722811
30559588
73366825
24833068
66762391
35440791
62269426
40668139
34349992
60063844
20822664
30043859
11929272
12284856
41033435
25707944
37797536
70336109
39882075
68717842
71573617
55069740
17901035
20260777
48777834
30143725
20296904
14593454
55294053
18734856
68886328
60877206
39829689
68336619
33239544
37862527
65813504
20145799
28400549
60150224
76914779
46213495
64231889
60262940
25931137
11753311
77245898
25248222
79492396
70811890
78887556
70675969
11378960
12648079
27102968
69630969
75238757
62114514
36569133
17931728
65698124
52644273
20070499
38006677
10560716
69651434
41992573
43661839
48568075
16395843
33496792
73140765
70411219
34076088
49706018
37788006
65505154
64481922
34825045
74064364
22220213
55743617
41048511
67536530
28073752
51007254
24008654
47216924
77378622
62562537
78129415
21555279
75049893
30404006
51851015
34139516
32342749
61762393
64163491
21947602
71579383
19869086
74822684
54754448
68893182
61856891
30024011
48564496
37950903
37953009
31656566
30378169
74290185
11912064
77466074
67123904
11822501
60126938
69226102
13471573
74962674
27407735
59340095
75186921
51119591
74500752
64326113
28964625
74956348
23078676
14113678
38873985
56388872
28916801
45365370
58748956
64938985
13838192
26048664
22778278
28796702
34201609
29687493
22055400
42998118
10243878
57678542
21206426
55027822
18768602
29146912
58588434
37497886
63523489
20530168
26844456
68900310
71099538
45922809
66035435
52483102
54342554
77894077
51415993
70260818
66718698
50221006
43867871
15271492
69366758
33650376
31616829
43419416
70729762
42311552
21442278
53218785
24159850
28306219
20676224
41726811
68026769
40879358
79860424
68233586
16893146
30885365
51858100
59089351
48204918
44158604
25216033
46319261
65604753
47034474
15163092
14174260
75198347
71442017
59937859
53813277
11755159
48152052
36373459
57569854
28888231
42410725
13469064
33327179
74523866
34492184
69578787
39197087
54951715
43700490
75273488
21714974
46609706
64389709
14182814
30098949
22400888
21495569
25572149
24160699
28288535
49260428
14073661
21489086
17344590
49682559
54504450
66934706
33013243
18946441
10400741
52819762
35792679
20224622
39208168
72924698
70128222
74181069
75732764
72271499
41918324
26454807
25345740
58527190
18638193
50579698
60984311
43943076
53084810
67967615
75954157
37483692
39444317
23617205
26896183
51908789
34036409
67702773
33482811
36984523
56647750
41878065
17941207
18109378
62378664
71795409
53820903
36131828
13853786
45665957
37242862
79717335
60000496
60970284
51315672
51623448
32254301
22174261
55944182
48027317
28123817
13587346
11748760
22546421
32842484
12207279
23875827
45401094
20604212
31533959
53670832
26568846
36767020
12815335
12329848
78191846
14325349
71830884
39551170
23651249
37964188
40215030
13213841
15001725
44332444
57079103
50870768
55543057
46850053
31540949
28545210
32301997
67575058
74639877
61930809
11297287
39444973
52065499
35182322
60824338
20806485
23372296
34739878
34933981
71980094
23128091
50642813
61028649
16989351
20230085
16556079
75982914
33009993
25682620
25700262
38558954
70601519
56841659
40553333
64584531
14016933
16721125
62726443
72661529
48778550
36470606
38375971
38608656
67222982
35600149
58377645
66788920
36028810
41662548
36046583
63855083
57623681
13933396
69648598
13353867
26253655
31100902
60189488
31935223
40047220
55838908
66914449
48770185
73305273
47425247
26835077
22235141
76510731
46997907
27459879
41907798
16179813
75024286
10759836
31926116
16652438
36046229
22848580
76504481
54984208
13163101
42504859
73806234
52433882
14704367
31130191
70284635
48927630
49898342
14660975
38443057
72707569
53031514
17824510
45891267
39086453
63411473
27384947
33494479
73409565
23432330
60632593
73169734
70694127
66352285
10173525
47826682
49244019
69039774
44925919
48122953
68409359
52196513
40505450
51855656
25815523
51248603
24510060
34596840
26724461
74972042
13544648
74600757
17182834
31048841
24391234
74371989
18430038
16110232
50036223
54960228
59064555
18773702
16309864
43204198
19295858
58375953
37094098
43530028
21285806
32208692
53339283
72499965
53857265
69637898
35435652
18079202
45568649
79742259
40359217
30507171
18403119
38986905
13430162
56206434
63589069
74549294
23055644
70430770
14385824
31277341
37673993
25144677
42046328
26244423
75592847
37249814
52838517
21954497
48398730
10437496
77769951
18483405
47561829
10834931
24088573
38000439
51397428
73853299
13314033
11859068
61502137
66535720
26365611
36541421
78720316
55796295
58605487
50418976
19939680
10450134
79843849
22015825
28679751
57778315
32693494
31367111
27199647
45233776
59460795
31588983
41981095
21572916
35163318
18451335
21039415
30478842
14415717
40904897
19736608
20726112
42992876
44917218
18903828
71066316
47535279
44617467
70138089
61318786
61120968
73308740
55630337
62686366
26291258
68102583
66103128
43949836
68206567
29176707
67845574
47302561
56058136
64656182
41654326
53955417
12509459
59904359
29794087
59726922
75785291
33112950
62863638
34098590
39199560
62897020
41592890
15565949
73236893
11881952
74585278
57893452
25353986
32715857
15577919
63233496
58418077
13147111
24464372
59184065
37746668
74529307
76560267
48133506
71078854
73198716
60562858
49104008
63737485
15939740
77150675
60219903
63013011
56599248
17187066
65913874
40819158
45815797
15594584
64571167
15991213
41779506
16834634
10077305
22891834
13295177
14135286
11925795
61569885
79380136
50073969
74369633
10362655
23470698
72789772
56706620
74475401
56422591
68007207
74468953
29063222
62074253
57674645
31439040
48784246
47694323
17610848
35744190
22520213
78529379
44198640
52790346
55699472
13164805
50695666
34704149
21177664
13576566
54080790
67507525
25783068
68484839
62017696
35099895
65966271
74760357
12755098
25769172
18975524
62471556
35693419
26064403
53661333
41783432
20870801
46544876
77987286
22056940
65963061
59836700
34172241
25258662
68107579
70648575
37281694
17121468
61473595
64723046
19693539
50524688
25253520
62822442
19221873
37399986
71450210
35905555
50670829
20323908
33403095
29109835
43035823
20372703
26321483
55696271
62888923
44701998
62281132
53504603
77311518
77518931
41541815
30268787
46727387
16183519
63344518
28152841
76321882
51843205
37139500
39814329
23275869
72835045
73607990
15458369
20100636
50369675
51574925
23116260
72132141
44835333
70243345
11404356
75588607
40965287
79533881
33057272
23972601
10163580
61284349
58543898
16006627
39213465
74721888
29821645
37076442
66258413
75936464
55018280
33453894
34486765
68555248
13876888
62524752
76024723
54061741
55655293
36826476
15462847
79923501
63713694
77480324
65917720
70101935
28876819
46723588
14913531
18182256
16681639
14781849
23661583
16643585
62410910
71681600
76295033
59911617
35105129
79329817
76132594
66379579
48314518
47635473
52399726
68452774
19118930
49182898
75369816
55480314
59731589
64852041
43804941
47586677
62364979
63741060
41303104
32367921
68828872
67793103
79886255
73772332
46080420
64576882
75350221
48131142
16208918
47025321
15244990
31896869
79030836
21313715
29314296
18092828
13971554
15969137
76237113
20969349
47478186
46657116
21774431
14868813
62879578
71693925
35908960
25960216
44213957
20561528
54952128
18175482
67805505
70223961
10798960
49678674
60223641
29245095
19296947
52738744
20059850
61897146
62143757
40227220
76014489
37061175
29674468
49564535
64755187
31664483
52544159
15845608
25144358
48850548
71400648
