66851468
27871160
36687849
41137797
19479180
32046939
10401012
40604673
38277622
15232492
27497768
33096833
25956240
48076116
64974456
23383465
42919172
70674330
31641318
59593939
17617417
26109503
41040703
56751898
49390561
76768707
68716925
72526204
43315265
62501198
77527312
42473396
43371271
15051340
54796524
49309380
60121239
57578679
61364000
58607788
75112338
24326054
13383517
79186799
13492148
40000931
48661421
39532255
77915984
30583485
44913415
38049172
66092427
50349621
42581800
19961494
66907635
37616480
64055265
65328336
22887510
42586482
74149190
31948688
71800670
24249229
47683333
45048143
79756398
77333742
30891474
47963133
77210496
60576470
16003965
78897976
55204649
24761043
50367508
69660451
37686137
28983995
12579189
40583120
13745679
17143939
51661945
12179608
77173454
28630508
77326544
42823007
72196035
70677414
16275378
57526554
73479090
48463138
46828849
26015750
30494948
25630217
15050455
64136921
23355622
67468852
14709689
55076509
75730032
76508267
43606812
51986104
35781116
76205900
30421827
60296817
74930198
21466297
68092306
58751428
22196331
24673670
48856866
26114923
32530075
54123167
37751778
16772369
29382474
22834333
37775115
12096290
44283485
22566887
76890679
27021255
66773592
79611496
17697381
29196004
12408441
36980114
16465623
13891716
69755961
53250674
54084305
40275894
24603811
47461487
51449449
49985543
58782419
18629026
52707464
48441167
51932238
39068135
48156980
29744339
14717304
25987593
68525660
78763494
33214369
50514832
66432790
61418480
64753306
46504614
11136512
36217614
34676224
17673073
48542410
12251220
40211654
55969913
42106129
17789774
12781259
74581499
36630531
50205684
23456208
64987345
17014249
37195828
56353876
13535150
30580413
15833301
46154705
64789526
15818495
24014681
58788792
68854654
72699102
58699400
26953182
67580714
67910947
56992689
19368684
23932917
55104077
10995315
15319266
43486775
21338634
69929912
31106361
58031737
59968157
53958872
44010802
56409880
65772023
31416858
68267695
63660583
32985028
69857908
22875118
20139795
72965597
57531912
62472368
45937289
55568970
59129952
19142412
55132802
38734166
78251060
19331513
72485034
48523949
47699144
25100012
31751831
21235576
54841782
35389606
39353545
13265380
72299566
34687639
18861129
40412509
15203639
65717522
13107364
45559385
57128394
24297813
10790178
51936708
27542022
22590155
55445675
30997183
67787756
73722908
27804978
10994788
32984823
62891975
18645554
78257591
28535427
43057418
55397772
67226184
69120478
20837305
21109488
73631477
23512948
49254764
56273110
43519034
58527201
72687944
65481703
67378060
72778916
58493711
77949558
65112108
16840429
68778577
34167862
12915948
74701210
77587559
54738421
45788993
55603264
13732378
36406463
21927524
32353398
65115769
73403839
27037791
47358658
62754388
41282951
21074408
45591061
36308214
56777817
73963236
47251250
38609323
47070105
42020060
11042888
54915857
48841822
46107271
31132388
79240775
55053037
69709894
18404562
29107613
12450810
23530787
72956543
33799585
57340550
79215368
69612881
23192382
48759128
53442902
44001823
76622369
51007017
22704940
12373758
24215479
71902644
22758133
69685774
36697982
28629853
25213291
55096502
55579378
11702577
71675816
56097659
54231801
45074813
12734669
20912315
53873424
75931765
33225115
31118684
22556819
77473319
67945404
68322608
27832117
61775458
48201941
12282970
12579002
62007587
42558024
13201207
28207275
67523432
35012609
59241415
57555075
37928719
16641991
32524304
68133014
75714709
29800419
47704600
72951953
74248229
44203277
49567481
10277787
46997012
78092849
55963951
33307402
46652160
14929787
41860443
37020349
23620380
19604367
69489771
67295087
79743806
10884055
31820871
53987051
59675716
40328962
40722762
75346867
35464467
71076905
32119782
79547455
44349145
73787020
77917038
22987066
71937102
55229771
25801289
43995725
47683117
56799958
42783418
32860662
66435287
55038670
23832806
73449306
56495186
36864120
44003990
37134724
33148857
61257472
18040252
38696992
66139233
51230837
43400516
56530123
77325227
23216207
46495513
69706772
51286532
26112904
40662242
66060617
19404798
50854201
18475968
50097822
20315853
31361869
59488057
16234190
23264815
71687737
19038474
18884923
73353974
12000357
69992946
56496093
70306792
50125805
15889082
68604522
40042373
77022541
26163968
76563576
66764810
62559276
12845489
32860187
61159621
63824507
56182867
19129665
45939237
41256547
15817894
70017404
31351944
26967662
30249017
49449396
71946396
30030907
42363211
65993452
53485271
31671959
20946662
51392583
52747834
69620513
10461288
53730267
31421354
35946960
27792443
21771026
61064254
77377464
14395918
24897435
43510119
43684643
13554227
34631894
13626303
20612271
15210078
59287706
20290772
27407544
30413752
40091623
55041804
25324843
71492903
47347919
35322973
20517334
22983087
61664140
77288068
77840020
36523383
10216517
69723728
14411155
20393158
13570837
33982360
33003483
78671554
65974134
20091359
32175643
45674159
58259282
24230621
54539372
18329537
21465896
67361552
31855768
49331304
65049744
21665488
44882054
77013922
49637584
27377131
29486310
60201544
22302175
32992413
56022161
57629054
59715316
15448249
26927498
60141217
36966763
60695770
23189090
37982842
35950737
76968752
14387629
59083982
76377518
22337891
67083811
23683816
69749023
62733600
15998680
68687422
47239242
40708155
20503958
14979498
23150468
62663215
47884173
10121068
31358461
22540281
73948251
38318618
13933890
71837204
68453093
34094871
18609644
19115417
32046939
61689552
34363432
31783336
17507407
37364618
72219816
64204548
13890898
21764956
74030682
66973017
47127494
34626142
76719390
23475852
50539810
27038204
27377174
36468602
77915358
38777449
43642440
66176664
12149651
26972483
71720421
20824083
78312373
45239190
51884124
32698306
78865042
57500468
47971991
34019061
27089476
24172629
15713539
18587104
63638553
34913239
49471122
42601883
58990397
37310997
23132211
44891043
74499469
48860213
26202105
79085923
20276865
74496806
50854853
19264212
78389545
46844966
18531425
47760336
74916896
54791532
79821691
64931152
49856090
23325817
60609742
66172781
27316456
66977912
34405474
28283366
18684166
24324839
27733820
72977549
34282827
14826350
68301459
31855878
43279692
78974502
71687955
79076633
61501681
57296621
51004796
37869808
49812360
65029653
16653360
53174898
79961927
40168531
29873748
16666726
21985446
32602685
29902873
49357895
27812086
74414286
30673939
52316226
34922758
54698753
37770769
41705071
46920845
41583894
57297135
64773314
25751966
48727624
34250539
66535546
76083037
52416905
59090730
28065421
28567482
60267604
52051646
66687602
43969557
55313360
54034268
15565592
73812248
51624126
69715455
73706988
69608309
70411699
34621945
66328006
35012491
27139025
44834272
77125735
24213367
57385873
40391834
55729515
10699608
63557145
72094767
28407431
23251593
58959932
77552837
38759758
59363294
50258454
37482467
23002371
55884434
77667304
62943675
34560329
15074093
55251525
49299038
45783046
65547955
74847795
64385660
76675609
16890494
67571133
20086639
69401070
35624683
52300705
21125960
19674525
40432109
49317793
75049543
14298891
61620914
73884856
25781283
14268838
52535484
47856644
79801117
71895782
17667715
72100599
32903985
61239866
24155415
59331934
74878320
76653520
64371678
66101339
73601284
59536471
39166588
48876746
42529602
18256856
22230679
50985302
35700962
11340960
12133289
54795902
29874044
50713639
31123742
76703554
30674549
52300678
63102029
26397765
40449033
17283532
73501503
36675462
58273365
79508800
31991110
21932111
29823970
43892365
67605554
38093794
25480785
67142170
55755214
67307914
68950737
23602823
55730234
53739658
58089934
60475783
49077469
73474844
53238313
58144734
17265024
38619513
69697347
40217663
15283426
38345252
62334588
12973117
62078416
10491328
33607758
60599902
44252079
73185504
74928850
35628106
61481190
46240879
74830523
69684254
73782275
33632164
34022089
46071591
33301615
70777357
27131231
68285362
51783602
40823151
18079909
47954600
18554456
38356078
63203813
28199075
30187066
23748435
46504236
45388144
16116942
28485624
69181493
53853062
30746390
78641742
29566229
36904228
63609486
74049313
33708301
26745642
33258696
79966663
79239968
65809765
33975858
59759932
66637249
23801390
16579508
36653898
46577190
77755558
28779728
54622190
65846110
46110343
16996228
22316267
20241398
53187774
27186915
32350788
35493259
44288401
27663390
79086832
23881190
73339687
46637472
44100243
24813057
68856901
33852664
78219522
44851261
34190383
74402090
20622908
72156462
14491803
34497489
28999505
31462548
23429120
30822825
61657659
37678879
39383417
72053124
37063328
49258408
17224366
15112831
35125855
33143581
60580753
16899154
16846679
69243803
17259384
13998890
14812108
30195690
62180897
69130323
15911846
17557883
49589495
71477610
36600180
66051019
36393658
54627752
11285276
24186193
25506660
32431313
31387924
57414005
29120820
45060230
36741732
53843911
72721558
20074672
70090099
59267986
35413105
53439763
64446539
24603542
46824485
47900019
67467927
17979970
79396477
42530856
23572596
62490506
40799802
36138113
37793568
65190539
32697572
36472204
60485671
51287844
68493596
51912515
49167463
11567229
54576524
69950309
58017101
51095303
20387472
42803025
40838796
45513169
16926181
75009505
38774382
10692046
27836258
79110226
76775952
69340813
41190766
55129645
31549907
19543498
19908051
51951854
44495727
39710138
15418679
40055027
14783924
28892850
20198355
45447356
19586733
58761592
23451193
43224257
25929652
34779359
59221493
71807980
35647397
32700486
54093045
53589656
40881030
15923865
53400431
14999936
25854905
39678232
52638767
51387467
58586759
57577543
11500901
10748494
32124301
68142740
53890790
52702924
30112335
51839795
20950283
46452913
17568336
44220443
15979162
51980129
12096471
22462734
43494973
41640843
35275643
47132977
33063949
79613197
32087216
27298502
51529399
53143615
64610990
44667612
30797651
29724446
57262531
69272748
74212584
32906382
35118221
28559186
17138349
73626728
63699270
30394487
11824588
35913237
11860920
61921801
24998366
53646354
15138669
19499446
53943456
77675795
33553216
46688933
16378032
16065030
34198828
53514916
11649476
73661843
45734338
44284481
67571146
10785917
16633261
73080477
34499491
13595122
26185596
35012193
25097822
14849380
14305876
48266706
25332495
77843871
37208954
39154303
71287990
13940767
18980273
78241002
51225916
51136606
77868956
39562752
77913085
36233471
34459001
45871548
44365896
43223495
17953488
41240269
48625663
14640261
46965032
25418251
64361568
32150462
53381922
63023108
30796783
29436936
78671330
77187118
64742540
70072904
28479508
79589434
16928262
21910445
23742624
42497610
28058059
60490787
62147556
62006918
12216879
17645456
67056953
22660541
48243773
28706154
60768961
44953522
76536662
63700286
14374204
69151543
30554213
14787759
29467981
73998810
21637110
16391367
18750288
50290235
28844893
16186465
32294980
37018625
15996347
45705293
34240504
78010485
58618885
31329179
41889550
40261447
46543057
67901857
55545478
36056580
19604235
34527809
48659255
75494641
73224102
71731549
52408089
19663315
22253950
26286330
28003864
22293502
44114418
15942191
13992919
13049363
58401635
56478543
25918748
46665687
27311486
64538721
18414275
10571040
52278445
14918167
26964062
58986038
76268927
49832718
11556953
63053750
29158992
11366482
34337904
26965172
27287303
37448666
14308840
18283651
61081596
72262855
27712584
56876430
51863570
49739336
62929085
47703424
76219387
73944845
46641370
73942511
57523172
17879673
32191836
11780342
58100621
55532697
55241601
25696901
55142494
40534918
65113119
79137020
67852965
50306837
20491274
54130955
72681187
11058979
75053002
74647772
59362561
45016327
73283356
48521884
62469828
35887772
73329140
79789115
79790309
68984717
73219012
34265276
67966554
79583529
49344890
27290161
33380357
18449767
74928855
79131262
41196744
24459892
43788776
65582309
39917299
25371042
57672200
62150932
46459694
15054184
22050611
73558626
76545677
64161357
66122327
19503492
14451380
36581436
40568632
39821086
24990020
40415552
12556452
58854113
68582475
76973961
31861692
41130290
72770088
57262829
47054884
76339248
22853607
27648721
43603465
38537657
73992981
30656229
70377070
30865255
70200697
44397633
63373955
52737816
33438028
37374237
50990843
24288688
59050233
33731176
33741319
46514308
61124873
57415893
22915234
29636734
60140492
32275459
10357924
11522690
20365317
25451844
30924571
29683912
59015018
40549691
23370404
25514491
21165001
50442507
32245602
78445986
61628076
70570185
79920419
68040509
71590218
54298289
17963825
11349013
32923192
44226998
59248854
67036995
26503467
67708976
33945383
13466043
58549693
57317663
50539679
68545839
33226505
22282315
10303680
44643683
50557458
16031669
57886048
49390058
12605125
68607223
29811687
11550885
79296940
57791956
64592757
12212539
59549262
70880633
22337040
28859382
76039181
76726386
67039968
18501205
56807708
14432523
43521907
20358514
78650075
58727554
40500915
78990089
62535661
57698145
53647726
10379770
58923165
39839967
32331311
15366752
50917148
48435764
29400410
42524334
18720711
20750354
69394065
28363371
57944214
52687978
38050426
28333269
24017253
54692768
34149374
22662176
10642212
15869818
48300705
11556860
55747595
75607653
60608234
65769700
75618116
67481809
22448469
53578355
76827269
26401691
73495802
57366247
22325644
32155983
11547555
21750351
57973699
63910404
65237798
60097844
75610961
58632341
38041002
18755873
31774391
12321366
33794164
57324517
34492817
17435546
78234815
50346251
79200929
35635479
21159948
72985941
42416547
68103505
40356956
77505919
49353142
79198365
45455356
58737358
58904191
17186728
77522274
75272212
54687823
23038758
12268035
48205943
67603948
55738967
17578983
68498788
58460165
12192066
60202154
13881195
22241277
79055796
50674319
13615730
31216275
16103192
54484801
56331520
61546730
35661810
51276204
41740388
47759454
45472237
14390562
37419436
24807062
50115304
11299309
74474935
23761614
35947820
15219747
39872023
14834315
49366581
71215928
61314411
35616167
58529001
50143132
42646060
14146755
59001152
12220841
19601130
67517147
43498890
55550420
36058851
68743368
11461581
41300678
29336001
76669651
42328988
18211463
53985346
45636772
15842946
21737149
12417021
71998349
41848310
51511609
11484143
71718899
14783967
26062244
66791998
25360608
75989903
72613526
23424878
11115571
67636084
74510524
74370780
15622837
44894309
21771213
57769785
51536775
42244870
52989274
55847825
42605558
50284333
58244534
24210160
37276867
61829528
55576279
44145408
18579465
48365182
63869261
71532381
25018884
55916732
52373653
15364237
70149082
38245169
70102791
17247675
29226270
27721500
67188910
74291020
67972380
45924636
54733390
55603881
28167101
53274960
10455292
64625087
69183122
52059954
63655211
54961129
34621185
78782235
72563097
24634337
57959872
51380820
13794891
51945407
46479894
38434591
67440193
74028299
16915091
73018542
16986645
13424294
57306983
66608889
12475520
69104506
21653023
77712811
11349869
13546884
59077963
56633882
67741998
24129991
67244866
42030271
40315326
28441500
79468712
23109757
13096981
32902299
58858217
40596191
76014934
40704385
20917485
73332412
26125225
44815279
58564155
66179216
71149001
18129026
32219414
74778220
40994099
72775517
28413786
53549059
65985782
75409711
34052755
62551755
45793965
24935384
58378332
18157657
18816972
56798651
18967907
74277367
12762173
39554635
64501486
42975878
66654792
69972984
45356449
73000087
21920815
75777077
59033625
60057193
49280985
35415009
14803598
46909571
34349975
47222484
40211537
32214901
79671356
63357371
71580860
54808978
23088065
27048657
31944561
73924016
46208407
43030974
48166710
39298034
23844432
28900548
28152130
28020887
77878840
46551093
20930730
12655046
10824914
10205557
13150250
10929137
46362524
67818534
27445401
10405754
25184449
51572627
78331286
36284386
12057708
71083924
18263446
19933356
22648938
62516447
57177227
63807770
70842078
69271047
47145002
54915856
64815834
13770427
16796910
19971438
17258124
74709543
16456233
67669274
47892605
22900950
65732417
65363465
68742410
34950554
27608777
66464998
10167632
54791922
60422969
57886372
55766430
57971823
39998702
18739563
19851514
45072658
51568797
56077506
31232554
14953909
52153294
68157587
15763264
35793332
46420775
39057244
34906820
46367523
23622805
38802295
61480555
35286844
12824203
33932834
75615143
76188642
41009136
46014494
42038470
20672681
66031138
66806467
22768862
78959017
79385107
37660018
56971805
23245834
41693469
53827426
37933373
46885891
77213741
38224459
42473856
51611279
66667718
25714448
13072485
69312060
68715112
19542543
17008213
46542010
55316719
41685085
43744446
71845055
62909433
62769889
38711465
59662329
16360925
36777872
53677961
61123982
22284813
66158948
13065073
13977536
24405759
73591474
32632564
38045972
76417621
38651283
48158657
47504105
76955793
59188678
21994729
59921679
78301398
36853248
10143272
17263802
75467131
68767368
28006020
47034713
50298537
17915944
40824568
70580446
73470339
14544168
11644310
24211096
76864693
40589939
24534814
79801181
62695259
70114152
31918214
34095658
42099036
21466658
73620614
38638885
27165216
50628483
70113741
46035296
73335751
75014795
52116887
17254701
42078384
58006603
60817288
31671394
15854926
62828200
69533884
59783836
71750684
46599000
56972154
40240362
70180780
49926863
56700405
46748777
60136918
74831945
79133824
26259282
39911618
47452842
17335533
65017213
36952624
36061248
51768280
67215415
14659685
20649151
45715932
74319601
71686127
46212266
61333863
67351526
37254593
53538884
54977362
55345590
60472825
29303642
43048291
21236935
36462972
14708632
33813876
75957714
71535590
11274685
56380627
73079919
36295249
14109246
34554973
41829684
72795743
60190255
72632200
42155102
53642003
35854167
48717354
45600855
59170412
46334628
46906736
30771089
20732880
26417722
76493291
15110548
57225184
12913317
79704089
34125873
79086871
15202165
66271853
17649645
42160851
21917563
62899443
44021129
20456908
61108781
46910950
28070546
68070063
56840548
53787109
27975626
10261302
60164086
43583417
72997982
55167203
43446858
62272269
40965835
66834415
51950818
32447417
48932629
75251038
47580197
77796506
14815256
73098136
35046972
52157036
54893649
25907815
66414366
52721293
15438383
49038186
53475330
72782285
12935626
42132576
35069583
32098276
38889196
17994740
20857053
75984988
15960866
29770772
22795295
46083521
67040580
72510298
70154145
15443424
52530311
26537814
25034404
44834337
18259069
23446174
76708151
73881517
60784067
44645558
26277721
75778083
67956921
74292415
44030264
17337396
15461400
20122168
18428760
12269044
78359493
14992326
46240623
43321267
51631132
71829860
31005398
12449174
10691033
10086660
36751839
24335180
20160360
10268509
43473632
29965560
49297944
26018439
51362989
77172854
29888818
10781923
13954649
59957270
24921871
63229128
65473964
69515111
26823123
76897333
61037149
30240868
67646377
49348012
37154721
38570650
22091887
19900815
42450431
53773442
71133672
78085541
76767969
34798400
24756322
49016008
61731366
51321196
74179743
77821983
56218502
76004239
46928068
22952742
75552247
66747522
42670767
22047328
10996445
58538326
44463362
54354554
18275156
63138476
22212994
33081485
34905262
39178516
70437567
78553448
72585651
55002626
10011579
75553099
71620189
25125397
51204178
29667943
59617513
57267859
34801864
20352929
63523943
11830405
75647770
19835863
38090508
61340659
69481994
23229075
48695888
76728133
37345668
38984255
10345490
56505104
42095726
28209863
28880653
16657395
23446483
67291614
15444469
59909945
26063406
41746240
31652560
13304547
17156640
11668185
22939222
28007413
16822203
55008143
16715359
60330426
55470873
13187573
25562796
33041070
48162539
32618611
30232315
77539110
49338171
62134321
47821343
49872893
77125118
33347386
30630004
45077130
16569759
46560688
28580053
54991048
24734933
37625467
57572818
47185261
45122909
32761549
54594110
38878373
14435053
77366563
52680898
62238270
73657889
28316896
57410547
16908489
51964829
62593963
51162434
35154969
38171583
16805155
77017273
34189676
48958480
52329984
73424392
48621466
76539702
43794108
29392771
40850282
17273684
11855802
28762511
39078659
45243430
73561995
79630739
42952119
13899369
20471748
49366587
57659219
39243907
62793611
20441510
18765242
46138020
79728868
25335002
51160859
52257639
33205050
56234824
48386915
71173901
38823544
37470414
27739179
21604086
17579354
37462887
57798543
66873974
36304348
48708585
59052774
70555167
12742244
61218344
46405289
46167989
75739284
63018616
35859564
43518061
55419248
27266549
42383496
50863843
17511681
20913101
28294048
57028244
43232102
38836205
27268983
51825516
23035254
36155877
47882260
60865121
79571752
43078510
45903014
15932937
69348068
75966626
22536848
51391873
13937370
39271281
14401953
30605708
69873464
19649117
57932525
54564569
29481072
71460249
64269192
78932480
49248850
16144273
45076569
58120972
35469863
77428966
16012506
70365554
31087682
10375123
53613348
28541621
71029981
70405068
16631194
50675742
23311234
24069139
44604107
58887834
11945896
12812804
37679215
20624125
27452666
70830548
46918396
56736091
20713145
33353839
62730078
79253763
65071668
73164696
24996839
69972947
34432097
68031195
50609818
20142991
23771030
39310423
49909303
61695100
41395484
59872105
25113924
14482653
73715675
70895337
20656984
63801123
21001923
24346356
28949183
66222743
50354155
25571783
44630876
48048073
24774816
69979985
64169417
18344427
47579387
16634252
39414654
37632288
20299556
19492275
63576754
10245476
37236730
45762461
14817863
62953749
13946465
32300532
56210793
26794017
46686052
13920750
72527208
60400388
31948003
47336300
39769408
78683397
19791766
72387119
71502502
43671646
66237624
21379312
42391978
75923144
21297617
62218789
30703114
42750743
24726960
12073622
59191797
78861069
74857961
29655761
26979167
41889462
60474540
16261308
58368600
71722331
69590071
23721296
77713565
66466260
55529460
53118142
68274823
12658273
52256789
39937300
45949332
37980468
31510159
53875758
50220736
67018180
19158829
56244374
10460781
70624917
35455532
37567218
11187100
25455773
23285906
47527379
35826006
60324692
54823304
56808900
55710270
17471376
76089722
60975197
10552929
30892030
16453545
12530195
27407461
21155800
29277968
45747754
54313310
13568748
46549558
64227992
28596189
43901223
23673490
36622426
43867667
71716515
41837679
50006477
71395522
41572902
70095231
12225373
75591654
79801820
48386322
58102848
70412085
74203037
55475879
36221617
42747401
43755330
71420987
18906998
41483335
32303199
67178754
24944909
23726023
71411640
53808948
14800727
79496765
22772815
11391774
39979398
63594963
49558040
66142812
49586529
78178883
47880293
73528716
19656459
38133616
66811304
43869990
51946756
59674629
15166271
68204639
48142454
73341232
14565538
12005995
15249285
31896414
28359590
16159906
22152128
46085974
21834435
55354309
29217012
50489225
71532028
71256293
79387006
31408582
53996240
36044752
62914496
56325200
52620060
51068429
49245678
79639544
36405242
60813435
24646785
71965608
25156244
72534212
59112473
62215408
60058650
13300202
67347775
73683017
72011475
73490698
78705358
27188488
32293976
39540482
66909172
51873185
42738917
22627136
27640310
39584531
66831840
40070553
67289289
77072092
48442055
13277479
39961622
76494022
77075465
60613620
25465353
68672903
13878478
72966989
47559262
52257372
72327403
70594967
50192926
52993953
17458013
77005860
30836810
45883484
23427399
71584295
75365968
50144161
38365832
16239284
15584207
38355964
54184621
59769229
38806577
52881356
40956102
73241339
51496565
64903311
46773650
11831094
45639925
33427457
46662427
36926522
61078276
67781543
30785268
73846331
39821522
54562296
13335541
71335207
40058756
13224106
79846586
43253459
28789398
32646482
39669336
42755263
49808452
63158555
21168551
17656671
68211676
64980658
47087857
55129909
26489204
37121736
13548319
72974549
58265339
12404590
13505242
18500632
25521110
38081537
63248977
40111650
10340256
43169265
19313292
43350402
39053500
58804065
34962092
51890253
38718338
26755425
76729935
14012884
22816277
32268971
77928259
41772881
21293377
60804518
65725301
28562706
68362846
33046491
57178691
58229014
19684648
30574627
79575743
27305515
41024781
40765379
30069849
25908030
31955016
16919929
76132839
79727968
39137426
13216161
37963578
22554999
78983224
37636261
57751308
36100188
32328214
41903478
18531748
68123471
52398197
56438724
76996014
55925823
59359672
34624997
71897442
63415105
16145800
39761169
16989232
30594624
60386066
77533694
63047855
17770069
37686169
56586418
48929794
60450703
35656988
53666750
72582539
19311220
70142500
28862913
74848741
55508444
67823016
47083978
46717597
12388801
36499016
56444174
73742636
14605378
61391587
65910968
73207300
20802034
12510087
67067899
67342886
55724796
30962254
44991728
53820738
37794566
76935747
18007616
21817794
40110709
22432228
76115847
23152216
52001311
70314149
16365745
42747045
60078271
13703835
21995230
11314474
27649645
42078398
72581023
14502942
22249761
11999798
33097990
50526895
13270543
76266685
12838888
47254928
14461722
43054738
70986269
60576531
68517237
49211113
57384020
23557712
15428721
65595870
68389379
48581685
24421524
73048421
37778881
50988343
72749326
42120574
25179509
18180578
60619784
15331631
74871325
12531165
66692529
41867566
45820759
57812025
17308467
13366165
41285543
69819285
22359140
62749390
58958377
42959695
78332175
62492021
64378544
40576487
16482737
24041279
59235473
67160284
29904240
51323098
23838453
62734879
47339898
33354254
48039271
22574685
21978000
11175738
26713033
44574429
47854393
35173251
51893928
11448522
29226510
22089966
38055527
35495975
61353172
36484342
29457859
27000723
67590067
46476195
21455480
25376988
60988193
59224510
51474387
26861065
59475537
41180868
54866733
11429707
77082474
10027995
26304585
23480478
23599141
73275094
73358705
44983189
12399298
37211292
17933543
71107893
24275600
73886632
78768408
59553562
22331644
24234239
26584722
39764720
66099678
66644819
24439929
29826638
16008451
41542688
25636162
72471062
72890973
78062171
64722843
59665486
75868499
32570105
14368242
50976246
69425831
38611729
16227246
16121960
62982669
31574373
63284989
74782804
75765033
65930315
11292618
60195780
72743335
16925683
34948043
39965669
53301890
24490293
52936922
38991898
27888214
15391481
53512585
52751187
24242029
69408235
48312324
17298100
17456673
75050373
29169815
20777015
78459768
31363570
23400281
75573580
60729506
76959777
54825044
64957881
77234561
36978519
42725291
59980695
31980032
22551432
21655980
73758542
18451744
57945348
73209841
41338694
13711184
28513533
60211094
34387703
67437186
51896898
42146601
39204137
41465905
44775895
16162702
75048610
51329886
64594491
66559920
43797373
51617526
44161386
17746762
19737917
32733577
38007104
46033414
20813346
60098009
40870618
14423796
39248766
39607228
44228642
53208278
39645784
56396564
28417839
68726256
49919855
18947090
36601939
59503496
57382953
39059140
63553995
41340573
69912891
58682160
22486866
33267065
47353140
20094321
15233091
10203255
68452960
13283336
40513977
26776704
11924014
18063809
41890141
67199338
61390512
63928197
41053444
31584328
48218726
11538733
70420827
22611047
76824065
55483204
63955917
76813533
49763929
68980297
74746191
47531643
16483408
74415845
54814609
75988039
32464456
72429852
63701959
34567593
10100963
25973642
31304306
79413746
78610350
18490446
65249052
47358286
60545707
59811245
13066458
36658902
30054458
41730794
41827343
62598555
49639000
21162903
47949671
26789974
14339845
54525549
17826840
65948651
49844066
34856483
65793994
25377777
28091178
41501277
67478047
72655146
14010174
38333013
33889077
68785953
22963347
68950315
26435431
25221952
10041210
66062526
34040242
44663004
31506149
50782629
33474612
43124750
44731057
18112308
20063807
25163404
77965389
24456216
79080164
26044545
16695469
16633808
66939443
61468057
36445307
46714065
14392892
38462888
73464999
10242137
62622695
30643711
56167263
37744985
32301763
74673376
79898763
72536867
44022820
26972541
64511270
57845059
11535692
26761339
47525637
65043485
66086105
40497526
58343846
65660062
23486247
70874456
22105074
14543716
78778244
49957760
53117786
63695397
40064062
19512265
29823643
75074340
68666470
11242407
76011141
72085830
57452349
74582783
37635936
63936533
22358329
77452121
54094461
65142230
20956599
79121677
37764605
36483843
55266209
34351133
64904406
75339734
48593740
53338130
12679639
12566194
11668899
23713145
57077762
66418507
27774406
24857146
39625418
32977082
43791275
39483339
44132402
39604065
36104948
33212132
75851848
23359167
21638121
17762994
49345714
53638266
15370180
48672524
15963441
58678253
62307021
57818110
63698676
13552356
40698410
58166486
54768925
32563995
74833990
71519042
60171938
46028490
36003678
56184766
78380226
78413706
53598566
73182286
52860678
19543164
67371391
15297849
51006091
71457155
63365845
40270206
64754803
70185192
72244011
33954613
62246718
61125251
45200717
62335447
31511290
30545781
65185889
44531842
32975364
31630461
57087386
49445563
40959677
51255995
64530299
33899456
49860543
79108784
30847053
65413724
79577426
57982410
44084746
39784668
32846235
55048512
54975524
46659275
36078345
41697230
68796515
24334204
56994142
61298258
23131439
54045329
61294761
39729096
33967439
56875958
50865852
69452458
46801840
18320855
61436857
71605698
71025597
25878731
56424008
10782223
10500632
78724345
75052200
32513689
50486746
54293082
30110871
55568707
14723309
78001679
75299695
41304163
72907577
22627445
10430021
15256595
76431813
18022361
23296786
14685503
73792862
77419168
76331975
60539245
35689233
39444339
61687226
26169511
60749946
30622363
43835897
34969621
59095710
27438753
33230392
62920611
74009689
74416656
65677513
29247497
55898169
77582789
36332445
12515881
44381373
15670648
46178986
14128761
69361790
38377845
16429668
46831252
52733524
28777269
45971273
79893564
68212945
23669743
53395904
57476376
66294441
61014112
18030252
22758215
52409470
55093564
46827458
41382025
11291640
16710652
32142971
13947328
44638701
29134373
27755488
50258315
73220193
48015488
44015739
71363266
58474691
55634832
77775610
50810967
74019136
55923965
77383501
21666506
56935453
58947819
36515766
12006739
36517850
22111331
29461508
34880620
19703494
36730776
67649713
32200750
17452055
49789491
65077057
39266524
52069594
65574546
63520934
61708851
18648738
61854101
46484158
16820439
40656747
56022246
33427236
22242719
73995485
35591329
31780528
52710254
10531742
75181488
32578980
74204918
75990611
68886202
67992918
12164736
79181642
49865782
53377330
38288599
60926873
40874640
25655756
47345158
45865743
30231876
18762258
15708392
68807470
35416562
13824484
73291106
46620983
26775583
51007187
79407859
57457489
66769651
79924329
58005303
73799846
71367781
77273420
40884199
19282893
72433325
48981998
27512654
68060447
53439633
16505435
20564125
25711280
58871347
39413803
27544409
54953947
46395189
23507586
44751648
70960254
46843606
72912284
58359374
31770206
12865602
38328719
34491361
29900747
61092145
43518554
26910141
72687442
58385386
29431972
30045638
44048899
17529234
46730700
21400157
62596911
55042543
33211388
38063788
29993917
31401507
19812023
26495514
66521320
37916326
63937531
68475839
62499590
29123779
69818366
34978949
30965735
11917929
63307252
11910528
48392189
14915622
32036967
18782671
55217159
43548362
27438578
19307914
61491636
55817706
17604931
74255658
18935894
46113791
70529519
77303301
14262615
50456384
20566291
39161944
22130953
58140311
41280187
57617354
57866458
77009898
32152560
25678962
13525200
69430435
39929428
69208703
18222762
29589985
69139690
35212397
55974781
60842573
71037883
70338354
50998373
42917223
77035110
25321692
60416147
68456103
70280972
71606657
34538596
76246069
39496538
10211413
77576133
65879413
40282043
62765489
28478752
68621729
11432526
43981138
58846740
38893033
72547917
46310448
63784423
79870725
66221269
26816402
67412302
15799093
50052786
32809483
57886643
41650823
52223597
22203759
41542755
54401419
35006264
65247909
40022638
36777698
43517278
14289209
40925371
10690708
60546648
39142558
44968483
50836341
51023659
30391425
38236968
17468888
50107173
29417727
46230678
69084478
30600721
37048721
50893050
75804979
59928666
29712707
74001217
51937777
75143285
26648863
66295553
73782072
34032969
65965315
29596402
12659344
21058582
62734317
36988198
42638934
45762725
38072781
40114425
55832475
18585522
56896201
24256724
23788413
16902760
59150136
23394605
19921046
11193275
79726942
78814173
12577430
53806130
67336401
40436818
17649640
15695100
34670691
39856630
18230079
78818056
25858665
33708402
76307201
20036461
16261455
10225585
51222651
14045980
26654030
40948112
72790386
53522386
16398989
65395453
55033270
43797316
75441527
15157083
67125704
53218137
50173355
68245843
13122504
22564361
49192065
20135544
28859210
52601115
25149649
44612760
21161790
45679951
72673111
65480768
49549786
12668310
65540510
55353296
73350663
14734656
13911406
17891573
25576850
76808381
46856782
69547034
51275852
51263292
70400083
13959641
33099007
18221453
13263628
69916223
17564435
48131513
23129231
47921202
42442335
74954972
20667539
59091435
67922804
72144506
66075773
32657972
59455639
63242863
72501949
72853712
18961625
79227615
55221994
57148278
40929551
46673991
54911934
46465861
24576691
34735938
23056887
23035621
40672373
44801646
13951974
18681361
17917202
23325436
24317949
78900708
23367583
31179444
31132420
57420025
49976334
40722687
35946305
26698498
22574297
78818277
74982037
75581942
25032099
11575893
53696084
75298035
16755947
60000703
33095887
17658419
48439468
57813337
36413442
48637540
14967571
60716552
53927275
77588753
12499100
29763651
45551289
17538550
61799691
55927662
71694367
47848625
24902081
35841734
21081132
53306128
27030563
17489098
59812290
71982403
40717427
76834990
55273256
70835101
22723156
46422833
64978653
10989118
29480713
15716387
23769512
46652637
46724746
27630018
77513098
13810428
19639215
45299604
12333631
28370444
44963659
46184851
28288453
10884135
12817859
68345301
12465027
74048092
53369887
44059403
25770039
36318075
61438773
72987271
21792940
50075115
76047656
11560362
63354544
29499654
75940029
54400754
39911477
70971452
73327214
74122129
20548971
22480579
21200049
21589062
43985817
19519880
15206673
25913293
26071709
49651624
41569204
79117002
57968594
44541936
75193175
37160770
60420512
47342871
44507820
11978227
18158736
78044327
24871492
48103264
23936307
28983287
67586920
12713011
37749690
52721137
28203386
21574172
64080886
23789602
54470278
19830764
30796319
58522037
60985013
36497909
23459471
76793065
64333145
22098075
63974953
38805179
56265299
55459736
76231942
75080772
35731659
71406100
77823748
59674961
37091689
11099708
65413366
63572106
31335378
48161977
25338936
62126458
76843729
40471264
27929049
46546935
28368152
23215041
59138438
59838827
62593380
35591220
34385104
45430183
31947365
66131276
11186513
16476791
25167717
62096840
39502684
39616682
13405964
19090519
65613136
35488289
13926712
67829523
40225897
57922417
79159078
41526876
77059400
34887793
36303168
24106319
37324848
21287324
21271799
27477383
24179356
69308981
15300276
23217189
20736508
53507681
79146561
25143144
31202341
45144114
41870837
21830753
41183006
57229080
37116265
64050486
21156780
47970600
48387544
12674002
56248211
41106524
32875435
18715778
62754320
28590954
27049458
42176756
11594216
40824917
14981761
28712561
16866671
70565528
21660610
77675471
65675978
12925914
71665491
55543862
20388356
72339380
60099288
49656951
19246831
22922288
62764747
75965664
18509933
37332426
58815787
47089809
79914032
12990999
55296465
28894300
20405098
74991697
49154326
64551934
57171439
35100678
44491534
73532746
29037323
67918192
74277074
12028683
73361586
16069470
74984475
19006493
46495706
38716025
51445846
71405094
60766051
34215661
48988266
40088078
14269674
35386553
73442473
23463563
46886117
15220259
38259681
35822115
17129810
24099980
47111562
57353090
39934222
32390598
51658040
55416000
24560401
70954495
74793576
63512821
16437095
20267018
25185719
65905168
52037852
65181111
68382965
37582893
68503045
13011732
39217886
16273351
17499733
44071013
33857594
35286182
21962609
52542722
65946701
74024087
15114521
66067642
40943345
26066257
52662639
70128587
42943481
22452864
69745357
23693384
30243411
73862994
17460623
24640385
48771551
58023606
39397046
16361713
38836387
27082290
26120382
71053346
61411867
50695212
26364141
26612469
29973736
75021784
48568262
53517953
57786417
67049133
48790561
38713691
66041692
11397891
35470626
48496688
14215437
71332795
57704401
63063728
21260570
71534181
27929782
45715348
65775762
34536946
21821460
19089464
69760931
10064283
74885315
68595568
24432133
52268271
48492081
67611252
43460317
29347967
57897246
12597525
50236758
45709241
66471447
53165404
56498690
61721971
23317593
37378414
43849458
33854989
22896356
19741193
54203597
13548623
48591516
70437473
46979943
75312753
25956709
64635750
79925816
43267382
26540799
29070565
37527484
43366734
20973229
24565662
26441454
14920542
40274383
37975743
23021715
12824902
44192355
29069064
33274533
23633708
20244359
21888199
22207461
56781352
34239200
45652380
50080236
42492904
32089435
28204663
58499078
15446732
64648264
33186827
14449468
64479786
51180364
17373423
15877871
48684616
18052677
51275561
16704601
41670549
23723868
40448549
76851334
77834991
29214834
78017791
79791813
60286235
38458987
69613187
15050176
32465528
71510188
47932705
50470205
56648420
50166386
59762720
78648120
76296646
44066535
12076186
26130752
21059101
68806261
37564931
10322758
45489732
11520299
12911065
35529766
73940176
59737549
53384585
68705163
55455174
39553680
36496951
48769631
31939727
13052532
24534959
46436310
61008165
42143943
64981036
13784435
58914712
25183429
39297915
27628270
30885411
53129058
44832327
72841723
57626375
70348814
22609621
71117367
10876927
50482809
19824722
11661528
33838569
47862811
25457108
49095870
59269343
21509741
51162587
12688540
72074232
64872109
60043471
34641172
37418878
59044623
64395123
10462206
14490605
36619640
17854729
49892622
59180499
72542571
77060012
79480725
41899507
65497267
24919543
48912772
59725271
45757739
21844067
25704584
67633045
49745747
78813446
19586795
26608059
35634170
32208079
31167399
71063006
26957591
47950802
53929542
27045622
59167157
71459422
72845475
32198970
48993986
79022561
49378680
71339575
72390099
52058832
17320261
65228176
65698823
18636699
50602844
50392196
36383910
20993591
61558077
16118596
24635591
55805140
57219650
68966587
58260251
14019987
19770881
52338374
77434803
31173147
44303044
39363904
65643032
73804536
39672141
12330335
18405540
65228822
35516322
75130741
53877574
71211788
14277015
21464827
30721645
35437203
48086704
67549370
63109019
64255960
20853683
42220563
32146868
28470796
32411609
68023150
77980937
11543900
74952869
36151849
33134046
40727533
79125054
16807488
58682105
59558309
48100378
19465880
39715710
13904116
27771261
51248391
13608734
46978385
59627576
48426429
42528699
35506183
14884553
75759730
28638838
62817665
27418055
69644890
67623687
69643332
60427877
21971787
20290989
20592222
72091728
45575103
53264445
35110412
74327515
67084039
49337347
20637882
78927918
19672295
46358178
74945004
44659392
60440853
47487056
26054998
71303616
79935156
15203817
32141688
53307707
62014626
17074733
40358742
32886022
54140216
47852563
69366218
45836146
40251337
70914569
37885876
61294692
49490888
78236482
43211694
13670114
59900070
38412823
26029979
17731942
78835715
46720393
42558486
45402885
27610265
77532538
26226337
10070332
28492678
11663744
58759538
74505543
14853640
19712598
41829404
30544609
13780419
24014952
16177967
50055647
38450827
12945203
45843523
65188376
18710391
29258574
70371665
49633318
30037702
57116888
53442680
18312463
79390728
42183484
79775649
71701083
61279713
37798637
19226329
27172379
22636843
65648662
51117595
65459390
42291760
27195019
62729646
22545951
67355434
65005422
30639344
71219829
24309266
55217169
51116827
57417831
20811871
68426544
63739186
11798474
11889046
73254650
51264024
60463609
47336339
29354485
32369575
50832032
66114816
30400343
57471294
18122229
53456454
14169985
63115645
73387443
44820818
35487328
64651873
66998724
65351046
46632036
13394297
65059298
59859638
73686084
15609694
16387943
49364333
75485433
47545780
26016259
21868039
75223719
77456692
50107431
42444206
55080329
39102870
47364859
60844010
13469126
24752838
40165862
77128874
77108785
16796640
41893654
56943439
20168757
47848869
56613356
62566386
52681725
78173561
32575339
51901780
70332207
73940839
24033518
19357930
30265687
72563957
65221230
59172308
77316420
65677889
28171126
10080196
45306083
62457616
50238567
59879429
55926771
72660523
78162479
28928362
49515893
18860196
67912369
49019251
59638739
72205254
73732206
11609838
61202418
10458504
29126615
59160061
79481248
26182043
50663477
63005426
34312854
50788164
76305967
48842418
51792103
11163370
17394258
64783120
59274871
41720519
36640714
35320043
15434942
13403231
11401619
78676327
78380059
77779601
16680754
26959275
68071134
56662433
55673446
13122163
69129853
50471274
53282171
49683425
30215967
69665569
22386268
71172373
73324027
17261197
68294176
24160740
30786108
56012461
58938893
45203388
23250278
78131344
25643136
39658006
70641948
66613750
77424053
73205255
23279010
26215629
25163902
24523896
42614199
12192237
64521078
64009511
72714636
15838789
65792582
51257485
77353191
31789403
75564139
28655133
10516915
39369387
29768156
55180022
25303129
20180206
31763721
60924382
46523584
35399711
79334668
33714663
57132123
55360080
67622943
63469132
11766179
13586140
52043273
11371325
73518634
67678045
69238683
71821670
41500964
72075569
65423193
42435024
20456040
40015406
13315875
54465736
51536220
33674628
31854452
58140665
29177252
25388307
18142273
58196179
59245122
34311103
21469541
46173846
27673610
61838828
60879134
46194693
33750335
60011853
50755073
38840353
55967830
43833355
24988612
63832841
72961451
79757854
13751395
58017861
57632575
71139406
66031150
57518983
64758156
48712237
60018660
76736028
41369938
73183360
59607288
30868335
27029207
40076645
50289170
12265102
68313790
78950229
58988172
55216073
45842349
10453751
73645404
75230275
71175877
31192241
29284604
61732442
14170463
76193143
65322140
34935525
49367616
60617216
60642941
58524505
68498417
14006782
57250351
40910781
70018759
18178233
35870199
68049684
67763304
38919161
45348381
11227241
64919677
72095281
53814910
21319172
36176204
19608068
44760642
63080825
62528225
26811422
39006466
49539763
34257809
38176203
32350575
34532874
45277233
23211729
17566301
69246048
38363548
62571652
49772401
10043599
19834602
36209954
76410337
50420040
16542738
61357974
34897060
69951752
41138049
39245761
33131177
40925645
73802080
28640841
35600903
69203187
52821094
45023164
14321010
57736120
74404042
39610755
48264668
19643546
44853740
64170477
45848122
12875629
14656580
65600021
28435212
36335101
25617873
37310165
72718904
35804946
51002629
77010994
77391981
24221511
68692725
61111647
44656433
65894157
55503380
20706836
48200159
56668510
32600052
13960508
46274135
23083072
22520356
22976731
18870079
15706695
73704909
39820895
39744357
63568189
78596208
14407573
25614864
64546236
42980233
42501502
71608195
25203349
75170184
16653084
19027268
13758791
21744258
65846375
64568486
56297090
47823859
14737128
58689798
11593621
46770379
16323362
59477194
54207292
74523569
46538184
67633163
26660240
59377996
20810507
50357352
56952659
47092446
52244717
13602624
71473935
65430372
24322141
26786630
68500341
63109688
19762306
63045946
75121769
30630602
42020364
61674791
55811592
50250456
20208339
39821967
20193534
10706729
57116322
71972813
43793067
78501198
59211405
37998806
14150033
27404344
74601773
12369659
22468658
46562524
16373795
26426665
54117010
75780509
19806074
64655437
26119115
77424588
42096134
22163952
59183574
70695628
79247474
58941189
73778671
49700823
57195898
50446850
35372797
25144214
13547723
37543218
47997523
35686429
48803439
75175005
10451968
16523206
20913616
24981114
74301850
39136125
67101866
46656327
65073684
59219317
19731760
32538221
63726692
10767417
31275302
10495791
76585357
45197077
46299816
25487411
76401153
65536517
21422359
26952354
72942951
36148180
46784528
20555120
51062341
78412604
16416998
67589375
77469574
25893533
52058640
10149839
13632152
62402837
18420853
54062186
63553089
47190072
48335408
59025893
44233411
56250377
70895224
73213056
49134840
28733090
47203483
44835832
57474903
44852060
68586736
13485221
50535960
70681169
24544168
75390593
23153376
22706093
28082876
29456932
66203299
11477013
49381246
14323767
45972894
31639125
67202215
69021576
27239758
30000440
57854128
75409065
18889174
76459691
28124761
48945498
32488088
14117219
12956045
76479416
38192718
32339257
17059995
43232387
70245865
53806019
35250503
31636933
51539407
67838332
35558406
35107087
12926155
51333549
16593224
62602857
27095477
45709011
47522518
11385150
55841136
52693419
76688396
14713253
22231105
18954302
28913033
51361233
34856265
14441455
70104226
24991867
35442559
28593489
34987157
54721509
52438163
23706604
30800502
30044622
77520372
58724625
63391884
11781134
45479608
15884842
72912621
60776174
26826251
64767059
45908819
44972201
79666617
50923535
79451980
65171392
51615791
43242333
75927417
71296203
17782600
12253164
37812086
15967981
79595374
41028960
57371704
54439132
10045032
47068948
50546239
43800536
12524969
31420899
76042385
76514214
32632861
35165536
41652821
69067232
65693523
29276608
41788934
44376978
31864487
30425388
54538085
17415044
39080785
79401272
25517272
25526968
11696483
26847935
69382749
39160766
50544517
47658202
26125337
26153658
33347595
33059893
62368486
53604866
52383443
33111434
19823840
30734460
72996106
61321725
68790271
11250626
63323412
33502515
71963189
44248983
69476677
19606706
16961286
54467232
29919428
73969967
65985535
74451098
12316051
57066697
20529521
41334103
34534593
79199370
64196014
59791099
63883880
61652621
17829296
39350273
46104792
77030325
57022076
34783941
58919078
50296805
26137572
63144084
18460351
56656441
20113517
14611626
47788372
41849622
51434058
78468525
30114819
15488708
78954366
20071909
57478527
20709521
42781544
42437473
29897717
16579467
21172559
39525209
57875668
58478878
77106408
59073257
16660221
55539413
70330387
44099781
42543305
55071072
54905799
35338047
56069902
53681104
23983805
74920673
30923106
15064167
40272324
66720025
57519693
34676565
36200064
49075458
79274739
24169013
48605392
78279402
37435389
25188587
16775337
32898534
39491129
22213690
52344715
22826920
64565883
53050434
40206695
23748235
19589178
61886141
49670149
27956027
77693045
50284275
44458516
10124763
31972629
50237778
24527277
56164575
40818940
49524106
68895248
11140457
50847210
56978183
21247538
14305007
51560593
30805254
70433154
33985877
25214168
40067867
48880216
66809647
59422352
35371421
72196660
36308163
71741319
36830925
42656097
12474445
26910162
67819106
18436821
64494846
20707348
52463442
42274571
63674687
25843765
28125947
18112918
55342055
68800387
48025721
39410667
13704630
22805453
69176083
24345142
62884822
14017182
76069258
10512850
18006490
65256871
79877537
17149120
21380386
13866619
64414909
12552628
11580688
61288328
65962971
50537946
32105200
13862313
21720431
32868932
65864821
35186932
44172426
61095459
25850984
66742143
29359598
10203789
51382652
48131011
16771101
17263752
55575730
25149161
38073619
45324314
57901897
67623459
34855011
15464178
12237152
17053953
12406183
49418834
33728008
71447869
58815640
16368113
16475338
51939407
22016170
19562010
71180918
27233567
14251044
30705069
41724149
25753218
52644847
42278451
23048639
41405129
42023607
31677666
17051906
48404444
30182474
27096065
32049125
33699567
78584523
73160439
51503278
69985662
53878170
41841916
68984026
73791998
41831318
44278288
33665042
64782386
21982661
27740093
43560156
29395031
28979667
26482458
25172723
38353355
59690609
16894323
74118463
61886556
32700220
40828492
57407376
33802956
78330847
63235798
35488968
42169245
17761543
38935154
11484798
37602589
49151147
69517095
46278906
13504747
22461379
41279473
29437735
13195137
51169169
62495216
47759756
13578566
29945596
63574293
13392700
23107873
41336380
12309101
44291484
72983998
22054015
69011247
71576434
15348114
17233359
54711163
78433639
10639914
19612680
17459561
63736496
35405195
14840554
60334081
23767825
31307380
71835772
46545358
30598904
50888176
27469313
16689931
77497000
51994422
19137033
76807610
32284082
52096306
30092288
32006928
12387766
40454390
63771341
25083567
65028311
21626621
60637380
16131375
49382265
25504608
28124589
49841958
17439213
28040549
50558910
71724438
24592130
19614567
30854785
75612825
16620397
70679379
46412877
75091075
65731149
48109978
77297895
54444577
28311110
67519351
67544175
70639749
64468047
30594018
50817853
52326918
26789165
48114367
63535313
34189228
30791608
51568148
43660222
26159342
68781282
62649398
17264166
11652477
26637573
23782806
19676421
11092944
54937395
59338426
63493733
66662642
35471416
65618171
41374531
53671754
15036931
32296549
50164626
32575998
35373292
36810071
24675444
38706929
36282621
41666787
25214926
76811631
56657190
77463186
26082002
11444921
15181513
67027823
64610638
61488152
19116201
22142888
50421367
27072329
13844257
61350502
37647745
35381040
41686854
33122142
79997357
67438156
14813448
51791467
50700214
49675756
74718224
76473335
42604410
52865812
72580868
28254429
65229267
79160969
56640772
69263874
13851612
34564482
64586584
28505221
36643753
19433635
67401239
33576586
35381661
33603310
18768390
71494258
24295334
36763586
50227140
18071691
41140602
48305275
39968650
14344301
20853509
16650514
72181487
56668563
78975661
46509397
37971757
23351820
64240368
52593231
12003716
27516036
51306386
40062938
58648613
42930660
43793286
77360119
62683073
52750363
64370063
76556025
62743004
37503812
58432949
18866735
17872081
49577222
66872426
33620376
55839056
75362234
46439048
42109943
25473029
59315551
24843587
13728132
45923581
22738464
18305534
66011150
29459411
48863673
28907987
42935967
63524405
38653995
42848930
36721963
25099958
34727137
74738453
30191280
56617384
18157367
61291175
72442336
74429510
21516012
68487770
19410868
66477406
53771064
48626643
67568828
59977858
20557333
45824209
42797351
35219719
23308927
76724177
10651883
17588849
52733436
43932445
50334987
32550298
11611505
33448151
64612732
26110774
48075776
57146504
75018123
76777131
58799471
37213267
59453873
18053667
70829726
49425129
41952579
33772388
69425890
12254919
57385194
47145280
18025701
65522936
64807341
26614090
16777311
65897238
25885768
48203448
62719674
71702717
44138898
66280691
25929743
51471640
26728867
66287892
28605733
12600695
59871206
42218847
53493723
13258901
28833612
78409746
41730052
74980859
11328309
56833576
60952739
77324083
13211884
68643746
28511729
33488053
24892551
67484724
51451947
18553195
53770637
14159321
50876779
18855811
66424598
22608319
53430965
28339169
47224430
13983319
27977447
65407817
24209448
19924641
32343375
16456203
37645773
13814012
34089884
13385984
12642235
50450674
58402259
61978596
62096066
57791252
21192996
77538591
27357491
41459778
67737553
31006426
55069310
41256056
66600206
56254011
33507357
13684772
40815745
12003933
58231809
73424150
26781483
58367138
54283381
67072692
25227066
73463685
47662649
52853183
11177533
50659540
68220763
37702579
64373045
14640485
39888928
25499779
28793419
68050703
23703357
77233832
58830905
45041838
25497119
19774926
23548636
42477194
15418418
34214613
33615476
46744641
28201854
66878865
28954433
50606462
72166937
16071069
34984615
44141214
67079824
63399197
74286411
71418261
71607048
34844046
49748637
75055905
23069821
34233890
75198411
15398837
67809551
21388586
23817826
18181692
37531763
44793220
13420980
47170635
79461973
74158576
38637039
11669962
11876160
16950009
68544111
23150200
64787516
52813578
14140635
53439437
74772486
49039964
30288800
61277795
67044924
13316207
15704496
33629453
15341562
53974445
17342975
45513391
22140422
62850475
28410525
39817649
24551221
75646129
17506175
17628385
24273417
17201488
59353583
77370496
38364135
11707949
26748322
18056061
46325409
15516642
29140871
36029154
47074685
28342870
46889132
23097741
67224748
11947392
69400754
19090970
38276066
37933190
51886945
45327878
75784902
40025863
41123039
36743978
72966194
49671720
35743013
22171728
38108753
63996720
52495258
55545261
25899910
10370983
62397407
56335393
37097034
78050565
61461081
69169636
37515510
73136804
35543731
26997331
70309182
68397525
16363539
46778170
70721586
32967730
66200567
42189281
45251208
42053983
78911823
13265920
18243210
18315074
57590482
71710532
13413636
59564881
53377700
66404591
30501150
62584293
62554156
76580310
61923523
69556013
65941747
77238715
54390999
28917621
53541495
36136246
59423480
79596329
37305662
33231905
37364576
21750230
43257817
39892437
25670508
34828161
19188398
54185203
46493571
53789785
50935107
50326195
69659039
56437124
79891870
30374300
21830745
44435059
74748582
36753581
21714363
77020296
40322087
35548528
35653068
58251875
24720816
58136785
66770158
68607894
57497158
75092116
22575919
68434001
10425835
38761784
24466731
70825404
54839170
26895957
72100205
43252495
58376093
46413681
68460118
20695051
30156342
18609080
66478512
36302194
23589649
34094472
60355599
58637204
71956744
24747084
61842281
47274978
54887116
17621810
38719056
35510020
34266621
38661327
52049994
13616536
34153717
54209041
67877754
60653141
71799455
26253838
13384319
64638328
13965757
42127458
49760334
52935764
58594014
64171090
14793785
35188414
65724653
18181552
18578673
79204595
18983410
32783039
20780891
30281763
18320419
43059358
17770386
79408868
15482284
64367028
16346763
40901908
26038887
22590198
47246448
67266865
72545979
12840298
54908649
49036486
25525319
24776531
15099400
48228528
53309040
62189408
21862149
45086614
41331336
49928111
73863714
50439200
26154027
23530320
39502746
36204354
39118545
24236172
15159192
50409232
62309616
64758189
51098039
37899921
77207802
66180032
37313575
58207923
79890625
27856199
74678634
22025990
67868511
19178887
14485949
70384743
37101032
73502911
35589199
12589066
63208475
26175653
67767262
24265571
20654026
53078529
41723522
61585216
40984366
57615149
48728592
58197049
51483622
23115310
15734896
15459681
44609210
23847562
29667701
64687197
60926701
20527793
15010293
25491601
50316636
45062100
26053607
21192731
16227408
63297651
35176766
69342137
34759951
18670173
36813340
67569974
30107635
25629261
20607631
73431468
63087935
31637046
27821686
23478559
14375517
78664006
23709189
46990949
66360561
51399996
35607050
66713934
37207836
27736930
42141602
43801244
77532917
53828638
20114894
29095973
12017183
20772761
50533969
20268424
27404436
41097479
34833421
72535115
33346527
76866325
17270170
32231635
46523495
23543709
63507518
11469104
44779944
21211617
31921619
44107165
36641026
76363482
12891400
46879251
32032098
69706853
59453997
59678790
18370550
49614308
79092327
37362167
17695690
55597973
13312767
10547331
37043685
40994951
57276216
56922792
62286484
31556092
45779143
59645855
41290506
64605097
44107066
67448291
28446089
32223015
42582073
28054662
71955474
29345692
28079585
29193464
73558735
22658668
46162332
72029365
14460173
68932102
17935392
10265025
57932508
64300841
75836830
52459887
58046800
52438263
19607107
65527552
65631100
50525839
38513999
79325334
63220288
70729933
10459350
14606704
37325414
23003203
32821592
78327467
11599280
11536252
53854892
68172640
73021730
25482006
47863272
42958587
68602847
67033884
61604571
19691399
38237696
64871182
63952290
35474622
22289479
76537314
54484795
26306834
20179711
36118165
50784725
59978791
42953871
75130208
28341317
75277461
53759651
40647664
37597181
54992379
30301223
39352941
71395474
70883514
42897121
28846595
36721695
27722574
55184694
78978146
24212714
79239701
21441197
20849070
64719921
47121904
12982970
72826747
57459591
13635354
23103811
71700366
65803559
45463966
64383483
49539383
36474133
74035679
33217033
13134178
37677031
73231983
17927572
78870265
62672314
26683437
12392579
22568606
54792188
37243824
44463482
12406777
29355350
38715870
74300760
17878291
18238219
21205422
76500830
41861277
41521558
58438733
66681463
75669622
50694363
44541370
47717670
15268824
25699309
53364268
43790105
15028115
16962805
37394479
52029197
29943677
45079232
75176931
63214836
28048822
66680010
29163748
30903201
64381605
69582124
45696053
74660276
53850177
45135372
52269815
73957938
67412826
52160334
17437103
77696365
21152545
62618676
39983485
18253612
61239994
51363325
37053412
31064014
70460305
48452009
33369643
14152436
24350789
77533481
31387696
47017198
41688769
47686159
67585771
46063507
57770619
76885212
50063678
30983003
61565964
10326907
43671217
32397770
10102536
67951804
67643603
33226825
54989930
42751870
67889950
75816956
23402972
45994900
38416571
55965347
45930699
62960445
56033753
16783907
22623748
76340741
69582622
12438218
19953714
64144062
39205752
46102512
59476741
71769515
28737874
12521642
10258064
51406630
54286408
65078768
51794568
51183260
51468166
29560779
68133255
49957133
59674827
58525794
25914495
72634358
57046580
20095501
37434461
14455471
35563317
33817277
59515859
31444046
53201447
55547625
67885563
38910804
75384164
36983400
21175045
55012575
46455515
51635431
15978121
78711961
69836577
69727806
64650036
53624288
12575993
66120817
20112515
26859782
56303184
67083269
79508754
26183048
30441768
38901230
29782704
35443359
44976007
16265932
64537989
72899998
12220115
50428932
16595837
68668098
36473095
10141895
16913182
45295174
62956343
21965084
19196590
57397857
78666797
50221763
24583498
45556711
22558376
43326046
71797770
74517971
32205965
15675304
23101304
13401119
45799178
75113622
64783191
76814432
20857702
49240941
29997855
67636359
73373958
36784722
22646028
46178170
55096763
21856996
46905340
74630206
13558330
28986774
35352237
49090714
47027852
74578567
11279119
32748996
28347756
25439519
68576196
75496662
54409382
28567248
78910964
60914944
27229117
26122566
72691221
53541472
75311239
67422003
20469901
26239035
36051749
15739750
67668362
15710032
74322235
72035245
67630871
27589067
44267090
17421632
29785239
79036303
68349972
68554549
22064485
13200956
41425238
77705838
15663736
45430972
78781261
42343009
59148555
51938180
43195313
31877049
31017858
35853953
34796651
29843631
12805719
66048571
50305428
10933293
30825296
53054320
59188766
21883174
44866330
13718726
62357421
65576771
37481784
36022528
66618131
37346451
29863185
44466394
13149728
50611422
72865090
24031046
59135563
69443677
28192503
60496726
19089246
60817163
25873267
65807269
27074470
17722544
17348776
52601911
64786934
73191067
47341723
66428331
58592627
65029345
76645160
16975223
31943956
74565589
24515256
43930929
43088048
49312534
38227072
35146778
38964720
69580400
49856418
63443358
18047311
40513885
65640299
70466084
68616423
23894603
10610609
34967875
15649047
28145728
66496819
63440585
11629261
53724579
19795707
11224198
43804332
79921397
23854307
41844758
18045599
18964557
24350505
49125399
75108740
14454259
43325891
41534988
77927482
34875906
16380295
42621534
21390718
17171755
32173881
78017809
50585809
58547534
16958091
70442160
10932465
34408184
30098446
58395964
28242269
79506205
58277479
23213944
58691657
13038158
18702349
78634395
22802567
55188768
17725712
29760130
79023092
77119697
73483890
33385431
67857917
27509805
54559927
31960501
19234859
50168262
22831930
74770080
62995784
74096234
44053291
28486810
73996558
50135142
47426612
28939282
62259197
14611396
62357429
16981308
65653101
75802756
39066079
27735047
54671216
70441406
65613861
45803603
20411118
27230914
30116355
30808138
64161411
33868451
62796355
23964792
20637607
36307240
10286175
73064034
29770938
66224193
56439446
13593047
75743278
47707956
32979561
11319006
52625759
65987970
74388927
45486791
16614784
51250319
38426124
33954120
32452404
59890808
63872177
78379873
16014050
19013481
46404259
42958443
43029939
52136191
59272202
72434770
50943245
49145965
71405905
74164993
56433044
66654416
54870576
17315422
43377094
72824974
52289278
69477933
66744442
35066968
25121196
16374165
11025723
77571853
38790600
71864959
54659785
70810392
58371618
61506577
29530236
39493271
37899914
53887251
74388118
33232842
50253054
27448682
46379223
67241553
41089141
51206695
55621433
67369918
52583619
66831299
63421637
41532564
37838678
50153413
45244902
14798626
78733696
30883186
39698143
26067199
20602184
16673844
23608591
73089968
68901813
68712117
76038239
73217310
71349303
26290412
72511436
29053840
22269917
51028411
51372530
46296953
47837514
31282475
34141670
69357471
33095529
72793726
17289069
30179796
55007091
35320960
25662597
74437250
21158300
35570552
65337266
75924945
50249312
27186103
35917025
50089830
10298600
29580948
52712266
13238270
15269028
30160376
34924529
68068526
29094002
57926775
28502754
28918107
13265943
34164711
27809693
56372772
45888409
41307825
15612971
74158425
32684339
45820243
26930548
61971535
41586125
39202394
32094594
52735249
48644191
11779447
78952323
62341490
54626832
23448625
23817643
60355971
75346128
36918109
66996198
36530920
58799389
48095125
17329020
28366955
10205997
46069333
21849023
14454552
37811934
39354136
22546904
22280347
30109418
74194965
62777695
54755582
64754077
43361738
14483919
51280395
76032208
63918354
36027229
65587970
53127482
75463708
28252743
16451313
36594076
21421042
44261867
54210961
48740973
29626524
45770205
60984648
51300829
67085550
32713809
71351424
51297267
73760656
72992648
14565796
23763769
24968814
14995692
61162837
65138487
71197846
19757346
50013307
78772703
10879269
63873755
41570523
37191488
69699571
13664064
25793063
57653647
53762671
47570316
28926412
77902249
11235924
31364778
13957349
23407397
66963217
19071454
72946977
52552416
68425537
36466780
52958950
59940818
42300252
33734025
79695780
42392411
45908044
15070495
24206903
69954680
32092750
31136529
12386085
18678754
35405127
10114677
40951336
33750121
43170525
36624893
45231928
27855424
75526944
71663672
15848445
21489322
48468266
61340079
75779562
31987190
37513652
76776864
79084390
38077705
75573103
67375663
78902263
74123966
45980489
74239678
68314921
59999976
68352364
57946311
64701250
22544889
64599583
65669354
32842985
27625545
17067894
26327639
76068614
63631601
42288013
73797773
61687154
58676890
42250287
16088448
31614908
38886625
75097836
59620056
33051903
21424459
28191709
22210304
11042169
38612890
43994306
47338836
32397277
40106945
11285915
53724085
71582835
28115120
38606822
55916662
38027391
56654990
78311894
65673352
54420650
68215543
58345283
37589663
19475225
44433766
12846533
16661425
13132164
14265097
61887312
77749576
56276181
42761733
60524564
17174005
68673133
55919024
25241020
79426331
63353638
29318590
49107755
79703092
19598321
30049338
65327186
70154978
21941048
29478238
48288443
57206828
21591312
41820938
73181447
79505907
77573919
79427194
45726237
23313557
24555712
49148451
12216729
50890210
30586260
29323089
58598461
75195783
26690020
60698717
50891641
42742869
43462102
42241807
20920134
26216671
19861542
58674452
68974314
21607969
39841138
72930468
23817076
75554671
74708022
45473314
74005437
22631049
74318594
65636268
23083221
23182670
54487992
25645360
62718148
18582476
72373098
42649075
78455162
57418851
10930616
55112463
62267288
45074012
79801499
75943739
44212169
42945066
37257238
16872004
13027952
48145968
21405728
10157717
48566950
24794248
38845394
42635668
35714590
67431024
27388378
18028535
32747215
28928551
21398581
17655709
23369908
72834547
29889079
62807148
72939253
60778723
12520974
53926814
61870616
63176909
68436098
35226395
19501528
19662047
50986587
57385538
73505067
68297169
40669646
31727680
59396342
33276284
47176814
53556031
63172101
20590699
63452496
34465859
17536217
39114195
21932998
27638519
11572092
71505336
52186995
35131367
53282587
28296248
38769401
76804534
70903431
37197271
67408159
67753656
79347378
65990886
16682923
72348352
78357674
50698162
40777291
63878810
70466993
19813389
70348544
51260516
48036829
70131165
19671347
19742073
49171977
27744263
15409549
79354250
19876961
49301790
33279951
42970374
34304931
13695618
41869353
33069009
67284794
28212241
40423349
20764848
40435688
26113157
54488594
22129267
49554859
35790702
19462635
18097126
42193756
40620113
55224111
26740835
59584320
13619587
58110819
32999009
74767274
34300674
67644752
78946399
71795479
10466973
76379358
58704663
44485332
12354139
15323282
64739261
38349677
17126729
70676154
63165901
13132431
63539964
37267178
60103221
32619557
62835994
10567983
65067186
11089624
16392688
30021642
74250106
69473285
29014571
15791928
20154518
52543650
54127443
50956913
76718591
28970033
63885501
66056540
30063797
18799681
31670471
40535863
19812820
38752493
10996558
34757168
36663510
67010808
43167753
15923088
66559286
31750854
62767740
27671007
30156398
45347309
59419575
33600561
31983748
53492055
29197384
44830313
76703101
19896039
44345342
73924954
34688927
57560111
17885800
56341646
30220429
41014409
41740481
57152554
51648370
42394289
79450505
44181004
65338927
37102544
25956379
70392426
23157941
65004604
75766385
29266726
22897766
33241752
51829751
75737115
50843425
66269436
75955527
70626628
20755270
75331839
32523546
57894482
40764498
23127084
13691290
50054875
10186005
38577026
73833285
73918955
50649956
60243363
23364388
21857833
15109268
19191328
44633256
76264211
54563967
74262894
70217937
48030443
64697523
61047797
29782357
41305096
42153368
37817421
35293047
29162301
52012011
51897098
71876196
73031946
25994855
20782967
54122604
44480774
14613155
38295002
58597500
66309724
44127320
78358166
71138672
26610154
57519817
14045106
41220186
37948489
32235821
56229795
28960238
44752070
22483070
45831115
13804586
58956244
43662660
18584339
32962474
37333816
25821958
66038323
62885735
57579401
11506990
71223720
39295465
76974453
21499425
43921935
24977502
31248655
55930072
78868926
19609474
48123630
44791372
45008767
57690489
68903006
67411014
71858055
48377048
73179604
32259661
43370831
35648725
32877385
38883624
60015212
63908270
46883877
20568649
30304625
14796918
71775170
71329080
64737409
66209937
15776904
16506810
51776166
44757330
52800072
15650422
76073250
22926016
46306896
63467619
53076459
37636385
65313859
54307033
51892595
29540035
57704650
46860159
17888115
10559250
52884397
50862921
20219804
38232717
63144913
36467650
19436614
63662091
25040022
59055425
39489046
32952142
48356544
47694257
32392446
31181563
28804251
20289767
58696751
71171490
74499000
35290465
49283091
77817187
15217041
53056460
34838652
13657201
42405751
21018969
23829537
66287700
44517429
52150106
53411505
77815081
58926243
11894587
50069049
50483493
24921857
78746542
45691748
41551308
28103809
17886047
12731899
72511476
42790014
59856742
71425947
69572648
71309511
23897964
70645140
57782954
35513093
16047159
57343218
32790861
27589337
68594160
22611265
73342207
30353621
78377702
53419981
56646991
61242564
49900850
28994798
21765554
58748870
70400414
70044593
25854089
51454208
62093397
30850173
78480811
75068654
28291821
49225112
61463830
11085290
79153578
19501804
38250694
38208839
62125550
76465505
32838675
34964312
41842826
63854605
58957590
79306398
11397726
32636686
60628054
34963037
42478285
68658879
36860471
57391352
49795331
50183331
35175751
23303578
61893593
29409663
24115402
48163109
24305974
26995484
29104775
10211529
20999504
27164589
55458060
27541518
41071247
57194239
11207547
78349323
54956361
36500294
21061987
10102084
59432274
17131292
46307264
13377082
15918330
10365342
38990376
46318908
36110599
64342582
52278159
32466975
29604249
50851843
64411608
60692643
19501675
50407270
32971882
57974750
15063232
12725076
67814866
69084921
46679929
68991795
16022634
31172685
29122940
65862287
40674096
25950215
19001066
52953954
37568458
60325289
72579344
57084224
73023639
63678311
59886420
33189074
45296987
60441421
66025082
75173059
40663743
66879089
48852409
56444904
42057648
73862456
67843240
55219159
19644181
32180960
58997283
70338558
44215367
37237207
53506218
27415225
71087949
73617096
79793188
34654636
20431950
50436912
51638297
68741429
77835540
73186671
45875042
32653917
67837484
24643772
31427953
54698057
38793171
54200132
60417728
35289590
50738211
15927207
63484168
47169544
23837669
37054354
66805136
13269303
65585004
59499288
23098069
19790254
69978177
15441311
29167966
23327153
27656343
28337660
71245685
46517386
26172262
46293701
48276702
72821977
18277972
19763059
37896931
31416487
59192077
39181959
33559991
75803579
34402740
37134599
65311047
73331875
55056082
56243484
58252601
30009239
55859001
11130158
48038957
18857358
45541201
63691022
41289857
12409133
39029177
68571792
43217690
68920040
37764225
36163863
38447823
15563847
57361353
26171493
74336911
64168229
11483897
69015785
14441008
42547052
22113687
15445332
45962637
41813279
26414034
65493690
71399666
10666854
19261426
75956681
74640105
19940429
57772901
32979334
55388192
42049953
27327434
75964421
77798875
68874402
57017595
31068244
74853395
41359974
39348295
13646543
26026500
12580640
74221496
52421288
43551736
41419783
25507170
77459389
51394149
78323886
68241981
27583504
28590286
55335499
28632964
50933096
71031445
61802152
38598622
21351485
19393723
62801919
70695985
58393302
67411901
46704659
41014178
20399575
57412269
21234963
25286597
24315619
49021854
49490197
64283494
42868361
45387822
52654759
67184852
10835472
23438613
50265466
61605727
41828580
40715150
69816586
28790089
65811027
41909879
71266158
68990302
11251339
40542606
47008461
29200574
27406427
33535357
29146237
11090050
49416850
38859210
38758410
77934907
32110711
39901517
53581977
68789501
67493225
78741454
32859370
29439623
50839147
53082734
79679995
13537040
32703148
25523676
44886071
62548349
21452920
12752978
51054710
33850312
15382227
30293363
31650565
38910157
77711086
74543542
14501642
19264453
10417937
66886965
70018942
67574047
74491259
28671349
64883116
30273447
34218259
57301710
65132608
25899093
75828253
12948027
13788410
58001801
77686569
34155765
17400495
57706343
56390376
36733587
77082477
41571378
58082148
41233443
11031223
38209493
51752817
70158979
12601272
19018515
46407207
24763729
14444685
56796805
22171598
39105979
59506929
61850686
44895912
52961006
48635216
59062803
58720975
58416073
58433909
26879944
71495493
14741790
48129083
19933826
40048917
55606663
26308757
15938092
25397606
72952741
13567932
23498193
68763814
55824303
17831119
62192532
71044432
74868768
61727247
68284154
79870453
58351832
18478364
56898264
75264630
61040429
73612160
31656356
63437224
19012776
72351645
10398299
45021724
21900251
45102342
50404973
73942780
54465974
29445796
46733307
74236200
59080771
18915522
60369815
72304502
78929428
25062770
61842066
77884529
62896851
76962857
40162306
23288427
40458038
45431853
24924364
37150730
71481126
19407165
71814463
74487163
40714787
27032648
33499471
50294459
36618468
45051059
41682378
27480612
55346993
72828686
41334081
52290477
52297646
70973860
77383623
33133575
37071177
57697509
27638498
74358414
71806105
75907855
64174185
48817744
20037042
48578490
69219602
79111284
60175899
26138513
51890956
70603927
10763376
53615153
46081525
18438694
37056483
12669664
11865059
76394780
56902975
51306403
72359645
12141875
47440177
37922299
66773852
41507862
27530115
42146973
51564761
25183566
25618717
40204859
21688687
40412131
45110254
22778730
73162479
46149161
56324539
53405905
76694180
58778662
67094213
54543867
66216681
55465648
49717016
14283683
29749824
24639844
34516447
21380466
42890365
53041983
30957076
46900667
23250018
11535895
26399155
78560578
10627980
71894225
45059305
53408404
67895802
16495007
62315783
39031632
26809090
38749151
59813237
49435131
56626735
41532250
70117445
25317969
43395917
36075470
10160567
19184534
77022370
69195917
43713491
36382753
49995900
62471813
71759289
18563346
79003148
50569583
45928601
52408345
21897383
23018477
30043574
34524533
64750898
35567809
26345721
79828087
59131966
51460030
41249554
34574165
70549418
68478498
58345499
46132957
30938266
20683044
32856014
67505659
79535867
38431950
41824129
78671372
14294053
59678137
52362255
26887781
24692669
73550931
74679778
16131086
14512636
26769840
14695663
67918719
48658569
63121204
28087490
50173088
60613698
38382613
36530067
69528847
11477482
25226590
58602450
59828032
37728203
23599109
14185850
43300313
13175007
49215437
46881004
62645959
53658286
46979933
12684253
25386685
27999409
26022118
79869506
53231878
77141174
77547530
58380898
63152207
77272169
47983118
10168076
40335874
61532103
69662038
32967572
69816915
20812664
13224222
29256057
60634154
25766021
29749415
63383481
69948481
79147149
46491876
40362626
38887701
56902203
61113217
16907055
31284188
71508795
43430422
68954549
65899726
43693550
44175675
17713919
53621116
44266694
41591652
33696388
20442849
56533172
51629199
38980354
10201563
61102282
12014449
46605837
40494262
38156848
21444114
78512373
15811618
24580914
72271144
38471231
32974663
44825830
34674929
41095100
21545026
38288600
69491436
20717456
68515659
55051956
69008242
63681874
25026885
12898853
52613064
27051739
62390359
68748853
42683499
33246309
55727217
30528062
52775348
21779861
35856664
73368477
15498480
56175382
36752508
38251032
51155855
17879393
44022851
23729623
18862260
77783251
31881816
33256694
31897965
70386553
77954814
59768746
16701635
75426367
24258544
43352403
58816243
25983339
65070439
44260779
15035626
24465771
44452297
17070613
62014339
22538685
18218682
62315239
64860937
20231857
45061513
75230749
61957109
48305210
64166848
13122845
10760542
68862986
61065383
73645046
52001475
37460377
60443106
56535239
42921724
33446101
28914885
13924506
21832356
29116441
69534742
55606400
70296903
75553955
70379785
62524808
50734658
65833876
48611010
15561701
11224751
73079474
73246297
22455762
58337473
27544478
51081807
68274608
36038192
70126003
56861395
38061414
42127826
18288616
20486949
36073910
14860376
28643418
45970047
38037308
26015600
24922250
31347722
38671789
45611605
63377584
69150693
20756396
49458231
21060989
63157901
39126933
70739593
49078474
52602412
41432719
77317519
77968121
58067847
42387088
53299096
27856455
53622980
21375869
16950868
44563077
74480844
50861668
65969623
45499451
32203278
30619167
21318083
18856616
44148720
14493999
65048760
59994015
44037825
46958242
77221451
16091022
50221399
36375266
72985871
20565827
77451459
42567057
62565341
21105129
57528238
41629713
52855196
30539015
64040736
53730141
72085833
28737320
30117202
50713589
48910419
41544717
51944976
35763178
50955159
63833818
10600132
52209479
77862974
25245906
29204421
58529289
50820276
72048020
70623021
28043126
27345734
40765935
16795035
40939699
74123920
49269247
10550916
37470440
37778221
79537708
68276408
47113335
12943553
51740695
32023727
70356502
28083878
76084488
62299907
36864926
19374017
26869690
65127121
54929817
47529452
40300054
69160768
50184269
31523727
65609561
46285957
42320421
26649766
11107809
59204936
27458663
29757394
69878282
29613140
42503586
35961790
39766698
27719549
40358849
18302043
20135807
37758228
38349767
29285340
47072174
66363054
11533124
39881358
19730511
29384627
51982474
64594543
10195340
49067161
33306969
77119779
59039493
28886655
32020704
38616264
38884269
34290236
49471972
42342443
48945632
18041435
34201676
44251981
50741178
16916975
72241772
24084320
44883384
73990584
73809257
25904269
70159079
33593457
63985030
79588655
12786728
66065058
23759672
69799317
33232883
32746491
47646668
10476775
55537515
12881246
17781154
64031484
41703597
39918569
47944830
41644815
14772494
30585245
65144799
27348288
59529767
54233319
73393532
37989820
67837072
29473581
23125800
14256188
44832119
19444044
43548388
27523199
56077703
17001734
64835300
58889052
77860462
43518802
52740949
39488710
47313362
58950257
24972386
51437597
67140470
16681624
24261834
24184085
15844571
35665960
31244918
24952914
35221516
27727998
61029701
75117662
50349981
71056954
52401839
53773997
53360388
77958110
50931719
29035516
77109555
70685601
65639271
34687251
64144359
40816610
57330081
63960773
70888891
19137712
59662443
26152255
71858005
61095567
67993045
36823297
26329361
50106637
50687083
78176293
12311059
72742011
75489320
70132970
19594349
44412604
12828826
13785000
47981015
34771470
77538073
75934378
16046344
54631482
75711955
28020274
28865757
33773463
63567009
32333347
60617843
75409692
25228765
59863965
40102298
61645558
32066542
50494015
64524621
36187616
55998720
60697918
33086409
77067040
35947603
60363232
60205788
20598774
56812966
50195493
63436566
16891104
59615750
21329180
16099180
66201331
52264754
56651647
31959793
40801849
37568163
78724937
47561661
24122112
63097356
54289075
51585692
13341305
20244504
43965093
49239003
35693275
72102845
12047529
11177567
44460338
70236438
44427280
31466219
28559752
35451212
16377288
20073251
34735481
59225850
34318286
39809239
72686813
36559100
49002991
57671721
25517687
61860218
12355360
68107860
41098196
70036552
23988635
15937005
24920983
21816157
65039117
24225797
19594161
62875002
31526588
14871080
15603569
57214860
29887652
39296989
21936600
31007601
55804507
37314166
54490957
79229075
25667326
59167218
35943456
44436866
66121143
58965072
66030478
29845778
27492297
76810726
23774351
73443656
41739419
65318433
31200957
72189963
26945267
63764199
40329277
18563629
60296445
68311142
42420209
46925858
36330785
25931745
16030167
78727656
67413514
23150852
62907539
19858164
23567835
76258356
36357937
26552011
28716007
62892214
47952223
34152750
15794368
12075968
15091614
60308407
68694006
71790644
46990652
14232753
59894786
23898706
72483074
24685528
70460144
66948527
38383252
23700943
17812318
72292594
17482450
79264207
46526587
48826312
51438953
45383442
63897918
68795937
18852687
35735460
57840271
10266780
36338387
43993862
67336682
51128579
64722367
73529836
47121150
39042449
50403051
66060715
79339723
45053665
34934606
43872257
35718209
28043755
23188696
52462890
58355615
55333626
41473063
66449196
39904239
51874168
55502952
53842400
13218602
20937741
15881093
79004091
47978153
76033423
28093074
17070741
30462660
16403182
65027118
31631677
38737158
27353963
54960807
40166690
51908748
74422564
76149972
54563284
71066597
24186665
72433376
41905551
62484977
46698135
73067201
66570377
25768697
46371971
28327278
37727883
32620525
58040623
16517955
45270027
56466717
72318129
77694598
57509319
23025019
57538835
22863526
19360595
44533620
59618003
42085239
79578052
45452225
32012292
59368466
50277178
69201303
73622361
20499973
23216868
68528534
42481972
53030797
10440372
48129040
70341474
77960440
12381907
27595672
26245268
47874399
21415384
75249479
53499327
29876608
38711707
27433550
68203297
47709392
35427417
16182726
72161644
32514340
19540937
26714683
75107005
29289972
34073072
41160604
71309042
13659906
27349187
33123814
53727858
45574130
78443186
60705937
52298674
33361948
24699420
28724383
36842419
37690530
51671515
78347323
11515242
29753759
14008134
65821495
11121912
43002037
45940131
40611018
73620342
34218019
48716637
73017386
72576883
29488764
46888138
54849219
42852099
48628116
21742052
56218065
26560866
65012687
15667846
37609803
14193485
46556751
74141437
71373128
45615660
62719431
72284285
37801748
41960972
62128369
49676852
54028331
31001127
10405728
10752565
44596069
40695355
65289129
58874043
37938639
45052059
37779583
72375508
34331500
27399487
23148093
32773589
61304930
69569238
62542888
42146224
47928714
21813046
74433801
67445506
45422647
35931528
51068110
62589710
30790485
63194702
18108814
14749264
41136568
37931634
43795592
51113078
77612711
27677570
60221443
22550452
22598482
78478424
40833736
75227857
62286884
50330126
66531961
25338745
69005372
76220983
13464789
76935514
62188701
19232407
51276201
60453648
36340518
10537215
63326098
60831995
62714491
43627809
24865481
30798992
75221564
30042718
22269597
18785725
58784028
13432138
52621104
67630428
35759913
27863622
17312169
31902984
66174788
49671562
53343516
47879335
15006416
74815525
33360099
12842857
25949061
49280511
40338438
32916784
24661756
62992508
21760084
55430015
29719111
55706314
13412772
44370989
44819003
40784799
42302621
24564740
72273479
58309612
46721690
19669884
76987716
72326042
11158675
44087067
59278026
71756913
57467549
36103101
63422403
63217287
21821773
74650930
12797528
68756709
74858555
24992478
31442362
72602675
36778338
53242674
39568821
65858722
26300173
63211115
28660783
62250874
29072929
52682010
55050895
28209614
10380365
60739040
61841433
19403580
28197364
10237376
29924411
23441954
21333605
23556124
70977998
63505976
63620924
45018095
21050105
62255740
56677970
70643734
72858814
68094092
62855619
58224905
26191853
39048680
18869024
27407681
22397234
53827017
48818029
17190131
27187941
68052138
17481381
69899982
25427381
60045657
40588387
55771896
62582283
53996149
15146798
12697159
48788792
54107519
17906778
28344866
26481416
61111173
13804393
74908592
34214515
35733819
50870528
49560083
45791869
29835008
15637433
18604432
38781263
51803073
77157718
65775124
29705561
42235330
48627714
18877052
56096667
58740762
11761931
48548453
62723405
42776164
59118903
61712164
66184411
32530145
52543183
29039682
54622177
38841275
51839868
59275597
42590919
32503118
36293168
69603603
18108843
24191728
26406060
55131882
63583436
40093860
32600646
75975190
16214857
34393128
59801634
56824414
12388077
33031756
66938642
65388508
28970193
26286427
54549368
74944816
34142530
64068340
27294079
47756370
28723159
37020852
54064910
70149620
71771655
45867493
65278735
52893085
29946283
35583803
18813174
20940449
51218107
29358605
76082014
67560994
62219256
38468988
33520915
75451003
68396222
48876084
48521955
24120499
56288143
58169940
10596526
36247059
35477488
47627870
22802908
39761054
78537929
63976760
23238841
12182039
60865377
23655421
62671432
58299413
74157910
20402370
41735242
49020203
17664229
47149541
41911249
53142857
48749630
48516531
70974723
19362377
75822779
73563598
25691122
39332641
20338287
21368426
59817219
44202242
46492839
64493742
22509300
56490558
72080824
23980418
24773907
17193353
59328881
44825286
61791889
58467570
66527721
67859356
54285899
50065873
44257309
60472385
64952491
47374201
55665374
52399921
40102660
74938914
53492951
79258795
62062251
76207399
64103033
17778232
53471269
34778938
78247745
39855411
50629139
37861357
12186323
73530121
52537618
38204322
64403540
45116959
42800016
39833966
68453655
73844974
61063065
57347031
22569138
13688333
30191064
25414617
15638161
72420018
67352704
32391200
68897830
72148513
39998869
36094544
36358778
46710390
21969761
24981281
21030636
77239603
60262265
11263382
53721478
13031159
52012703
32700106
26575777
63313914
64839580
13192913
41373659
29560993
78599048
34661682
12745584
10913803
31913189
34065287
67796688
64630022
27102396
55486592
34937704
23833623
47333859
20058735
73639750
68168131
63965082
44363893
50895896
65937090
62052994
50183248
77512058
71482035
20674444
62561307
15708163
46280482
71240567
18457832
63388048
63972852
69210955
72590710
51673545
51424311
35090980
52115457
19167909
36793508
33640370
44076875
57266253
17777395
77765996
10954931
62269438
13057348
47566385
57639054
56228632
15901890
13871977
73765089
11311842
19042328
61742891
15880609
73544162
22412223
63226561
20149181
26692030
11262388
57756233
58909352
35618586
46799853
76052059
19749818
61834912
22529013
32678593
73383723
40166907
43314993
27110128
28477343
30669332
46709600
12368911
66947677
71275502
33923916
72010473
28871810
59483857
13065914
75202435
26589149
51936241
32528597
43239247
37226679
51904926
79539959
74197132
64151808
54616039
59358960
77748515
61637773
76154450
15686460
78417905
73394476
56482196
54415544
10382806
63207745
40820603
52818351
75139751
69520774
27512940
73767015
23978851
35825564
15396609
37979775
43103140
79610273
26412331
48037692
35657063
31519132
62223010
13877368
67903558
26050949
42557013
45394594
19434866
30242230
79683303
70130563
28253207
57779992
70570388
14791262
71728769
56426555
17846851
23855432
18001437
24878675
17822747
12575529
55078813
16229559
12912424
21214357
55791087
34962486
76350026
72606762
79771213
19466773
41604873
44380751
69900094
25536792
44896980
14784782
20977330
52689656
43497533
16547976
26362043
23665900
14666616
36906619
40515022
52054569
78161170
29822723
70804788
57976532
58284582
38688401
28262921
13591730
73815363
64340196
43393410
61307798
78822082
62879855
15419298
53454460
22915800
14911001
37475375
72412990
33346972
28772003
11916891
58594806
14582930
27147282
78853599
79726678
69500731
41033300
34010764
65586188
25982206
33985951
21225531
36709356
42814550
44553658
70507650
16566696
17253963
52400348
46842115
55666951
33265189
55023742
31928675
37881083
56629794
42487691
39049706
49930918
47929193
11746512
41313663
34688233
72214169
44397542
73386597
13363924
76065795
74494009
43379837
77772675
73339581
77102767
62731125
20325143
20372242
16796598
12927675
14317675
53904674
55612724
19655960
38215785
71156582
72024505
11817726
16900685
49402588
71963032
78270237
71479045
56141078
60626611
44113837
78570114
16745507
60477782
40947101
55411727
53344611
45650473
72302329
69272128
50718846
51101909
33489848
32205696
69051286
69885112
69037557
56867976
42941658
64270085
57209816
65359924
29867238
19061877
69537132
26046092
30892048
52905587
13113267
54918286
37103191
64929833
36211677
79017025
27794102
30163672
20419380
71182110
54706821
20026081
49494107
23662433
64676715
66006984
60843869
76781612
50348555
55087168
23559751
44802705
49947840
28808411
47059356
46692342
38425518
55162747
21002618
14971195
13225695
10762916
41331179
44534610
75775713
18815791
40694905
59606552
60388272
78622364
47522476
14329276
37814672
76654204
14246044
73806474
65452707
62860262
43547433
54006870
16040998
78263119
24427447
13651633
65601222
41703198
35122602
35260923
64363594
18592770
58032181
32886862
39436440
15728697
73674510
42736970
37181363
35904150
15501021
22010473
79963085
16205884
74080198
78043227
67385783
31574259
46728357
64450578
11449095
59244074
76744197
76525786
42778505
36125432
62640182
54181318
41368238
10036038
22982951
47538269
50528369
63293261
79446902
64934798
51437383
44653675
15396932
72350922
68596746
52270901
70583042
28857691
41862624
72968619
75517616
61762845
67856779
64237659
48309892
26913529
66734615
30873689
17011175
39885743
54538687
78217328
20786597
11640618
48317284
16437796
56357128
42842301
47613703
73671666
71279141
47095377
73606383
11397810
46957314
21268226
75137714
40816950
35262228
14563153
72159296
31708113
21621586
38284731
68323817
45668161
70233802
77655165
38043486
46317401
71839709
47512269
69531918
51268742
55733904
65515862
65410914
59540102
75824273
24416604
39476478
23685900
50531404
22665423
30443794
68865062
38561921
77682538
52660739
79801589
29197583
31582553
61506728
75965174
13751823
22726735
34931618
39564352
48859908
11866391
57317028
35905005
37813976
30923152
61627442
62174848
21328088
40613275
75240223
71060986
28286971
72675644
61095345
13188486
54830580
73237778
50660466
77920024
45829258
74115611
33786513
44263620
49854521
48246224
42024263
21542255
23427191
65204776
40582695
69510325
29586711
71470991
26887141
71810683
23626685
13314853
45962330
28180585
26309781
17377333
79259174
38758772
36869526
77084488
54030065
45038508
49051648
77161256
58883581
79424086
22761647
52379717
11021643
34068743
20561951
72111663
25943781
77180115
54199148
56390449
30721227
19746311
33766686
31790172
16580621
65856338
48170814
15029268
57393854
42033369
28253048
65343633
22011519
51606216
58696626
25514956
40316634
15155545
50684326
17680538
53933799
28179503
41839252
35104551
77148461
13397912
30135239
60391370
18917716
43763022
31381686
26078886
20361140
42411955
63739285
20531728
77347994
76775898
58273602
16881139
17912751
42320088
65682419
13619703
79173357
20029988
12437874
58253223
73748707
29473713
17425669
54503865
53924703
51378408
14482129
42911603
30586111
72064883
39763580
46176062
25840626
25706273
16003911
22703110
43684005
68059580
10524516
67150308
18242152
32154086
73781823
12026960
26366837
71755547
57411994
33710772
38274911
75574257
43401019
66777464
68716244
39037311
18359033
19980073
71749259
77331409
32547478
13425278
66959783
30215973
74224260
37376338
49377045
11554318
53552173
34507723
26132804
47399560
17537710
52477090
13977576
50247946
27541237
48358136
63509076
64803910
13716791
37094995
53871162
19456362
57490390
64164431
14538864
36242450
13306145
77736673
34714120
25962933
51003925
27620781
14816988
45690033
57386707
76787260
52885431
18642138
17596547
26963215
21043179
79065436
50728727
37001955
44996847
40230378
24201762
10704578
74228015
20307542
12480615
52903899
75966567
33011774
29920989
69924933
29101215
55888624
59964699
65693977
37077977
15908248
24835163
76438657
20036060
17102439
25891622
62253211
51912199
62326206
41612886
44069990
43651118
39170881
66322786
39887467
39508438
20783721
49891257
57452576
26513124
50768364
29605527
74514495
68488506
40609736
69396676
36446642
69308507
37652811
50341040
20894363
59849044
18145304
38353748
64161849
34166612
53659163
52113521
64671072
69973529
68663906
36371878
60253152
64436983
47471712
25584012
23656798
63685480
18935550
10218773
75402391
16544326
47439218
27053215
79699014
61332044
16869669
78525295
60702594
11817376
74262595
30695165
17509658
17836999
23952128
37300869
60846380
59028979
63902211
41430498
22374322
28489638
34093570
15979391
71707647
25202483
34142361
29030021
76842323
19446127
75019382
64095834
77220804
39570954
46115833
63328492
42141989
18055450
19541949
77079014
30459633
23031040
53441444
17578460
44906757
77932734
21915450
60438435
55323632
51379492
47965013
16165150
33590556
31433142
14339862
26175034
49325436
14532815
12098488
25771367
23075544
14061426
43758919
73980494
28350113
22180160
22546923
28064842
77882892
18613719
28872842
63031252
43992582
60538503
27251066
12295958
65013255
51438310
18281955
43413245
49312107
75286895
50993682
50339432
25857208
54541723
53833463
46600163
35770842
44463347
79140717
27818750
18295635
43166469
49006917
57350983
16143687
38557764
37798616
43663377
60927961
70029405
78057530
70938511
52214265
42475686
75313794
34162851
17165195
21867196
11494757
55162430
71015542
43858360
67207180
10574604
72905529
15900898
66316411
67740478
34217626
53931485
65320187
11618584
26103596
48703412
67190313
55721093
10828202
62367585
40483182
70229998
33752833
