55927030
39161255
23693583
66174501
71853156
30604355
54894105
74254099
48169692
19652185
47589452
28024648
19373062
62085309
75996207
56840531
16963681
66001054
64182349
18972976
33591778
18330819
70929483
28722058
29146160
58864763
48725008
78993927
31989865
26028914
54490604
23527077
39725615
40594291
68067247
23070175
13536547
31387547
30168032
40188747
44233843
46743813
44370045
19087483
23761964
52559124
61835865
40190370
35130512
46745217
48958531
73295394
15454144
52241090
26592263
16107988
79011460
50363470
31985446
10821417
15544539
27485127
43200125
32891925
53589357
13511096
55604940
51163152
16712183
54599379
39325605
48436229
15570388
24745195
42558175
20947712
19737955
25517284
20642461
53066590
36423268
18276352
57774786
38287582
13889539
60675667
76713647
65178734
45905007
47484867
78438274
60776375
53728617
43167250
40486775
70028275
55287575
45102387
34134613
33092224
12721288
21197925
28042727
50938661
68025749
54937805
14830565
79026993
33203629
24404808
52396345
52813072
41799010
78064373
34801261
15375757
77539776
48685733
35232617
43273004
40656142
34349162
29811971
55880025
63870386
62357930
26717683
78613534
13874423
14198419
36789358
35687205
36127124
17536734
77928553
75013446
76115539
22566921
44505598
33500600
12734052
62374183
35790485
34477244
27977323
72382723
78103726
44234393
26846753
75177142
75485650
30649985
61080384
54274743
50427007
39114506
76707765
11715417
24751004
70271742
46182813
76788238
51750972
54985792
17467042
50267813
11274703
44772640
12643553
40770744
11169442
62639183
55610416
32736225
69935917
68561822
38162128
42418188
68463174
32074210
64673512
35523130
61897930
21214139
24191499
69811331
73387354
10540958
71254671
46502571
16090344
18987723
26372323
62948352
60206506
13264372
14761906
32021640
70185639
77605909
67377721
33869928
39953107
31337359
68261372
51023672
21059881
75421768
54277812
68575624
74277784
76517898
48919253
46390792
19904266
54298522
71833370
63406800
49067782
42891268
75231025
69005387
39786793
53358786
33493045
76042533
41146617
41800889
55046747
48561094
75736477
20067917
59788943
32867649
46624944
29344466
55470889
74236919
14219469
73679971
17101710
39751698
11599393
36942517
10216904
11750952
33882257
12025003
51597134
28851560
35118862
25537181
79887705
40453208
34232129
40590560
45679410
30976437
58705412
76542850
27034263
24056023
54537992
11288327
43794299
24634209
39756706
36792254
65080130
36459823
52109716
28963866
66153241
50955939
33573454
34281474
14825145
22593366
23327050
20988945
31002413
78641278
35681194
40888523
69282512
74753986
68494023
39333955
55635715
74238748
50936422
61086811
29077192
17838249
24421794
36359790
33262421
51792771
13639478
32344864
38463260
20192847
32427140
11281329
56149212
61113294
14336001
72443722
36536254
64892137
47978334
42007565
41091568
20378714
53995597
49264724
54229710
39276567
53416127
43116496
15154902
28071402
37892006
12160402
19369145
70934153
26172123
44230835
23296062
10150199
30366958
35002971
60824596
27742839
19906088
64371482
10726769
73781980
22591127
53639545
19193898
27953180
72198656
32012998
30767331
40371315
24386880
70042613
30773542
71558401
11717736
56396008
51748279
58736730
49882423
22315236
27002316
63461382
63569821
41855414
37669517
24514402
37564847
63751453
16037969
17063698
17143300
59876748
49906346
42147736
37746166
55017535
16104506
46628139
10544299
28816674
64404010
52656577
35211599
66847408
67613417
10471294
19699992
62207693
47860019
19565038
57829866
13292926
43236200
30153737
20214833
62727886
79041517
44993430
63218717
23010397
72717941
11005261
11652617
33344412
54626146
54404872
17416539
17215248
46991187
15419922
47415216
43280637
18631171
22605388
53492279
10304593
36610775
25741853
23703946
39102843
56775170
57887414
65822642
44422418
56351929
46360270
27152794
20302958
46855704
72863739
66061630
47437310
66085799
70564960
35070453
76070068
72929762
65564273
19254554
12871498
67891412
74974662
64423901
55478864
63677547
57632395
15040892
47015874
77179806
52734719
16348780
31239291
13389425
49825803
73966087
65014814
17662264
43873534
21801889
42105512
30432824
57162002
46646754
79126386
72653370
17348367
11890276
31716262
61000869
12421941
23117368
63751234
61905227
15768348
55943195
57451156
42166900
74016238
27097620
44260484
44458094
54739413
65957491
50447216
16187395
46232397
47288791
45908248
26587453
17031894
15574220
16447994
73768379
31941014
73025884
44411553
19666222
51267538
70267219
47352550
76290964
74484503
43616497
33601790
43380173
55327198
18543990
57190047
38158866
72437557
29856847
15739858
60798480
43381883
18856644
59191601
65560736
79395943
51008849
51082310
79650695
44188960
36237528
39522345
20629591
70165780
10434954
67754088
73664146
41650448
38452944
13711026
36452401
40752892
52555347
66593826
55416762
33107157
11992881
75130586
68871579
53475487
38630770
72636104
78859009
64768653
70038524
30359901
56395022
44430500
17016253
64439704
16967507
30997893
30037762
48545971
66658071
32944071
21352054
60204810
45223005
23416571
12341311
64897061
26427360
37495425
70054987
20887973
13960593
31129058
72432819
32670749
56176718
69729701
70276228
50537374
57677210
29498476
79385297
30274919
68166451
26022477
66878364
74113777
16272016
15286295
46454515
35551006
76199345
59273443
32818173
59874455
32154891
60729302
64587862
67007778
64270632
67602234
11935395
54519140
76273970
19872330
73944402
52366102
61300601
48537703
72587954
18011879
48563649
23770242
76033677
47190930
54519829
33272013
35423961
72135618
73538727
60176720
48568375
70453621
54711134
66479930
22059024
58928187
78974788
22534217
27934761
61277531
38496778
14930197
37556517
62058556
53020282
23367644
26511356
59945432
47153439
27384923
67274968
35627587
49476002
44902379
19406609
11575425
46557119
63669131
54182464
12080188
36169961
38707123
19611754
17790739
62409490
15095957
13672773
26985160
41412877
24094408
37670762
69285312
58673789
56001442
68170041
10125355
75525281
75861453
22899416
64123875
28463304
47686501
47909207
50354355
30918231
47610192
45177036
60590112
76492539
26725800
12319073
37836109
40541104
61389675
16439933
43438518
16436392
21309597
13094141
32797479
63721401
38515132
26972772
30920505
50019831
12198135
71956455
13354003
79552597
71633156
78320876
28714435
56605013
52576556
57541450
36050699
38496922
74929672
79127004
51070468
32201843
48309721
70131296
48882571
77660060
66955848
37031607
74437398
40881580
43418791
20832965
49563981
46205633
12987398
69715630
48055470
25539661
58414922
69846390
40023262
67686213
46056318
79717860
79836794
10320427
61876591
41448402
51028208
52488744
14172220
46510102
55958924
26264669
62509394
74325872
75823468
48792990
42280809
17019018
55348454
78746396
78160567
34280679
74635673
21520213
70203292
66242013
27781356
55361893
18721202
36537572
20897698
57244670
29575829
30804873
51922017
60510293
34695807
54794306
24675668
13284143
69589312
34746984
56443748
59273981
42243453
46480246
47979564
56491170
70283434
34199678
12738414
18093394
38241347
26516947
62520955
69884008
12118803
61445298
55331621
39338236
28660748
79169853
75429651
23673492
58757652
25028365
44252787
69015825
22965364
71308611
75806664
39095297
14787761
35705645
21327142
21009930
50249645
19871196
42667360
72138767
21781185
49899467
54429481
22522086
53621842
25110364
21914095
44434765
52144371
19312493
68707087
27373336
52927278
41402554
17902459
36110924
30997388
53330150
69635311
20236266
36808975
20494671
75068855
28568409
53016975
75390536
20562328
52242369
21451697
60139109
46496533
10825454
52641202
17815205
40628442
51105436
66506893
78977111
17943830
42121315
41411602
70926888
16486719
40223157
70214259
75469713
25293308
27792521
52974588
73780116
59661903
36678549
26175842
69663482
73329058
52093045
30773532
29976563
10368977
17226930
48830074
21078872
62192888
19309433
22043233
76219626
35856438
20103737
73389043
14628579
26812218
57659587
67881131
77084969
26773145
15781789
52603571
60907722
30560597
35869339
16546101
66179020
59231436
48233119
73967532
50121765
18323601
60287287
52320489
28934662
72596017
55938976
79139764
25062691
47562889
33641836
56328895
38299521
30349866
42706505
56856825
72696409
52973198
12750259
28210793
68888543
55130222
42260756
72602658
23459736
64247625
51738225
29147289
63788921
67787929
56842201
76748007
10378979
44685232
38363301
31509755
63565179
64926335
23686426
75047255
37107721
27719254
11019180
40856264
21817644
47917802
49054861
20504536
74628841
39590252
49300955
68407669
71465115
28336915
14099476
51213401
11265085
47810570
46823419
29362134
70319693
51441383
41726363
52449544
47414906
40848531
56619591
77422164
32436183
73910434
67433334
29171170
38632578
75825110
53777214
46050451
64879119
12787788
10740056
23551482
52797671
29881781
78388062
65876420
49342481
74420821
62061258
58815430
52602409
23287963
54981360
59032832
23878384
59554857
26718015
76878307
13978693
49558900
26356331
60139353
39418933
26897752
70724221
51491676
56159701
21375446
16986086
53660141
29467806
62623773
70766755
14417437
31178582
37785469
17160150
34215701
74238726
57901998
36918816
65078317
29389786
55420867
36491772
46143540
72676256
28349935
62264515
34497866
75002710
45277984
11490670
50344446
25794523
58731678
48225299
79544612
10903493
65341013
46523678
72530825
49024268
65965520
13996643
11334448
25205542
76799115
37359448
22443231
62393544
67866510
76561657
40666191
20930148
46349422
31761984
13839731
47835035
66250761
60874451
20456173
75985862
66313126
66719276
31216475
73521353
27446043
58060597
19795545
74257560
55241741
51996756
73298239
60903464
46494280
41577970
72389032
29130108
73345754
26393549
70397059
17035055
73660371
78209820
62181553
70159503
18178608
71252687
30899922
22844597
67773381
37699099
61157250
35166331
70937076
75569663
16571777
56257594
67383188
20459921
21807007
26178946
71797178
66859410
54826477
48707874
11931475
41350168
11402056
25875261
77215702
17496206
52993014
52129899
23861088
34502974
30820467
16362072
37881870
14745338
69037314
31911418
37803162
75569261
63494886
52859654
75428874
60420283
12989222
27114109
44834288
23010319
53297524
27622611
15615798
25798619
52073849
60355991
77443624
41768601
48760475
52570107
47891483
75647909
71642612
73774069
18723661
27006362
10528552
51158558
24728185
22172695
28967802
31633507
31943007
52710752
47670811
34033865
33376303
65626453
19854659
39383754
17392896
77695216
17051127
62078696
11242741
52271971
40892105
28277043
10162768
32262444
71131376
14005352
66094962
39495106
35560894
76227016
54977341
10204254
64135350
20920100
61928684
79926946
47360701
15880630
36335551
24980165
15823633
54002020
59868139
26018186
67460910
63107476
62448434
60677301
33378665
63078606
35563271
26541000
46185544
74365668
30598831
52101293
58702928
38379938
59573826
29708409
70516310
20166653
36948050
28828487
21751292
30927272
69219860
13601059
41077967
21064854
31378233
18302743
65703886
51582443
37819199
24052489
48303862
54062749
39479035
69443716
47325989
17297688
66462729
53031397
28852581
49895383
32144885
34620854
30235312
48979927
67590840
73305927
13082565
29145825
12930856
18165627
51892336
11615541
70884121
53315127
67351717
51506013
36268570
49203740
18703683
36786889
43525465
32432666
65989093
43887385
33846458
17267138
29895046
64651127
39264543
79394043
31740850
50573224
73695289
23601816
34377146
56736183
48429351
16557331
64611783
42415252
60805769
26598376
18386467
13742728
69689713
72884884
73190811
49686453
60939390
47533361
31547579
38943747
44221793
43272504
39255918
21637893
31718277
45624875
33368890
79306182
53159857
49974067
37377212
18471520
42522794
11656917
63178612
13995955
29838379
10669781
54989777
59473406
12980822
65679327
43750793
69833168
23783518
45164497
50392890
12793451
39554588
68106295
47852546
24532075
24096100
48623211
17639754
63908262
78461873
47502365
31849678
70519820
25023352
15127933
74302267
41482714
78869134
14582996
25305684
28084005
16962508
32590945
32930972
25517697
38150627
74147388
70450015
30519013
29154116
46251711
34547358
71638754
71341299
75889286
46766609
41269772
63694466
17191782
69626608
63543577
32992125
34251687
51131546
57420396
24277417
62524178
36759783
49907801
50013973
34333468
26390110
58005697
53423223
53051230
21431467
26373145
79344310
59001409
65849822
77616782
22859735
46058221
54746347
67696200
50014964
30042059
78083742
33018152
26415079
30748967
61209483
34212814
42976432
17689383
73423946
36109726
67613743
70921953
56020093
76850132
56429457
20155850
23868371
74576102
13028323
55810051
40861276
73003306
55182275
47197248
55631772
26597003
11534362
55104783
15922797
12386128
37634500
66003422
38483223
47665154
52984499
75700927
12017532
42945012
18880163
34203475
69228851
50315326
65567885
79336100
78823305
73051004
24460779
28496526
68249947
21561726
15909474
78661925
45399123
37920988
30014680
23962762
51236790
22013285
22340022
13136585
41606095
77690029
28449917
33462410
11576184
75029462
63943873
26759564
41757125
73421369
29187274
56316793
24387702
34414850
79912711
10261140
66110320
16260470
12066794
69686314
65417706
41541316
52546785
44485656
37880653
33393641
71020102
66167513
64342318
53222036
70263085
35297819
23545436
51897189
75574139
75304519
48567424
47728855
60546233
22600946
65928653
57911061
69770867
19158470
14213727
34658708
48312455
50067890
67343319
30336668
16928362
62641380
59919436
26599553
63150852
32673828
13820896
47932196
10501761
56388196
44365743
45422938
46507297
32812547
20328384
71902901
77244094
44492943
36719688
78493097
33914108
67071783
64443754
64026876
76083388
29529589
19417126
51298326
30457268
17125999
71425239
61676413
10795477
28413138
37395678
36430803
56913555
39384131
56349482
16079028
53643786
65645302
48887948
49674474
24362196
75784526
56302576
64458400
62394290
38879823
71483430
39167747
61852505
25574219
41378196
68069764
28743986
73310968
22689157
79566312
52424937
13503781
66848208
60492971
13572396
29643075
18556508
28937843
21390787
50246884
43119145
76360032
66134944
50361656
32588071
68274859
27172109
21611090
27367507
42582799
25969635
35405858
43369280
68085874
57639187
67383497
63160358
73399149
43476431
26880042
44890073
27250715
29703282
24221823
38602132
75737262
71030235
74968711
47044416
39723095
69937845
68219636
19537565
29611112
39445850
56858676
57835302
72263401
65926401
36480175
23382872
59496972
60228691
25366191
12506680
13810741
57770801
10216657
42445766
67153082
15284768
69146449
44200862
18315888
16340980
72297891
34792491
61666126
15813944
31094760
15432891
14634181
71635842
15292725
53080175
29615875
71523775
60025403
13046580
26400564
13309527
58427901
73555987
51695705
12553375
59586698
30808041
41770352
70055328
41740162
47094713
30908641
15089049
44355626
60447182
39525231
63586359
50814723
34544302
18494752
17510515
59348960
35497710
64700207
18243233
14358340
36273264
65016856
37640732
72295771
64238649
26750334
24854944
19228908
29498246
68895188
25596218
75550620
21451087
21431185
56126091
19259049
26037147
64653972
32409826
36669984
25734005
26336853
14084404
23740144
45762034
69019785
75966962
13322873
10899527
52925649
46120176
11846206
48028465
35750178
71997127
65710223
79637705
64156009
76744747
45293040
18416178
35963290
30051388
17328834
57893136
16705366
71223511
38002112
48669732
24898951
72354178
14072906
53299741
55005957
35245659
23347198
59862493
13950972
40977628
26083227
23246359
46411233
21802690
39477507
32365082
39619491
48887809
17077756
11301554
75643236
20819533
33970237
25262601
39693763
49864225
22738167
71057552
66972288
58579585
79319489
64080584
55381765
25411609
26307873
56669679
25116617
52036688
78529870
21590336
32499207
17095573
72715665
26499573
23541413
39083595
46022463
16628588
57722038
51956299
67331755
54596454
51471181
54525296
50280234
74224162
73128205
18753492
26662346
25465483
32266786
39330950
35100291
24968791
61044196
27563883
45484578
77550761
65859718
60906573
50107173
72052152
36318294
66643462
55121657
31153576
41579729
60122422
64012474
15283919
23482990
33813503
14934818
15830876
46868791
52642963
20715366
29098181
57197444
70106985
22177683
54568292
58898656
37934777
30359589
15377945
17020348
25910047
64531770
33456426
63108574
11093989
30043925
41017851
65637778
37405799
39767826
74865281
65260056
11476835
66611639
27281377
26342616
51105739
38056135
71513222
15215686
20306365
31462040
14225560
62357602
37495820
50874632
79009178
43475338
33714815
76536561
61027949
78688847
30371563
72626018
19460262
42551191
58407870
71735968
66786563
60132866
29602629
42910107
63207412
67017487
32644087
74553220
54607035
11178752
33530454
10391674
20487117
38592359
43133534
55283977
14667976
41844409
44193477
57978597
63183113
78146417
20157974
59950594
52706215
67992028
37701089
16605438
50164391
78548030
25873309
75623577
66916810
69304256
19739938
60568366
22455327
42234687
42906959
15114849
26008163
41039940
57313278
42326112
59969970
13188889
65874947
56973699
30798872
72929931
67143984
59978196
73336154
59075153
69507179
42100197
16051865
59070474
71549406
52494373
50001727
18077279
68539941
77786096
67324807
16533486
58752331
76154309
35418567
37798820
16700385
58243982
63661607
22134590
49627872
40393708
31511872
66793559
32148126
18894129
48437150
39500095
73286269
27348354
20549537
65944323
60210549
56872887
73497891
65552923
62500382
13097516
28205088
18446529
39685930
60144587
60833286
69381667
45167023
69180160
65563794
67386290
30265106
25988927
70469993
16219740
37354529
69364885
62892192
42428217
10280318
55256839
68327109
74328452
38808503
25355514
56751376
67099018
57320207
28125436
15079159
65072457
27975913
27478886
19703505
10550925
36799980
28218027
41219064
78856499
18843327
31334415
43471462
42099924
55012082
50132532
76969809
34342223
15906971
23883850
78723483
30241686
77066170
61689754
15283591
43630001
32849290
62713336
29569247
63429981
44104971
37054523
79242008
33079960
30293659
10652242
33724254
22093406
56531259
13047731
62525406
66319036
39942294
35141091
41674375
75107843
38493775
41106104
73409315
19088333
44762197
66406533
52780299
51811669
27327132
39248766
63237318
72792848
79630565
53522010
22905567
79041928
25010093
29418411
66982822
61370518
34373123
51385314
18118992
26485462
54168956
12546000
18302048
56326282
54306591
43684869
60028653
21442164
52052525
43507715
75453061
31791357
73306591
11273537
30650184
52791500
20246487
75087588
73484680
71234616
78360063
79270922
56337021
27734702
63448746
37463682
58836546
44650579
13201147
23631972
39521725
32528701
54448965
51839342
28226884
44479702
15145556
43914940
12498010
46186752
47325630
50885630
45925730
56343675
53881852
41532073
29934574
46948422
55910122
72440280
61262130
40359415
55470037
37143742
13097882
67075156
21387924
32523326
41446315
23150280
33653424
37712094
24225872
46256785
32377364
55969312
44122930
34797189
39988232
65424374
32521034
51139055
25206089
59245607
33096182
55152696
65545830
79794025
11939738
13631658
44024519
48514741
52495151
44743424
38258498
68590483
47679147
25593419
64125597
52301318
72532473
51795344
69578596
38151972
12995497
43878985
19827688
78012742
33183850
20022436
52237258
59833373
30000636
44674794
63617418
61411226
39569711
47126631
48674498
73462273
66513722
78898236
52968627
18547370
55198676
65757035
59550910
56462654
79452462
28450181
48718454
32339528
55448111
47526511
70391832
27998395
34614212
51378494
56608364
75113554
73020592
58110990
79428800
61792094
40037670
48912659
60565789
42115418
20264591
49706041
75725120
24004012
43265789
64680491
50779582
12728199
48332601
28796302
27313798
37557793
26641733
21789522
29556554
60490906
79576922
37424255
17539147
42819760
44963708
23438358
50730959
56624988
25062201
16065471
29060952
52530748
67799740
60305357
23915215
14144544
49671021
32785570
67583473
72780651
68093468
70839172
66660593
34364556
39311806
52129591
79320227
51275186
23075957
12597801
54853180
21839778
37307503
18309347
64050713
27565002
56361024
47910834
25231197
64121207
24689371
19349639
34237256
53387986
48249525
59424426
48357829
64071567
46341090
20013812
10721175
39542517
15960977
31085712
49977059
74060786
17010303
23978383
60239858
59647147
16792492
53664932
65549828
70242038
57987853
65218159
24083140
38811847
53268770
74825161
68678036
10768302
71015385
16099605
70045186
74722650
29918073
72574449
25773444
52093645
74612390
32334319
20648752
45362138
28230626
10819439
32549192
74443017
36833811
41179031
58428870
35640761
54858753
33297617
68950951
42755019
76622918
73812895
11010204
45218232
55404291
42113645
12455549
16887423
27566154
57302866
79176387
79521621
74469648
28356847
15476726
58177498
49504988
32172562
24645094
77916049
27614957
62874996
69301564
44013479
30114754
19113629
71335185
63185535
35309763
76926208
47933898
73529318
57298508
71204815
46192594
28959525
65717032
25402585
39606193
24173087
65200184
61110065
72931822
42584149
62976187
17607380
78528394
48974401
38198388
79503589
62550353
50892602
72098546
61245187
74411684
68172907
68257982
22182302
64614190
37163144
32062451
29027413
37284363
16274261
77362172
10256942
35464658
10978898
62362468
54942068
40887313
42231024
52370108
78520295
27805171
31254732
59222452
54279640
56480453
66440476
17142504
15478367
58881545
67648164
69524838
49776096
26030095
35705904
64850989
43984858
25389844
31786204
60102685
20702029
17742614
50468786
76509111
21365590
18395921
26194709
63909778
67928683
10661352
29280781
33443864
11283523
71485352
59198190
34382151
62351962
46834183
54770423
70228428
25007904
33576947
70058228
77814595
74662864
77812177
44818545
73550949
44988811
73909906
59489631
16888273
44768144
35028727
61499070
21993006
19394887
58021127
29044039
59964647
20173058
38264732
62329836
14124129
39680414
59902295
39948633
53088621
53045283
35116608
60342650
42073650
47049923
48388715
25052835
63707940
36698834
49821934
70254733
78681114
52672160
53186801
61699717
17484797
38694516
64435807
79889045
67125508
74380670
28367056
20304883
28186474
25401408
21416359
11104105
69137668
32788390
75552146
75780228
69466491
24893028
18917310
21182144
29978068
59020704
58103872
51059530
44477774
74633360
79099774
22971354
15786569
22760174
58640438
48986220
41295783
33754362
20785358
68885354
60368692
22936348
79320984
26574449
41524184
77542219
16600914
38316433
22609518
66950288
28808986
33650041
66408365
27253938
56971779
49530309
14000722
13992743
46922895
44909215
73889554
50547336
70141934
57776938
54494262
33226105
33765957
28567933
50054367
44972750
51241384
37499612
26593713
58964007
12906135
56766346
14618414
36657292
31490847
58027047
61078510
22139726
35702016
64250028
75865176
16836391
39131811
37297669
17639229
41672816
31710377
52474224
59583464
52110158
22798588
37496045
50032970
72986026
60009314
36692616
42712022
11162994
27456165
67355306
50405746
73184633
78877731
70911488
37178325
23640163
15843797
25938897
51433280
19525259
52451726
70611947
67093807
27144451
27369086
56141157
11603832
32603220
12919191
28253731
55313289
65032057
21705971
61017057
34767360
70856347
69557695
73694557
66133788
46550975
71483213
59317221
60109363
68309130
42909015
26182199
40439614
29165924
62385106
44087369
78634376
56244426
53062685
34852477
73398386
12319774
43476623
61673882
75995093
22473581
31254326
17630383
64033130
16992274
70313890
35726133
49732318
24452600
30457201
51869618
54041205
66462132
18382355
54984287
22389557
32477819
44672407
42450205
30220631
17709384
72445244
58408402
24867572
66939374
40371930
77569722
62239449
32573724
78836333
55344104
69322671
59357938
61450920
20296975
78458277
32051930
67534224
71737641
50248330
32278562
18525462
64277939
61484597
76209759
40830975
58234627
44653207
20817073
35589256
19263989
57252905
13783652
12796277
63139241
19906447
20589512
23171281
15666024
56594117
47317888
20802163
34771593
65472397
17989417
58135102
68579595
64787478
77926005
29808409
77688907
45930270
42822711
39609368
50018401
57049319
67014380
40096110
19015346
48054304
31221700
40048460
57977373
34367269
36965162
41497360
65407530
73046332
17586039
11751548
16016051
74474433
19109402
53171992
38688401
72964228
29464529
49005438
54748904
35776164
43861844
10370464
66668648
64522565
74956771
57573552
35576193
40110936
67929995
24629122
11710317
22475035
50451939
25556492
21031759
48588537
17303789
50752471
42804867
60980882
18630840
65341879
38072271
54465390
60206008
50741290
72248999
26613717
15080029
14934700
13530398
46087904
45070878
37153634
36764053
74928440
24208088
78056844
38448037
12123638
60008667
57137819
78322684
12859011
54874179
29043762
54345386
50604896
71432151
12643185
60731516
38049310
26945608
49107637
49705515
78002262
45637988
59814840
14535207
18305192
43921854
21743139
32125635
48158436
51313604
62238455
74295972
62045047
55885135
20934282
30695456
71505464
13758625
11258457
24957710
63463791
36153463
78831641
45269908
59183734
59458314
63937218
71761889
70661826
47824294
50369164
16699707
31756324
78347282
61390597
74642690
61324406
76092930
15833230
18349106
45013271
70011720
16485433
64037757
54786424
16094136
32579469
14124949
38971621
16959825
47743563
66116708
15976322
43735682
53423903
36439112
40103405
68195564
36659553
63174399
73568884
20115944
70453089
70442433
28181501
67186666
50296541
41963038
35450482
15593928
13781428
10769392
59090125
28086183
41471008
45935575
33100088
72458217
51415261
45371977
69881425
33449780
31642013
53876686
78277245
66226358
50045234
31842461
74108577
61419119
44574289
41861983
48623165
44222257
31863591
34530755
79032191
42021017
65942247
49474540
51802966
56955191
72679487
45668786
75167934
65726027
49704099
21784747
25226541
44724356
58866585
31498049
51301781
40315856
41079034
74064733
59376837
20039674
31698548
10431341
34094503
69933355
48745359
58457530
49143142
39470722
24903732
18786087
47294503
18683133
64832444
55313859
12722279
54779593
46906388
52260251
12358671
63463502
28458272
16545149
15207110
64702241
17857245
77388702
49286942
35672353
52594862
65760171
22573387
22260803
30603251
28277480
79545251
78816744
79994476
40619823
77573399
28215508
52842608
51483231
78265887
18297727
52837865
54851315
61455898
73725486
49501965
60965777
29955794
31244298
40647585
60451886
45490546
37156830
19911711
38592901
49791758
64176750
49398124
58822294
39915799
59380510
30670976
41686939
64401159
25220991
75369632
19123399
61213727
14358390
19898357
31950194
19381506
40819885
76008076
72962851
46034476
59188240
15555879
78772136
31175212
31241201
26798931
42904476
53752690
40518610
65066726
52348276
69563737
58009668
38734884
53666277
10375809
18150268
17419073
20710072
16148010
17506231
65325436
56650733
66498005
59533335
29160010
53165011
47358839
51473178
28403011
48253106
31396736
56110041
12928881
55218450
67799876
25978162
39978588
45570116
35130138
21000111
61731853
33644650
45601848
58531067
45980466
66793358
14275275
57150031
71406435
39277447
44347374
68300664
17800113
65136945
59926956
79623565
16790242
10182002
72180651
46210653
59252625
71956616
65788859
33067148
20325219
47769946
45545779
56179342
58687635
73005167
20978204
12622917
62289332
17851323
60262366
37763040
42183272
62881154
55977328
51536572
73382491
21661928
73941385
43779834
35918470
39353369
36334318
29461932
55944014
68211692
65808011
18997178
76079983
38014795
55703018
36460298
25048941
22150404
72338993
64647372
47792259
28045025
60327520
75757258
56916719
27861009
12188633
40121138
35323057
43148809
76935065
70928783
67756585
27667946
63478474
76157334
59646225
12659810
74146093
59861214
68440791
28739675
43409318
33462153
28061875
44484159
43159212
54001117
25817365
28610706
71231278
50414681
71390544
57745548
59424743
59724819
16968165
77345968
78976240
18151238
57606710
40851584
65828274
55814618
21183968
63958166
12352174
45027295
24965341
28374293
61588906
12857661
75482076
57160178
50166361
60001780
29371716
17644831
11525327
33431009
72120921
50719972
63346854
36303784
29948725
12394644
37648859
48883945
22930360
27660289
10916532
15590840
47546677
33126330
79864649
71753043
28813820
66064392
28547179
39578859
60365981
74229784
16684295
15202147
56467959
13233317
43158267
48589088
17424558
11611876
69613423
59097416
76360708
52706451
60588566
74901925
52286177
77685123
46915623
42745663
15603571
36012983
32909712
30565272
23680095
68711456
54404491
52042810
22715189
49673178
34279340
62267891
40912643
42913394
27582463
55236645
45714549
40441782
46207998
50464144
60915794
30890876
25109747
66979995
54216852
12740820
21523300
23629938
12645432
17635464
15574717
18516014
17375415
16783358
65274981
24280927
58223709
15267739
70865640
13182881
65211838
39385914
61855385
57849581
13733830
10137371
16213904
23766402
71005339
76789903
61369327
14434487
20814940
31793691
66540503
73486175
32154268
53264930
36615789
77839389
11371992
12698483
11612281
59200229
49152777
79901267
54258194
31681884
33356328
11538893
62808882
26768235
76955477
61955642
21912260
16684940
16063150
58813018
58614595
52038333
78683878
47112601
26785635
76195657
75789373
67676894
68929792
18194150
69690047
35375061
51023509
19146787
76721399
44095052
16178080
68043195
36036208
52273750
69475704
66465441
60217268
30642100
43550678
54072864
13465803
62822699
46120428
46762068
25657754
48888281
13222395
49761402
42524516
53986852
28376537
61740640
45313284
35977168
28927018
28855673
51061828
65613457
43165085
61493276
40572743
59657981
64923628
76505627
70883545
67017118
73730918
24183501
21533704
12049465
44720631
42522078
14248649
78688606
48516043
32303138
29231019
26416124
72437020
32131323
62525397
64565409
12828616
49634379
13523776
56828707
77168760
38326383
18203519
60033625
18007393
24862304
43247108
53389461
26831041
56827242
21432470
48258511
62364517
77971645
73928472
34251052
36368303
18939775
54362320
37792175
69492943
35961177
71010787
68402500
52258958
67493560
13881517
46940539
76405413
67899214
23834644
41454577
11035837
49221263
43221431
77749361
21121866
65979837
65065179
36623729
41790970
34645191
35548048
26842121
41987575
52430611
77833562
54617080
72656733
22967991
69112330
76925871
40036311
11546878
55852622
61153039
60673154
70001553
12972706
71748498
53308319
53504457
16361520
64045526
60621119
76415925
20324307
30527600
62170021
29807026
11296223
47715883
66058580
77927211
15939673
55113170
77683162
21137421
34247463
20092753
58071803
52579989
58657991
46165505
12817490
52237295
33881759
60576938
37754114
76624258
50045203
46480807
76111086
63174369
56633610
34007171
68724325
22819128
76845905
61062550
38441679
45798430
54297283
69923362
77743503
29070653
62280463
31055755
11509823
23863260
50241628
50676378
47658636
67864993
55930785
12243595
72396892
54480890
41568514
14112424
63847811
48037371
25049951
63294028
15037532
32510214
33457635
11695740
55265640
56997294
65623329
26854255
36274200
73875787
25732390
38301205
24178652
48139595
18871686
60398516
46861102
31760611
38337384
61167839
78188990
67387968
46428318
66886749
46444259
73690288
71031457
57519549
57394630
11250603
34778760
17781018
52208924
43698315
22443063
72450320
11106623
16416397
15323795
58460362
41439710
37006786
64595702
49793395
21080637
62866587
23810321
38773647
64555743
57837077
64085224
25633869
29821568
66736397
77158124
67066028
53259304
19090152
43636417
69836014
44271226
30357897
14924889
33439464
61363535
38197248
15890023
52215111
61620943
20070669
20392881
20346131
76314514
56716924
43381094
75183703
49069586
18646791
13215519
48864696
26865240
38076463
46604346
73569238
12299458
30342533
65342628
56678884
39881142
68018250
38672440
19913402
11658605
43408169
55873917
67247189
33213511
50372747
21599892
60994050
28984275
65097281
46472727
33395176
62701554
75176961
35790756
30864924
14777489
26531250
17556981
26861524
53301665
73863983
49118011
42070582
48894330
71544543
13915320
46493762
23248068
77739484
43364676
41963169
61858134
53733608
63094122
54232414
19855487
43988914
73771823
36162203
70386582
10996164
56965246
55855664
72931174
31884116
48617151
55594507
42098041
38309748
75855834
20835511
21499068
28581840
59613676
37496348
20603956
69421350
76839109
55667735
31222620
77084527
22158305
20373645
38757160
36868491
25520864
16371356
48634831
56827153
32360168
31443939
46860183
22471746
31500522
45170660
18268566
40785911
47704679
23746540
21571038
71629141
49367134
74247828
18939438
27233206
27639448
45650562
49105842
69867625
75792877
57070766
27871053
55855913
68723014
15290972
53471689
72788498
18882078
20451019
66603224
21638595
53073464
79090008
79462530
56612879
44603821
11156715
41575857
53860086
14615045
31916488
21948772
68693765
52688692
77933032
17328977
74095855
40433814
34756418
66084121
20054571
30763143
76500174
37989841
31700090
45557532
44748582
15665823
75208373
63577813
49089727
36613605
13822554
59714552
13479951
32823460
17893533
32311786
31045691
53059319
72404660
38068701
23526506
69504510
15185904
28578529
14200497
46562198
36852252
42512554
53257431
75492977
62067286
34403846
60840437
54782212
50144020
35045655
31013100
78111794
71391163
63387948
20073596
74909665
42193286
36687438
15287169
21369290
55681148
10821183
76067284
36197541
17303440
34041977
73961271
45005619
26584557
75092135
43467667
31641788
66050705
27598378
43207390
35969753
66374406
25238611
16701264
75227035
73468807
47905979
24078104
16125732
77937555
33033571
66803746
46454819
64518654
13208721
11916642
12685337
38818715
50629706
14842634
15921272
77009976
52658970
50482820
64948235
55583136
17807012
28376726
11610105
17270645
50056612
49771603
51845630
43984498
17878929
70857454
48819715
22421704
27567138
37164323
48270674
44257663
67891802
39069849
20791306
76664888
68716773
41556929
58611597
77811056
53644440
64567750
49362191
45831017
73583932
30529837
21582382
18846019
66444325
72492336
77811493
36351319
65259637
19270273
54564163
28096470
45671009
48891658
29510991
30172228
39653048
78199683
19387161
16577840
51250898
53891108
35593899
63479966
21839649
37405255
23079667
57065705
46629072
33775193
28260092
13673660
65357286
27986675
40131695
36599685
76237886
21873825
34465395
24581313
67947318
57022490
27957398
28251251
31892152
15719472
64127877
70697752
46702154
16736796
30699272
27958051
46657072
38120261
43335557
28324907
79706490
73491878
73516870
49700422
25663554
17678534
25771023
41621374
58662727
73533848
38864267
33663257
12696706
53913989
66186365
12004457
42765107
53039143
53204341
41011081
23778176
60452457
14599890
56393670
65926169
19166186
25549282
26273036
53521684
46998639
49474298
43704873
77682938
77917408
55828650
54348102
48657889
40584705
17699349
73634224
31998701
78970313
56115977
53973437
30849279
31341808
66105956
11211868
21921862
35578867
15410380
19754858
22266111
53061776
28307069
65320471
11758498
59258222
65548556
68675643
66889049
44926774
65397959
56726993
20820467
16605845
26674845
45449296
79958511
24800425
32280420
77822902
21166509
13029720
76620943
40315445
44142232
69158470
42107022
62283202
54739214
49618933
56140672
39229693
59982742
34455339
56264997
63383605
60440599
14346160
26341456
71930293
69752003
11940882
28329237
69477378
46680389
10465936
64090215
29212815
30563126
64175917
57927564
33860973
78921050
49410940
10293410
54582556
55371565
72741964
75694768
37099724
73924613
72472685
67722100
71860243
27015201
42178073
77027912
29640768
49754003
53263971
74245187
47901391
43450709
15160042
28194829
35291093
54594767
37321784
65141846
57225052
33370311
12883330
47267700
64718613
18200874
27840805
25812700
74032648
28577927
14546660
11642967
21385634
29111319
78943132
72760386
40316401
39267753
33103236
18685882
71276326
11623153
26896768
51406889
33335350
77807254
21181254
75356449
20309647
42192484
47198893
33589834
62615875
69652655
41142662
34135897
46715294
60662569
28015434
52116986
75852460
54678017
51543692
16428794
68577163
76371759
47625869
23836959
67806720
56878496
73674506
73510305
64202867
22276579
33100046
10968530
33820160
61887060
61560260
59749890
79396014
36191933
73162598
47029042
44834805
77921107
17566025
12334669
52776590
62146207
20459826
12734106
67148646
60913390
43499338
47835577
41665039
56039298
49339968
13835727
76407733
34405697
39922345
23559517
72432411
53884767
20987553
78096428
20345689
20630365
73694343
63110962
75983234
59536364
49036925
64723449
49362642
29152649
78357691
56555028
28098279
50894317
34193991
66849386
50146411
69772376
75620609
26144887
28936681
24486811
51457257
74597428
39443032
59156804
71791480
10122550
46168532
18489910
22798558
49346181
57815448
63320655
56149828
72850955
27534754
60977902
21021425
60281449
40983260
60753533
62094043
19308939
56485790
36880951
20168645
42386528
35642415
11746877
36639538
13874222
14363679
28311548
38306607
16953328
31787602
27565899
63831786
58082089
76452254
47329843
77736817
64329182
68895696
27501989
51596896
72119929
61277181
18879625
49511051
79543512
18984006
70304924
72761948
52870550
58859044
54694398
19587821
63590532
19320699
63123369
20751810
21764648
18543341
63496852
12119042
66837972
40521057
10732445
46778510
25583531
45058394
57782992
67869915
25350416
62090434
75961016
37464995
48002792
73980511
61675114
78847564
56846552
12193900
64621531
26359986
10023020
28178442
60634293
22461345
17179990
48071617
18228150
13127614
67947346
74871094
39623629
16847758
16536276
26976825
47427426
16440847
54058274
12825082
78566527
20757720
21863629
60884379
39523053
35230666
13014147
20995862
57642355
40867135
31264446
39435409
37938521
43902460
63016731
32515870
12706063
59631523
39776077
49197971
36791850
64806527
58984938
27089980
39116192
73576182
32059524
10060552
14576782
52629451
22038264
56076810
56236515
39745465
17734386
17333007
41423498
11122305
16888107
73064755
24239171
68287022
14191113
49865603
56586535
28050127
37481795
54331927
16851369
18912693
27871274
35746598
60249927
18325304
41845327
20281876
49010329
12372189
14097129
75954488
31508279
75647678
38406198
58451345
44368804
16630731
65914071
41183221
45181257
36553194
78765877
21781275
69369659
43762660
32730412
55287411
59727251
41107354
43173606
24912058
55118461
37762987
74015974
31417197
20760279
47565444
46365593
48562507
76833592
48586422
62176398
44761032
76100075
73083474
46083458
28673371
57977675
42437307
37287498
31356115
69164372
24945204
53346664
13915479
19776365
68962585
41168134
79536513
77499756
27876899
41772079
35423095
18998006
15812855
68583368
42842234
76693098
62291239
11422784
35689613
63251451
60775602
28671900
46576107
79242541
49470147
26168875
33502242
46562342
53030335
65458471
26583503
55769141
65180568
78012426
78640666
74631023
34022497
57866114
52274828
16251149
73251900
78826118
63987585
48677982
68125417
52684442
29781958
24658053
49115477
26206967
61821937
10900066
20584531
17451464
46410809
21459541
11040054
77330660
64014368
60935714
49275635
57874115
14381555
27178843
13724236
52890743
10451123
18286742
22493381
18604792
67614148
35083118
15697776
71267834
67668350
34081744
57956541
58404976
53492714
61683747
28584929
47884348
19447847
77521341
44879483
65175760
21520448
23874844
74323664
53286704
22762668
71920499
75722523
20333172
12364579
63982884
17382355
33401104
55366182
51724883
44552867
55406943
15480487
65773202
19760043
31667047
32229025
36413555
63584320
21121149
24353049
30660303
65184444
54420607
42697617
43527813
38459801
79063054
38844250
29173639
51068967
24751945
70757567
57114282
77265316
29629317
57997310
19476463
10372610
39642105
45375833
60481744
16964678
63276747
13567065
20416911
63816813
20851214
12936965
22495141
63223086
37962734
16392201
16694644
43919046
61566649
45344694
66998149
26337871
34882842
21093315
65609568
32041571
18387980
46097613
50784413
61422404
79823374
61682398
28777374
70831066
41402395
43625030
26923897
61722397
34810385
58510303
40785445
20570440
25665794
66856792
29286467
50867043
62423815
73433018
12553814
26848953
39192807
64357040
34345234
11994928
74289568
36828713
34716162
32511714
55063926
61385153
35456592
70750465
71148191
73596962
39852161
47475995
44387437
67949966
45929427
40370100
53925439
23600068
49933352
55458657
71074780
15101116
11197673
22848667
32218830
35926661
34556617
27057198
61345123
24458223
29630736
24091683
42065018
14565591
76206369
45323126
34616909
41518893
29191378
32931894
65524492
12452089
29551147
79913577
63471155
77352608
47470494
61500082
38506214
47553580
57030651
38403819
42518046
55615070
78880513
67833374
49988219
48084815
71759119
20987938
23607874
41590848
71783975
40032284
41399964
50166610
75157952
50242102
45288431
47150455
11902394
38117283
40805392
51047702
34938410
39182421
79100268
48967996
51498977
21504691
26170296
73236140
40497544
25804106
23520654
63954611
53172087
74689263
40150375
57969957
51376041
49468565
17621362
23165749
69288150
12538006
62909319
76692572
42085303
64549584
50436888
18885865
18565301
60690785
36172825
29543435
12912816
21330249
54335852
62982443
30261967
42650212
65932066
58157658
72283776
34425035
69571812
38977191
10312036
76092123
51204904
71131913
41790270
41470854
35814792
18406777
18093379
62214109
12657368
19382313
24588136
45279053
44986997
75951777
34543493
59294470
43918954
44527561
61599665
32856989
30598881
29306296
50496751
39187051
79060955
35252679
52598170
76470568
35858773
79086354
12302759
60224887
44003616
36304417
42338369
44990987
37112012
61879238
47594711
33054504
52908069
27580575
16371553
45579486
68939105
37152407
25792808
26533801
72882361
78431252
73988029
36855203
33149728
72564643
24396253
65810392
48668405
36208436
21105866
78932324
11480934
42486320
36153505
31467678
66648206
65228255
63644413
79620751
75953953
39766682
57701863
41301499
24887255
11960547
38867150
32989124
63994711
53715163
34978127
22531436
53321288
20383642
74518947
47958687
31922804
19981831
14024350
56080003
26405067
64205997
38468204
31499888
20168299
44414236
50294587
30314263
54581714
28800064
12132704
64806335
44955051
41040555
62227249
14094294
49078966
57617693
57641774
16490915
46047422
74313646
40365339
32094858
78893563
50411367
51528033
37286623
54329557
46262137
44492679
69249033
57496850
49085499
23644134
47666501
23522278
13812846
30306357
52068884
32231424
12630506
10616756
61068243
38847507
31443840
45530494
24601154
38146219
75946962
13328536
53221912
77942467
12001363
67660278
36161622
75219229
40988239
56958688
14264144
15765377
55357202
35724024
48502112
16897083
34475869
68185186
29976188
71015690
14707604
37813901
38104014
28750710
17446561
17066613
57773476
59445013
26482834
59432180
74137538
31668564
65376450
21574011
53906053
29883226
33239361
29663961
56481516
68212572
74328497
50217426
17573638
67919471
24161488
71924427
52659985
64853646
13945198
74854136
51308653
66088413
39186710
73592716
33879444
74362523
23175213
27832893
59623330
29607998
10908774
27781984
54020599
28255323
54285345
79822360
36220164
60782101
79678884
19182227
45185621
77041616
60315171
42997565
29213663
13145260
42602998
14954184
70257347
55424946
56079276
19882292
28593588
54777696
26273233
15268903
12857758
67137845
49554899
44484180
12260358
23517224
57042491
19099767
38701264
22759423
33192196
48538533
51559113
31357694
77167017
67761355
19300134
18829592
66185623
12919927
28770065
70705546
51620625
37348990
49073647
74723004
70285357
62952962
42723881
17964149
73312024
43497060
25968972
15526440
46825605
17123077
59255913
57978706
59945221
44003341
28173307
56636316
35420432
29051267
68715719
74663995
43910364
32939435
65895978
48019204
56505876
27338782
66551538
53012755
66122978
19791508
42364541
65224940
48712558
76371302
76297811
28194304
72089754
73118924
76899734
78225450
19473766
30924579
65782735
68932890
18142553
23726447
24081367
50796712
15379649
61501787
48253511
60991440
52661114
59431323
74089487
31094838
69582607
54527075
70816050
39953548
39461882
17061259
36354488
45655268
36381481
59799234
75402670
27912163
33862203
14663564
57328225
21099044
31209459
55562151
17579247
66462753
15493444
18061495
45239826
76321780
40222077
61990233
55863249
27430178
15660003
58741198
30844354
33172724
10493697
66475019
36726439
10646561
61829031
72790737
45001928
50237441
48293085
36641878
31927491
43636519
19340751
59180716
59835088
58958828
40511062
15171265
68328053
24773090
57434982
46507701
64418887
49786747
58904408
64821798
64894113
75152558
61719194
50706958
34513630
31091798
69154275
51775718
34856130
53547345
74361208
26146088
28109622
50701251
60548878
26220663
14173270
45412466
70407216
38951469
51161905
69454334
73448110
35949876
16890421
26789315
20236992
50005975
74505381
28725755
12098846
64078402
43000179
34217923
40231128
68556936
28440564
32158723
18276643
75063858
58701219
16379490
35051062
52215488
38297803
62604960
39301104
64156908
78434210
15378844
10712232
77955009
44254027
63819047
13823856
29712214
59161817
69798194
73982596
76727559
44100652
22787513
27197422
17149664
53175320
54346021
18722563
76468439
61252906
15302917
22635102
75456292
25693708
65785532
79660836
76820222
64582072
11970724
34478270
74507112
45697734
79110479
72367105
45849210
71888178
50913887
72383170
40808563
25983190
76425566
53024552
21780629
65128727
18977026
47164004
29280975
45384908
27355253
30679203
56206171
77313713
64023115
25090314
17955728
50314237
75202220
27844213
76049887
33833812
52783304
22018784
28990804
69255688
58419128
15801239
48963318
17748599
22057085
13192825
76583615
55362287
16009581
36325544
42106880
31228167
32141291
45559158
10177085
69711332
29555053
23842375
26326587
26818337
41694257
41494781
72439096
47944124
49139611
25260027
64455123
51957263
65908373
36285169
61606041
52694452
57163910
48247908
18981586
30368260
64666080
40532074
50228237
30439052
76351880
41989011
40696818
13857030
66848699
64223788
20260476
57860605
20778684
45872227
66322479
77712807
20058736
30516060
15824009
52208783
61629611
59422265
18777540
67685630
26300242
53869614
65433158
45050031
56478456
30814520
20460015
57838932
33586692
20208828
41480645
26675185
71797652
52391599
48487702
26479936
12049728
63899651
54948018
70484237
70086772
24139177
51659805
75928541
22594140
70149721
64999313
44740744
17791548
19981481
48472695
42278415
51945784
40838897
39542078
40178015
78394516
52326582
63871706
75227952
48469233
66450203
19459597
20238740
77167851
27823873
53618436
37020690
36266785
78293966
18047095
11428298
69860738
71598033
16929408
46553917
17483560
14821186
37288422
77233645
66181938
12533631
15316198
58380199
41164959
71403040
27849867
13049303
45899249
39543901
54772682
46153832
52685274
74903659
79539966
76548901
37719525
54748987
33005490
78881614
26186370
38229569
13451407
48711345
21561929
61211856
23080116
22796471
39392647
56322143
33056064
34743411
61443974
78749929
38900662
18245184
67384661
26907304
50096292
66012221
65340437
27082925
30055093
43979449
54983307
39541094
56704397
52523041
59375413
73527060
59618077
60144456
72863222
22763431
11160805
39978290
59212467
70361592
46387946
21079020
55053352
10124104
14824001
71885413
40484526
73519794
39450191
79334552
52289362
13074983
73947184
32830143
50348784
37411483
35683039
55771708
45821660
65080626
40406496
76248931
26894406
42863105
34472401
79792796
76990816
61942562
60232758
43096722
64110059
14783373
44871661
67659702
14529665
79312886
68939610
66334547
21935217
61694929
72538900
46572030
68718997
77951332
19907547
76162180
75809240
23737122
12546040
47175872
45042023
15509661
27326492
67661476
58990114
49111333
56991938
67763260
15101482
28793003
27073924
36191630
70087186
76062303
26743239
44472232
45009344
15826956
64818707
37611872
37969872
49178977
16263518
41715803
25138967
44735935
23988450
45481168
23171093
43146040
69125372
40758088
77192990
70045280
38770400
17015663
70456021
27771495
44043453
73203460
52136387
39033319
17417091
57355479
69139236
31401031
19339186
55778816
60634316
15056868
61899948
68917253
76043002
40705035
53289413
79580629
75234876
62183410
15843226
54958318
71431089
67345261
63016787
22999283
55377933
74379798
43591861
12169467
37505713
50647106
10219851
46080638
42055849
20347495
32915641
68693660
76013894
35900180
61904541
69552847
77936144
19397953
40099356
52439562
63959503
29445451
35047055
37071660
51578716
22216848
21250529
75276733
68633221
47631196
47433386
20946888
29401099
13520893
12595397
45049506
78988400
10247156
16480760
49156571
77847875
62935189
75564629
17569100
67071219
28818040
52535927
11231853
11525255
25143201
75275523
19571362
56302278
32967717
53416226
35149382
16958125
12859690
26771497
23073074
70228389
46607239
65785013
37993010
69481526
73725025
34152558
52884261
59363148
52098686
28138356
17159514
29391242
47126823
66882049
34211958
37370086
71169894
54313325
46116585
45223824
59527311
58603259
41564014
37585907
27205347
18753935
17746614
62843091
50147405
53793877
60954481
20750939
77151176
73943452
16051043
12522549
74782869
37342023
50673070
32572401
30769444
33369384
67984161
78547027
33294921
19877198
48545298
41129437
26275267
59212364
20908974
33198299
13205942
56597372
35599925
14247914
48849818
51960385
38413903
59414403
70749203
23516475
51300623
79226995
67035625
71651038
22891561
17575267
50868414
37722468
41667305
24286975
15860498
72457450
65080692
23272067
34974887
48679816
13749705
52348749
42534595
58804873
77166242
21857171
72029391
49639781
48542224
63926514
71439777
50954886
38043541
55195778
43665640
43197019
16735738
13324997
71526747
42468830
18256601
22069208
30990533
66487526
45730995
25609522
71780680
39966098
78438492
45468422
58228393
57422240
72904169
32938508
25917600
25450284
34282369
61309313
57690175
52562390
46602201
20305041
36942356
79674228
79787376
13870239
24522398
33601151
57645373
22772988
71100114
32112051
23210996
39691837
47291975
40755234
11874369
44655065
65886366
47387385
67070320
71781466
60659345
24731123
46817415
10789603
22039844
24941325
44624949
32965573
55067482
13551281
76639063
66901830
48241556
67876257
73655467
31290436
36940169
34475460
10138070
29865187
53987905
55025950
28336423
56223045
77197920
28828515
34234151
18697787
25868367
19765732
34020664
67233288
22436600
43883999
50913565
20969233
61762742
14032236
39033374
46671744
49853865
37424710
63779060
21930605
42580852
69720161
68200645
17953240
55178921
11216713
45329589
74240591
24401179
43220230
33812546
14271199
69048526
25033862
79440793
59144682
77495370
45401994
27866327
59383451
14281713
31684436
44050056
25967988
46018229
33593923
79475923
31125879
46059716
77348451
41388595
17271255
18996745
56207394
47550195
77622542
25868655
61500083
36875570
69442963
13104905
31429389
30256998
57309628
39685331
62477464
65771450
13589740
51515852
25018342
28893095
15284639
75527804
18344736
44210369
70552691
46895255
16928676
49911694
41570177
18897762
52372140
51134872
44364540
55535968
27941335
33026466
49325324
73144382
48986624
52587241
15195193
27902349
36531357
13060898
10459717
69257630
11191028
24397609
47560950
72431135
17975024
64679573
49492544
10299274
10224870
70055356
33434692
29866605
48485971
27598790
49291622
13877854
56129062
73365574
41760557
48714793
27724465
14063053
71108492
62180685
67117233
58327138
18018113
41599923
47141609
20543889
62895087
12414018
51727667
55270691
48801638
13729653
67363031
62299927
41509452
69623143
46433370
40865456
34920276
17870601
61384985
58456895
20605974
77185544
68793103
32116491
66976076
24916998
38772910
65458276
28521641
34843990
72644523
45745035
10766863
48372586
16099539
61284004
23826692
59871729
32629071
55649885
73931034
11732709
26454307
39135674
77006370
47338526
29195541
49956725
15236884
22783294
54077968
13338440
57297946
65694717
42576517
30819181
15316223
19029854
44135926
57607319
10417661
70661109
78619556
74182991
67742570
12628150
30535398
18110134
10282477
75436540
70610420
55662691
58505318
14143147
10996881
45082294
72870271
58175605
68420388
31868716
46448324
10514953
26682957
32079313
36466826
59146560
33046939
36166408
46109061
33265707
69680272
48322042
49972457
38754151
69262641
73228741
78703514
25010708
76707723
77391192
67345568
78181036
47503767
74289635
28456341
52205065
10842420
59664453
11494056
39482409
53752144
59132355
13827005
30376785
20743591
70368711
36582534
25880926
11016300
57660274
31903167
22451870
71938086
36635918
20084246
63511714
29159513
73230092
53795200
38748046
78857233
28151550
24972033
78446791
52554542
59164541
37567107
12005193
15492363
60286819
23825907
33663193
65116357
79982634
15102223
61203105
33177735
48535006
30073467
31839577
23235874
56086142
28648373
30475834
66862356
17077238
64997833
59344988
61756717
38695607
15907553
18923172
35056011
75640037
24689273
38832796
71331669
34736530
13660562
65883300
52269636
15119370
46930334
79425360
20801606
15387500
63956816
18655768
52463457
46343952
32215293
22549486
68716139
72790616
55003603
59547273
41613757
58180943
74309698
55880740
20746768
67826608
25830578
24525701
10797816
64052992
23038551
37509314
42745142
29210019
70461630
70591955
23752484
75120669
51446478
22358873
71395359
35183622
79723460
73923730
25535397
41295235
22135001
25360120
21885497
29295524
28993936
35923058
63727337
42257231
38656087
39623971
70903239
25608586
71416963
50886529
60419131
47670708
19552454
40540719
75734285
60396280
71077751
77087815
16921209
46679047
20461163
53273455
31461676
34779491
38410081
30326982
64665072
24161830
23676213
30323541
63131333
29736309
58022618
55072592
33646165
77082672
24903886
52707790
38274145
34003369
23888367
30926835
69591922
63263820
31710363
53700278
12585743
61307778
41110330
11077694
33696510
18499000
14775235
49787637
49539765
44018248
68940603
23624526
26671279
64389803
63917691
36894879
24861932
38172279
34832310
14274509
47788905
47322727
47448553
48057161
29840079
43572547
58976907
39784298
44030677
23172439
28289798
33084730
25205745
11913379
29228200
50783844
16844431
23453579
13568730
76145382
35954706
47843099
16665905
36573934
12026848
53870970
34476098
11990552
70273255
12474850
23166223
34046534
11892519
32785683
79182453
57087014
21694945
32212752
66716817
68083436
62802378
66937813
40972293
62444479
31164247
47733177
39096700
75332986
49915459
21082635
68769240
71324835
76652333
11845837
61600391
42005670
66321664
32506330
78244398
73825283
20533730
26175077
75327704
42146412
74063408
49781810
53724974
69539402
59838552
75740714
13457082
61098792
61390863
46748594
59761815
34966949
12009024
79287936
54697080
74229251
62787896
48045420
68955797
15995020
31679985
71079207
32948901
23123030
60597842
28850099
21962776
15095188
67287983
45660532
22769475
37978777
74185905
42683308
44743180
45274697
39648954
38444060
39654063
55519957
29414956
58893717
41221691
35331595
71992098
47542346
18745155
19537311
25533851
45682770
35887378
72109374
22906063
71312538
10470865
51563103
51367507
65014280
52647908
48834641
56296750
23964371
67542210
44359006
11788577
26181063
47092214
76557491
49333711
21629840
10621981
49749503
42884560
54759993
20315968
19715050
33465288
43664300
20719250
75001871
13370655
40585282
10942554
33999304
73291087
78283278
44214527
20479551
72981131
34752980
40805785
15722728
21068520
64528372
15836516
26781287
75963943
77822733
72627315
21569686
65171665
35830822
68746306
62235393
37013884
40896197
18128354
26718018
69474359
54205445
22271437
52171853
33530376
28913423
25389366
31146662
42004381
69311015
25859384
51663639
46669418
15948848
36644856
36347281
37151768
28157166
64609431
13449268
14463921
34014033
59758638
31603285
20915224
12248776
43634838
21796084
77009881
59842831
30209689
26846452
47369846
79599708
38828434
13703567
56373905
57708063
13430016
62132569
18813211
20243922
65365416
21337977
26362865
32478799
31960550
74658049
38954730
77486860
12088961
78438965
41167199
79599937
65032917
40634078
37810989
68098961
46149647
14809934
29881064
12694773
48048054
40376208
50693573
45958485
57225353
14904297
38044750
79956047
24368830
32150900
22055000
53588020
47798372
43580709
16558719
30171995
30675409
28130385
74361837
74007738
10578856
36787081
67860429
19745560
11142759
35728579
65711135
62717744
49364089
11552316
13838219
55766696
71644546
50502056
39111182
37613971
34344061
45744330
20139783
21336040
17484865
33358860
45037615
69245732
52891844
68710237
58103500
22275065
20342965
34101734
11409215
75234983
73727422
37066513
43431293
67537830
30640548
25522205
49248998
29649160
53583828
70578648
41200153
67116140
77929777
11573628
64404691
41875448
34503046
29094331
70112329
76678046
14311340
15891124
37020832
78360462
77741935
74739379
33501531
48632343
23984364
71009315
49870681
76699350
15538276
76182122
30687145
40257702
37325216
11390486
60582465
36599416
54974611
16705832
15794997
21364961
15563522
14540902
64759693
24740471
56063418
60289076
18050054
12102792
45753504
22126200
46896125
36275679
52588121
45513494
19792276
16074841
12798604
40183375
64091695
21300642
40356826
68166361
62598632
11739954
79593257
26628486
63066966
24060063
31425452
75442867
16256023
12181341
19048380
70178470
50226020
42562782
46755986
29574514
30156984
68784401
69208298
50708990
35851756
53353042
73280213
19674635
18251653
43122754
19543197
54998377
35142522
10223651
48172676
51094898
18793667
64031905
17067981
69651679
36740668
54087781
79435893
45173774
78835292
66708652
13049866
36269570
42291897
31875297
15563090
26328078
60301953
65667702
27838590
15779123
76964614
12410355
10582578
32977358
61056792
66547240
62644701
44262249
11360194
24257846
41252828
41411949
12820160
34213095
32833577
31917451
55424230
77817132
51732408
26473558
14085843
46230159
37822508
12286316
38291414
42259204
10648613
49553264
63964278
47368394
15629038
62672007
39242441
28961271
35996235
49364804
34123116
15043114
26278173
56867453
37505161
65672317
53526071
63972288
46286318
29848467
68847527
17934335
65578780
56931716
44557096
14859438
32171013
23856442
36068418
61365214
54659127
18435117
30174780
69039647
79274461
46866146
16372975
76661307
69945180
12058273
49690807
28013929
47933384
18529313
44841602
49433386
67749512
63152933
22627520
10759261
15156451
52998822
10454869
73257357
43347772
25728580
49834006
57468263
64952997
19640052
27575557
60295439
60209482
14642936
71836799
39631438
52732231
71107074
30922016
27779037
38849669
23618196
56576000
39211603
35867012
77543668
28787874
62325388
56271701
22051165
14138570
37763649
22536544
20197079
50968356
70750412
73450454
44391922
20234749
18662586
24176237
33023747
22663922
69921211
14233662
13522813
22844592
41896561
62490670
26231635
14275874
41866993
17817581
54696350
38995181
24253590
66754537
74850761
36151262
26779154
26069860
28071741
55307545
60612005
55401030
28216128
69633058
12074845
25693321
64281748
18093788
16639906
47781646
68671655
19717310
35713066
43782613
31118465
56423962
63732087
75303326
27271060
73894438
47555739
61763011
44143492
59871718
36671331
54199663
70057477
46998971
19099870
41923437
67439067
20662338
41548158
14275570
56547122
67306642
71815433
18068863
47203553
75835170
67484477
53315662
74195699
36399359
74734477
11709028
21600888
75419657
49100547
48531562
31519856
34860474
71162514
21026246
75355036
60157535
51479230
72572581
10105811
78904900
72929965
15384682
41622189
35618784
39008801
56613641
49416948
33932385
50104440
40173894
48082946
12268322
70160298
16160047
41317240
63699125
11572081
10378727
28734215
34713121
16762196
69197481
32114460
19042281
42346829
53048389
26971402
21620823
34732964
12144399
16823514
27622593
14050350
17936001
71935386
76140671
45924637
61689924
11552938
49306925
65145891
41687358
30361854
79753073
10806205
50145264
28973609
46643292
59005820
73615667
62803590
44315131
66830963
29742120
68306155
60159565
71779557
47432889
51632437
43103844
11047624
47649156
20873043
43078648
16723112
76691277
77068601
54011959
25805412
63415570
44096238
22537253
40036184
35635846
61587895
72236758
68732091
44446012
74328267
17575682
18910478
28323372
31970717
50910905
57647713
68163677
65735797
35815463
11092732
18484293
36521487
25321766
39459210
66966396
77562484
57620447
58708683
35879696
54066857
67245353
76525030
77707999
57138549
74899691
18204044
33148703
60748130
35720899
65916509
62636627
42692822
74834611
46040037
15494681
35903210
72605314
71382114
54744833
34071441
29584478
29045991
39912545
37342883
52928294
16891661
26608040
72333501
55823480
41385020
30985429
15354418
70771396
40479830
18168154
45159529
22535095
75718810
37732220
33868934
65779291
66241069
60027517
49377974
79213312
53676724
14212811
54505135
76228018
30474317
70649510
66607141
51872932
52445275
26475363
53556838
62799064
67008355
74238357
46053405
32267258
10277980
68218613
15473258
34127872
20687511
14100066
20651945
42905508
66980321
64773835
68070623
65111615
58288563
11100160
21783519
69986970
45197979
27729148
50826361
60558387
74394004
45865000
42975498
61261936
48211583
18436167
62502192
29207216
22779258
27723454
27787487
36135881
72237523
41834821
26870449
37179798
57736231
48610166
34885456
70173251
39047503
23559420
77169115
68279347
72056307
76291783
76570784
40838383
77229400
56939470
54174537
22785410
78653610
66182250
78674112
71478183
41322047
26964960
75687113
28798386
34410922
55689315
20105448
13204011
40455808
14041815
19090026
29468162
31769406
62987927
22896811
40617951
79565217
72564127
37995258
57724202
12626895
52747816
30511116
27066558
22572713
38675596
51723897
31876360
58882383
79273097
59562019
15029018
30123461
53486873
20853415
41104008
20498472
56336492
31228702
39835331
64763895
50819389
64523489
50881167
51630188
50429647
79606602
38046743
38697063
16086001
65080388
56394549
35750243
55273907
51820753
17118108
47917841
32149277
31459717
46349665
63204485
48092171
31067870
21651524
27422613
66874447
73398579
65002741
29165088
35743278
62148787
78984234
65988763
43915015
76044080
28566719
36008305
69607721
37569859
28711593
31482522
21086950
64530744
73271015
49150158
31165019
17197801
75820905
26066114
37037622
61485100
51874172
47273732
62231111
59257546
62213434
49670699
43231614
17492441
28864681
69557321
15674064
38798012
79696730
52930992
75958611
50429191
18043851
58084222
57118561
46619163
53147547
38846501
17074392
65692392
44881022
57227122
43367050
45261358
50454140
72665646
36798823
23816155
41174864
23482508
62620582
76211696
36879593
29112126
72401451
65809988
34569228
65397502
13787744
13609189
36685812
48938696
74321853
57042827
28136630
73078266
33119164
55256008
28699213
61358973
77263931
20599082
78904046
57203852
72381246
18530607
57572457
51235105
23083435
61816705
10379266
69408807
69843717
78226481
50158263
35973633
57411077
13436101
50750342
57851679
33974588
78042510
71887849
16906892
69389843
44661623
72471214
40442716
64608937
16617004
38006308
78231317
28052207
71590598
48082086
10331025
14351585
69455056
32750319
66970523
69826879
65240666
15668327
57660102
30753700
41267616
10465369
59571462
47136353
60584876
79959666
10900217
76540163
70479450
47377222
79512164
73064714
62047359
78012866
75078492
23917700
30568680
33004369
66769543
18718107
56390417
33782613
79332207
72735837
17146174
60832851
29408061
15974920
46260541
21682157
42910983
60427994
31084384
25627513
59241328
36332328
61737736
56073664
26495497
59009938
75253405
44406255
68104495
65513372
27716991
54506381
59540246
16639434
44191647
11414445
65984926
52109853
75949013
10455688
14255178
78084740
15039196
12249637
62320552
42214622
24138837
27070867
12310113
33119772
21309584
55032790
53749688
66379377
42521415
36881478
41542376
58372852
35671182
69784242
66248525
56848790
73230405
76562681
56326628
67270796
53912720
33233597
29125300
35620540
79933315
33514344
30369113
57622895
52535697
13575142
72162803
42205796
22603743
10861078
32206370
58941562
58557348
76993394
50266932
46325038
13514645
62112405
64493854
71105948
11830255
35382082
53735042
47304224
58488450
29710720
47515614
73161348
39976852
48714379
32477231
47849231
67982718
24531790
69393029
25759432
28092210
42734079
47967650
79116025
58597781
37142781
51572895
20302632
67593481
68947602
61206556
59997327
43674397
50087127
58015051
31226076
31398864
40145760
42034198
79628190
29160532
50985232
29180653
57645250
56513786
64425157
59735024
41173209
45713141
48585261
24977407
52835938
19593986
19275474
18494195
48927216
74072776
77977715
34193810
69786318
53058954
53890248
50838369
70367833
23565702
78046289
18557697
47438231
75520767
61678325
13785531
71886202
52171933
79126170
71755862
46915218
28299828
29564344
35353122
27033515
49684099
72755804
13309440
54155807
43723916
71283465
26383825
27551198
64636181
24385887
68150979
25236106
52614127
70757255
43175231
28334166
47485868
60749189
31847842
20019372
42566196
66464327
39040463
78789312
37325399
71063439
29940175
64800596
16221066
36253108
33159402
60341915
74872472
67644897
69591331
77989692
14784850
61172829
19363602
58878684
48480830
17637287
75701748
14064925
20352733
46685618
46402849
22370804
12405445
34315126
68644662
71156618
46224357
79701159
62286080
10097595
76031041
11204255
17765997
70598542
36939855
53285072
12402043
22363671
52351727
64291091
13366364
76210789
69030770
20402404
30093398
73786102
12599892
18235028
23301641
44661771
52166121
35312755
69638580
64816853
73703531
71284135
14316435
39564350
12798040
19001191
72652034
25392770
75963952
52661533
29076369
77737434
68544141
61447689
19215870
38277894
47571958
33357086
10772743
42665492
40198391
26927528
41310766
22842652
35745168
57885843
71825398
70894071
21475600
45494059
16636765
30292735
35244432
72708324
29421527
34225449
36210000
19700286
29615799
53222741
40512974
24925973
13970660
48760363
38026231
51380801
16163683
40985124
53341701
26526706
20567247
63253454
30239622
57967909
44273800
69004333
38615653
16112266
26178508
65355540
23164538
11326670
70416775
27080532
55668152
19345961
47867010
53669713
37231235
55691584
13146292
44678208
75223591
76451432
40376908
23692753
21141371
22780516
29028107
20819868
18964328
38121517
54662855
51679422
40468753
67188091
34662657
74113826
16077004
76606942
55822515
19479159
49922585
70887088
20194509
74935946
64331305
47242113
46889937
13068404
68580689
12436017
64026746
74908936
36053508
38048171
17026061
24524630
75553878
27949811
38312331
14360272
65126780
75573497
35946340
57205187
57364233
62793005
57344123
27546185
55099147
39674165
13944426
31489553
70440474
26241305
53807889
51412485
30510631
32638969
13527147
51125378
63712589
68866788
25798617
60251575
12379563
37611875
62391213
71100215
10623038
25356712
75732760
24522425
76267047
17184981
73856803
41281357
41595680
42282554
63612705
48061724
46565645
23852003
34191331
44384544
68092873
18518951
43962869
19683587
79954346
67444529
76257495
27543401
61849190
16449490
60085111
72280267
50748687
26948527
15110290
74448383
55113558
62347700
39927641
25703463
76121926
57382629
76493663
71488373
26966992
29802957
23264786
24893055
35584475
16243188
21989544
47627710
70213436
70469564
71517880
23856625
33277181
28711443
36037070
39485596
41792761
62250850
11736880
37593551
78292995
77410020
38644610
77266790
34367661
51169628
37293777
42274919
31171736
73458520
12895573
70393279
37873703
76956852
77826885
41104080
28833270
72298220
57411085
65547720
63757205
27201500
31674069
52263043
53392104
48180967
13473852
37297354
36465296
15620693
31183409
25570662
55987109
69462875
12513359
79520906
22936405
44131814
68538670
37157180
17589123
32661026
47899302
17972197
31957345
64354281
34383831
15357603
35180116
35361778
20568648
40098407
17787281
15573144
58951120
36749301
36570714
41051770
75310187
14038963
79667385
79357655
61856952
21930716
24067235
42471481
71154169
30646622
16481790
25796682
61226151
38603724
35430986
18785119
68702072
63136923
18722839
29693324
44770373
50406521
37974398
13577061
59617010
54939120
35420066
33205816
44373037
26335299
78183291
14629339
57800114
23832603
54361614
46134717
57539056
35418050
34954714
23561318
48919778
18301610
37234682
74073647
25521863
19767611
25714113
71644078
74886306
45259456
74393765
38380877
28893066
54371317
30492762
30370049
36810319
13051983
49687805
39241408
78397354
20563165
59820625
34792433
79669502
20422244
20067200
20385589
42879278
16951036
43626211
68075554
75899069
68544145
29303276
72750330
67576859
26208735
11850453
22247104
70935802
40202542
39470167
27995205
25202235
20104722
55639472
68363969
17161637
12188160
13655894
54062294
54028580
64472102
38003529
50290561
63224978
46503882
58620601
48548649
47400495
78241342
33857361
66785448
43102709
77847575
17061168
66348771
67645327
56835531
37402671
10106260
53067183
27379407
51476431
78478585
37799118
76084084
45797736
78319940
37393939
54854515
22461821
36242640
64255859
70073075
77783216
10514172
42447764
13546665
79229709
67153407
53558986
72614395
75245063
68035912
31455880
48887291
52889107
23907368
13033118
41183045
36549507
12232930
41134117
38911331
61124951
60843808
70653851
77650222
38570505
57367735
44094391
15097830
19007766
14891629
25952801
38866096
62226136
39910814
24332840
31688442
24631549
50266803
28993755
15575090
38371740
55871376
70453085
46544186
47945357
67168085
19480707
27143659
73705423
72726506
22848757
50966938
73288797
68348218
66016521
66924964
28493738
68826209
26761018
40168682
62877270
47542705
51611112
56760061
73533015
23489782
44442809
46177084
53008852
50382215
78399297
56263466
58588196
24678127
22907670
62375091
43413445
65092518
40274878
20190068
26579331
22305483
46419973
31885309
61568098
32355972
79866007
30551162
44756608
67924139
70119738
48897269
66828481
55348492
43618732
51539124
79593191
64333917
55092432
58771186
73869442
76949680
49034051
49648921
14121712
75161028
53197372
57360586
39285191
28838140
28526798
74382846
19401036
17490841
24683497
33837126
10190929
57211720
44860748
46336434
37786519
29381369
29773342
29138798
27281246
52562902
53109589
32025854
36969099
35343499
26797506
56497401
13878725
73108221
64517890
24780296
57541857
56377209
62541814
48348546
15253190
45068564
44656110
15894203
27436089
17421091
63443064
10984677
36980580
78622419
63678352
72530989
41265681
63493363
64824805
65682479
73634993
65584524
43608425
33660206
69376461
61408713
31453694
70626769
44025722
13615357
27418659
45926309
71801625
17913869
46496704
58694091
64793736
27860082
52754351
19247340
17001363
73666429
60018977
44177342
54773963
76850250
41694978
68855795
42001224
53271899
60840003
16957304
17627487
56724275
44556199
36164664
49304988
54453962
41715566
56449877
19354888
36317764
35091998
53594396
29674452
43315996
45135211
32246045
78848361
11089364
17085726
18797238
63527274
54554076
24318474
20379926
20031983
33633271
35091555
71875426
13964217
73755471
36337777
53350053
53068160
68470189
28656122
69612876
63042301
36261052
78409482
61940412
15268521
32846459
40784279
78215424
51458685
79681132
55910623
66990423
23466081
52251856
37237313
54374645
77353110
28630372
74467570
58313316
65406124
44313333
52695733
39112258
20171823
58129048
19803280
17277017
13813972
59294890
66454845
69547797
39186669
77401140
25908552
39427303
63264544
70160141
62477780
28238576
75423954
14441827
53858026
50921604
75196689
17300098
35776463
50961599
21781194
25485177
73174805
31575984
13431081
30003934
31474202
40467632
73241756
31282252
62543885
69504336
32762002
27030550
79562597
18635641
77353083
74316360
35589568
52815696
16972491
12269576
68814189
42365715
65543884
15049344
15990600
23224830
43954780
76456125
23652149
57742069
72091575
76462726
21277840
32052989
57018303
55669472
73974202
73412880
56452161
50366664
51076355
15636644
75687981
43395867
27976728
39231032
70251092
56106811
35679023
45210532
32336828
34714797
36465956
32215631
46602191
64360280
29162553
21600307
45725192
33630486
59387782
53273567
31641165
36544751
68433041
43365909
36491896
17832870
26542630
64991760
46724961
26778859
43180137
63712294
12518256
72163524
42193177
38079800
38893773
32577884
61442721
29327052
43189472
36351452
73804484
60105037
33690604
20080622
32632407
15053986
51688510
73250893
25270705
75231270
64831485
33096442
72957474
25746234
12846664
22654944
47383572
45953992
22286013
47273501
13311706
10828582
62588745
49407850
28237004
38955409
21987058
42544974
23087380
52592637
65291504
75957561
17462641
47730438
52678346
35362822
60168920
52940977
72395759
15949895
12263624
26336672
75481063
65738432
16581429
24782436
52177554
20425699
55097132
21512909
36855018
73112284
78233558
77967426
21228990
51930951
50635043
69778814
73484990
60386628
47867853
11981054
71019866
36600883
27374167
24298004
73588397
29977304
51398824
16990086
64320484
41618726
65073160
71766795
29303694
57134394
76817368
59182342
70662835
54012973
73089005
60658513
24558759
33700780
33461290
79048257
69139767
70189425
36356782
33906812
21784159
18293342
55059194
34922655
43870775
71735864
11953554
18423858
67052721
55515062
14022916
76708100
29226861
31782020
13105245
16596649
37128261
39417251
49480914
13856277
43785673
73692119
14048171
33784014
10282293
39133025
60565168
74315517
22528683
12280551
61301530
24469258
72505106
18210376
12058673
34353248
75372088
57928556
73717707
19283013
12045932
35787485
52217913
66429989
21420894
34628199
73071429
20644398
69679408
16777647
62527906
65202523
63504148
56160794
51862532
56338117
21495067
72905690
12423932
65977080
71387788
76121624
37827195
45171962
22249519
61869810
59426756
35544709
68462440
69982240
32002308
56160384
79360439
73948559
32957413
48202679
11115661
50039792
75266568
55179644
59923034
31644488
33242411
77126252
37239981
56767072
28051564
35787510
52763836
76739408
73873944
70697497
31318047
63006419
58989588
55292724
77063424
19560810
79140105
51802103
68641314
31656422
33543185
78580829
13035911
18853825
10913520
50078627
74185135
19332978
58870234
59263444
79337770
26758134
48068837
15478616
27239895
54183465
44123728
61262418
11859009
73461902
56942000
28758221
53281305
65179730
30616845
31358825
79964057
66013892
79814391
26418776
54615686
13945095
32999546
28724540
49130894
70581265
25050022
34766238
62125856
69014465
12622550
19209333
56844915
32539138
14496537
52056661
61272258
69114213
14107687
78053147
72754768
18521053
48032170
52228625
55774093
60879483
35819086
62744782
27316659
67771147
60278452
72575116
62232932
61464468
34506367
25285558
57564854
29606385
19340503
60733122
68113713
43725621
35276688
62335632
68782190
68133285
38027037
37406924
46638417
13893700
69913297
21457618
69402308
69630884
37469832
45834615
79414120
74516721
28579164
31339854
57988582
63332453
22273552
74222554
32478558
33693882
63669201
43169554
57485673
44221425
35920607
11855277
55863919
35695144
34220453
16286583
35577799
42232751
12354888
41163788
79257789
20520569
44443025
43857706
46723286
46971403
22023327
70009508
17476407
22032892
65929383
33133032
59095552
49252833
64150922
71626182
44536534
17850755
55521491
60881619
44769817
24637300
64465982
55812746
64771597
43974309
70411199
29419725
60065296
72478991
46412670
70222271
22686784
63850759
54652038
40277917
28978775
17087301
44566894
59045760
66733524
55912029
79797302
21723426
57611149
41472240
16827477
14306538
44022025
66529216
15336320
12476168
52856034
25069299
30734812
54135042
22500921
51244723
39099690
74393503
76718765
76362792
72417863
54416611
43710027
64701259
39999390
55299926
47434030
63813361
25632428
47027824
49458985
29471565
43065237
20853067
57141902
60932620
31388669
14031289
31701246
10304291
30960805
35106465
78523081
49506652
64935142
13827561
16031635
54526575
20363751
20374337
28878105
19107621
63360393
33292796
70282603
21538956
75028392
32121396
58664742
47028092
12687104
13661861
51457947
35148869
34635056
25167050
21860595
17628913
62905013
52735759
78084889
57109142
50932567
57822452
79490013
57329836
30781498
79159452
76309490
25163789
63584029
72052416
17481690
50346191
44917058
53133595
63551765
29130542
55271391
72731685
26505659
10635978
16958071
60682416
60664594
61016254
39188956
76055187
52097464
78537074
69948683
36751998
28180755
38823154
31995901
27150262
41995541
72880885
31135765
61947976
26000126
46004617
31748051
40413229
47778536
50885226
71018845
32757792
35803527
30384282
13813061
19490003
69837721
53107990
27339460
69613906
46116545
22775935
10685131
67648324
73650852
62527623
15753137
18017696
28830009
30307637
59593701
35634198
29329054
77009142
19704518
74588176
36677206
79360647
36929568
23573919
64518873
13105789
10471333
15025883
18285483
40671261
13619991
19972835
36415218
34035694
45918804
19350370
70930342
37644233
17445327
53277619
55355340
35460614
69752297
40914870
66164102
24801471
70621133
14790765
59564252
20811842
51983297
43710124
72582991
74084413
78501298
13773383
61989527
79423488
33710748
27086888
64635521
40705065
25979388
52574452
35368782
72359418
61192452
36705386
11194145
47197526
53569236
67301075
27791837
36529850
58520880
25907208
61752107
11225444
15617069
44854669
44008567
13697913
62799324
51776090
24683429
46528415
29429642
12573637
34730167
60875248
78284375
33941237
52893693
52412088
19072806
31448489
49941444
32909980
49370625
16013361
14001990
55752010
17321579
62357919
57914857
71533910
44953550
54817530
35180955
66449359
49982567
51111503
44896043
22888683
13700361
13082633
11257493
19496317
72175816
58197040
12247558
76576316
40561644
57263608
38198802
48382204
51269599
71041573
27852062
27634074
20755637
35385113
76726740
74436977
53981766
46239753
15094400
27775744
52271010
48070239
59792595
36840084
19877213
48646460
41240105
37181188
57288134
19782098
15832072
29945500
31108316
65444609
32377318
26869317
47629273
68320161
53943521
29713920
52300761
13747313
46152559
72495221
23756669
29389470
72904229
77953438
41905092
78981310
47620451
60825987
70918710
14818865
10120879
30224048
17832507
47915869
19389886
32349970
62969397
63864264
54223378
43177030
38077268
40509747
74329968
34964413
62966146
68777075
62177684
70410836
26168998
58711026
75312826
36138702
53144898
41021817
68328365
32554826
71531016
77741921
10947005
35007126
36691533
35202012
71203727
18724458
29653030
36836664
33819453
58528385
32637094
27607665
67190444
11608752
55706478
49851700
28262451
10275633
71764024
39761589
13718275
15013827
32699891
74047184
69179269
62453336
71504256
28600920
18740533
44844929
67889559
73003265
19577042
59280906
76885299
11796430
31820288
42302583
11844306
37993933
36224249
29893826
10114130
57197865
31308750
60056952
37106191
59760502
64623938
22291924
72078823
72715094
39427411
24363379
43002990
67105229
70618356
65553506
64089886
18127102
34267633
27615676
63585547
49393631
54980547
77412125
55733781
15122350
57481242
19540872
13066004
77669473
58527739
24273639
16109328
55040826
75179957
52875679
12501217
12134265
21420079
63967142
74558553
17884405
26131904
11647533
37590464
75776389
60839871
53139350
78226601
20874131
30020068
47064357
19837165
33003032
62335009
57919079
68024117
11495592
47063483
11300528
38001502
54680866
79314846
44934950
69497052
19136045
60084677
39398953
62957708
62260450
59215343
30068546
53884406
60656503
76432764
65505966
43062779
11810858
41417603
20571182
46129152
78503756
20790208
30476031
43721697
72915769
22288899
48345187
23993758
70412551
41823211
18036638
49945086
73441808
23117356
26660477
75455451
71854197
30914272
25687136
57615666
26541758
14952305
70706485
24344852
42818485
53628944
47737531
29154219
20101851
39689796
67771872
77252513
31529576
68915545
17474768
54826611
52741186
37108148
74044917
58519638
16742635
20930626
67115975
38391116
34711743
51900039
56894864
25660127
73948735
49698576
51937328
52090383
77886724
54904953
51840716
20376925
25171366
61294580
45826682
32051931
15464308
30225900
16526982
73865188
30626277
74591483
65365297
63791758
20817530
43575832
12187659
44136412
58186079
58247412
24620985
66050699
45140546
57811236
21317827
14813824
63525141
60616814
29035087
49973040
46331353
55427812
39970438
61214159
41834459
57682506
46899712
10822679
57371850
55641155
13990114
23379574
54735625
68834396
28272392
77825290
14355162
78514223
29926983
67341912
44832987
31275003
74469929
32970053
26471025
69885976
65351328
33907074
76194168
31485521
51041160
52055658
53207115
74693398
57865774
17260405
38694739
19316861
10314573
53168296
70589267
19243955
13244196
13217082
21416400
69394060
64710570
32771659
23968558
55568519
40743196
73977397
53282868
58911081
11837994
35549078
65901063
13022511
27297454
76668087
69620560
58304853
47294284
23393592
53128359
69687149
12393857
73021607
57790067
46018836
64789733
59864756
79925984
57860419
73066619
16158504
52815090
37666454
56659548
73285671
10552556
22223542
49077793
15500596
75955573
55286599
25073420
42078094
31973441
76137640
78422961
44857520
20508487
32367133
67058319
36683081
19255920
27683949
71252258
20421458
75083824
12106371
64996844
41099814
41475629
19107356
33875960
51435075
46066490
20340498
62559234
44172857
51769026
37222337
70193981
63740784
49852200
22901868
44892280
70754185
15606371
73421948
78513449
23309488
15856399
43301906
76926109
69612116
70514415
15829290
66693185
63034733
15426372
27202683
53244936
72525688
10755111
56110876
48880943
61767042
43132554
65253384
68606149
10920970
50883003
69342998
38362794
70679313
57054539
25662265
27679917
25192236
41210264
17991951
64183738
33398577
56423580
58126861
79163293
15286374
68996800
60657844
36815999
45735710
75445891
27467867
42849905
77505933
36734113
40627301
72211490
18834865
59897076
55462004
28245687
39277042
14603129
52466221
77887332
47853635
27133961
58710151
31961659
43106321
58346791
53764326
20074164
71002053
29943123
44489073
38264963
27082465
69674435
30814865
29443893
59281829
61670283
59267305
11186341
67227148
64645902
56936641
37939216
24672002
32451255
72922691
15013623
26400803
44527935
48797944
22099840
43411877
12122218
20118543
72142534
21745515
10728092
11975382
38954023
45292279
35114732
37727793
62785424
59159833
47952210
29866715
47845197
73422472
70767250
51041328
17027189
60394046
61897229
18997635
11394575
69401325
67749441
38693205
16819968
40109376
46085086
54551280
21155677
33750431
30958157
17020786
77619711
33870438
33722964
64918590
33171385
17559917
49609572
11709701
45753093
67539711
11225907
47458266
65151649
21662932
35507597
22653414
70488752
68701350
41854376
45960547
33811026
51176922
24707604
73956507
57971179
66425842
52676316
43751578
38157434
31890562
69370184
38762940
49439184
41887984
62332042
64975626
24128555
40770676
36964738
41786804
23768343
65425531
13142433
78132319
45680123
40708271
48341460
14195547
20754879
19234786
10553348
59177055
14735500
48890982
63082730
11817574
63130508
14595485
10834568
77561669
15991623
61669706
32792822
76404329
15302673
39871882
25198394
21810486
31166413
75857646
76250908
40989459
24612651
66408089
76162497
59143731
56581706
40683579
47258491
26310064
60875424
45967470
26272086
79012215
33021504
57330965
22447656
56218648
54654937
29506087
45907017
35826952
61472434
43362539
50521133
75072730
31384283
64467120
76910288
11685644
12686491
11477330
30101673
45068741
79479399
12123450
38232906
47073182
40327634
37786228
30133331
43605438
26502900
66953175
77345279
64665568
31129502
42350571
51800617
47235369
25866913
18074193
51108127
28711083
35405908
68122349
60611393
59901381
47870147
46834311
46196627
36784429
76096244
48018749
20831715
25890066
14794198
15683388
75776793
55644283
79106358
43373184
24307159
73743493
34536342
23056779
51973110
50547641
17709154
76649609
17736925
53955996
75160235
27125695
44895285
63369833
77232944
72134937
77188925
10478570
59512844
23362585
11166012
32137891
59897292
51210209
19809935
18982035
38343974
25239714
44468549
61544655
79497352
67006152
60336649
68747398
27959144
63824512
56757394
22109393
59857183
43246951
23831060
34552168
39397050
58867545
20625183
79953664
55571340
52720224
66007796
23117082
19656857
44026984
57847604
24295304
60409065
27411475
58190556
23991878
62496580
69293690
49518108
75292130
51957322
42584216
22337798
14330082
56317659
79683398
22380915
23019463
77230412
41793360
70327946
43274434
15938819
35275308
69077145
16107273
40706492
30656819
46064878
61840197
17229918
75073038
24089887
49505218
62013475
23617897
62400302
74262689
43226645
49549681
52358172
36926483
57853846
62415485
13994291
48721682
23884703
57925184
72265362
47319048
39876497
16710698
50292310
50304629
73691545
39259454
55648655
35228307
19474692
36066068
47541857
37171521
10985375
14474084
14910862
37747265
32895302
19731045
54121385
27928594
28759113
35804264
66004639
64252568
67294748
41411721
18865252
54369933
58068592
75667983
79554162
59584777
54271284
63472605
63146181
58544020
58107377
73605065
72193685
62222034
73161563
58209720
30052108
63497408
20133415
72228855
67744557
66987317
55102258
63413995
34410621
75531409
72434967
21366541
52658253
15627695
57821116
15555477
77478786
69083039
21848655
24600019
38502040
62254723
78438821
79354991
26645999
32899403
32388199
37916153
12072504
52766564
21308701
46167690
28197563
39444366
74111295
19735186
64820584
43310964
73635296
64942478
23594741
47423254
74487395
38131995
33773390
55488132
25818552
43047161
56831680
33292227
74816436
52088736
75518532
15964973
32109433
73598146
40036615
49769008
61623475
74827661
71247976
62732207
43747852
27994246
64290196
77624504
60755959
32802230
76634858
24986662
68430661
40457842
30380056
26072733
15779511
76972585
57375955
25504333
68556319
62292578
40710510
56745030
17884566
19353968
74996132
25556888
13460146
25029745
58725238
18792583
29633675
26638064
19773336
65733276
18790296
65943624
41353730
59671384
47025198
31321727
71420876
33200033
49011571
68569207
62465031
25804553
18191504
76746868
19314549
15611223
27253194
24482897
23970111
31375620
38431182
13032367
74830047
54187942
17188039
76009259
10946997
64702208
12866270
40600554
41183880
31042723
28159666
72934362
14053887
46145521
45992501
42243384
12349544
69474349
76784581
64707445
31760229
28283791
79349161
45282501
48251727
17496356
37767388
49173169
12075552
38029990
24782704
69191371
39557411
56994280
22173249
67334618
42360656
24828269
76288107
56683749
67017539
41142934
36843316
26779086
15770524
34638492
54133111
62842071
16983779
60136932
55346447
16938874
44120125
45156448
24785877
71513248
30149566
28757997
70802139
11631169
34067093
43993356
47825905
31741637
13797003
61583470
69252767
48878887
10869500
30565823
51314797
14577670
19616559
25408660
16003632
79793547
14534260
38779884
37275032
72476632
31596306
65445217
78411630
71879355
63917398
30262391
12022303
16090353
69878654
72853485
62369845
79995454
71023182
29094091
21209570
69341366
59646181
39574063
44770163
72692871
73116516
69388809
27986627
47360088
75377895
41910725
66288826
14419779
57965832
73401922
53434104
62468599
40254279
21445348
74016498
69420423
59964516
12209341
22345299
43827346
10370281
51917671
74811152
48820501
27987950
52340004
37884121
45655329
49638714
20338396
27176371
72079096
61877176
16051102
11485987
72048439
79284029
40153477
49668250
53820486
63150198
20517150
31582537
20563961
33686564
16452780
73526091
70173917
71423704
48857322
36652920
56491398
53071785
47209409
70871743
64377363
21864945
51366133
40922148
40211939
37892329
49001202
22327800
70532663
11045962
26227301
23875447
73828589
52390146
64576224
22276648
61420803
10778191
24992049
67382525
37449989
71282425
25092719
74754113
63176670
11458775
35176764
63302017
20108168
59991790
40173510
25857999
21121843
64015988
56499556
75870908
34644941
72522190
12738498
12031100
26947118
35778308
18349656
26192586
21004224
73542513
52001640
26853936
67929240
73324984
44215214
30274167
48166184
45353101
61053204
32856579
30064706
61825192
23843377
51734763
59782579
61298892
31947966
26063736
68826215
73220786
61005325
63108161
72468379
43517108
79045782
71178969
70127568
73284740
13520250
55547877
41030120
18326148
30856530
17344338
25728084
20865276
52686691
73396856
59951218
16551804
47919056
76804236
58778652
48667128
69570417
16488209
37871892
23265337
10486936
12910128
24190275
67005015
57795812
25320041
48709144
67387599
28737486
16545063
75118010
22708097
17137790
22502317
46991600
54276538
24489707
55840420
26495611
18143339
43747694
49279945
11777046
64962584
38728585
19317594
17146426
31992822
57508407
79818902
13486664
24280554
38621533
55004528
69868594
45691293
52056664
66196092
67359791
35620571
68641942
14433564
19503712
79010281
16595626
31858940
31838550
20010604
64105498
35898471
46733906
57646794
39818209
42157339
34188284
50744196
11856380
45918606
26778871
16362531
31598156
31835518
43316769
73593846
58978956
39178885
58611991
41758152
38270369
64867663
11895476
59098822
62493231
53704378
17551706
56873099
14720535
50532140
63154861
19891170
44007998
40532419
69470941
19084704
73662297
47278375
31759742
21277393
75237605
24036479
73207970
26586559
42695274
40385588
45859154
30242326
61996196
60813944
38888873
68269179
14893190
62217479
15866633
27993910
18257028
20483081
46461937
33473115
35781266
62035473
13057209
65825164
62921352
78610412
47724488
66903681
15957728
41563602
64091197
68539516
46517081
39880378
76036425
79407876
54504626
60050125
69209992
23564633
61600553
47417675
12030871
37174469
25820617
63803101
14019557
37932936
75322939
21838732
75280490
55797085
73176015
46066284
40912300
65623181
63782413
42559526
52184946
64623093
21004479
53027653
18527497
68327849
35956639
51953113
75898257
61967578
53831897
53667650
10385218
24347333
61073993
70507632
41921081
44245078
41692943
25405709
23526152
29523065
30272893
14695342
62225454
53342371
47383442
21746451
14041706
43673862
34275938
70735798
40595226
21737251
19118924
66464034
12294727
20080100
50336589
42100486
48093354
77373591
70779303
70248322
22330076
57934921
40668387
77799924
60925122
60981220
39253118
73157271
55238740
30102919
56605016
50441885
61660920
77146481
62800321
76855776
44685330
14901809
75974416
48916290
74163184
45676858
56439904
46242158
22577298
47343770
21498685
13423326
71095568
17820271
64715868
29346184
15201569
27984915
65611466
31800720
63983462
77477384
61129013
21285918
72611521
22277648
71879364
22580246
16570304
74866644
26259509
10187602
75158803
79557996
68975110
30613646
65032195
29562208
40728150
72417434
71620220
33362284
66253850
26044893
76009869
77844758
66602776
77858555
78885174
77468100
76967887
64665308
55331538
20243625
22619624
77241985
41001991
40347836
58345954
58204415
74525872
29091291
12305528
75919579
30570792
22763448
38736614
47263510
14777362
25796414
40252780
65854675
15547833
10069455
78426492
41402275
49393751
24216014
36284925
69284188
24102319
68867652
