19722816
76140414
66389824
73355423
55039139
27819624
51141461
71698793
52102334
27224115
43289302
36169135
37021835
72837236
75790847
74826421
13890019
75893033
69390396
53413061
30929801
12665853
57983407
59175208
51687179
69696083
13794232
19849289
48905935
43519800
75686403
22198002
30515062
14350193
53551411
13296222
59826416
68047744
11801289
32680866
35790408
36075200
46567622
68865392
79750953
53221084
42105527
33601941
14438410
56361795
18698782
62357717
32969073
41156382
12846574
42427281
73674336
45137875
57175874
71826436
78188923
60633802
56882842
33895809
57075740
71316995
44244567
56226076
53100054
78815359
77836578
40774976
10722592
67828194
42910591
10077283
65180504
60778137
12642392
24148988
73438827
45896802
27192464
70226499
36782208
71125573
38386914
36651251
64915964
79494020
22983252
71785229
11327622
53844045
60627525
62855228
21065542
73231888
39709734
41223711
66977201
39269172
27123512
71053221
46530631
19119869
62581463
20953400
16618083
70518314
21166982
38268200
60466282
35475697
55673405
16926169
63841594
19257849
58977309
73151771
60966654
29593921
55635282
61518584
35172459
45977586
63745640
32374840
61165735
14727357
69499526
79698439
51356250
64242624
33804058
43509379
42981481
26793637
78047148
16330948
34995184
44475893
49601668
52192490
13219109
22875005
48178728
43610828
38539675
73042467
11310461
77839904
41165767
39999859
23216711
73445437
25170733
49896635
54281109
60968429
55898423
65757205
50448900
44826196
65138738
55600142
18199869
31787415
39024223
72380849
11980171
40038903
48422630
52615239
57264117
57121454
37613112
49647183
12392083
22618791
34174129
39047834
16098321
29511033
31392334
24087402
17939090
19309947
16383182
55578917
62616482
35470697
25684101
75618741
36313952
53517570
56986739
27556262
40237725
63401164
46208765
74894316
68644495
33766857
24598017
25750358
25041594
42451494
64319908
59446350
38767034
20412571
17292436
49359420
45595975
79715359
42723404
78388711
43787832
12107551
26917551
79098914
24719562
28085737
39044253
25309118
34926295
58650242
58266047
24640673
15415491
41532884
26357589
48062270
34390285
69377226
12785612
40929330
24846501
69375772
31086002
12479754
10769663
50460442
10973299
40627640
29750552
20557352
16297400
44980916
36681262
34325042
49958857
32471164
77677698
43300108
69363950
12426649
56153644
20344779
59088915
43860517
50777994
59240222
29097880
22306924
49699605
75066443
49056837
65915894
54819997
15030591
22130607
20196565
47126036
55277439
53437034
63939605
62047798
70481756
13670786
69549338
30223088
30493068
67505678
49529759
38925183
65826887
75898226
67700563
47329225
42190354
72426835
34372986
43963750
27586019
73859668
20070444
50438437
68560897
50274330
15332103
69203118
20979402
44834685
60465593
12284897
35711974
67199877
34319047
39237223
44030102
24076703
76977896
28303567
52432787
46884192
14083244
77713634
58951398
61042677
58539513
33594738
73200088
13195594
27399315
61687836
43459247
32745693
46334076
22239399
65954410
68928498
10014203
61968269
58302830
43703666
35199710
53486892
42993704
71757626
11530486
73342838
53379010
12232371
65242011
73731582
21947013
67708719
28317010
27630275
68457235
76452304
67899253
51945912
78491225
41287482
50567336
29832924
28210798
28487083
25662778
32508315
67508514
32851423
47632951
79248072
72739315
62078622
49632343
40349177
72830731
23655883
49315217
53960640
40131796
24608157
63494259
44202199
17431177
60886565
17048144
63319959
14403296
33633726
36374601
56894503
12194567
12554713
64647264
62117608
69865521
46699124
59048245
62137681
23402747
11322094
11708508
52434465
27561985
43247649
73803864
10771566
26964299
50813486
79168621
17674807
43290300
42026854
39923144
16124476
22015409
53106958
61840221
37322689
60894644
69301717
41801988
60692292
19269586
18219697
69805819
38952763
22403943
19940294
32756984
58291321
43069442
72047637
68990428
26237836
79227474
37501672
54206900
34019002
68833110
64286430
79689888
72828222
71696901
28892621
43609300
30050825
21599018
57891362
55891225
40941401
47850128
22235251
40261611
57787114
60488758
35571605
57883373
34885746
25798334
18279570
51729508
62706577
70349067
43195151
72280085
15213132
37563445
29465948
13627010
74187392
55385403
40362092
23288079
18479967
76054611
59554996
30280674
72971980
24257838
44665363
34959055
21119413
12294415
62348705
37058882
17342012
45706207
37020763
25576803
66220018
50119636
64857488
23953741
26218393
25320883
67425826
11598339
70301292
30248431
43569915
53761985
32114362
46494629
47580103
66800257
45362750
78538441
26795284
59547226
33715789
59805492
52727461
46566640
48618958
21669008
18957835
63855731
23027767
64111366
57954191
71756473
18937245
53904235
42743605
51718426
35302626
37687708
58992927
27371007
33978610
49991631
48917994
40537761
69530565
64993608
75427201
49876271
54525149
16188502
35597832
43180784
62916904
72735135
15551683
72155496
39688690
23868544
65133021
39777076
52342657
31724721
23123944
29113769
44529174
36705899
57856458
24363188
65696586
32607723
19999549
38604656
67035890
42208371
45280881
50619785
54312546
38216148
79885324
75651736
67589592
56966958
27595463
53432609
61798993
23089767
32163370
76993107
43059867
23169554
14035848
47679152
62678964
31054293
69052559
14889654
20885978
44381986
52318544
56571051
38456015
11368950
17288574
36343842
30989313
10221739
47020935
38995590
65799208
53665652
62219318
14339855
28330422
78085950
15966339
73933112
67398826
29416580
28342847
54606830
65110159
22640169
59421074
62097424
60559875
44300585
51073262
13102048
60318805
72373615
50352924
78409994
75175878
40378925
39323742
66988462
57332855
23467694
79493264
40856211
23085535
48491420
12396530
22846510
66307041
73931933
56576421
34404667
70297570
57032480
61588670
61944965
78632000
73026149
43902386
32564911
67608972
30244641
68612297
37394082
70647509
24023564
28358947
68793403
71650717
71109176
77352437
52125777
66845437
47846005
11166143
60302035
35798443
48353075
26604484
53685960
24168578
78733873
40968020
68792234
30713659
60223020
71911328
43981796
17359647
66306699
40061319
64370520
13066959
58391248
37339574
65431431
36124016
77793002
21240183
20607300
21361875
50315977
76242139
33551465
50848414
18150001
46234039
20257082
54251343
78231102
32998371
79764289
55201662
51186399
42888068
71484469
13434570
24317151
67010778
46827050
44118075
29413284
74029683
39031675
27236226
29231175
51878391
18169383
33537269
29679714
72863530
12633789
43723354
25578371
59984859
44557495
65892320
77206112
16651780
15501277
58662881
23735286
21526338
76203650
63513533
38766619
12729140
77072374
67339254
77674745
70459875
26851183
77636007
42842448
36873497
65695373
51871575
33281747
38062831
39482396
10426222
34419684
22258631
78413414
66407309
76237339
26575029
49672311
46995789
65421097
31512916
31266637
23815065
55523138
51222345
66190214
22651645
38383544
72624977
38193917
52062954
45595861
13808259
17283202
27575564
43270258
20454444
60025682
76879707
54897731
73602412
49385373
37698069
10669391
15464591
12498064
11510828
52531855
61305505
51031717
79042814
36670183
18195362
13915019
24810892
41240935
23240563
20333507
28184192
10958070
63504646
27737929
13750440
28183172
70421917
24973513
24592008
28349368
29982218
55513550
64956918
17990133
65237501
50717956
17132914
31255582
72613116
52171046
74742412
76465420
58278922
43401988
16833010
57559910
40130563
61748222
11887216
53480810
41097881
71101824
38381930
71531439
36353166
67357604
69798349
73915128
33043626
26719647
31274820
78941365
27179146
37333427
66537041
44791673
71313965
27531681
35610743
63822545
62452324
41219601
67920299
16505076
67096690
10503565
55932762
53641773
18470283
21375735
24975626
73950094
36018914
72575300
18172023
57276484
75906916
32611473
12418410
47348977
52781373
73709762
53046251
27828862
14113072
17641641
79982159
49580525
54468538
74259349
31815107
20628760
27351315
20330361
67151175
28292171
74829074
79386344
56226089
77971198
47778196
24731658
51562563
38782965
28008590
35387824
49117586
26575382
11699260
78280681
42307999
22119100
64483115
59439166
76718873
72677830
63373112
62630932
62736551
52433389
30216264
23055602
64788365
16701736
13290051
15571811
27542578
15631645
19808539
37683555
79748220
39891839
43911445
74936335
37592212
15092197
44982551
18246898
42516398
25012151
54279933
10306122
14358338
63491506
19765230
13077656
54992940
75229832
69781322
42337645
34752095
43498701
23010929
48208392
67731478
28819181
49467770
30932706
26481726
58452653
55466979
21910681
29036621
47163778
79398625
72898051
35467171
59078030
58688549
54887749
57289009
37152046
60310731
37871796
37190502
58113293
65994021
20615039
73707262
66667780
73136678
39669588
22636562
21218094
55010555
74106290
28950687
69155758
54642761
57778256
30384614
71134672
74486128
63436939
19925195
20831744
12177439
28530017
23056486
53142009
43080874
33979525
78824431
24667234
62091571
18753236
27945400
60968933
11088838
65169222
73840186
25766356
76877438
70618552
49195031
22479905
12542264
14414907
57890947
46986251
68753756
45963874
41975691
34234443
26504882
35972201
78097778
24893583
28821210
74256474
56139719
10559396
71068087
76558721
14507590
10163681
41109326
46181844
28108107
67868653
46716594
78388902
24704052
53877510
55211214
63028944
43044924
72712896
78970447
64768566
21466316
51267755
57924095
57358210
50493822
58455369
67832733
53686551
73197330
15260006
54757761
77519097
53493247
16872975
79821460
40933350
39512434
37404271
39911425
57952719
75606529
12803083
78884922
74302624
46649810
18560764
10530659
43218719
45814906
63150551
45028550
15691953
66097743
10985079
56178328
55224216
21453398
30648667
54671173
12676096
27910947
19393245
69667539
10483406
74797597
48588506
72395230
25975087
23526655
63660036
33642772
74993908
34894533
55899664
64007869
41898637
62905291
21659314
49711668
59870211
42571914
19539189
17814047
64347699
48907801
55124144
17214315
73170617
58275806
10691823
67150701
47774176
44130950
15494511
55872388
43561449
10697965
65401452
23291753
12137683
63892150
67626642
68537860
77008176
51305920
51501814
75201988
27759862
37685088
12737037
59697982
59309417
33476081
10925382
75859059
10768255
64472627
72908333
40558760
69668863
27279521
49446250
56493439
70479313
48703601
59199108
24856777
69596441
37105077
55308264
15417526
71034366
66196894
45881970
14714083
14830429
49512033
31919560
79947109
41094839
28902191
66157122
37839255
60736251
24038039
61708973
31129354
43777830
76938029
15903673
20796679
72542261
73047753
29706816
61527604
78872602
58176806
58827898
53178513
38016303
61858523
63745456
49543680
37681270
61939359
29348383
18395817
16938614
61048414
76262806
54941161
38002455
32705201
69282610
16379836
12742439
35627211
41875765
66744065
64349422
26027500
12229714
22142965
26172009
73899381
34449475
62937900
36181399
49909650
36481920
38422888
25687193
73254435
75167872
57066798
76924291
78557867
10646011
69228263
61372117
34702156
10293824
18428752
30601604
32625712
66645038
72267546
57402253
10164572
67480145
30107849
62963576
34337368
30058988
79348144
59934730
55674389
41317516
34954555
62580643
31431825
14815301
24632567
23115689
58150180
33432562
76848636
74731449
55933761
63788808
31463709
54034740
54411678
55150159
13738985
41045590
75389058
67910034
73463878
32496956
51671273
49575042
61571136
79209333
72984507
55982433
74622533
51666105
42624448
23018460
13885273
48348938
75460876
22001186
51279056
78409788
72695839
20765821
52579929
48512815
73507995
34263005
37643457
53172054
43031872
35318281
26301090
11193366
15585886
29676859
40574448
16555043
26694716
52117096
32440188
71491797
32623474
16303360
18061428
37568986
73641093
48380346
76954779
31558520
79770222
18956441
19619388
52111438
16230736
51387069
34013058
19771010
55635838
28257449
31538799
13954045
29873647
34143351
52807483
75106757
32603843
46098590
60050983
70223045
41962960
59968331
52926584
58072528
59889261
11847444
36712039
63387904
20141014
30701755
32143169
76841448
20388942
28612072
48877113
70427467
45575831
68864837
38742049
59101999
63159359
65799485
21511695
43098453
36919817
19789237
48484547
75224008
73436462
45823590
35777165
56186495
29326861
31690645
16986153
48776366
58231732
37376036
41477000
28745334
20835308
44967599
78488197
59172073
51832334
55430967
31706593
17547798
36065251
14953801
11911256
78793218
15223846
34436027
48972574
68432858
62180225
59852978
34762991
68128679
35144025
76146100
51018015
22249856
21515928
60775351
50799595
12968502
17902451
73090892
54489541
57435163
54253055
10224719
42063899
38516492
46309600
68040925
18691435
30540799
45865998
11860233
53887501
52369785
35107593
26923957
28064751
46402360
47776381
45318598
77666740
28166425
65281061
72256513
13866688
72879275
43278850
55599520
57203643
74261375
17688232
34003673
12528113
51270975
65318686
30482882
78783444
11662185
40534086
60024813
77039683
68035116
56323506
40480928
53750231
14927835
58982100
67471211
37950686
26216268
60098262
46981371
71461882
56418001
31603763
65300388
21379450
54099370
77937435
68105498
27569157
79609121
34192251
29860557
14420764
17414314
77084083
39077540
25481549
69489691
19768972
65454163
30834409
32260388
20062605
42903610
66471269
75563524
58088589
68930035
74396679
30259973
47342301
39687105
48398008
67845108
67291953
12637680
62972241
27913857
71236694
49090353
60042727
57220269
67112421
34784922
75407663
21587891
71293061
38689868
52380202
15437414
19695369
40163041
22701394
46944797
30893457
19274693
42137758
46236448
40455458
13530079
65059878
14372302
48133134
77556414
48646937
16194253
38787341
43175556
18652963
37532015
35438914
13831537
61003358
49294909
61191576
62470165
24976206
52857104
72274803
66332852
61388571
29414758
53810706
72604113
29242735
41912729
67756648
44020490
36654815
48360278
39770356
28990090
61404857
28296928
43196560
56057732
44727488
57199294
17400172
29592225
46600364
58262027
30273316
39673971
77341770
65687356
38159800
17893209
32898757
41611573
21222658
35136565
76371160
66885436
75135190
73267933
75759399
43590547
45581258
64127981
23934442
56345870
42531767
13577025
62643555
45287372
30550242
35776577
44902295
43923126
45057466
49937504
46182841
31253232
23813746
72943133
36601837
30769523
57082256
56496948
57385157
64538770
64796940
70765260
16008100
60115124
54784554
30520787
68871819
43239755
55242214
49689719
70759766
79075269
58431231
61471958
19542786
23969700
74342122
60409675
53690937
15875865
64928813
47844578
45635922
12141410
40891220
66757056
59996340
25890532
36202209
14393604
22668111
41351684
25149485
48923211
36174536
47112735
42884963
44365447
58321666
60754127
28621890
35098248
58017846
23186963
58906859
19081020
38449783
62154232
10889032
26277953
56312642
62398535
11912216
23559538
41751627
36878064
36330515
14110998
64657112
38032381
12511846
66997241
45897314
64688574
45560856
66593855
29266395
18426914
77518858
71488367
66673728
13394699
67480942
41649160
62467939
39691115
29438279
18918972
69449595
25071250
34869819
57718938
33665627
69688796
77010508
35236467
17540005
36657158
17421977
27767081
58179401
69012188
79944862
46795674
11196475
33761600
64520765
21820873
17916408
75566335
65053156
31704443
24770976
60674676
13464564
56015331
15050625
19751293
56283984
13840313
29240838
60968200
77554101
21130798
31180317
49435926
49947324
36064542
60860011
67463567
30723313
22336189
69015093
68754392
77956089
79870792
58184608
68171827
61493503
59423720
47390157
22297555
70014005
40422902
53718842
78490283
32728283
15061946
73525709
21523307
63019825
68002274
25754996
26408853
79351700
57567045
50935300
71802215
74541397
57793116
76606212
67823306
72700400
77030185
70091695
40882415
16967663
54597237
41855313
15125143
66915832
75899298
17767578
58433009
13047351
46170518
69171295
34414919
44488701
53369224
41229890
19680055
45824923
57462215
48535192
10834998
17103138
61110663
32371570
79182993
52611233
26201916
58415658
16203593
69200261
24740149
15843817
66956324
25769112
23157616
55731250
70834592
26628751
75399792
10152493
33103058
40122772
35300151
73156921
59709427
72005063
50062082
16163565
74700295
33228095
46496210
59869153
29034697
77844326
29339775
61342782
26347096
44720242
31325370
63062547
30951692
18353694
55901715
75589752
69120257
39067165
14360035
36473186
48369747
47599723
36378888
23643708
48746236
28021682
43127242
65475720
78782924
28830512
34987156
35306983
75979980
56845689
10962030
33353331
28800687
17404885
39401761
47218385
71006753
73904618
38383729
23248295
69336027
29353297
51901140
36119923
37727887
14006818
24674158
36312202
47571083
15256022
72571611
29960715
12151513
34179571
53001637
77353531
40052005
45638537
18064871
19763301
77317165
10481263
79578084
11962709
66266098
22066268
28419496
31291847
66659474
25634134
19695023
39617202
40057308
60771381
33841047
45629912
32244356
16131818
40128018
20496812
48378017
66144176
28944322
64844129
45311453
45366086
37820192
65405229
17179832
68166603
13890414
13599826
59848469
67181172
19182024
17109676
68365373
67429836
15866930
45804770
45016990
29842299
12830050
48890577
74191722
56124423
58243601
33006508
12102412
19646402
13913342
18275515
66422232
39722915
35328282
51767839
76604325
43816929
15401787
52389183
22673985
35807085
72587158
77937065
25140901
73641502
52686583
36702125
53860106
12067458
25162510
57798404
47854125
66297400
73681028
41248015
36203775
64501209
29799319
26012307
66347614
67644472
76962597
67003560
66573098
59068131
68239184
19303193
64879579
41287107
41767296
38412174
59201627
29517459
40414919
13473379
46239163
58479717
68329963
77737754
30403572
43518439
23976464
67002466
26943395
54070564
32396305
49524236
63436741
47631757
26526109
39001380
41015116
11594982
54042696
23011871
34473074
69026646
78248126
17428823
59771804
27299154
30758590
33246092
13695167
64531579
25456769
60213391
61705954
68401124
18955436
15097371
20539355
38127718
62188438
27250443
27799896
69437883
57182799
60371876
40503745
27134528
41551057
31904938
64051070
14230754
53843882
39164863
32368946
68658967
26340884
41147591
29304927
73738773
73286897
47621825
24128944
19757922
17312827
49266960
62760358
17915952
13423766
67864208
49206455
17035583
59659310
51778350
73515715
51551381
48338603
55642642
35257701
74772397
75188913
76124688
44989463
17949523
38526304
67843718
59807153
52727070
19562872
74215932
64900789
22987092
23348453
69699499
17466760
54825369
13169466
28878795
75402777
10727011
48242013
22503099
66752373
73109926
63249613
53221860
37960167
66711247
18323298
14795935
63254795
30634882
38999021
32980043
61120779
67713418
45009670
45225908
11407661
50159096
28950250
62159085
28294551
36554544
31747410
67952384
47597788
19849094
38078814
73443902
51052802
41637549
16223616
57897635
45730906
41016562
16088349
38437817
50405743
58492907
39453247
16396688
33870911
62949071
38015955
70177050
17528748
64707768
67519922
24791842
26560253
15582981
66881204
47394974
20517835
72117101
17777178
72600241
41356495
32951328
64059436
29998738
71818984
57272473
11953165
49960344
49846821
25349777
60184564
37519624
19043973
22377094
44933099
17572329
71548726
14679449
19491534
45599652
30795848
60231402
75146076
50233890
17930311
37203343
57625642
15762542
24591193
63093915
55396852
58607610
64297803
76559795
71669719
23821901
76473734
49244484
73312996
52180582
68181009
13202708
13673526
17133648
33096166
49716646
65845675
72753734
31650226
44092259
70077765
10808245
42674781
66536250
61948913
70064118
50355412
15149491
33264891
14448711
38635904
37061256
65639622
67202826
58256784
40979793
75692990
48707789
77421689
36811147
27537703
55517715
71805681
22493130
59224895
17516234
17030350
67351782
74680157
12631933
45330872
24669065
44362763
76826705
49454282
47782408
63018503
56887798
37729540
36123565
58441070
18154646
15838000
29715218
23582842
22464420
32983476
61140267
37136166
11385344
57162660
76500054
71057982
43417839
46240394
62419112
29208597
41145243
53005466
58331989
58735542
69034918
67271270
16253766
65136055
31511447
63053759
66648574
75939288
63226871
54373163
27337778
76928089
10264751
39626734
79028422
50249595
52618717
55668973
28681260
22124626
24228872
23819910
12732186
43532033
21684899
34908865
14424718
69175204
51630755
71377791
24386330
79014749
76319356
69842256
28452116
52261602
50729461
26535876
59959280
11948424
34849163
41715282
73610246
46969262
75786079
29936554
28353478
33796605
43303052
16859127
67706543
57989195
60267791
14351069
44694549
75292157
33266909
43733040
55618607
26890410
44984555
37278062
24638074
27332312
70165440
51686096
65113530
52096574
23211657
50026147
28774911
13245563
67146786
73078193
59790629
26541767
31236022
61060133
56182602
57241377
44494610
15329066
17758744
23942388
58814059
58986693
51689066
57506616
66882520
20784788
36974558
68444471
24037035
28673456
56640943
54714275
22364394
65152005
25166357
35108690
13523929
59044883
28545069
32987683
42133713
44790948
48877219
19339080
26470654
54233506
30122840
55720962
72889669
31954645
65626970
60197883
18083486
35483658
25833643
11397194
76440760
13731513
52277722
78090241
70073083
45581936
28109087
75784672
51685188
11705534
59933095
48999018
67650414
44082953
68191726
68306798
37297029
14247724
57690787
71237585
78984858
73026082
71496330
77757007
61121100
20550998
48287536
11564101
67186576
59337467
59160020
63411103
33107880
66070713
38833321
68120283
64422515
40118802
69359191
42515887
22500171
33252632
46868266
17541192
48906292
21949771
10117942
10440283
22572318
21790510
45729334
63863827
22254873
25556453
57437789
27726185
17841494
36679564
51196757
61532099
44900923
28621690
37153766
50114294
40746925
78421187
23396032
22039622
13854807
43706909
11375562
50305098
41150895
38248405
63559538
69316565
48519720
53656297
16439229
71314129
34426396
59830240
19905390
41126386
29211676
65998938
33539548
49156931
62542047
40506875
57959815
28258263
15246711
55049695
33798531
30843315
67900798
36320330
63960157
22445045
70306914
65490952
26177855
13731903
42948444
71025746
30420392
21462260
16169921
51296578
65817135
36278313
53136687
62742446
42205616
20763300
22024957
30281396
42400640
79833881
66915205
66291721
19064732
26010379
56538260
62799311
35016057
21599075
57563788
51826082
52623824
73183363
76071274
17513250
77584550
59730449
45009014
70222262
43378531
48900987
54379460
49123479
60249798
41702961
20569706
64100139
39320821
56003410
60446611
50796845
71283128
53402599
75329780
69881444
43320443
39282969
63419611
73253120
34098870
35645947
73306557
23568818
56119758
70089913
43749115
78364756
49054367
42688300
29538355
52407469
36310503
42955645
14658976
49947459
73421865
65411862
75563978
26974849
36970549
24897375
61824830
39672201
49480596
23327383
64953942
14437262
37329432
58661252
19887181
62888242
42314043
72165008
79648760
70799146
53991052
41540722
13280307
53747112
21040617
67141344
57624542
59268200
36156303
67095584
58403562
63612974
25467030
71607406
28772397
76650354
26781098
75265930
73568844
54497082
61683093
50916708
44520851
64289806
47168836
71623473
78612733
76833455
72449594
37780060
41646750
65785563
22367477
39082563
55175984
62261430
33980086
20304644
43675171
55643647
79046463
24720944
34431849
60218944
50670866
14901928
54970083
56015912
21605342
15252581
33116778
39107260
53068815
14650621
56924673
64629055
25388826
71184664
77078365
59943833
20710779
34404044
53195715
51517264
43884493
55439114
43105337
18386299
52542380
56101592
12363972
51237382
17485534
22765145
24610366
29659318
74790929
17202782
65168324
67934299
29474504
51883879
25118827
22152961
65349284
54299432
14818251
22849773
63158163
78412780
55019587
33111505
41488880
24913717
28662739
16201838
67071261
42561574
50351085
66558070
38397175
19442299
74423518
77986899
30481726
30115438
62258737
71893550
12015211
56008301
45104122
58315071
31254195
53752825
34557410
28354367
56579944
53926460
78396787
68363415
20396277
20151484
61074901
40155984
51401771
32552651
58150108
74543281
65588230
20492861
48552457
18465719
31556707
23616922
32926382
60496606
33972216
50587041
35624746
36579768
15954800
50886261
11275716
67349100
68827913
28548293
59354441
36511322
20816022
20538139
59890086
64419762
15842382
62423027
77526847
20208299
19650506
17681751
56176440
49126515
60339068
30851521
51067672
74533403
60634771
45171825
60258679
33066124
38631992
70658251
36748554
32882174
66741119
33104491
10420596
60316121
55117484
76911368
29786401
29229530
12356420
27576424
34480399
78773314
79044645
14843297
74010390
75316681
62202570
78647301
13314472
56342806
16943879
27814798
34342075
43242768
70168557
39286182
70302087
77245536
38398456
20434963
46808950
38258566
33728046
43736073
55168631
33769701
41434485
11668309
76296358
31930181
18873714
42351270
36159864
64558595
41305950
67615057
39149401
77488332
53567848
18762241
19402772
23018682
60054228
75872340
47273083
18759275
30318234
24751399
33501743
58979713
26646893
21034684
18259631
68233443
23061974
65544747
49788273
48862425
24345438
72469986
36818204
28887841
59446728
56882147
24131987
47551521
13667644
55044926
51357052
37319654
38209478
41978007
12482044
14587290
32352840
51272394
50682606
30777114
54697893
63781936
37606601
14165348
14331899
12946035
75991162
43768153
18826377
44280030
63891992
27731742
61067494
49676784
76111375
34505469
39311799
70245633
32226338
42027676
29685054
58052797
65851854
35201315
55433280
11670934
13936148
16757141
63411286
31976267
53025710
33546207
17173480
68825206
11756701
57522691
56284298
50985402
37951247
40421685
12872778
13948143
29813438
58801799
24057556
74365485
76926468
76838999
26713386
30509373
18321162
61848052
69176659
71542492
44374498
35160191
72869669
31243745
41147090
33776869
19584815
75908541
43365073
49393589
68590316
43476843
60104345
20759030
29632274
46388411
39752512
38212012
56726438
27672022
15591744
62548301
25768544
64754764
18622888
60095565
17955058
62360078
45110750
52834428
44893304
23497944
13507366
68572151
22829310
53373224
47627064
21227527
71879391
43612358
25620514
40758902
12940432
21126677
77667498
53495940
22291754
70618572
65931904
69901523
55780174
66453189
47055837
66986942
44369879
55923457
18541777
32850001
42994201
53622242
43230953
27052138
59827601
36259033
23258549
38035425
73230988
31626614
45188645
27569668
52260337
37906596
29660822
59238216
54473555
27290314
42432344
36408148
59176828
74340950
43748530
69701160
15998156
79222127
35493826
72066228
57899250
73829932
78885099
14315593
74586310
37848473
33880587
55600203
66504481
11945061
77934664
65341809
42824508
68020750
76475360
77360713
32560866
78739609
77854216
44299389
79149418
14963708
25942675
48125428
17613130
15623328
31293022
57662000
64254314
31597779
60520646
57610063
48499901
15236429
11688757
64427291
28356843
44812500
38902614
55395955
74419498
53472519
38567445
46380019
66123313
76408180
35359075
25350028
24818573
30352595
36353919
28208873
32054910
15929843
44396805
64807812
27052013
56060311
37522323
49116886
52322979
70423357
61719449
60443135
70411138
19280871
74040136
63358661
74810337
76844804
45065727
16904732
31837126
25799132
45594820
17511789
36157101
69650021
33063180
57764014
43081114
26987349
12484793
41476406
45450292
60146530
74495819
65723720
62385196
56356631
56740654
50363344
27050433
79471094
21890148
23705133
17584077
39056544
39607401
71146816
40592672
48670407
19188018
14300704
71700827
13613747
77446142
41560490
16594074
36189312
17615498
70156646
55442943
40024911
25956484
38746241
14715843
67822589
68263805
75956260
13467548
19438545
71965224
24488944
12822296
71773945
62859927
12212218
21603062
73087383
44482417
10337757
69590991
36242356
59187612
52564086
27950660
45578866
20253029
77612550
65086057
73155342
20366588
72444955
69989407
77858209
37769723
28211624
16047525
20493106
38921395
50150075
11142980
65092527
15019038
26424419
41818622
75057611
43236116
77548858
70120726
47806226
37752845
16347703
27743480
41639477
46777501
79516650
60804125
39265337
27413121
12631162
24413789
27206212
65172580
27478465
42144683
29959699
13779301
67859401
61465010
72295142
49929648
24272194
27879817
52074472
17590218
59705153
14280602
10081928
46554854
29253438
72989067
33684697
21194529
54272929
11358314
63453122
24488246
21970471
66355286
38718469
35644582
75711552
31520038
59841887
73356594
22963831
68183819
77283479
53869239
26205134
39961446
27195814
22567068
18552806
65284970
63209273
74444625
27039488
19706643
32035330
41523152
46676462
16474318
27853271
24823799
13765802
32139992
26828574
36639338
54861690
46242182
23371416
17129541
26746157
77780671
26233449
56507536
56918706
34163723
29605286
39270846
73449964
17178939
55095381
73416249
16591151
17497261
24873894
75951055
59454356
73301667
64628268
74262031
30875292
53493643
45905630
63498426
53418549
19832665
68640063
31554392
13792675
29058937
21568254
68976387
61159830
77805745
20663326
67738318
47868003
39801172
38986440
39901573
13288499
53796155
65568000
73713231
54309131
50438344
67530950
51393398
68766549
18139962
48053905
10950336
71604399
10934208
52841797
44467947
18671895
24573182
62553944
39941349
78189461
29079681
31738389
58659670
21420216
64028616
31560160
21915089
15875799
66536106
78994783
61809388
68206547
52571276
48105617
41803854
59875806
32432587
28847008
40846558
39071156
25512641
18234159
44103822
73955800
35882270
74149164
79593067
23057099
23008529
52803722
75935510
65063523
28421691
11790633
34669837
32618630
52055699
11926975
25430008
66165244
47458243
59250227
11250431
38040818
51804810
55954872
27310446
24882151
35303815
63982961
31972060
23381331
22933954
76894933
57900247
36405033
66553460
61628945
48441211
26282119
59213358
68980184
18722482
45978372
34288161
29498061
17980494
53293835
33886379
60998407
42357727
19044950
76404548
53676034
56852799
65742795
26471260
35552179
77056333
55684716
30478653
45426512
79653297
42867441
76795106
55244276
44602539
26504286
34810332
21831021
60720991
41707658
53629404
45077910
54594272
63872932
76537006
18896880
73177915
35715651
30822529
31427281
32531205
16695481
34092293
39355040
20171002
60529373
27690438
68514548
44816376
65920455
14312314
30930779
25886714
24344463
54105115
43887176
67690260
34350288
78898141
50965827
61199013
45869364
35798899
40667957
72553646
26047185
62199472
70347598
59281857
65879433
29812254
26185420
17237376
15210765
29611637
19795336
60340212
43023279
27704432
15046333
14044402
50087393
13440411
16331716
22152249
13188424
36167651
65069139
37965650
65731406
71866484
22521416
64474714
75682801
10382076
28753087
53146299
28347433
30518145
61444603
41667650
25530954
39358255
29944294
18732297
12366917
78712521
24770858
68808719
13843582
62819190
43699992
77893794
17985072
45310017
33169368
46886354
42593392
26776283
32024328
62390455
73434311
69609787
68343332
11389138
66557295
60323589
37122347
56670103
63741993
42359132
51217035
53076320
73754711
27251698
15675505
32252926
11108351
32180250
41220458
78638251
23158659
44326688
57206051
11540605
66543150
74595407
48742621
78941973
71284284
13843495
20814723
65096865
12684429
65958909
36344016
74596046
19886552
40555811
13318037
59611241
61537434
23298884
38985007
49051270
15217060
53020516
43873149
37377991
36841214
62726696
11831120
62766335
48844956
62583637
79188545
41396750
44667652
50548749
36585041
68387421
23514647
14048217
39366431
36609228
12465659
21358069
42976653
16595010
26679107
39258556
56690524
24162753
60969287
37177630
48814164
73068300
43400849
74846978
66252780
25257546
25754691
22656176
51669312
31180349
31788012
29363435
16877745
33474316
21373418
26383418
31562692
13592885
15158847
50840425
74755620
35701553
55920945
12446462
31732563
50927403
11687640
59367054
14769371
27902701
70452285
79420084
21673516
75398370
25793249
59938088
49781225
61420780
63178831
29110222
68502465
71413717
22896905
31123745
72445557
43714517
70472875
23035848
43178689
77648780
55672290
57224263
57971983
69614085
41839539
11120704
76325181
34952002
69460879
42182836
33759117
61392678
79036034
11780792
32087125
75682702
19197685
68315507
54300461
16269836
36665006
72735900
48619955
62424720
46868452
13415260
28835687
47611727
52199300
24479352
69605341
69829816
38769505
24320718
23390785
42702306
50308523
44012154
43629285
33613019
22622140
17075062
43281097
41632210
41637068
72986331
11937148
78545457
22306755
47219073
57388014
25343090
28979475
25690910
47998683
24338159
58549666
22887802
39989418
40668361
37740010
66944921
19562976
75604290
14657451
29714774
75478675
31315712
64181311
40688662
62576736
48266821
14035797
75994386
70636981
22623801
22388853
25352591
53881003
29082788
43035997
35693237
20906941
29058706
32479180
48074771
14360920
47283452
68240218
68216078
57549478
54255980
48520254
66976144
46922009
78073828
63055499
36086664
30478421
62766185
44669539
35647574
15516516
78912719
52401229
59370353
19535172
77283138
34131783
24518562
37148860
48716430
31226127
73956564
69566329
51705255
12839062
54816833
55941682
64529302
24173663
65229177
25770256
61114586
72400700
73000756
33754037
65444789
39496326
41550009
68503573
15382639
16545609
70921657
20659764
40565293
35851563
23496696
14937651
69290147
49852137
73680070
49636558
40869388
51144491
58009947
52248319
77259690
72886660
17443049
64619764
77214397
46713650
63592525
33801703
50188083
21996507
33413729
12146119
78425549
22494633
44015512
18599816
34541996
11573844
25417566
62919055
17289590
13164990
75389505
48889446
26416041
44680449
25134471
23731185
24728396
74383556
75557335
68270647
42464979
31481121
69598135
23562143
43792835
47081747
46432556
17458110
57682924
55225188
63958996
33675799
58394919
47537225
74737973
60156801
60793419
63318488
77581477
21309082
71733751
70677738
39949647
51416961
45411752
27240195
73117235
74131502
26747972
33345266
72720653
76006796
10563859
30155074
62839656
67162171
39684010
61365373
28680055
46928673
34158549
68832841
49037059
31803113
72797326
43772882
53563999
60221508
53078283
53445000
56028591
66273934
66665149
44035195
29548267
23934567
29772886
42617271
74810566
71078550
69646971
48187737
31360274
10693906
74824145
65550067
47936265
42860607
79895497
70478906
14110954
41321780
59714172
33626899
61675747
60961785
52384521
33651826
62828199
28112893
46289386
18099003
34897162
51425906
34106935
62654833
55088618
19324942
57146542
36752301
61592977
29586012
70886219
62388354
67545271
62534905
30838351
78632336
57125937
63691822
51319444
48103771
66146061
26156214
21872904
47593909
11930008
65995054
62254558
58308576
64394401
39781089
64387808
67575819
20653086
61684280
60351488
41184587
21897644
52073816
55873305
61077310
21359688
76481093
43976540
47191303
45165135
78073254
62468375
44795062
41062818
75873742
71307403
49173396
56932740
43248605
60867656
17190002
26657043
16850447
34836505
47228774
79839407
22218154
72072062
64076544
62453911
11741293
14559452
62730289
33248670
59545697
50915953
51736266
79436850
35638723
20473584
13227432
70174101
53922915
19485160
47125820
46815292
21418299
58830329
69127305
24554532
68175244
72927193
54970483
12501441
24257183
72349087
55665699
43425851
70096014
19272949
15967640
38480194
32001983
64763091
48857027
43187648
32883151
16230180
53897080
36819085
31654440
21820994
66659063
57722052
39726419
12557443
41483778
67237492
57353080
41073235
73592580
33838624
61280010
43701255
20432671
27968391
28727570
78700044
24048119
50660098
79875794
19226010
35328190
55325711
70388174
40204249
40293250
45645026
58279216
67003977
64691340
71795423
11084803
60969329
25373984
21798452
63781895
21913603
65116955
71740736
69324688
42133736
63555575
77264308
26636138
47086544
72198695
61495507
15202762
71591045
40299223
47248168
71046778
69885094
56821603
65834891
41037334
59879351
57955248
42664663
57635606
18088699
57229317
51742225
46989139
53066962
77875008
18013127
27228991
36429853
31790832
58385824
44612251
67610732
67930528
46081975
62374782
55255533
50291467
13763919
26111508
75099413
27424819
36568225
44804876
10612874
56355230
52322946
34968626
23780747
37542475
64931313
42657277
44801017
25079657
53739606
58517415
46882029
31905968
25366901
23681290
21127403
70286332
31280416
42253934
33104907
32302764
21902939
76493429
53316265
69927227
70988504
55970931
41963215
69905548
33720842
16151209
60967136
42287006
49123897
19583635
26166130
21455958
12807516
65474979
68774761
36002176
33396466
37491011
26208247
17891167
66933569
14288702
57140738
36424724
48695287
60137069
15274514
32186100
51031803
53475844
72504395
68207684
18654736
31527570
66386273
35842584
56915433
55955973
14417122
35213559
55953728
73184333
54141837
77337462
15706826
10336945
46911584
33625260
16050275
63965856
17834980
58126549
13077572
62190901
67671992
43550230
10379025
41058590
78523422
20139953
27922458
16130684
56929847
32689034
75309152
44359766
48902230
76381838
23436151
36948617
54715125
42949119
75430068
65895799
11383344
40501625
15487463
35153284
53482250
17156248
15595339
57804648
32744704
53287870
43145907
67721330
53396374
74778858
29049763
19039558
64405998
35816331
32335364
38894002
29865503
22150055
77371547
29168168
77562939
61422151
20511991
73114002
55038590
79008996
17550742
41830652
60427214
64152042
69024480
21721253
14614954
74988038
11997402
30406569
46398600
16324427
76595521
24011627
20006535
56909773
43324563
67111211
20776297
62005606
22431018
62404673
71117310
54826869
44065481
39518900
70334182
15147388
32361527
53765073
33481582
75548802
72076289
34958347
26053318
68148809
10463586
46485162
13558793
79927545
50734422
20437842
16694519
42434527
35939876
65432013
23309485
56573560
11566360
58987161
11353600
29201849
39776189
15377212
27432616
44036199
74941781
23563452
64776149
67322109
62260962
66024828
50073721
27801303
62605149
45093899
26054609
76175425
36898252
33420882
36821472
56980802
16701917
35461680
50874218
33856049
18911858
18393795
38095046
17773281
27352572
23644850
13600884
18080261
64655382
53374898
76033138
78963973
23373714
75391496
30893808
64359092
79505781
15659519
64219249
79919030
19826080
76534968
67997032
75605719
68519377
55650262
58850579
32638656
13785875
53108067
61141929
51236288
49917643
43095543
19293635
71051048
25002386
62106348
26931023
27355206
65829679
24647663
26115286
59720004
11427395
53970020
56875217
23336744
24570469
79547365
72397715
38520901
64433506
57426919
15435584
69061004
48482296
52734219
38014290
20841837
44606054
51510853
57051353
59761486
27532178
52660014
33626695
46408370
73948692
47184703
19992169
49123097
41557674
49623812
54864055
17077734
59625612
53940827
24024907
37328702
38251701
22102284
33615238
22769295
24673094
23672498
19401164
77192846
43706852
49079077
67039290
16539975
52178808
78041528
55829672
65261003
10558065
10222208
40914957
39645827
21577503
78684278
12860332
65315010
38154627
29919086
18954800
62308623
24813419
27330697
60892814
55289856
57394432
48245106
29995243
51124360
63284351
73988663
26716722
53936555
35389897
30694019
48865741
43272754
45976532
76470129
70692912
57251506
12815668
34352018
45317933
19457814
73071979
51565421
66574486
13262244
64306612
28894043
21877213
79115731
19850329
48406065
17067582
49630699
14447480
62112038
41716933
75921845
51774824
72985173
42316504
34580090
32824431
18524162
53200395
51949004
68296538
49460027
77445618
28761469
20368708
79550928
57204746
17821626
66053542
54937271
38404098
54554898
77548548
12197578
28750424
75732774
27029738
10132432
55226055
64015138
78777558
13555605
56103231
15874481
10053042
70021360
40437238
40577327
65581210
67486140
51821614
59536390
32408874
17547729
14090630
65539294
18912743
27729958
32163226
19428119
10950444
59547587
56224314
55674848
35865493
76370966
27021964
60707950
54458115
18765099
62588504
27109371
36134711
73677683
29540846
35441528
75171133
16769812
62690329
72570514
10227393
63420670
15350351
21677586
74191720
67630839
42750375
44691077
74738466
50167834
56874589
69510902
13811364
21208155
41590655
62512192
58413119
17414698
42542192
74250339
37676131
39534931
66952541
54287273
39680350
29912511
67560920
45213089
75579222
29450650
53136881
46381066
40873344
39844445
24759647
21504001
36000260
39346586
36766079
36386637
44817282
62213113
63660901
74225114
25924342
20919888
49252646
22468658
66778118
72339632
11197814
40543076
60747414
15911063
42405807
23733329
32849423
63254156
68114267
66122638
19286179
58676694
10281425
79577780
52227555
58637890
52287094
26266474
36141627
38664141
49662798
24158998
19893302
41214723
24765988
13855488
27516904
10456007
10374225
78767022
72310954
17692557
51342149
16839346
15005441
27942280
15036723
65995697
68883073
34282840
17885683
54133147
54084330
32352870
41955097
40111643
71841042
70782007
18117074
57654628
10836759
55735538
69027785
70999076
33712563
12190482
29168626
32453350
54471083
40224752
33071578
10808475
63295495
65357600
74727142
24587927
14763054
28131619
58864016
13342744
67641220
41480806
69586139
24303231
48064726
66596321
38336132
66926902
76799072
14643584
53807984
72501158
27066003
11734768
71699699
63455929
79472878
19334401
31619159
79367371
78773711
22380834
77535285
55097704
66637720
65587311
36908080
74411171
11996970
24877869
38219412
36434053
56166402
74206810
45585938
76098219
28937908
17603720
44854262
70405160
73684930
35200318
63881974
35396576
22068226
47918314
43431659
19930290
21484332
76532756
24305389
61212667
26645516
60310574
35371534
13157904
60919227
45147618
15302638
41108765
44821429
33313521
19630126
36648112
76532212
55726657
29255224
59655744
59154924
23507206
27673450
56407398
35136540
67539336
63841791
78024485
15765644
49198110
51536731
21831001
51454221
61962143
76444983
43542890
53358006
62671422
52547904
48520936
38747431
30256104
45169149
41471087
70069183
22641388
47657266
20236789
78677422
66291647
40760641
64654948
11645779
43672375
28775170
34957441
53394068
14637686
59427271
56926396
72393943
71553350
50486867
27152509
63590343
49256024
42329613
14557268
17566673
77059285
33343693
34377611
79882700
69219326
33975091
48512466
71162515
78318179
36073264
35242586
75753008
10768602
20149784
10304877
36269652
28876836
30594981
31722951
26635494
47160139
60157990
12647281
43822747
72301444
76479897
63092744
12397788
55053827
52877876
73631328
19563202
17053892
52916468
32340138
60877118
31401417
47866913
71450514
38888765
40184773
54438143
33155663
23843370
12368867
71715720
38387953
66705317
75896608
43035234
34004788
34584818
73166370
27650925
64922333
65454674
57189208
17923196
61280071
20590716
15715116
16914973
73993093
34775345
68628698
17980091
65986371
77393162
78114907
47142478
19535270
51246161
15903282
56404520
27905960
13218774
18392607
56116432
37998684
71157449
41982021
59719676
50138638
18503316
57791878
54775414
60357733
44322280
66322506
44596210
57347022
32373566
23230975
55329195
48025520
72918158
18476987
79571326
71944301
19514242
44767018
40984049
40972727
44482274
44900546
50846644
51727406
56634826
22335601
41053320
47681003
77830153
44980800
34266772
56035217
60598655
73175907
73656967
15372900
48600567
23534915
23174240
10136307
29603432
50629169
53056801
36591803
40989750
24503845
67796036
48592678
75385554
14253705
77291718
47900360
32963130
30478290
42749420
51753706
61263654
21633566
37451769
37408904
42506394
39851018
24493429
19638146
29949610
78327737
10135919
20078149
24006507
31375264
13598957
18031742
66264427
50281995
24616905
36659465
15015226
49879199
35559161
13804502
10214230
10823573
48555160
39479474
35456117
53167718
48006217
43559529
32506922
77355454
13689371
24982983
66863985
56676218
35859197
39166273
69838396
24066607
76915707
55196214
10135354
43381653
24162900
78993528
53974186
54594228
24503848
35779290
44253994
27177732
56439414
40103081
53660565
28901009
58485333
17282003
18000238
29751396
15948470
49470016
64577782
77779055
53316974
68958013
68061917
42917883
27743138
64479406
16953117
39468217
45328351
75057474
21068651
66254812
22016328
14750640
10513344
45124069
27304361
38664496
66471202
39489456
15202817
73321625
69701698
10399171
68746693
67255421
19582915
36120617
48909059
65981688
71389741
37242840
76836604
53926830
65450229
46684941
42440245
59193201
18239983
71500797
12977705
66699907
10678569
41606264
67465255
73611027
53727473
20231164
74480590
16791398
68856648
54705328
31451402
67753087
26667610
22356790
28226887
51562958
53186037
48025248
69330101
47505844
23361052
52772396
47544148
39634195
10485748
51179699
70265002
18343184
28414517
25203975
55397744
12449232
42475433
65678343
44796400
23389653
67022108
41125485
66778383
61950279
34452790
53129738
18604110
60717746
77444545
79680341
28642193
10031710
28378431
59556470
19723003
48043734
14479000
46828191
49096840
53673597
49063273
28313749
29884144
57639674
16433285
50763386
66015316
37921851
36007886
28856401
41919707
13775628
42949460
45814427
21635305
45528501
54949559
57722517
36353759
28404452
71245640
17394299
27616462
41660183
39018725
48435977
22600336
50970582
20740819
51640209
65711599
46461188
53712827
27167366
18745495
78555417
72357727
73632619
21919616
40222337
75963447
44113352
79143870
32590928
75088626
33041256
68110702
63613356
55938315
60355585
11265258
20881717
27465303
18178274
63398614
46028204
39069344
27034854
60785420
56706543
26068219
72657555
25502197
37614244
76370803
73052018
30557911
31095283
24860212
21208924
57256649
62163415
37283550
58515755
74526620
25170886
50193534
14132826
10462467
76604878
66558661
25267051
71400434
26298048
39299583
53685314
74634545
60841797
19202616
21632520
37309208
74196680
36337799
16963091
43796448
21310733
56742695
21500175
52930311
62146817
27152546
30535017
79320753
18171119
20264537
50256874
16393212
40915510
46915388
55480556
68590085
26419370
68880689
34574699
26449495
20268032
37033770
38898360
24156369
40801803
19672983
45177611
71191465
43304448
32939614
53741439
52776350
30755604
61638556
68403589
27670651
16940912
15362630
37132197
67608278
75082032
47643692
69287191
75586201
50826137
10905897
12663004
31617449
18912239
25402594
50330937
37269591
37738843
67525216
59261152
70221448
29615303
51127996
43260448
33814188
14356078
77438681
61695258
35038656
48308946
33311297
25508753
26772131
36841555
66596965
51921286
67706279
67856418
52534237
13710297
37960355
35797400
62888543
22777647
31709086
14507660
64463008
41147232
61562975
31169725
13622211
46167085
25232485
73523247
79076829
34686619
17487704
11119580
43606590
53297969
31682681
37858448
12694479
69244753
20165312
24182242
11340977
52603533
20394797
42792782
34556014
17452516
17289831
27831687
19959663
44886878
47652292
14226635
28359662
37692278
64567382
74328810
21619076
69280203
78703581
43702304
16921314
61712165
26131085
68493064
63228592
36707556
13793892
17520027
44869305
30489819
20952568
67205124
24597185
75259973
76634835
76360550
31879815
42986693
46594028
12696845
29961141
42101622
37342242
24066987
21601293
29151462
28967226
17391005
55447257
42409510
34954028
25936175
44476815
67138944
68049126
41018461
66267607
20676418
51962133
32875739
59183696
75206118
70167511
26958330
65638954
45258358
11777456
38271055
71523942
28208767
37825763
55858114
69217254
37714079
53620616
16178563
20011626
34358841
60560645
16489750
16808371
17252911
40811946
63138558
52066552
16093499
26245595
45565544
45543663
76743638
69479904
25992026
22662992
37648336
24575113
63347147
25471105
56031075
36888069
38585585
44608446
71003838
40096311
63289800
55880858
50631558
24314701
33735791
64298893
46986298
44216650
22376022
10974295
64313860
45664849
12904672
37625590
49942714
16148203
73303931
63169088
61423225
61632364
21750549
53910343
33744121
59004041
21926012
75303463
76493332
55026809
18378162
30116310
33255891
76375321
17158259
32514107
36982927
37461878
40360217
44644832
55139580
36701995
67359854
35594966
20068728
74100388
64173579
25911205
43565692
10993815
58249014
18167049
70736719
48993156
64146751
32038533
53391951
14285345
57472885
62761397
36004916
37826294
31544343
41506328
66814488
17062695
48837162
10786628
13899261
69157698
13258689
66395100
65101833
51530469
54818593
78235088
14449974
26676794
62901385
56928276
59930453
61670422
66192734
63638865
62217079
66669350
42353780
60163970
10177934
76591241
43481463
14574791
14335436
54949932
73160219
64490039
75702727
45215686
13677638
16470083
43783852
75606390
50735695
20421159
49913642
19708633
15573951
27752350
77354308
24229534
42677134
75874834
52731430
32702677
14057411
20218377
60038103
46587287
78923485
67429339
78480016
78115455
65279807
58288693
38613762
29152656
40462644
78812144
51693940
53931028
78351273
30581056
72543421
29159082
32347600
14541968
17978715
18596576
22616855
79010388
42769158
61088571
11625782
56592334
67148807
24847589
14914699
45697513
30793867
33534505
60555178
30007744
45706533
70652457
14905676
72429716
73511233
61276941
19103683
17782837
15196779
70359465
73360314
38403445
66187398
17494592
74824377
68811603
34506001
40563633
38682050
78132007
39269039
39991983
12400604
14103272
79810655
26524266
63422164
34398427
63881285
16606893
31790166
27554940
77063394
43189869
37198277
27707146
47743342
22253805
36306939
60248991
14462829
12018534
15905849
20518891
75040922
75614545
35431021
11402162
46514563
50070426
17857734
76941287
46092484
21144373
71908053
71389365
73308730
34266092
71538101
47720654
47419696
68016284
79043977
48017912
49457708
37508668
55893366
47785101
18842991
77604502
47786815
63881580
35290500
29325498
29236977
56600752
58046937
75033286
28132891
18104592
32981298
31761439
12843642
76861813
11821012
24173796
10500982
55461385
62229669
43961995
62756575
51660902
24437609
77746062
29083507
53891546
52597948
21869918
40044934
64394707
54759381
68888947
12557980
51763415
11932719
22487187
35071272
59045182
50651546
60847558
46383517
61303224
14544459
73819159
46077563
32320425
37846113
73656453
10534586
23439129
11368387
35989370
29830451
40565431
56156081
15571803
32628874
79342657
32487110
61030143
68389544
55991248
55667018
47246205
51832626
52175774
72466754
12581456
13823362
68917297
33182719
30496326
52848214
33679633
74512954
70967210
45798412
53909823
29928319
58249924
56543213
64680263
54944711
10297914
34721965
17692260
52569086
53360075
46284732
63855958
57176075
40074631
10652942
68946663
38024639
62097824
27969220
38576953
52538350
56394015
63926157
44355778
41320216
51281078
37111572
38841421
53088190
71234627
58924494
78760479
56858477
67566944
67616511
66149636
24132941
68066528
20196749
17683060
46777709
55494813
19666432
36324845
66194061
15325837
67680322
47290803
34863467
23144961
42194979
75457846
24691161
11874881
24017673
53905284
37408787
53763863
24038758
40273918
65714427
64440213
67606275
36987990
46102397
24662337
17307030
10475796
10345214
65746227
46674374
16350316
27904656
54442007
51276478
52946549
10869305
24733633
45685796
14118496
42849103
57672865
17026861
61642373
76547799
68986452
40115637
39022895
18410580
36112329
54848895
16873268
74618921
45170325
36315813
13626157
41899116
76083379
67675069
56525210
58705105
16470305
17394592
68765363
65274109
73837955
11477586
55134062
49286854
70246638
12413915
79712820
15779398
40009506
17296974
69617284
11155530
71414041
55002815
38028721
76976761
69141106
15690449
40435160
16756622
19971250
45802134
42568464
42633018
20211653
18712845
50664313
63366222
75996675
64781148
78275902
71495347
58463241
23311583
36242454
27807627
49925829
73738822
41678646
19747771
74131433
18529845
61235850
53480037
69781747
68919499
69316264
49380240
40815878
40399025
19419293
23531058
31424005
29202646
70311579
33472862
73007540
11613812
21943141
59822281
42312746
29892768
70839589
52809497
56752464
51634621
74027495
29618978
70758495
58967466
12913491
35820942
37081169
78303173
50992896
54816500
24421623
53705473
25975327
71849131
33724673
52299419
67362222
34175992
49456231
78785025
16110795
58417578
51602902
54173175
69843641
67389548
79000886
55608588
64280864
64649736
41285992
48109393
30209473
34885572
18059992
78981096
16353348
50994634
42028152
42769934
13559169
21536096
42637210
16103686
41404132
71075910
71264580
29624232
53250784
45169444
17476783
34365440
10178940
44620370
59828646
31148746
11472573
44491262
67105445
71216028
75596173
32570569
32022552
40002877
19801179
37512967
25025247
51437179
16359582
29718956
31185599
38456774
52032069
11178457
35658518
61751993
78514537
67438188
60143500
58961456
49217272
19509189
13666438
19761468
46871966
58047592
32804390
55051265
24314406
24863248
27680402
58627105
17960479
43950431
63346904
51455406
61057985
61685130
71775324
71727295
43336027
24261471
40731915
27698898
63907212
59487021
21289358
67313411
44122944
29217655
25262956
15049279
44197065
45520237
36432283
52886931
51475404
16354513
74276720
55106685
10401042
33068099
20999725
13078936
77944117
21525556
42715119
73759875
10833402
55937808
43992547
65592917
22328626
46781327
70849205
10951965
62988482
21645652
72318523
38615221
65203158
66456761
24401675
44919608
45842718
23333016
75299588
18512848
75322871
12773214
18507360
44058499
53779553
14634542
62700787
75286040
66024630
31022251
50721804
38483766
75549336
55767754
33406897
72349088
25058185
64089395
12896709
16216385
56756435
37876354
39090810
19247321
79705175
60096397
20780627
51241489
73202028
76740315
41252388
54724889
32143148
68190797
33699332
69873401
36479327
23783600
57640696
71354501
18296269
15468877
15715410
40295316
32265611
50070192
31819526
59444466
36739227
45731181
44925059
59541436
63253167
73638015
25827784
71040712
75841559
34459886
46798550
57126498
78473639
48996634
32743788
59264622
68126523
65661999
22689252
40315144
14072121
41720409
78111230
79150748
23570025
50111989
62455503
51968338
62118406
21562774
26326787
44484419
32307204
64766120
24143122
50767740
56086355
51411662
69257663
21858119
65988685
62630370
75981580
22712577
37183162
12192637
69249317
14942248
58113643
67531034
68014698
52503325
32725036
25785894
23949530
57665445
20963769
13423856
54453820
58270830
37189012
18581386
31797410
15586991
45882482
44007166
68258617
21236258
21227542
30343314
15360866
40243654
40074286
78322878
56226579
54538405
26260236
28358374
78245427
66080577
37656902
41462867
51523056
52420046
35739672
29886305
22690336
24625084
70845517
10514323
43972088
13057324
59067560
59345625
60085621
40126947
68078232
19710179
42860894
48072712
58143004
57564192
71670582
10836093
55805322
14818029
11096163
68871849
17707919
37613855
26562317
61756647
74241435
50128674
27546038
41865619
18852438
16728341
28023273
69487227
77673076
24016487
15965412
46800055
60437263
41717706
61917703
51266605
23822463
75400440
72268689
39349818
69467872
27627366
51891566
14008185
77153392
58606991
75181277
55565963
22701618
39627903
60285899
50095631
45733291
68986988
55420347
14244377
49526805
32173938
66360853
50083895
15051885
25958949
10394161
65340524
22713489
58225675
47808857
21977680
24217980
73661437
33531605
36426572
71999784
60957160
64621472
62699585
69418379
48625738
50519918
51624151
42735059
45757644
15800675
37793163
34473185
74067564
20124891
52234319
77584968
74683074
23150018
45894898
79379804
72059247
37259862
46750334
52841386
45162269
61000901
46950281
34996960
43150668
16309783
44676757
65618409
51481357
24819270
33409886
30596699
53075649
32471800
75945952
73390036
20803682
64304554
58100977
16904214
21774275
22103948
61122314
17902335
53210419
27110676
75255649
34414614
61022090
41239054
46702813
37572569
51818394
67561474
11764495
31983529
42010508
46115348
33249486
32176850
46544353
27597137
21091597
69331098
22541596
43745781
24701899
63841991
74229310
31936506
36765637
48627432
47776863
40284007
51130070
24827084
59914551
74469394
73266835
75517525
18852291
25561107
59471913
22512524
74468285
35422949
14856928
77393162
13846010
16189587
33284590
44665289
53145587
14951286
67794410
68706377
67037400
77566784
57150864
67632932
63879684
35794871
44989030
20541250
69395633
18848754
43124130
30304176
10813192
55453902
59147034
52193397
48744001
52694767
18231816
18757355
73524545
18717902
40272744
68290711
21764151
11744254
14354741
73417617
73394556
20512292
40508089
56393977
15599100
47098831
18589987
34086759
20117425
35437899
66357595
76768403
41876889
11184260
76343355
74949172
78290722
74602786
19257646
63299495
34045881
62743259
42478733
65321529
48882826
27965875
54145415
37129979
50946761
34433697
40086629
56981407
19699677
79671200
17721791
71916239
37264553
65614549
48974553
48677179
10869654
12663102
67992949
46788674
38801153
39533440
16982739
54388272
16962752
57797430
62347019
24331435
72564420
22564137
42965491
12978494
68874006
74080675
74430753
50340902
42371781
64361355
47662259
30652254
27967951
21179378
72770803
17224149
58504169
44942054
72297992
22625692
45070114
52980026
65397484
69708578
40939703
23929254
45821793
68962817
23219390
63066727
17781562
18068637
68539513
39479762
68735154
75667288
43475084
68063440
22008483
57180652
54759720
20667653
72507907
77381668
28520332
14061132
17168784
60542152
26223703
16186410
48603037
70424607
10723854
46233960
60024232
72723515
44787879
46464556
66629863
57410064
10902592
76404211
28673076
20663669
61756119
13079906
19488794
29345561
55635986
68092228
16440197
19271661
52978464
69002684
75347747
70786359
22509986
38651803
64162260
55534358
65814231
66291760
48549784
27732001
55369545
73962921
57485267
45221578
35261826
19427686
14997425
67531416
52973399
66856194
10179633
48768265
79836394
63753564
32285974
41682368
63055897
78114985
65654640
10086679
31626568
49597363
35568955
21733089
47686924
52185085
46823977
72595627
25542793
79415133
37464045
14238402
26085829
72447478
74405904
18785397
67598379
59983724
36221551
20928085
51351897
68150978
38272650
70971504
76224262
23612418
10522928
50929035
67688945
12015831
34446739
39512540
61729290
74730320
52693465
74992732
71881799
20610090
79384066
30163002
39261540
32671069
24977728
25238597
60326840
69207988
21131771
40671874
66788600
10694481
22849720
38455558
22963653
61065183
69263425
77959085
29171125
51756468
36583124
18644059
66932254
39825959
27369577
16637341
65153517
59438121
74693364
72759996
78714811
57068900
70936290
64380309
29644955
68783550
68517019
32753098
30346056
29332831
34437587
78606623
66755386
68734408
71366459
60179729
32489319
76519780
76365326
26816979
43675023
20542896
27140395
19949911
20952957
12548038
34990017
74096825
33464777
26706155
41053545
28612580
42013708
22566144
44494875
74349587
10165818
74116458
20930311
76992224
33651611
78955261
19060777
74913605
43534993
58421999
54304217
44029498
73198086
74047045
31139419
28392709
75040244
34714639
49589291
47243842
71869789
46594979
57440200
64944131
79449294
64628994
19895346
40065018
18324872
34485219
30920428
67484476
68500698
49217447
45968367
48626497
45712008
54357639
67719356
17536729
57530165
46617724
72098618
51283908
53610808
44673990
23997098
46405578
23493232
60103085
39495320
60612446
55963824
14817446
26311861
76380043
49754803
26339808
40998595
53867481
55567453
76226379
22558775
72154125
79099741
39864214
67329345
56423845
12145926
16792366
22621496
63901817
45523289
35484576
34417222
72154997
14096077
52421131
74002036
62734083
47436049
56432358
54511805
65494549
44340723
19078587
28757926
47127569
14294587
59849892
16568127
57605911
48888391
25964127
36692779
22398102
38511161
10023865
24757727
77985594
10133495
75482138
29617010
55096593
58402684
39180987
28423556
24096904
49801388
15079092
48451648
49134450
14964935
35339706
20217142
57535767
22555956
34923619
55407876
14474820
53179770
65618520
22871516
45261460
54743414
29180240
78236712
56673913
79119894
64372916
19715713
13942789
10293101
36109953
22295751
58089869
37813320
57826597
23118498
72886831
50952047
74236099
68881332
11792067
21428655
11967412
12165401
11176226
20605797
39445047
69401250
73462748
34090923
30191746
67795193
26170260
70215488
77090719
48920311
50823009
28535591
43333296
69584423
13981891
60582610
49597141
38885143
60503217
15796900
46098805
62828267
51230057
36428411
13460214
65020150
53371914
60723865
64010225
70177671
33949769
52814381
43571746
60895061
34896886
20909681
78817417
30583523
65488515
40977077
71014924
73088322
57927259
75652343
16453989
39754517
72614160
18321553
10752653
74300978
39060185
48515013
12715759
23297481
64934146
37620866
51180853
57744058
27023194
65865951
79512561
65656072
78632186
16387815
31110823
56201258
63842454
22819673
66886117
75653525
14301487
64020642
71133887
33967117
17578739
15758486
78728665
16858765
79823901
43307655
41934099
71436020
54196513
56561663
31269536
54895767
66148006
68097804
29084741
31472875
53353465
49875785
71752029
75941432
70861726
24010432
18580162
23343274
50087789
72451196
68131066
37034945
17438383
27465853
62457083
23664941
47271759
75330956
78144151
77178199
62421943
53433065
78992876
39090222
19037677
17901723
45222521
62113559
34114337
29692858
17224391
65866892
76973626
50176608
63427672
39554715
53555844
46630251
61237095
42516768
13891682
52042927
19488690
52247273
63710876
63396897
37491081
28031064
33044560
16763190
46416117
24094310
64202249
19477647
29449490
67724698
28721627
56805872
31660145
10409412
36433404
70772524
79734387
20294717
38421468
45267736
56008504
35540145
22181102
27462976
62081760
72294667
45382180
24421077
41598028
34510223
72919881
70454021
28016351
35975918
16685488
79639593
39393060
61647817
23330590
39667323
55600536
52291662
48907577
67644353
20870936
59313561
19068607
59883872
18232321
17518885
13608974
45518390
25833761
17296958
10768877
35456491
69951687
26208909
32273173
64341361
32299430
13104457
64889265
77486222
64403790
59461550
26637678
78959132
16400994
49239571
30433074
18512881
49582725
65720136
42108165
14871152
68656815
68845777
67717378
11326116
21488890
39063917
65507448
26128198
40569167
25626607
56672080
55604280
36333051
79856801
28015122
56609896
47269825
70521325
39675772
11079855
16997855
21100725
60403137
38911457
12514547
65688599
57121677
41018117
15019315
51726825
58786113
10210486
61819524
79789323
43780362
64041400
79930494
61958277
32902700
35033516
47417492
19179834
22039540
77880863
49054792
35488878
24307356
53431703
56786644
55415744
25639782
71893923
16482208
42516973
21215384
61306107
53335489
14367361
15819692
48750947
39004328
47445247
11384921
24183043
67339597
57721251
33959066
17277929
30761833
14610637
47199869
39012456
60738866
60605228
10434131
33724726
56590825
18531248
28275046
37922207
57939377
64943086
73356229
32515435
16004040
58306530
16689968
61625127
12633979
26320577
42820644
79390009
38664807
74636064
42238240
45951921
37057179
18823502
57313486
24508230
79729216
62069266
68153758
14731155
50039884
13562667
54916616
73575181
15072396
48240425
43642499
46467457
22407846
18277396
41174036
44260201
70874959
67164504
62830721
72572998
49513155
67945351
39264943
17500752
12070233
19340870
66784414
79040699
75278079
35008936
13801588
16438241
65224937
45985452
54569618
27524477
76218695
37968365
38365225
17437103
21981606
43381960
38721918
12986632
41288524
29205490
21233647
72882152
33882202
54269565
19414725
49584567
30425398
12730680
12157624
29741398
42732570
47850449
31814228
70402854
28940900
15592487
59668237
46639763
66198790
34143458
40152723
43533873
76609218
37869394
34000193
56192794
63393116
21484876
24847999
33435310
14230078
16629880
63629185
20501853
61025240
43259726
34465288
37282629
68998271
27870747
18895896
71917001
27131663
68851619
31007025
47327706
24311205
65153838
55964334
14819212
19328666
63611292
69242654
72240698
63232803
72761632
79026132
19521570
64677542
65633518
62640906
46651026
73565579
28573318
28796702
46340434
66865105
54839179
22448018
29312303
13189490
63636732
28419081
16026738
17241082
24114288
48181828
55369542
12272167
79357339
26521427
49051521
71239583
72993164
63688061
69516349
76793369
31777592
68530883
23341509
72090403
18121174
17206568
15823652
59486557
32788214
41061727
60909520
55809150
22953583
74128068
44956322
27212274
22223560
79850322
18270008
26215698
34566728
34728626
49638816
20272011
49555969
79048609
51474969
61473464
39613162
67504233
71940402
76409463
16015602
34416581
18251784
34007321
72356686
53458152
67469630
13626484
29529321
23185122
72515506
21973098
61316549
65436071
78444742
76897395
62087480
40972845
60897040
44111119
36421722
17214642
37087206
27744160
58917579
60705335
16329563
66768597
27987693
16971296
76811539
69584695
76371619
15976685
30839652
61330909
14023433
12620396
24850168
42316195
40828124
11579251
32268832
42695497
43805493
29999622
68747106
76159547
62236429
77295614
54673950
75072430
48407542
65367152
42259650
51237934
11095194
74579762
46928133
57254150
27556628
16436927
59384851
44621138
15633281
56986258
25188686
34884615
51256533
23292807
74589804
25946957
56954798
31527853
54836779
63709418
74339564
13131101
33352097
30248271
36042844
19293827
75983462
57382992
59712899
15451022
21408563
55569462
63463571
67381383
31627467
21991037
21275618
55506915
50909468
17299399
35434144
44409126
57748982
64894164
47970112
17151450
23410871
37785347
58309630
59306583
13203052
30652762
19890162
22336146
28926369
56519040
22868699
20622105
74305490
31426021
13919224
52827381
28289594
37723080
49783006
39432412
17791635
39112818
79239145
66118197
53598557
18136598
56146860
68800933
15803141
18799808
67663993
65010050
79233023
64900362
16308975
65638763
43308370
46358616
24540701
20289818
73121231
78787436
51899472
28619929
18955037
45822550
32910943
12930067
62283888
38054694
70226955
65846728
53908947
60008203
74230796
76053289
15998979
49634657
46810550
56167818
24097248
66740616
67378062
17192935
67909363
57797826
72632505
49419881
23934017
27491188
49167560
38146370
54896429
23338491
69602562
32710535
49410593
73798436
55263312
64080247
23930365
54528708
31609547
71818370
72178670
41108930
12373606
49784787
73816682
24295987
62737452
54353042
78669868
70568398
68374764
49995908
28876308
74751013
46173770
65612970
72998394
53151871
61528507
50711115
55023820
68991544
31123902
17196745
69733825
35056714
37947981
39170612
46143983
41229824
50958925
23122110
33993318
60844766
53417877
57500519
77706489
38868324
54132365
58801596
79106871
51378989
68196452
65445319
24890186
53397996
50519886
78971289
43693816
51089531
41264660
40790086
28795437
48255853
31997394
50046893
43765711
38336712
46642451
44966705
13891162
67733562
17219123
29992032
68376775
21425011
49936544
45426134
57877740
25006273
41318377
55727680
25469504
26361663
18116941
74625024
17063138
15086309
59580368
42035696
58255297
34646996
30422951
57702875
30679318
72294848
13772941
11854227
40761444
59789718
58855070
19396812
23560161
24810097
18134250
58132029
32805840
71301843
22189076
56929187
79464735
11982924
35944541
74211379
62075331
79959785
39814922
60710625
45922697
57052596
73162339
40630458
74420607
59760667
75733577
50306134
30283387
55566469
46643788
44143524
22326690
22790071
33672303
25936019
51113058
63199792
21744432
22249331
73764348
18588347
44005713
45592720
59419667
55620461
52620068
70169275
49625652
19120401
24984219
64852495
13304585
32143586
56449973
70372946
57131852
72814803
44951172
53780787
68455946
17316664
52527232
35121398
46778381
10694717
75593304
13592496
68278211
10585691
65149471
13660073
13348017
26968071
52635829
30078789
76280393
71602397
20763051
77155517
40762400
30605921
64202338
45604255
78334856
32707403
73781971
69083227
47371697
64983156
50052892
57169573
20083099
68946077
34608678
32105193
77836239
58272041
79160994
70394273
36781834
61269819
77679872
54858859
77693049
73326594
71260138
20452935
53609066
48278296
67003434
15040326
38855885
30087731
33779336
51444086
19730119
33171350
11594477
58804678
56883176
51074866
70955036
30580801
58791999
68614160
65933790
10071743
49912741
62168568
60435617
36451778
46066957
28010761
37539901
58388874
67073401
53430749
69955100
76014356
47308821
74158193
73619510
24305014
22335234
51038569
59911613
46974499
22009977
36321164
56431441
59837592
71944252
13845412
25594550
67273721
69119977
66345687
74264489
45458792
16283405
26782085
48629505
13920892
41456935
19599769
44960988
59792758
65311456
32628717
48910235
18183588
78969419
13513788
28722874
28947280
63920633
31830916
74839941
21592482
51130274
21661227
70608728
59409165
66585676
77193104
72927216
42394045
29351902
26685635
71891937
30892063
62394556
21034620
25402606
67679444
27494949
65184968
31823720
45720974
40540933
36070547
74688480
35017903
24483612
59645700
26506505
53084359
17156512
55024449
39501428
30521567
31874760
15080893
42937488
26531835
52836586
45263464
14363750
24950758
69459357
25993444
62266921
65680392
65287073
22045286
59621600
51577723
36536454
21546938
58470454
15218479
58249925
77268790
72598486
65539601
13238263
61245512
34782584
23443234
23091502
19961144
59432513
26793279
68557585
53984987
50362734
26492247
65646101
29418400
32979922
19576191
18944508
37808973
22927634
10371361
13007244
14639022
22616846
35740004
42171203
58267400
25803356
59345847
37054929
53182339
48495511
11061768
46187185
14748972
12931608
35986367
26072226
14307316
19673525
72145509
40559765
58529518
58365543
51113104
64349866
77871905
73245227
21316518
70474559
19637386
49179764
61440633
34877904
68850206
13218189
21311936
42167615
79356338
22765146
76472029
69343531
63729395
29033018
70647497
56479381
51146529
72971193
30683632
27218269
36073305
78460749
40787564
25025664
63868560
34924795
34966247
33549798
60408190
15747728
16126242
58475740
65683066
30878017
21808149
20290746
37185140
29896527
78465675
58863501
15983999
11887363
27066607
41151357
20498118
41651205
10047923
45686108
79765656
31551899
10864370
55094736
40327140
12823916
22541916
35942175
52034603
75575112
65881758
73350050
36982413
41520810
62919603
42961459
47730555
22013849
46332715
12896217
37017278
52425581
28135780
62241474
15879187
73884188
39304532
72441042
19510411
18272030
26363176
54188051
63942005
10470466
60796743
34871918
35973540
27818471
76841154
59028439
56243131
25111505
21207178
51816609
64825018
68631910
43433651
68672936
67781992
75067089
43636823
22787715
69945632
51082402
78564505
69825396
45387961
19530101
24850810
43878171
37839440
76126674
23034377
45173275
62520565
19084003
61358869
43379068
49734198
31673280
60747995
68304889
39369444
76893512
43533473
34975635
57956414
19044726
33077263
10594705
61740818
46318589
28413867
55017513
43865916
38529927
42669690
16448148
77230462
63304510
37365767
36937617
25971620
39468107
14777572
38943140
17296903
73976168
68332119
43157497
60550048
52415044
48428345
12126099
69687717
62026285
54935354
49592040
47602077
48110363
31637968
29948447
14725466
29598714
62866240
32665175
20556238
48663819
66862558
28802852
69740794
47610738
60574141
24259984
76633216
40541919
67251388
59321558
32078066
34458540
57924885
61071207
75696023
23919743
31767375
68443721
27028919
46950362
67877516
56126757
47026301
49144324
65854321
18280534
78568242
78567679
37555731
56088898
17988990
14816858
61315939
35157652
56760728
56294910
47477876
76006273
42958145
11852783
50299248
23519525
22626604
45760159
66983056
17730713
38671290
45918818
67112055
57294945
38616845
42396723
39990024
32056333
68120897
62993058
57585921
61754108
52680413
40065223
63221317
60213770
75593920
41664765
54979222
61869447
67782243
10899129
37063174
21349562
23684767
48895071
33680763
77126267
78842938
74258087
24117338
10560272
72804341
34054028
52435044
24631546
26354320
24859939
14484935
52705224
76985841
53298889
41612661
39225896
27856824
74430704
77323712
55528595
19596737
47405611
61849545
50471543
60227585
72517920
31905272
36131609
30110320
17547434
42680466
49716262
26821980
37964408
74073154
24455506
31402105
47682193
17010892
20919737
76940810
50308199
30322563
15323950
19553383
51611744
72791904
45535107
42116520
71887601
43688034
25205134
75218590
77062668
31689700
46838465
77546137
40014867
13468942
24694987
13169262
52677777
73781819
74374468
44082446
26088719
75664957
54424409
50912371
48262979
41724958
29052915
53583617
55319472
27936176
72620086
11615268
50886726
45920748
63718797
22038813
69596966
17960135
13582760
58016543
24956903
53216286
40271067
16581852
54500660
52812355
72859453
66394050
34811304
10648392
45148894
56343781
74965016
67119141
77223021
42604275
49072928
72741792
14835878
21499469
18984407
68241749
17698021
61436585
60599524
72027838
68009312
18960529
70823662
78452211
31262275
48369847
67500644
77582750
71838265
67223951
30628157
28648697
63836088
75870757
43455388
44713129
78657997
78319082
39032128
60597198
49353046
68466467
18544427
19992325
14453066
44694853
33308820
77645700
36195658
67811531
32755008
55716251
52715869
48270351
57186583
59206757
17695867
50905639
40654225
22641336
79617669
53677840
35942262
35456295
61927893
73736823
71664902
39710355
73278960
62403512
14539262
60805490
54520786
31011816
76181225
44333094
77352880
79988393
54947797
38480311
75193934
77015840
50842351
30344806
40766615
24277262
18446023
45068842
22763479
59538235
42747202
44665972
12650509
28211853
34406567
67619919
78633983
18637927
76076140
73547990
15952429
29273542
41591362
44331557
72515665
68786613
44158637
18204178
77946013
66650982
65425040
73046256
34581735
39129158
18336558
51328529
37034636
30709573
44463364
47835439
74159509
12439130
48727001
29327287
10660426
36543148
48257739
60997621
79633464
77061509
71952974
25809285
79755894
25110556
26155960
64420926
58440855
48736485
66566624
74409412
62992803
20883604
40944186
61643971
12126930
16557922
79006701
79339216
67410531
29762653
16092544
55853627
16811981
77996852
15795489
14153812
59644524
44233156
21219405
31814030
76468338
36227409
40937815
48613806
22167613
48940363
73108940
66047893
17842757
27102740
28846202
31640207
19770453
10328900
49240160
36502684
51347765
65495661
77696690
19879787
37809465
33018863
32641054
42514558
10497946
27649593
22903517
70537015
59336198
78761171
51458594
10648535
77912186
52129503
18368332
76934308
67888180
48079010
48621245
23411860
32050083
77156010
18359645
55241926
43891869
72414767
64312661
25105647
29729091
33648880
20768326
30186498
21567270
29791474
72500482
54248611
66366884
39429799
19140600
26506598
56541127
65561633
21198242
32433454
77440207
27419845
19607407
24989723
39819775
62934186
77584672
40678758
79801257
29410990
44409098
25708719
30992465
68198504
66645174
78912915
69248519
29404661
47109705
71537238
23970855
18341361
24898777
68151623
18366232
31736071
25105375
19388304
36388997
31169798
46206491
75619830
54252007
30583419
64364165
70976637
39850526
25459258
59419140
43671077
56227329
38075643
25655221
27733755
48763513
12848026
16221956
37502508
20031427
66720445
45571927
73360649
59829967
34966495
73473474
14952734
24869340
30954373
21844692
29097854
16723033
40387132
45868032
52251318
69898092
29208780
64140726
45978450
25942312
59676347
75877749
57532823
71327890
44020341
33136713
56368568
17578243
21568484
73600241
54335577
13142036
32588514
12281253
46961099
18086306
49780549
32570737
17141113
47868740
46072519
24329843
62921833
19593609
23011435
24785509
63494372
25655451
20231798
71073093
66274021
29897310
36956315
39188289
29564399
20706850
70604272
52525677
47444639
12968368
67790048
75537831
30821157
64251112
18818322
75236706
67712081
55693028
27281999
48809648
38195907
18351709
26915957
51835859
67694433
31325004
73400438
59722551
74193964
58192661
25769707
20022414
56452102
71789686
18347795
32839967
31074662
32932492
70925712
30856558
52450864
64779138
63127734
40018824
33088103
28277216
76923309
23581987
27650096
20479681
72339470
34860377
34061715
40676727
63887329
42968509
53384970
25245856
42608387
58732057
62914803
16604534
66569271
17390260
31048574
35928672
52490250
53480780
28050102
31392705
53946655
40352286
61132519
49001495
64029681
15043848
35044240
15134058
69186001
37053725
54196903
21616781
17457045
54533031
71221627
28384710
65867028
79078119
42646363
65755972
22621675
13322569
70094734
25520534
25135143
43012066
11587590
25775452
41691398
62971864
50573196
41425691
25891111
70016964
29210490
21659127
39745981
58002778
59092254
65231155
36414599
14513369
63334526
24436308
55743230
51323552
49485653
48758622
16528915
10850350
75914763
43358497
50151427
20600610
59725238
53927589
15643017
49832806
23799883
15509570
57015420
13488675
27469202
19416270
36978553
74322319
45397447
17096653
73832370
37838004
16299945
31016018
72626495
40660096
79900638
67260273
79647078
53941751
61250281
40026556
31395595
37633734
43954485
10478732
48784843
78447098
55519869
12457179
22630933
32638986
28933405
47287340
21413600
39474140
68953927
36030181
58571391
70588883
75323056
55176984
14553093
59188415
71711758
40196889
42255533
35708087
29912669
16482690
24103115
59458321
37615306
39876110
35704664
46594318
58537129
21164748
54331530
19260224
10110173
22202933
13162955
22786334
22621825
30875642
78737482
49346410
58627169
65099295
62574183
50632164
76780495
58132491
24822438
17112442
31168269
79472960
47084291
79092762
49666328
53633997
10457370
41218069
70384481
28271785
34616331
17796239
72236494
29003759
71920716
22942471
45827664
56169811
44385665
12983675
18050577
19061182
47172231
55624165
50590362
64724887
76952020
55411723
55700466
36004103
31014786
46799907
54234079
11617929
27368811
26530538
38943445
39837918
53629468
46437619
11065472
51932582
60968832
46502123
45810275
43509914
41731791
45421889
49075744
46699977
26911889
34141888
20654864
73128658
70797401
77910406
63703249
40603147
31018740
58703885
75419405
34740305
11472226
73251820
55463344
29062480
56220541
28505337
21174842
33892607
16946816
28512707
66907328
18033624
77019224
37986297
39669096
76857127
55818708
10592321
30809422
63949275
17486301
55404925
11217260
60901368
70205131
19986770
51083504
45940252
65960856
58170415
18538040
46656587
45326941
11583789
60607230
23182473
28883669
12068239
38974073
41574770
13527635
20879189
79495181
43333264
51649099
42658913
43043851
38011771
77385340
11906889
77875817
47368539
72966923
25778086
10407261
11613329
31670898
11972633
23408502
48268709
18954666
42271170
33358631
34703586
18914681
25471298
38198422
34056548
38841616
15243373
29432227
14970601
40275423
39335878
50032648
65350931
75428609
44467692
71227015
19475347
50005482
37329519
72501869
74030731
61533163
31659763
10920177
11243599
69275643
72425931
17661533
37482300
60021701
44601113
50739698
39609051
22964967
36875616
57073993
30479904
36822373
16204497
25273583
41373165
19575235
70315258
32982040
16211231
68504418
16839752
11353807
79409820
46521979
68872515
10224428
45288685
77345278
69878616
22246736
74616735
25485040
12113690
40876221
58466684
11633993
57104341
21322200
51651228
36762255
38873754
48727759
55056955
78455282
45568927
43761019
48984576
41337119
35558357
53662345
48663655
47699612
11703448
11540651
27798601
77930139
33154670
51530204
16661629
29940916
41040842
53386697
56353252
41167906
32881097
21151224
42918667
60456240
71086435
15519821
16384028
40383286
65216155
23797393
70427387
56258774
61841924
22923116
76884196
37869393
47899057
41309569
76586055
31711302
58374375
78558867
12027217
46570588
37212251
72775617
18323619
45044148
17850044
42135284
72352235
51633615
71533992
66148686
33004646
74519508
67108779
47724168
78307482
16606329
53756983
29956359
68035675
44518314
71688918
25108236
21596043
64013743
13972256
36952139
15937908
76366977
62635281
62928142
60132547
76140474
77165264
57046157
38687841
76065231
41354644
46422911
61204675
59682353
34948620
13741531
73512270
11303225
15467129
30008450
61224225
72680291
20766066
47564307
44418196
58268113
52538995
64051478
13881603
75019359
13209877
42275021
31916253
22833035
43986786
15252028
55818419
55726733
55293913
35797557
16342792
72060036
16448961
49575830
36086762
75877641
66637699
78537808
10562322
71721284
69482131
24257405
50022856
21934712
33917865
78634677
74615929
28182364
39965160
57188064
35455367
24168263
21821629
63361556
19419358
26447701
25061204
66164672
15978207
14658449
72360906
23910830
49496895
52738560
50722838
64409546
46932989
57306678
47714881
69284687
72185405
11006563
59010501
53890872
39001098
27170067
57500214
55353612
78360067
28095891
22338243
61961452
73884466
25017910
42270213
25244291
76007939
28058360
66434975
66368455
27657475
39269220
37087817
51138933
30497999
33969247
43984330
59287762
23749440
41403903
67461361
40276256
31732824
25323152
37016205
21961162
59153695
16659998
60527676
50197135
16910615
39448722
47097944
78914259
12071762
45974643
30809110
69283713
43558455
36152926
18821672
11864810
21525066
51981775
16955003
12763709
72154945
55553657
26394633
78283680
37076917
78092721
62218552
22834236
61573702
61123057
77615402
68457242
40407016
27800400
31913724
53358406
28475946
52453446
64319083
70458610
25973982
15116867
66511478
63331777
73597901
12276055
63121646
60226394
51095885
57177696
16671480
24139769
48417283
55301520
34700691
75131928
21505872
72045129
41226100
63016280
15878224
38988631
63943794
50957809
72245295
54107676
58932578
67675575
56226959
20328643
48428925
42660910
11710255
60765527
62597038
65636864
47273237
58755397
43103424
13702679
61692094
32198531
24263833
75105538
51275053
49285056
60743895
72540431
71919750
58018767
43831703
49324516
41406616
66994059
76660437
60934951
56830110
15607411
52528496
64578867
16434891
53151067
20032954
22366616
11163213
74376084
55083417
17359184
70225260
17675774
51551366
30757900
52000551
18009403
56933857
15435958
11347784
70492577
79944956
53047800
67792168
73288816
40249660
32829790
15603058
47316578
60990498
23071823
12570863
26650603
53122076
77803746
21916844
54504624
35949184
16289231
59770841
41192135
54482739
69837302
21948447
53070717
66157134
42308453
61391456
42840285
37465589
58812083
54670933
31768793
52426650
26651726
22993447
17805200
11126158
18397579
59538158
59558670
79601501
33214046
79970977
76407865
70866475
76935013
39464265
43412268
14132064
48765906
43390994
69389344
36447064
76877264
32372735
62010881
62410484
27746842
59191205
28883846
73319748
70609273
21118280
38007907
14182726
59914030
37019865
68463459
73664556
73513813
23750123
12025227
72136119
21577088
39319379
27037405
43704622
23412976
33931563
67097683
61607275
58221559
37351025
24190713
69142350
54938276
76093488
50059418
34075900
21212594
68393473
62691554
32814266
40215753
30929939
65904604
52452514
66735361
45719508
60344946
28503881
53444455
22282233
33521431
59033263
52947256
19524994
32787315
27888335
15764947
16742943
59832343
45800629
74565865
10408497
66827320
49641430
13209155
60243837
79481189
64698022
65447266
37742903
31052885
20719817
76331408
17035487
29878985
69929710
62378700
25446569
48941242
69129331
34612830
36158180
74675829
68782590
13317832
28576412
67956831
74070186
65472178
79041631
67644520
12459035
38776991
34821934
42066264
15920405
54272717
35973965
30527179
34161425
76487124
40193247
56903816
65644869
39899400
24858202
38833332
23272752
40167473
22803987
43906712
56110011
70782635
55982105
35657673
29295189
28061057
39043741
35600035
48150656
12324967
75183752
56523547
74819797
67085191
60157630
17013584
58893603
17567391
22620172
10692627
31820716
24078821
22866897
36725621
78799122
11765888
10811893
56904050
76679913
18758415
28710189
22618166
19333504
36170299
30587536
56089642
48477169
74487906
59681911
27534025
57685263
42153578
47977402
68056782
31269418
72222999
63825438
49029590
14709978
56766545
76328970
33078807
64898836
19414545
32473702
77059940
51605347
63723798
61278363
34184001
69282234
20948699
52462195
74390589
55430881
38829061
34114419
53384822
16751090
23043419
10054586
19656426
54094456
71374320
55246750
46973044
23833697
74753233
55360281
73024584
33954054
35583198
63641284
49099759
55034562
43629125
54050181
19363264
62934757
38891102
76146405
50450620
38060198
43478461
53651264
37522652
62345830
10970472
43650098
66139643
24422649
63842870
66090571
61616312
74547738
67150331
45682424
12800443
69618417
79809132
52276959
64927045
75563267
53545158
54952513
22139258
17746900
47387094
31901735
78241826
39735239
54629310
50970306
45867738
30673651
56726343
56241491
41648510
53521428
66676819
75473432
27770306
56510280
49803461
19324104
30467255
72557358
19815754
23008285
21940581
49634210
12560163
14045628
58294487
20356703
29431691
47464424
75594578
49080838
70813283
30599968
24339354
10929846
57534908
53270333
31605754
67410899
63704839
16845122
52084354
47935047
23181565
60691964
79106943
23397734
78121421
41724032
67371718
59232634
51146729
40926474
34478620
13469087
14308648
72618126
29281338
52579584
29007956
32558860
72034761
18796819
13882283
60940252
62828651
19745343
79448901
64765407
57361285
70000459
39380439
70492197
72294781
59611538
69996635
25140842
49767448
75222093
15212919
13189980
33198523
70270826
32111682
11477315
56414266
43220517
56338868
73373797
20554598
29364717
40231303
79564050
78816466
36894664
43548820
12480607
23971641
34225629
75045357
68710255
75395991
12001429
73751133
40985007
42458529
20280816
13241389
25053752
33376111
62107977
31062649
41419197
23980470
79311872
73724607
65471532
20276882
15041450
75072710
54448887
12209567
72319408
33275863
72147057
31307849
12208327
79465480
16528710
25324915
28223428
59795411
15760741
60730915
38880275
79044573
74302311
67013410
63152640
45949310
12039381
34667879
68354819
72250540
34227594
40757989
31883838
31214447
63810417
44412128
36153537
61936287
43758229
44920271
49296628
59844715
19188306
51097561
13038376
52592760
55214445
47552174
59047970
18399197
59259473
22414222
27860143
22916808
63323512
23870296
46294954
18004716
25059767
39938848
67183743
52615345
60404669
11777004
24625524
67863723
48155761
12057121
15188290
15938314
79970188
65579052
79006458
57074054
56527611
27946956
53857886
14095281
29611553
59451330
46155984
64376630
72341468
26393937
19953863
44746667
57104899
62086072
14801895
24074006
30632721
62695234
22128632
46965846
29128187
68575402
35341711
76392968
64417129
76087932
43317012
42957425
43855308
19642122
29327233
18393540
31587030
63456551
69407668
30707558
33701804
78116808
63247801
75913625
42509755
63622727
29927811
25934056
46290226
66274477
76166498
61198461
40439054
44993468
26362499
11183699
10054496
74824012
55411526
61520145
13837795
25592510
36537217
33510497
71591832
17581524
42526948
48261563
35332977
42244800
13625366
44235436
11323345
29639507
12417127
75281953
42526865
52071114
37949848
70316596
20052128
35719418
61992307
10955378
47448711
52977475
56327904
41996994
11482816
68224640
22013653
72216295
71580169
29649549
75521137
12448884
45111249
58287082
44505473
45365646
18133510
66513119
34415554
55342970
76117832
48668502
20524710
72586128
48579116
38998606
70931213
61784502
58823131
54270046
30046609
31278739
60106961
42997661
61630598
31441906
69981439
68080547
77371422
28915326
64586080
16812312
36550487
60551203
67639319
25778900
48175473
69933256
33255556
47012770
58082498
31432923
62175514
32799192
12884572
18470534
56395648
41500860
62485307
27563760
77806012
64351931
49874189
69198550
76060929
15400452
16064864
26745801
23768288
21607581
74209061
19989087
28959632
60077005
75021427
71921145
51052527
60036941
65731301
73268863
63886009
45265694
46967337
37025311
27901017
75934815
17102086
65371185
30178625
27988378
26967631
40176626
51872575
29683712
41660210
14726418
61551440
16893567
78354314
26110523
52085184
14103415
78366560
78669251
79609033
25700988
21531639
48143242
57526812
21026013
36355096
17996084
56429136
36529400
75935556
17184901
70469514
15270497
36720674
78068657
46207000
56282040
14358144
28556020
24838202
54744807
56398821
78230776
40251738
35120979
46015799
11572279
38597871
66403096
70676530
21950534
52606175
13718568
56547448
11090288
55801363
56150602
61177577
70484269
77374747
11124422
12082508
11360228
20019608
23963695
32237745
45699257
64987508
61145472
79225261
45065813
19390511
25992959
56323854
37795484
40847309
15350513
33891317
79903684
65481588
31353696
38039363
13896918
48085997
45331078
35488594
34968811
62627401
18985739
58486029
56204862
28288695
37968537
45579790
49027569
76744169
66284814
46806531
65629776
20021148
70631801
64913780
35251401
75185756
73487835
53268424
39812635
44831722
46851046
68723402
28443929
20929294
15257981
49532449
53396879
73997066
56275412
18850641
28328356
54557714
79596920
24644522
76884709
40494444
58886614
33506477
76647504
79359429
23257478
21916238
13720177
16473940
11607223
62514213
23658725
53100971
31036837
54831192
57903804
69630661
76766848
78473333
53178166
20057672
75224681
28729327
44424045
55719532
28856488
65290962
59283232
48896552
12531143
54260132
45143723
55717369
33395283
69709561
55528073
59989135
50351628
28106286
44683556
65870705
75398511
73602824
71893566
10699230
17667816
71186870
15948689
38694188
43820119
30824060
45502753
78608583
67738777
72805789
43871932
48009923
69622112
73103371
20893482
20088828
32693449
26488057
20598080
44272901
28908410
32757453
12433485
16296283
45980833
51667634
66943390
30558760
14989121
30788489
65750973
69090004
56062396
50332334
28005725
14815684
28546409
27982731
30427881
58554930
25956820
11772032
29352275
54088360
12187374
36388782
57029960
15189455
49775331
47418674
70010922
31188722
32755163
10279054
25489467
43741564
71327129
60699455
12129706
62121328
56299466
57188902
11972338
35283189
46943424
66289738
28867497
75473597
46206271
43681157
27785465
10902640
53101051
76452480
43790817
56983524
19265745
44564129
17521879
60253618
37804377
13345277
64607580
60778077
71253467
32301995
37016663
46459472
78019280
43519090
12061264
77863265
73549419
55164847
67849761
44232621
42765186
29521592
16942269
26899833
44390545
52068182
78627422
26932215
20643137
70315129
24558389
28696822
76707373
37240188
18868121
78985413
71654303
38247562
47914537
29364970
37515289
26279460
13756442
41067916
25734950
74734608
26546317
68198186
42034191
77709642
79035561
64302285
56162309
78840946
13168412
12448932
55496460
45678672
75370508
79948348
70272715
22551607
15177370
41620745
48625533
30803515
63903580
25260920
77908841
31585445
43258529
71549015
42159111
55597882
18131898
13517084
48600397
34675350
39591804
59590718
24281972
78322893
78448666
73529616
69493630
78140129
30670845
22503557
59243539
44932173
48931033
34096914
48422290
65435800
63705394
56639040
70293277
55414146
72225116
55218652
68460320
57646145
75078191
30754588
53512172
47159568
64613142
30317998
38884162
25513599
41694024
13352740
18199982
45210257
66836025
64265887
26794843
38482804
21372838
57477784
38856080
27898640
75804519
24354133
