48665087
52109754
38128656
71791221
19864352
74504448
37236822
48171881
55360911
68544761
22474194
76643495
30411890
26304719
52390424
28222653
58867255
47021160
70984944
56747100
40697867
15056969
73985252
39885677
45324841
50819896
28686918
76068957
36864922
70082569
43934640
12652181
69257243
17224221
39258683
11684335
65729262
32322931
76481027
44309479
45721956
65287934
29222792
16051913
31407914
25002963
33351609
17847908
28934802
75836660
10620454
15205499
12229352
58490340
75327125
65803366
24459560
31096305
22619293
29620703
31383719
68382479
21033456
10095186
44387651
47697773
67086183
18767886
76233812
42237563
33158952
43984072
48327741
27789645
71907518
71455190
28509495
46684914
44467179
20881424
62643410
12716879
29457289
36916797
19738906
66761140
51561964
36651270
74488235
42795248
60149315
74866944
26773992
12726914
28570007
14032174
50687652
23044196
62950952
57453377
31933227
74646842
37696125
66843323
77264247
71622512
18550752
68684972
77319786
67153105
18962297
20310413
42454277
13619765
42829873
60423458
78799253
42998970
33904190
37924850
45767156
38843987
65747805
62328535
27053584
32464725
30568859
14831506
21207094
58602325
41314614
47747423
73300474
13517798
70762296
31253752
33507371
47288777
47605547
58904423
24222948
66778567
42423829
22142663
65112008
11451066
47555354
37582319
23986405
15508838
58868858
70406625
66483143
50479745
65958303
17241295
47053013
44765994
71620364
52257326
49486737
48611662
20321142
66258701
11115928
19084771
48535542
45075005
17163778
28802134
56842824
60282045
41932308
19011721
51661868
11282122
18823629
18117335
61640378
44298491
44224628
21102313
45785619
20236926
57693887
59237161
22571120
58628805
10222439
19110495
69481318
55763534
35329866
13955242
52280100
42547502
57831879
47816531
13708315
22285515
11918593
37545579
52852085
68886388
78923392
21045189
36681546
72934786
66748075
30646200
23989464
38940325
67128588
43851875
69111282
17791311
39502618
79076896
59389644
33759459
58229760
74542789
22609952
70665212
52692129
12061325
25235952
67831631
60397009
11517186
21301172
55074424
60144743
63411040
67722210
36712831
43766281
16437911
22790754
28426204
72757343
13006474
21251894
49257027
60555455
60705663
22698812
62478698
50398016
61868508
39583230
11618603
22726404
53542677
22859986
79407093
46331301
73392677
44402988
12980933
71269340
14016350
22515083
61469342
34015103
75782910
14121185
72078064
22218631
73885020
21268424
11893709
20572996
16443420
57277235
79136578
27803252
50254356
15231666
72027854
54471708
27514751
25720495
59026514
40071553
21453760
63778061
79861800
43321587
53175264
21190320
53269460
76434967
57760645
28431358
78767086
48326572
68429846
50528779
63809899
52699340
25056623
39458412
73500281
59244777
11398028
36368850
32139844
49560998
58480219
67799302
77251136
38529732
56572618
75091234
14409038
61989435
60963588
65378724
68485965
28143397
17641641
13915553
77080163
45244925
41982134
39237816
68121537
58188288
65681692
55213681
29898931
36684306
26746528
42672838
14037338
52155038
31697338
77090210
74671022
50187487
59229631
74677200
73725161
52010352
36250833
76328014
63637715
30532035
24914589
54364113
25439610
58769047
33390679
48655221
62215813
37547685
29314232
78846721
48356837
53326157
38075246
55277733
61513645
52877633
73137046
32538933
63531448
40850508
33737947
14149439
76697828
13220508
70733990
12459970
64133687
58626366
23226765
11667803
52745943
75347794
41566887
54571116
54951091
56295048
21741887
57809949
29528287
32587674
73772007
45671516
57066736
43320725
16018703
28486085
38810561
29306019
62441487
49978623
62970561
13566828
51061391
78018371
24138114
70367994
16520336
38878156
30981404
17122994
72034578
64912831
76796887
30944260
32442264
18173835
78780044
23464381
10666363
76145919
52945783
25515459
52372762
55811669
68393606
41292007
22274157
32861708
41406610
28517732
43125176
15380131
47388140
56888392
46002400
65860670
27737271
36864365
14551840
41415443
49303968
34078396
56909453
63113153
43645193
76775092
39665401
51622094
38014564
33465856
42052517
42805912
26861212
62037511
39427995
42990410
66709053
19923360
24852326
51311991
22523542
71832388
26652971
37701445
46943207
44235738
45356052
49926622
15664166
40527810
45937860
28324374
65800867
51939103
66654645
11280694
21481176
51410566
58132031
18594582
48193012
40806291
47880297
59895591
66639490
25678566
32444372
66144106
70063419
14599152
10957283
49150285
43234477
52034874
23142145
71729033
70677057
25751759
15754202
17577923
33425980
75675301
10163251
40391167
16500920
20471917
44883817
26356649
47313778
73758413
42888181
13076926
63014672
51131007
74105074
20517729
77360959
24111110
73664495
26822066
10391233
65256114
36831171
71341871
10698684
22492699
24513241
62945524
16282759
47354831
38087460
36226573
30456563
64405157
37520250
17028767
64955134
34738968
34630537
42428696
60189230
65984211
78883501
11616854
48335106
25774077
76146379
66135708
33458353
20637829
21306093
36117117
26857925
14301238
72251231
45802985
65171768
39009270
39771913
44228174
66299539
60474202
38881791
46279452
35179005
62657331
76849709
16278712
12235749
10707382
78264591
52373474
56468855
61739773
64208676
17791314
57093543
30169983
49906884
62851723
77654532
20786157
65156796
21592404
23434833
75537287
64992048
16958335
74704274
14107819
64526405
23407684
27435928
59410384
16220139
56985022
29735504
58741124
79771113
24087893
36752383
75656292
11481479
34545695
16195931
49960192
44891171
30449271
64234340
14246338
57977106
78149062
29930270
11432368
55182344
30348316
64315448
63121130
28303380
13971490
35830899
53966860
39247230
75097560
67779690
73028352
53467675
56945251
15920736
48527610
56633561
62841691
43565140
42947435
39598840
45064740
74841703
75415400
38602993
42421062
74594281
44884097
33293406
37522295
16586418
11190303
19015590
64171223
12847006
40548354
36267439
27888217
10547302
39868603
47853954
65085342
67711337
65759242
64209191
14647021
20196452
67835410
16336695
59213005
18555478
13356398
23659459
77131698
48456553
14786426
37997880
17374075
34938927
34365603
13283624
73626543
25308925
77485010
70399040
64137906
23743864
46691045
37971279
25767942
66843046
18772425
79194178
43162044
72422834
66933579
34765259
79765152
75238058
41613364
62495206
69392928
50783042
62916338
68555663
35270092
69370384
54110662
46447109
40135039
16851231
56977404
34654495
37425828
34425039
74972329
74399497
34958063
51400395
36590922
79251198
19778333
32338505
63168492
76616728
43881886
15201944
17726483
53850573
71590817
76036649
43542728
26238307
31789040
10545289
36197563
56519659
44437218
72403325
50850531
77413847
41252902
21254091
25853964
62762718
52388517
49215650
29002618
25522212
53352869
24808301
20775904
47281142
50088115
39450994
29999841
42976870
65483680
45748992
54881019
43840320
45480809
65743491
69329932
34636810
55795793
63789431
14692829
14375332
30698591
55099577
56355640
70897243
33389212
71348177
17986770
67950225
48352025
48173910
78285861
10137619
35993429
67193019
52587380
16671284
65903806
70546862
28251917
75151518
22237056
67911236
26302315
69600147
49559065
32048737
18199490
69061640
33490480
19803478
15277544
53123565
18484646
11506349
62444115
72846734
71568420
73965974
16132778
36934755
70617349
59094666
64119372
54121467
27308121
54647136
60421597
20677215
19405868
68677191
75772926
46506597
39716836
24974900
43620605
72848735
50129557
10710448
11497048
67349797
51911474
63613545
67436912
14876938
11646731
79959956
52359151
63655317
43404055
16373194
52257251
41863829
68470331
49664465
77665987
46014051
12722518
15310669
68566901
73635650
65682073
35685404
49544725
37015422
25246933
38680087
68282717
44358389
72791934
76739200
46649767
64688302
30892006
71609294
58702168
66430831
68749394
21792522
30149745
49511661
65102359
56274134
68491791
21101790
21946196
76816719
35281394
41699083
17094443
70312944
31955151
33025445
40175739
28747286
48973605
30439005
32303942
30501839
26836855
23292193
71278545
29489409
22994789
41930302
58705566
10224970
27716780
65504849
44983003
47352002
40221399
55440130
18172631
54217717
79436912
56592749
64425678
34682017
78817729
25135515
61517274
32952473
47774344
24465120
68983330
23086944
16489364
61858417
14958633
41538671
49993894
46802837
14277392
10183355
19444115
47126870
73271021
60084342
64260260
35353733
55343331
39413962
26564238
37627827
39823068
70722904
70984991
39236645
16145859
36965123
47532866
53189971
20169087
10712295
62167146
13014955
35063337
27168644
51240951
38983537
39923637
50537819
12541044
42323001
43160035
66634474
30024918
31795395
75112188
75681679
55858796
52918598
45863365
47412981
51764523
56153391
54183070
46065204
65447144
43123123
47887903
34789298
56480662
76370922
48797353
68766999
20987895
32280870
11335252
13698581
75230828
79470486
32370861
56590676
26547818
61706905
21699431
46671023
56664616
40707198
44851431
44401850
46680909
47420543
16053941
46473718
25789429
44769978
13248493
16801326
72899145
11376368
49619594
79074687
45442395
27669267
43771587
57321489
22450549
77392864
48855521
49892885
37696566
59775959
55167796
53359707
55252701
59815812
28601200
36702714
77435214
63502753
16488693
66835015
48448429
28738624
43935032
31106769
51180785
45287608
36527619
70439594
45004620
10582827
41025053
40950024
27176945
60132724
55660603
42408229
41911915
76672771
33078427
57765377
27481750
58772473
62686541
66811063
38978627
17028677
57333471
26494051
37967708
25998888
61872432
18891779
32562328
68026502
37874075
39624798
34511031
19439139
52261088
33888851
58530683
79177720
65500960
46518997
64874123
10454688
13856970
19887994
71060258
27042255
79259755
16701243
44709896
79492909
13773727
25911643
36666166
27402385
48632129
63671182
68944068
11288392
44937411
55867592
36156240
56014504
79919802
43082681
58436967
36239697
26904873
24440289
76362091
77216737
74250230
31507036
75705310
66446188
68603333
23700625
48012331
63262042
63539097
33643117
52399632
69156668
49632150
45242047
65499678
70756383
33442034
61886240
54447789
78754336
62835948
24693122
57608124
54441639
28857414
40692209
41785045
51711037
63980540
12742957
75860709
50505160
76749252
32724812
69646571
65005903
42253133
13607840
56729561
69691050
73722676
42951802
14219628
72659520
24568305
19693246
54334759
38130276
37747794
73338136
51096706
26821322
13984985
58082147
62377738
28575654
73657898
51044343
77702492
72619390
21671440
39014267
32621621
19588199
67463646
17475467
56878263
58011882
65254493
23091460
43671463
73277354
25441634
69527055
72126846
71396973
47720352
76501376
53279190
60880559
28120703
17418237
76430593
56534664
13638754
10449494
38145718
26751368
71301581
60190788
24372338
53818946
28924259
23550180
79187650
19793539
62368348
59859651
51380317
75170884
34130993
38678192
40935880
12271403
38996813
70267759
32198398
53754460
34619496
48296193
15898486
47353930
16429833
69632924
32926521
12501646
78641064
15160450
51711552
75089096
65077897
54636282
76770527
55921048
44661714
44514698
15484304
36133967
11144914
21319570
51198173
37503365
78561252
35814055
50853400
42596363
16511632
62971464
37454509
73507622
12165837
28071944
57724314
32087187
20332536
73024392
67231802
65918923
41539567
46113913
57022777
12236070
71156340
50575780
10930516
55504963
39963434
52867264
13640407
27709475
37490280
14884276
12575424
10072930
72170012
17592112
37577448
28369496
13635161
48076252
50153491
11229470
70647775
15679175
18649755
31604045
61325703
14836248
15116396
71803134
54863769
60034071
56836473
51608261
30550165
24182098
42090857
59423591
28357033
48773104
72993041
29650132
50642465
30148857
18323875
28083098
44851532
31897293
76764358
67896379
75216977
76038557
38733766
12868925
78006327
15139123
44806795
77239689
43146698
56631335
18417751
36481916
12685535
20190601
78296938
52371526
21354267
48898442
57277304
32209643
15512132
15754392
79944952
69202361
20790010
30174969
56606485
40203803
46186288
14432409
10591616
14879818
62066199
39421406
14387474
20015339
48107534
19930819
66592538
40031757
42154983
46813532
17335901
23561552
47603219
19348384
61745470
26871022
43741143
24146171
46007376
30916533
33594433
41873656
21416334
49132634
24908009
69220970
67624520
75034562
67316664
63152713
38348404
22274364
54953430
25439002
24166928
20011302
14487537
52142013
63778561
56168394
42054653
74805080
73371211
35243466
18270661
42155021
68285847
34366761
12699941
21747731
16652597
63950227
24381364
18447231
61215724
38883205
51604899
61812039
23160399
58427732
67321877
61032581
13203282
67508265
31190235
79511599
28418520
61154337
46510442
19214643
39995535
70798300
24434221
10593960
56746974
60399289
37430181
54686155
12715357
60453984
13908041
39842299
67114626
72258759
32343133
53804412
11101871
55828275
34303313
24977093
60731843
55179497
21077671
55823837
69548185
59997990
63050632
30429613
56709748
37824029
42018214
73126341
66837350
72803962
57219215
18704221
59114000
32626541
49493872
48079742
53208838
71963058
33550877
56416073
49909813
18349415
16881305
29990088
51950301
26546377
16092647
44570440
79099685
57225169
63905078
17944266
37348998
77601337
67002916
14990589
58954095
58702164
55919435
67712526
33665104
37781412
24105743
74251981
30872629
20403371
78280870
46226681
21443424
57708840
35588414
11231701
69498757
35311882
16682302
43857115
65567279
19305973
21628727
66865409
59606049
16836999
47373490
37152712
21325433
55852605
66081917
11526129
51757462
41189611
12734400
15577663
63780408
63555069
45443799
69179775
36252905
22933947
45761516
60733201
22647557
46524405
19977479
10915724
28687183
29146934
15088131
46242907
65030198
62089918
68389694
54296762
77802050
48334769
42117545
63410709
71719489
50327678
54830489
46168932
77410460
27317806
44026265
64808233
68097088
35804779
60584187
66761393
35293394
23615911
77725115
57446800
52939807
43620098
13156222
27028681
53359932
26383325
60380355
78266733
54129119
18617802
11325086
59609642
50831333
34412182
64607889
68062401
36967987
42057642
36528956
32903861
63436846
70833522
39448700
36837453
57160546
73227185
70879062
37242583
41674808
75873727
10607863
30901916
74037110
54912952
45286599
39459308
28017296
57046411
41546832
64153520
24993786
70514324
59577925
59537393
65361560
20364849
32451671
78208499
73125114
18653257
52904591
42168726
51480808
57296828
38369967
42066788
42364018
72514456
46701365
36587903
67157554
45505049
15835706
51570008
72475052
10233924
54791564
49431671
16916341
41093113
44745664
68767061
67912521
31573386
65144241
48712390
32207427
72025001
30764350
78405313
38972732
37614453
53926065
61328795
17580439
20010138
45289026
12639418
69845636
34102879
65285773
62790817
41311972
68034551
62742326
19819958
77143107
63111374
70456468
67205598
76378877
21445899
48896757
49688870
62013119
39851323
61266878
57781045
51931461
25519759
49250500
67040725
24056388
16106410
40521358
77322160
11873617
68746282
29897369
50466618
70174231
74397528
70500404
51687188
51862160
67367227
22816193
52604938
35261757
73678121
65837124
51990335
79079286
41840208
60209708
20980183
24987963
54587578
11241871
41807050
78439137
41873419
60800076
75144711
22877687
58860854
70742820
77020521
23370629
27270854
27808127
47159423
37520249
17531532
17611299
24464196
37204840
56905006
18419539
27406558
19124072
47167594
13568054
29310165
63105914
10246074
37047767
66629630
10348970
24830843
61903074
14218536
39619176
32183642
44574570
72016794
55074151
49826470
34922309
55114090
79541935
61924330
46064877
63452029
13901923
10896548
14346780
50933728
19498114
23953374
25344059
18356426
44444039
49038805
24963211
49397352
33244761
60382274
13597264
53251510
55352027
55550325
68221338
37150580
29346379
20221707
63599253
79129236
78476203
31450764
46362319
24348531
45159199
29123474
28688873
48221809
53943940
62395870
25769436
40349856
64110309
24726820
28057523
36159200
61625067
55367005
27932438
57137404
27981393
46988951
58856394
76413658
52281112
70178439
54071489
27076306
39007248
55507739
31524037
25852776
71965806
37077444
79922116
13218602
34780417
31121457
62892361
55989409
33308334
17016283
37536775
55292727
25418826
23184978
74028033
57886159
20257267
55368004
79890184
36989258
47621278
71480509
45834653
20179326
17546308
20994284
52644220
39234629
50269003
77498149
41031657
17933979
33816919
41336052
55393199
65391012
72728536
68193326
53940488
63560158
53050277
29185240
48042447
38525486
45635075
55977157
48996227
18309522
13923289
57795307
58640104
47822698
51112013
26482021
63447960
59625456
50035984
57870030
15863682
57918566
26852382
67076695
47175771
37836788
25600411
47874678
66342059
36427936
36468172
20327996
71750063
22985598
27665084
73189436
67399213
29483092
13754412
74207492
34186935
57205320
23415015
66781521
22993126
72632302
47752617
29423102
13422076
47309572
18922722
69400276
28576246
25948283
74868591
53411050
74723989
36026191
17147638
39784191
62971497
23370134
60984520
46753174
77980230
62007425
41556562
70848177
33143476
39381272
36216650
24823280
79035299
63323183
73729157
69837565
30828436
19476337
12243425
52057185
67975745
69113253
79414311
40228428
49029239
35189338
40690830
76810486
60822751
16714199
60337483
58017108
22490157
38067158
33384587
16143009
46265231
77152899
72356891
65169823
72426095
30010961
18397153
39363633
46864899
59982024
51968050
22493881
74843354
59013107
79550848
62735162
79902168
63107999
13973267
56867525
22185793
21155017
24959466
76660873
65596329
49275051
61137113
68600525
14797013
35831663
75118663
36255729
39536732
72258821
66676088
33935725
15237770
42686736
15854733
11748220
56126144
50091170
62109087
72261736
59978259
59870705
12691918
63788673
77723706
40241776
67167774
12157640
65058845
59564193
16382203
46426551
31864376
34956937
35833643
31836229
35523981
79657156
64175194
40559062
52410706
69231928
43162179
47287661
13566352
35155590
79118867
76501021
47491062
45549254
25195079
69987222
76953723
69885540
69356639
38392381
49379201
15215327
18683460
24004720
35935163
79367546
67103900
13565475
25530299
43424406
47045641
61744230
79814847
20220789
76751322
49171384
60776287
20943540
54811757
11593041
22303592
19689107
68042268
72779062
72221736
14844219
54217728
49637785
74153809
62725384
49128118
76931086
14222947
23075077
24735923
17487212
42739394
39520250
63708855
48833946
59262380
56870549
44538487
65081011
60283743
64637320
77579329
46013879
36933354
54967153
30388274
43201610
70875362
61565197
78243385
67184386
23151881
78463571
71117103
55117912
17981445
61800960
25801721
15542825
45777652
36591188
36703054
78138468
53013934
65438297
58360681
78102200
27323464
57464891
16131902
65924585
57773708
79519294
11135335
53239712
63648138
41344048
62113011
35204012
53094402
21083643
39837503
21916592
73435277
54956557
23392390
68552717
30905715
54591746
24221989
11924743
57229795
10959508
44384220
54223290
73169933
52287129
14934875
43020423
12727213
79764284
23601195
27330454
14096531
10812398
60316256
67633922
39742434
26567376
30631317
38075934
43260525
24558278
60682478
78565832
47520087
79295934
77241738
64488421
33266104
17249697
46419521
42414036
12436263
53725489
15146920
53483781
11146311
62770097
19230314
52774408
51269405
78357734
24499482
18764515
46452372
38031490
48235242
64541282
55704271
42428890
66987169
44786660
27926560
41079722
68414247
17077849
28411935
16343085
11682190
11924986
65795761
12622800
50993896
66971023
62043381
27659032
51223257
28692267
49793115
58508820
29415100
56932462
34327345
65418981
21187291
40574382
42550352
71240493
17998393
16222214
31284879
43132409
16896466
13421286
61070904
66681524
66326167
48587077
64607472
16326502
14709066
31688292
13372049
49150422
55742065
62642454
70364180
51498414
25496526
11365128
79294319
73419021
13425765
72952810
43929979
23634080
69647047
14922719
50199909
16429276
61977155
11473224
68934282
74036030
69400029
71961136
50705423
77703189
40140178
27702457
50917708
67341349
18995078
73338073
13970202
60172815
74477326
31589410
25163169
51489431
58229186
70484173
56469363
23003666
43457154
51980506
11292424
77413341
73911706
64229026
32766331
16367201
11888067
57537356
22852032
45630480
61276081
18254877
56145619
35590047
67762069
20556452
58600071
77346256
21537518
70898335
52784170
25696817
27020357
59370564
60648612
65056869
74808715
52923350
77417291
19166531
68616134
59254196
48045250
50120559
61672898
68266700
65986706
26021560
67198648
19829178
44004955
68416051
26739435
50823028
33185363
14087774
78577694
31836633
25840929
22556503
60064312
35660102
46709351
26611370
42417952
53219143
37625796
42332856
35570338
49578769
49979941
29959715
41946378
33358084
65449412
76535448
61915671
66083150
31091926
47956513
66174082
55774272
66247614
54994004
25756763
11291106
34989490
51121658
65626307
14783814
66228416
19724373
22961812
40438073
33072538
79294841
53276694
59112555
58933979
59863562
15617835
50330893
50303053
72231971
67145655
21271934
13603074
34730742
66097256
43624610
24349575
18501278
22254198
60106554
38777258
44457037
23890281
32708336
14590695
50292663
27086014
48613625
27788262
45818833
44743501
77047392
16900705
14797568
65864199
37636824
57265355
42504006
14236840
56531123
51650547
75469460
69490451
14439936
43017580
53384963
22047140
68548463
48427616
35992840
11118771
30412221
43937852
58649735
52556579
34587419
60708669
53331143
66055128
59192286
62721419
29099557
40265164
65376287
47186981
67153836
18434634
25510310
42140836
60496113
72100034
25472972
17822447
56866869
28663596
38829652
64550868
11992904
40639862
77650007
61313714
65130806
52817518
42119928
53631053
43200577
54058682
77043719
42549266
21318620
78378159
76756317
33286695
54539380
25225844
59816484
37942197
32508604
43035666
41717507
32591083
18025204
45495753
27060011
76854999
34682786
33090795
18238585
32848455
63222408
31834803
59395712
15421934
16735300
55642374
19415684
69563108
39490695
46429539
44134091
79186098
50111416
61126264
11858389
59431237
16787618
13189582
18197251
76270246
60222935
10371819
17545028
61292474
39978106
78923508
10913791
42150479
16870227
73929893
39626961
75930744
68529170
41394061
18123737
31069465
46621034
68248041
60559529
59771230
28751355
19941978
36716867
39804416
25241812
68158177
73346211
62889374
66798286
39184510
64995866
19041323
48237236
32782429
58670425
56750883
35880201
35791930
71258239
71740555
42311939
59953626
42327423
59053903
32444956
37563759
16701280
73967070
53417446
23667921
65960576
45424094
65934292
50740850
46443557
60972423
58905582
24711487
49670820
18603205
72272196
37741384
76984259
77614810
27042614
72028315
28243650
13647099
68058781
10958785
54361457
16475279
52134060
79594252
31428483
37744579
76215003
44071942
37091354
44012256
68722174
37595055
65642548
76405608
78104103
72659269
54617477
50268482
47808762
11959660
64143205
48565616
50196523
71124237
24903635
36192402
20748931
12334432
57786062
62210602
74555401
44883027
46486696
62378858
35726538
66427515
64378568
59515863
32779049
61216155
67331657
60172975
19851150
58579629
11836323
24820177
53522293
33474238
71043001
25385412
74335506
23249627
46552453
75765791
30568497
51938401
53770266
56789919
63875287
14317027
20541083
70358482
24857665
16038002
74762641
50417991
52844632
44345955
17335166
15707386
75035701
77924733
21258325
74676454
41148840
27974385
17932914
16330843
75404081
17947659
72269616
11873894
35026275
10777989
46502543
30800891
73190036
28139867
29177931
18850674
33992409
57258313
78385586
79736479
51472313
50219943
67167582
23187241
60318654
49760957
47553891
32920200
43127327
54529834
79424402
75300443
76723700
42405219
47463416
15971926
51663815
35125295
77325927
71380843
65003949
60708745
35463487
71611349
49874955
20064245
59930800
16358426
43197752
70515585
64288438
23706347
59833355
16068299
78821322
71268106
79771188
10609000
13580186
11571505
75017242
21959283
62527878
30463684
34965007
16110422
51210595
41795979
48557750
47704366
18244168
70193397
22936048
60149979
43079239
65311202
61237053
23716597
78666263
40795440
54425616
75156589
54162507
61499804
33303365
64271842
17638603
75324819
34692709
65715891
38091707
27842743
67008722
22334737
39576039
26725484
36871920
77993201
51767669
12157113
61059918
75106464
46218662
34011188
69833048
28441653
58209148
67848024
14130972
16745793
76612171
41147325
51411464
11994636
37296392
55145759
72808317
34025349
11094630
20938309
78575131
73896007
14094452
57314048
50064224
23841633
44229303
45724982
59889971
79492840
22530225
24037960
61343664
36838575
27435209
74169665
66189028
63759382
67729797
68225273
44473110
69189881
16216284
74931605
36545030
67281976
16847869
41078135
31448871
10782936
66623636
61025286
77535939
11234964
20856016
67193776
58090958
19349050
44125303
51339161
55926812
55804978
10075074
15346103
75648356
68553120
50309090
31467202
64313720
14222354
28729595
67610442
79316141
48913035
56282540
75091620
16149801
22415686
16053064
15439565
15738815
39880779
53435030
48112969
60352384
16301904
30106820
61731079
26350217
10557769
44739837
44125223
23266131
75177812
10676921
43626103
46663360
47656607
45155326
42855325
65927331
28155474
49146929
55731403
16239681
39662342
43296243
70794953
35241468
79227251
22984240
27714601
67791806
48094770
30308523
78984997
21041043
11230672
65139006
19253640
44190505
42987683
16388165
22177822
27946449
17836387
20830143
11705602
48544790
79852140
54312197
78798505
59644018
48625716
56377506
72190870
15065729
41444429
39795551
44489888
58683867
52144127
76579814
46520382
77820138
33452602
68545543
62290623
62178911
12603976
55688329
15208397
17433387
43690428
45644993
72181783
61041129
43574362
57501649
65863491
70248943
28968253
46040545
64461981
27729065
68154465
23382321
66095164
48943299
26415041
31517577
73698309
54555855
42367384
73748939
41766019
52272878
66147102
43297686
48388097
11315930
35223038
20264647
32976654
55325427
50532344
59388038
55651420
77008199
28476129
53649850
45792410
35884823
14925947
61536611
12316911
37444169
19752517
63901379
49774847
57247254
29489100
70287051
47863104
35888006
23210069
77832553
77301882
53202575
32622674
65313872
48326327
29883436
33702247
51047183
26464103
66778277
73923402
26564687
27837493
73798458
50842029
53354533
55557262
56863594
39356090
75582994
79690700
70937800
20203163
70742983
45984129
49041398
27296063
71399932
20560627
46190742
34309034
32564106
41980053
48178040
60192958
22333036
44161830
37343215
61760955
63104732
32027506
65330877
78461807
25816168
62186032
56707125
42604708
65051549
34202813
17910095
32022934
24137810
51300488
39192488
65832412
30705650
33868916
58774616
43597170
34525610
47111543
38272406
19359790
65614402
24003573
78157696
12075774
60445881
20110602
22861143
31517765
32807534
44922344
76423217
16924308
11836873
12873389
38509120
65470228
26865496
53621729
46484602
77028589
69260580
58147396
73309828
53537112
65493031
76338021
79327434
78631720
59032121
46528409
54605767
13080183
21826512
42635464
28675738
46151977
33041309
39718716
13070277
73146191
51025599
40729015
55386089
49724750
44325375
54151902
52341883
68212988
14579374
56298609
21820580
19561680
31195219
18372551
63236718
17300845
41406647
54626694
63577558
11841620
74594954
15219979
57500047
35381599
22686818
38949694
40852009
76650142
74623871
17511846
57643365
50381415
38170910
10183307
60974051
44217427
27910551
66417587
64384699
73405062
38935047
16100365
30582825
25602240
69673267
74696230
67007987
16788337
51162466
74822054
17690513
13373406
56661738
27691071
62613455
11253744
61469301
75237450
22466445
12199571
37480216
42837563
37628021
56470823
71500165
66604125
66586094
66998940
19784577
31005955
70240903
41622515
32745317
21617659
27979825
27313716
70152528
25036263
72629578
23475870
71774357
48511967
59327368
66307735
43823971
61035946
17777884
62544334
65821891
28256050
56978474
61600176
75554401
47609874
55812804
13442117
35482173
13934038
48960431
39745686
10086200
42853278
77361864
23645285
48520741
65990631
40254570
18844976
26786314
57691299
56619679
38429961
43528401
40277954
27685445
20811350
74794153
12827187
17027489
39333680
67099005
68623054
50344849
45521464
71917290
20266842
76017124
67782441
69151063
28174555
27439903
62868333
42204096
67574995
52433307
66071023
22960020
22831170
47814147
29560618
18963930
64424315
18253188
38296807
69929407
54492474
39748763
24264947
34500168
72787874
30155543
69800766
79834758
23437956
33309440
19946327
50937483
54978126
24501611
23034423
12063020
37441890
27813824
20985321
49416304
42479140
66306901
14977463
69595219
57740122
17747599
40097297
72972245
31804413
22980374
69446652
20919167
26411422
48677613
14640254
68095715
15677958
13849746
30296120
56979989
17941237
51104134
45947040
55469920
15250898
29026917
65696781
48303550
33063609
32877329
68505318
15476224
29554240
63610001
18269799
43128393
69044718
16150498
64397135
17563279
53932739
69109575
22516838
54659277
71664014
48054302
75585731
76921520
60721577
74476547
73837014
42879561
28246891
28000196
79236388
48124644
55213634
68587376
17819214
29727820
19946102
13107904
61815854
31089434
56964220
16756555
18414489
16279462
33408741
59723772
13187578
64593277
74120562
34286193
59050156
52858107
12173723
21861040
73263802
31937795
10268195
22978356
10247739
46681021
76492727
67514443
73782147
75726863
54247052
71024870
41260799
17624554
48681018
37109926
67350279
41595734
15895769
42160114
46224724
67487281
51929041
59898894
65143227
33556486
15785414
27173710
34398627
73161634
50314118
38233683
10290088
48840241
44713181
57598427
45351509
25085412
72407612
19441897
12356006
17794809
25284884
36069259
16106337
73151566
11347123
57043603
21065064
77483808
50748181
12336037
49015221
14927060
25918520
31706994
40127731
71563430
78294645
18093714
21353840
44818949
66467122
19631004
48500369
51009981
63020506
12914360
38322548
40651385
10631618
62189808
62830756
32859098
15414761
39731451
20560911
23055719
10092553
17655690
13418714
25303992
79091953
41517688
42730290
16201257
77302592
20185616
15619075
52963335
66873096
32032715
40198038
70470144
30780369
77312258
71982050
19318334
20329950
31070106
52825497
30414780
67952628
19592437
55007277
45577430
55341751
22832682
31549794
57633229
10152125
66498881
31760874
13584916
63099657
17552729
76121933
10575710
41719536
51935018
37657560
73298959
37222977
35886016
64293620
50289842
49624289
42315960
18022199
34080829
79989225
32295251
43667303
14761114
18423714
17190679
32675032
27793553
70050179
38878990
73633988
66444225
51169402
18700885
77825689
27477879
54870499
56507757
71893342
31486166
66964513
40234644
27129517
68092924
13817687
65004319
46034282
58895979
62201187
24689145
65463811
14466540
23145463
12856667
73994166
63826780
61329046
47411124
23580102
28979339
16758578
18932552
41509796
36818146
59802700
63328210
14742880
70843761
52707749
36984939
43047365
65251400
15158992
38229314
28978482
60466129
23482848
71419480
32074028
36364479
76851410
51792971
34689024
50710817
47535786
62230239
68332856
78763677
56659432
74358837
45709632
15408412
53575798
23827510
65174161
15215501
50343995
26620256
28234625
39134400
10407630
60480012
29473370
55183188
64732793
14381137
37311583
54425107
28959606
25066260
51009442
12977315
63586120
39282229
41895065
71474196
32541973
36984864
55691167
40681390
77075673
65918900
32365144
63454823
67701264
12446306
44704728
14994392
54887815
37813229
24189614
41201394
78082745
74787572
75990287
43661965
49834042
72763415
53841214
38990243
21235830
41834775
30407682
41290089
19760332
65874447
75899031
77799335
12466271
42620746
59539788
72630040
73954848
63884076
43966042
77477614
17754619
45985779
12204350
50812503
14140032
65509361
17400246
55527538
50279943
44185621
50184290
59022514
70200615
43132136
14317651
15179645
38201928
59412717
32647832
40658677
57013724
54447238
49547432
10628435
66419102
10371581
79201894
34372550
60320748
18245386
64903210
43838401
14551707
58638757
70795106
77590501
22173925
23306764
76792343
27402601
73503364
68097963
13515344
23590846
71032752
23604427
58386477
24930470
53223411
19436316
18163957
53727810
11632353
44881683
30408442
69448544
11235844
33483378
77627083
26783006
19426460
73280724
28051265
78128309
72237362
65982432
49744651
50467967
78112129
16722762
25199329
72396795
36889138
69886085
28784089
58508511
54159416
16039184
53727961
61211835
58026619
42317882
61221387
76110160
59219747
76785092
10386026
55836092
70945059
50517792
13943067
69952831
76274120
29633185
73397139
43449931
24175480
14555105
41596881
39272892
17548051
63926159
53075089
79512423
50087497
42261277
35838881
20885632
58121687
50701933
12107104
60613921
56357018
48025293
50714603
48928881
56339199
11201143
13191851
79906222
42128102
65948351
44737016
50833698
27983177
57024131
60223052
21994429
34846131
53629933
54700214
51992562
51094418
61016220
38014723
49163466
51140161
78222133
36842763
16675859
28441889
55444457
40082300
34764899
73820297
68382643
55625263
37197194
46670572
36982896
46254093
58569884
33605860
63560235
29845450
77009463
69013768
70397904
60002275
30547017
28406837
34655641
15111543
37893644
10955303
66697032
71299541
78794135
42941881
12011574
34369794
20336148
48226277
58690527
36849035
38793407
50035253
39805667
20700926
26190074
73012364
11708544
67155672
43902813
44059327
30978234
62578256
19551035
49411473
31902489
39306521
33527093
30998226
52404324
42756782
59311782
27520484
78801417
62598630
69692672
40888090
68529221
79781792
79635533
49355497
36386909
50579847
11743932
20868206
14716084
66750516
44127662
59424122
36309987
55297603
76583392
72183190
79603929
73590728
34969314
72595028
65362818
62513962
27905683
51687357
70400100
61444839
36120674
57482694
30621391
14951666
78048860
31560275
54294505
16804695
27023769
13198171
33402712
41814775
62597493
13399716
34427208
52991787
58197052
33836530
23729805
36363593
24092923
59566795
37183595
67223136
22250256
76617720
43569014
41714370
37069608
59174517
19440842
36471955
46240080
29545195
55125168
30411522
62354153
47955059
65672555
30605803
54284757
30778455
56510063
10995776
28240327
18277632
54409991
72096844
69056654
78343367
50808035
44096306
78281957
15874452
24202242
61025737
28389232
73328202
36498346
67689657
27220513
57078166
34695855
53562690
70883989
26712279
49984760
26595343
43578868
23371734
31564001
63877291
27942396
17821882
22513806
18105314
74601378
40595484
41924908
15338179
11728992
79973716
34904646
52507141
78700757
20001170
74326491
29064067
79734775
74967081
33702999
48749476
55847577
76676275
61524574
57505494
63563364
57249864
38649760
68824259
39177322
54416782
50485122
71097126
12536595
75284770
44530031
23989264
18638128
26166171
21972991
43967519
44745231
11494694
67986926
40801344
66245408
21209605
14615762
52896448
58481685
72537935
48322404
23843569
67619351
39649802
15965815
24325914
29598219
60085525
19837981
52549961
56982951
65948122
50032865
67338069
15542640
76678796
38355849
64812738
76596534
30377576
25471886
76006606
75320156
40359467
16532162
60349792
57917594
71909079
68082727
63002643
59747275
13660150
71419068
60030855
70483176
44125363
10192402
17338662
71892681
39202679
60289083
37435956
62931800
70448319
22155632
68060904
31278193
74962290
58491493
20408407
16044554
68044847
17513987
18640140
17357180
20202933
72902630
76333989
67380025
21367403
41060203
18145542
54902067
76277228
32976078
63248180
65273530
34568166
55012013
28919972
17138972
70542035
77222442
48077756
77705072
56154559
71305651
38486246
72113691
48816379
58909372
55835421
32138318
26686150
48729757
41919820
45414457
66522563
53965933
58940256
14178514
69963951
71847031
72439421
32672072
18985230
39892821
25253410
29321871
54307176
20778925
59329139
66638486
66061591
24835402
55776297
29771779
68233943
46397286
56600828
67095811
11612329
14117932
50850008
63051813
11219137
21880936
48980161
18044810
41569736
33604665
43020742
45474086
45442866
53806220
24033592
61532296
54996105
77383768
52952245
65530751
29617703
10590379
73617240
58609125
63483741
13030852
69353459
20071891
62269886
24157722
29661062
62411188
19027611
33561749
12589545
41777006
43001479
34700773
56344226
77601439
61430534
36599844
64059311
36793528
48256008
67177648
38084537
37374525
73838098
50085022
59394533
58236672
35757434
32610562
73761364
23836201
19279272
53489619
43204344
28800461
12794129
63521958
52910901
53290737
55523907
51217156
49916706
24272859
74903823
76275189
67808030
72947041
48645576
32848048
10752674
40717321
49648669
16326517
25360789
70756999
52707042
30064450
79990167
41559636
51467931
30727645
23175606
11743936
27855747
63458637
68297029
29370774
24908205
21848701
31742134
72781782
66014119
42634337
62680100
79583048
59046772
56722943
32064197
15462335
58688192
54945227
74734298
57977708
71571389
31072747
65466970
63470558
24905823
15578786
79038426
69397961
44303665
10711864
58214048
34904656
71141017
21597941
33237130
39566891
13736603
78016588
19471609
12250644
63819459
56191519
35315677
21108633
69580324
76490770
27414729
69899509
36861125
40238461
62303813
37757831
59915904
39388952
61428304
31422305
22161805
69748300
47353962
20697574
16290109
73675172
79887063
21218773
53994189
72160076
36767806
70555683
67306451
31290620
35677409
50823054
21348075
34127676
53046665
14391926
61886948
53319557
68507070
40973503
69731907
53877629
36993218
64998114
20751366
34659690
67508681
67556060
10294041
44127964
68352760
78492445
27103612
73598043
17437766
37357461
57814960
22299154
44647761
57142276
57269973
76119889
42184918
70075541
12077849
77335391
44386824
16630541
44989326
56738406
38187132
77541943
20681836
16476124
75163050
67361066
26029869
63353868
44098380
34298390
58706149
75642128
63793353
77387092
52024169
67380566
76334672
29783340
19566500
11968066
78627855
39158226
24131215
77694380
44718672
71533661
27896935
51808057
30682645
76575690
55283456
23325791
40797034
50909512
22630027
23463453
33067229
30932303
31249449
72139179
63897504
62147510
56148305
52229978
42822025
35254564
52663049
10163287
70959175
60812635
69793044
17902620
41600241
26445016
63390183
34320554
20063535
15695359
60020618
35772197
37933635
38928319
48577189
27474872
20629885
71834064
65752893
42584977
78644325
57995109
51396542
72944261
60440511
39241783
12746046
46555910
29487321
48058424
17497328
78733222
48997226
10716914
26325100
37947167
11605151
31968418
33181835
45733665
49371394
48991634
59485742
74108782
24417976
72879924
69541892
26710725
66910813
35766613
13989817
51268772
26439749
13045756
65142065
31040846
16056143
32933804
33707822
40054441
43835904
44155000
46068721
51691888
38092743
54663131
15097241
25845144
66089993
29483803
12112343
27350309
64501172
55954240
62902121
19745442
30581399
61311929
21227908
78513330
26316715
15407516
33178979
13554198
10726873
78708546
25951691
59407000
39511102
73011659
39213849
43481503
52634105
51584731
12566719
29027753
19701044
43897090
66737980
73596094
69667868
48183960
42640351
53099750
45457506
45986042
42106541
33856940
57574752
56171658
37948539
59117402
53233570
77633801
58119762
50157148
38244740
37300062
36519748
69225206
47488325
53120045
55631947
41864792
24361006
71731786
74103501
59936028
17042252
54810911
17248606
64779680
16504127
37069685
61317232
20223578
63995054
76929300
40077648
13710291
46905451
36735660
50332328
33001109
35067940
47411144
20872238
53219584
63683248
41557689
78671754
57103731
70993345
62449519
39025336
74057248
37807564
34198811
61216904
60228558
63478617
78404373
55023676
60178222
21421165
21542342
49728491
61395935
43458240
61535615
73705929
62026103
24715128
34855725
58433269
40370185
55673649
63833878
14591734
35552527
33667700
79225571
25112909
27932603
64729304
67849895
22712213
73576196
74527558
74566642
69523563
28165069
32096150
38270120
66730090
75793643
40248855
62324595
39837231
58051717
38690174
72230679
38882819
53762139
27435445
44867661
50400695
25647582
22455279
73464222
28091061
76323537
20347723
26870749
11176162
73321714
63303680
25314960
73009396
50157072
59865219
75558268
75381131
49622027
49069271
16723173
68866273
17663119
31549684
57306248
55599122
53068421
19593738
31529308
76119529
21044241
16852722
44836797
23034065
51519323
23780525
42416132
11907726
44764627
76330720
55834969
75293688
16522457
16798144
40980197
65301374
49181084
59737161
67176872
34110673
32604847
74941062
12125552
45263172
52408912
67777811
31064721
79503000
10284340
48085183
79449162
59829003
24811599
46371489
65389987
29183670
20196464
47792265
61280344
76199594
27599909
77961516
58412512
38096310
23619565
13802353
52940711
59031792
72255089
38955945
73721108
38192114
41238170
13572202
78362695
36735939
74047169
71670486
35583642
45569949
48502391
46255166
63511298
41654039
54620333
67261350
29138550
65836839
33047495
58970398
32201801
14375427
51815960
53861804
31513470
74151449
11320994
14256735
50604559
55927514
42090047
61826808
30958319
53139943
17208232
77122733
40951206
28696282
56752854
43663558
36274700
46365441
38344124
61430586
20512273
72549058
52980097
62055234
41583209
68178767
36732390
54862918
15047044
37132957
59517716
31955885
79850102
28666013
22743885
64240798
17555989
48495358
72756671
62995198
42696997
78616507
48790300
33702532
48437993
43503097
53847694
40512204
78807826
36608150
24912301
40183624
79671985
54961687
68074234
72101010
11557862
63849494
75458184
26735925
52845820
49159862
38847847
38214006
13971604
36650130
45801628
18071663
21262738
11621313
33405050
42773824
59426773
21615679
10513191
71201888
35231176
25705441
39480753
21387827
79669440
68019078
22440890
29224164
66984597
30869539
24555513
54776315
75628608
46511619
55007752
57503364
25021673
13488035
69872214
44026596
15497662
61494878
27651127
69855601
58983645
16969084
52747585
78504873
49874943
28520977
18367768
52517031
26645039
23489673
23210486
15780836
78515893
12621078
71981968
30892881
68251419
65921247
24303617
19346631
49608235
73780119
44308853
52478516
13682306
63293297
37331531
70992206
59180644
54967796
70005343
68163184
47907503
49299874
76699151
60357566
49171145
74927772
26609960
27872871
38885014
67320908
29441785
55489913
10885278
28010020
40099625
68896885
44400983
67506311
62467239
36386925
79454056
40899307
77735783
36072513
65482574
41450872
16572714
79336259
48866694
78061754
18763280
62143305
43287114
56467839
44052450
32601960
23467146
23650160
63847364
65692041
11505542
25796851
26031407
40732363
17942801
37477085
36764267
51619753
25149942
67642353
45063282
71487995
16432402
21513594
20233948
21121716
48095152
58116394
36785865
48331463
20264203
24335246
69281627
45619356
73461073
29287441
68720189
79779723
71844421
39890338
34347348
39099008
54120965
14848644
51254514
34389880
33782088
78472156
36162328
60332965
23833889
49777405
17762639
58531081
68788156
26635098
45098472
26540127
10958778
50330569
52793331
75279157
57456148
36227121
75726881
35218825
64552806
70496929
23533519
43840813
31400369
14738285
13608107
74812523
48794033
17294251
64306931
57841693
59636256
23357074
73979179
15927753
59849020
33433658
67844992
42335906
13616224
14482980
42079556
44003408
64486875
31024140
75841906
28052317
62673619
63566858
33542091
13715595
47275609
70520842
50799236
14759490
15736280
35839248
46864791
47732296
66351073
67360856
40186567
10151949
56400698
21125832
65767702
32510637
50917983
59493214
76282258
31971338
31274128
66478401
55456287
65881431
23748782
50578813
20963657
34173406
18542308
22280681
40170933
73567897
20870336
53184421
60372857
37417667
77419882
24513446
67165010
65807257
59078647
64397733
55946825
32504351
10203936
53405589
65203598
79375517
33464804
77897823
20607672
36236482
24383116
68585294
34163802
60051545
21941430
16426388
42928527
29150384
58377735
12435212
63454969
18588725
37243479
18515491
12257922
37842060
76992870
50915106
79063666
12275912
48417344
44684239
45868593
55099915
54513737
41715921
28628789
20320832
24095273
52081220
17323353
12616283
58316828
69599848
26188686
43306282
64776399
27371929
45971270
21822929
41270285
14897283
42460392
31686342
65276757
30253687
47128507
34328838
78041220
40347356
43230725
13358508
36479429
63586205
41820527
78816115
61100817
32984419
34560753
17462463
54784766
53399043
67966978
23447346
76270903
40991525
47118117
60507543
77981078
54547995
76127478
76717784
62360121
16996898
41815127
49087166
19699693
63166402
19329639
42810932
66792044
42387703
36404478
41706620
25793177
46516261
21540903
77839385
23175182
53104455
49632545
40214822
13396330
10523700
53645728
35661131
13688381
31511394
57387867
42115517
35629811
74397697
41543859
33193006
34811868
77193390
44497262
21472049
19963281
39561538
64173072
40928158
35313447
52684356
57552336
34755288
43201493
78814584
65817139
77697201
54884800
31261719
59711635
49964017
44147885
58389209
22480957
79557883
51450904
71121832
73906964
51983231
51856674
27150879
54829144
39283674
15919211
59208761
19548391
26314665
45733841
35218743
37328530
30569170
12991514
73649015
52918662
28493269
43775255
71227144
67524591
54007214
55186786
30430842
49966845
26162136
19616787
66200208
32322763
76392575
76610120
17313473
19577464
10323252
76849093
42967833
13904740
79223640
78910433
30758701
66078532
75261051
72551544
68106873
15455747
43339918
53519630
10555093
58927593
60062009
18664900
47560909
56909654
60514312
52611978
49244658
15514125
17158169
74592536
57122120
23973689
18937760
71637613
65627211
75519733
28741860
20047698
64068327
78137984
57270514
56224128
22860262
65014047
64780058
58519942
40203309
36366818
11087530
26336777
62349497
75497671
62593818
40045807
45216962
13278182
26244821
39008218
27957350
24158011
22288257
75561005
73105199
65221479
10879803
50339032
35231236
29530758
78883772
22101262
44809215
77259855
66022449
37803638
45396060
30683649
25802957
38266353
68106738
33004676
22217236
20464848
14426471
72208951
36403496
52989999
57622798
13462440
29517837
71190361
36434623
25436383
42783745
31091130
32798684
48370699
56592353
24752374
65502137
48044939
57942572
20768800
52819474
71329829
56380415
78603005
34602619
79644309
35198873
33991005
67233026
43580943
54879510
58400696
51297319
69782548
66081849
30734119
27082793
76003267
56149380
58445272
14816228
36511983
24802093
35226856
78648696
25875925
35072798
75090501
22921104
29632683
55143423
26175986
55215088
15138606
40580625
51622621
45781838
55051908
59947579
17190421
75799060
29753229
18846468
55979224
44792610
57432013
27167759
54442100
63897188
60177541
29006859
49574050
33246580
30190935
20194426
51914308
66702375
16442363
77067419
71405587
49594413
31955711
36097570
35584263
79358396
16379381
75360611
78459787
46783116
43583560
36395280
54201598
72751687
70031160
48028581
64441577
61155700
79172052
59155302
61617006
11038594
54487595
39218903
64176643
13836168
74620617
51370835
20553015
25485749
44743001
35432934
26209999
46863744
34539816
48398181
72782296
25513082
16399250
57242307
56338344
25302462
70130905
50866426
34772098
56726561
36970901
78367146
39346721
74212483
51174756
77634046
61718631
78919722
59637713
75048210
19243909
78976600
30612916
47307228
67256630
76994081
50483599
35562179
71430471
33893952
55567009
22182520
20656508
71400063
41668636
14739349
37100218
26788569
66874378
67231316
13850036
49535746
77241300
27919470
69662436
32637692
59672448
15738223
65324480
73813677
15389838
61578810
76881254
61985236
63092465
56630316
30672809
62656703
13576285
73260782
68819084
39977354
16649061
70642809
16092324
10712197
32656106
71859865
49500631
60336964
22987429
77489698
34947830
20894610
17249401
12095465
30390770
38419034
65272997
50998074
28135521
65480269
53822663
78776477
44695584
47691639
78778306
29124718
32688993
13870850
44612393
31110479
54013182
24249968
74559612
17370446
77046889
68744029
40610363
16043644
27647966
18738106
13690538
38950503
34189784
78339354
24095926
20287446
69054282
60123606
62661250
53547991
51505645
29113153
76958305
74568231
21259784
37844761
38818794
42751964
25265145
72721046
65496255
71792730
31653472
58993317
52700189
69784039
21316235
50210088
57409254
63052898
63831901
59718048
58244074
48590624
19899917
25296673
68041805
66155609
15803744
67719344
38562745
17113450
48907839
68561437
38324933
58375978
24927881
31093255
11187983
27522762
15749261
43484363
11793604
33138260
48737482
49544768
20004094
18007037
26373356
50626976
19336657
36724042
52205423
24813772
16907794
72355662
54446295
14834084
42410855
64569192
75075424
41110421
10057585
24257660
25474169
27849261
67324037
75548942
74864162
78537950
78637259
79577964
25830930
63424357
39657843
14633546
27203949
71194156
63206247
41830962
27570105
43116419
14701582
35364653
49658031
42527555
15700983
39657301
72714932
33317087
12037705
38924926
18210913
50123432
21199520
28674527
68083634
75152910
41976306
31158722
39186440
45903940
11213988
37262943
30880512
57399154
59195722
72095419
72591057
77208864
61060080
57983938
24537559
17892787
22243225
78295835
47349578
16417157
65701366
39915178
19424455
75560688
10729477
74449882
43248221
47674230
25248734
73073410
50323814
44868809
11729887
73155631
21625008
62015918
34884239
63879946
35916083
29547482
74476466
10181605
77511316
32037867
44935052
74532795
59673243
54951378
15367075
69249752
54575000
77938853
30221662
30329677
68282542
56687514
13994910
69761524
40767969
38754004
29260744
49602754
10622669
23684916
77812347
44165290
56831106
79769848
39763443
57113997
66722104
32121223
70368322
65395901
62178457
15476328
12368521
72806661
72218555
16398487
12783354
69353802
22546483
62924701
36992848
12757583
55327397
39162660
67679668
68859029
78870312
60211177
16482483
69845921
38406720
78086332
59252127
21648373
48706797
46714088
31631944
32273230
18408205
20027898
56884636
72040827
20815234
63319740
27087229
79513665
63187910
33186922
14630033
16641328
18466752
72923048
43420733
75744139
77280970
22701071
65071017
61845157
17921530
17203868
22130794
21528101
71294319
23781323
57938099
23015842
10263006
53866366
47703529
35094409
29610459
46447332
49311012
61967820
68436769
21651994
20937039
11193294
63134720
77728821
62585434
73900553
25314000
69978497
73297365
51246008
20823294
47992049
34954937
65823392
59502040
57183894
59098739
53932553
59825764
19783680
44419967
76642863
50696048
51714255
19813484
41157720
51657282
56390630
52323721
26356907
35529873
22367812
75361526
69462633
44867686
39168910
15973116
12279094
14334881
37713033
39716790
63830398
41425316
36948282
18325775
26610773
15041106
11223742
10642964
59704332
43878514
73836841
49599837
55711374
34370375
11288227
10174616
63374633
15128918
62215309
25687979
78377207
44716550
47475468
41814689
37449211
62096264
41040402
70919676
79748946
45776735
19762406
72729042
23008581
73927006
60466904
72085283
30562146
29421239
26807972
34588419
39995708
53007615
30345960
45698317
76065641
70431568
70186078
17533509
46530713
60613539
29880710
38137099
65259934
54410916
30740646
55079808
71298943
63212515
15882216
34338364
52734485
30746534
32496335
53207577
16488135
54127692
19314040
37035773
49706394
60413525
50244755
48144060
53683683
15932045
51657961
72278869
57182731
43262935
10115559
64564087
66575801
61293348
15470774
62136206
33689196
70390426
18496740
55499283
79872140
49795220
71699315
24552447
14673050
75277687
71181280
12614606
25763293
64033957
56271357
57473759
46402246
53584240
26466822
20803745
60958196
68123147
21100046
46411238
48274824
24154333
69388992
33469030
69950517
45424963
64283880
34761370
17501071
59266269
35178577
16136856
10146773
13805479
52418663
76725562
29012342
23965708
29491215
31765534
61136593
40571453
17459491
61009727
69406029
74823693
38324041
18458724
59193205
18363182
51927480
34214510
30932398
28889033
13413928
61040430
28788317
30985127
67018582
57396841
74712587
62153264
41606689
69318034
34485381
28601202
20109411
33879888
68341391
33404004
26598027
49636500
66158117
50340156
61963481
25618352
68413202
29852420
58243999
67131858
14108494
40345101
48247111
46123399
74873689
74784832
14519993
64170081
52656360
65054044
47008951
36046197
22538123
57588866
20905603
67628142
16877429
41678605
49133995
35859728
68843294
25300159
46299053
57883269
51759767
54816632
15092912
47195772
74209233
17590740
61137077
11239939
35817256
43356959
24226473
72765784
16659259
59315582
49864736
63047804
77115279
62104939
35459591
74186169
46922526
55714836
29428656
22385866
21684233
25957399
39903540
76655463
17293796
35857774
33704066
75548045
45822706
66785391
38767274
29714870
11246601
70545518
17901652
72983321
62587945
14234235
11454934
50153572
49900049
56489789
72881141
35902043
70562278
28235901
57861744
19492365
61645353
71742606
52626365
10971508
39057395
43617838
47771087
63047764
67912192
62109547
14748442
43686185
25193577
72765490
53226704
30822951
69754533
16952772
35840719
14407402
73482186
26288958
38265808
74805740
36143947
16221447
76712664
11478923
47868970
32433961
16306161
67556757
78953652
11819235
45813302
28113674
55530181
52888685
34381851
68044015
75385355
64930755
13951822
56689245
72129963
48488182
23542421
60381361
19633769
46641116
32889322
73335500
78392349
46943909
40826341
19906998
60381018
47291805
44383368
10135737
25961744
34029340
39380836
63970659
10670329
77475165
42040857
57942065
43828877
39951543
24659301
40201090
10531696
20076286
22024665
16725730
36128473
19063036
57820012
41676412
62684424
38684583
13928560
46864933
75254240
28650397
71652623
35415537
15800272
29841721
22725637
17139477
62676287
69106610
56787445
31395245
23170369
38529849
59607576
76737053
69305103
67507894
31994686
46676886
18161328
15258687
37252455
49308061
42471272
67637180
42786802
26417071
42501956
12256421
15091418
54072329
69186469
69338901
64878588
24292902
74205529
56531959
72940025
11532781
11214286
72737466
26091337
38985845
18815829
58265844
24357302
61029494
20209226
57739324
67729721
65238816
35391794
22638083
35406011
17086717
15365006
69332196
41738257
61237365
10500535
64687782
65539866
32900797
43209143
62733988
34894057
26142172
19607321
69121365
44131934
55982761
52462932
39439839
11214908
68273844
67249164
46856936
21138984
35587115
56325855
56970791
59862302
16461963
25260815
48283768
65123842
10893639
75143271
49253572
21589942
60670048
77195739
23895799
40677199
66317426
15678465
60939669
64239503
54883669
20125092
11761663
52893990
49642068
36554138
66078315
21272672
40842340
70599337
74592809
20037305
55252511
61725847
43013186
76803105
51440451
73246146
52015608
68462403
37411814
36301874
48878823
27217136
61890473
21353911
74501890
34546053
20309714
20684516
48824497
49149943
59688080
12179918
16699425
35357963
70661787
74364676
65320985
76027051
40476137
65278100
43499647
12083390
50915594
29584959
20263926
52822135
64765033
31814345
44235891
79287558
77824103
15419469
53635729
45903490
72462689
35634282
12683157
68898966
78784032
53773033
21475543
17495422
59339339
47306317
35496635
59721687
45831252
58720759
78986983
41422263
51234519
75466232
74109203
13292275
41150856
31379964
20269770
43057805
32601740
53438200
49913840
71455480
77806650
76633820
26586558
23760863
69498116
62580566
49404121
54775327
26160320
42093058
31285044
70890480
61372608
37535303
75648649
43328476
61258960
46765281
65394433
10736588
35403784
38125332
39877444
43284554
16789763
17011673
33018189
77443856
14291942
49014561
67616413
23564994
26986780
24257722
26080342
27621606
43938097
28980878
38147242
61367478
38707106
14129145
38746410
34367058
61961162
56333244
24946661
22246361
70140850
57998762
64578506
29381657
18879442
31762796
32943066
53186756
74119449
26847960
36189278
57049999
65660480
18221146
74691941
54042487
31616843
67838001
48477148
75827087
58268717
70310770
28651668
38915463
37283923
49896725
42631521
51259269
27574130
30823554
19067539
36237142
14891495
49541534
45930070
53462304
69257259
56957914
31186004
20741453
47965915
75733490
46022018
48294131
51734956
58370551
54193620
15777473
13348338
35701995
20107538
32880703
26455965
68896801
61324883
17732099
11636856
55733613
40282450
30715099
22640513
12942732
65798381
21855721
64317977
14721517
62299496
38373652
29118713
43651758
30487432
26054160
28583227
73252484
71148054
65580277
59012089
25606487
77488076
52067437
23705780
40959561
11068839
65223816
70982777
58157341
74856442
33196511
19132215
71931807
21341408
77630107
73507755
74867365
29142654
39324991
78724431
67898041
32010650
75498695
56838342
14739512
70479364
49044846
75785271
40607896
30771924
74561398
41571411
42025316
46554273
59824695
68442222
18427549
72712192
22311102
38479191
17127611
13917591
52082453
73253635
27312513
12151455
41942856
32543020
49907088
68722620
19488940
70298953
39298259
32351072
40765893
34244993
46766091
74324911
53939809
38568774
67130284
40704975
13876276
11431995
23765487
47495082
25020362
15496075
68825671
58544021
16880596
36760493
26361546
63145864
12859037
55630976
65428904
60967122
39036734
53904915
43898576
66598502
39246743
64664953
16911990
38601520
43403087
14325990
34320596
13376764
50455005
74746811
77171498
37118867
14091638
54471981
16004138
27578716
47445322
51521791
31150581
66062745
30672331
27134607
69148060
17395099
74710769
25250641
22249076
77219157
50611540
42231219
50265775
25443697
66655959
61428089
42959460
15109922
20164492
43809895
49503333
75174741
35753603
17567187
72933889
38740573
22044407
12663953
21882064
38552749
70823342
55700633
42998199
56460705
28471759
11012463
44547357
27890454
30196714
72399902
36571228
28296375
67548781
27266788
37150325
27116281
20652361
79128997
52159479
32729321
55606470
48847316
15898462
79901735
44021483
66359375
53045502
28688606
14626939
25709325
62680132
76879181
35025708
72109132
12964464
18499121
78578562
67936962
51068698
29642976
73111926
15334618
36676298
18710665
40114870
22118114
69926577
10307818
78186377
75511692
17612164
51739918
18367090
63726402
48224872
69810650
46577777
41261175
41943401
23783973
77572083
65768427
16301288
37869666
63856642
65066507
61240807
74124586
53253731
66299716
49606984
11512175
68599849
64659599
74141031
35744272
59101175
33443857
60205588
10682240
59765052
25093411
59284547
69401551
17860896
30181405
63853169
12813356
57048687
10434440
40601582
69215567
37255789
60026612
25360142
48799104
60792699
12627339
53168861
39620913
27778376
46750243
17259793
69199151
72220225
53392226
71922247
27052982
70735397
44061153
35068006
73402493
75159330
15077514
21524720
11876570
31437284
17541502
75539785
45146928
51554535
15580035
23332308
39159349
38943102
71271197
23652435
15031987
28600805
57193994
41850096
75951354
42874656
43647157
54194365
70792961
11240440
47419598
40393684
71417289
63191476
60615435
77201645
60800272
61187469
14646284
50842311
46352659
76620392
51111309
59607190
76504067
76151351
28029493
53079577
16993662
63295372
58421849
68255631
40675504
20580569
25300186
60776190
48785924
47888498
66373803
35926869
25812572
44520245
61203422
39572820
71029786
18165572
21594718
32046169
79873974
73517936
79548276
66231188
62684734
10869217
64359814
30307609
11695788
72793189
61321375
32025211
26396845
68529773
64982997
26185169
44020937
50199085
14840873
14068405
52127313
74900000
41932246
60904878
32328985
29920859
51477291
47023633
43507089
27487810
33770195
41378468
13773863
56545326
24711315
47466242
36076595
17381085
68266205
69613741
21012664
45390820
68170647
29263515
19287119
49964659
59794338
76370152
59238632
11528887
52439265
52718077
34909927
50135728
57620229
32394397
60346035
30780254
68349557
11908403
74910887
55873493
62224108
78686487
78221867
48980309
54038402
57331814
61180820
48923073
62651389
18171383
51222767
52219397
68392546
31670007
49226150
76481113
34364516
16472854
71693269
52144062
41702022
61206637
56281689
65629024
70797292
25151147
34536495
33118362
20590469
78368473
18248617
58749103
39176882
20523544
34077841
65624066
24186395
43885533
22463153
53781586
71676161
13677555
70922818
77513724
32669867
12863656
51710152
45101859
62497285
49228129
25972595
65461792
37867765
69961594
58857122
10559913
50643528
47567534
72427487
19567142
18650832
48907078
64913107
69666365
42051767
31102054
65188694
49703849
11014154
20582724
59959268
30947869
41162852
34311580
48603711
30214340
79310490
11787665
28862888
77642891
67761336
47198564
58078453
63712558
53184001
67742333
58162427
73565639
74887248
26415373
66654464
26990341
42111162
56544693
61215498
43235552
11176028
39252653
39405799
34068388
31645970
72631900
11759670
73657404
34697740
22719999
19016903
18532153
66657260
31132328
65739594
61580808
45809720
43586498
37560593
47261634
40981038
73971079
71298579
54794351
19606633
44346470
32838257
19668284
15943960
45996870
30421418
62209282
44178621
62469807
10514814
10454335
26412115
64677956
56835938
69900251
55926710
19762711
45719972
76438621
59437135
58710379
55106546
11156376
16998301
43369086
25810338
19687025
28097781
46931970
41494816
26694047
48109920
78357726
10283730
68394689
70150582
47963021
31710391
20855099
27598402
32494308
79356029
61604360
12697161
32001656
11874685
25043099
34341398
39055686
73343835
38970101
20696842
35418397
36303822
18705590
35057229
41345545
14107489
41388364
14818539
28450477
69675071
48584194
22488222
71007684
24090552
19290007
58253362
29549461
20453484
68061648
71315119
46946497
40470660
71589505
42628391
30472291
59719752
12843184
70949790
61885009
10325275
34230231
58801131
69355056
17005655
73934424
62315777
53453317
65820529
40871045
71281899
31243491
19646743
35949248
24022168
14196269
27232085
14997766
53096479
69609657
50363091
76540513
79617563
49757333
11568726
77942398
25829974
61094270
15899659
38718748
30139566
61045129
66617849
45571162
68442161
26551884
25859749
33845155
56829631
73965196
13419401
74966643
70270245
15982519
48991428
20306237
39026761
56518044
42063240
57634715
45716446
17970207
40656175
26121111
12300477
21525255
28945700
76650453
14926272
25091476
11311817
78154768
30062730
15241257
11720175
13929738
50098704
52182585
31530076
76191340
32188437
39209692
41862815
70862674
65751127
35136011
37103845
45085423
38379809
18056971
28118202
17212516
26374715
30889341
23769483
26083932
59790208
65660645
35377316
62851877
56705408
65550217
31668459
41018097
77746925
20793966
42050959
45093304
54892981
70837567
48111738
37479713
43927096
39335424
39802995
42904412
63725125
25301982
69619499
19303467
73927936
31001871
76591825
30025906
66476572
49102162
45018008
22957527
19315768
10715816
58543514
50964446
41199873
22368520
76234520
60662019
18571780
55520496
21645410
43224075
37445574
73908048
12410582
16933353
63593538
71319704
24888308
70932413
61898057
62592518
36120078
10211462
54305268
50854631
63451365
17860980
69542752
35943332
34309131
26345074
78360887
22111981
58299896
37315221
32111157
79392577
15479156
19222578
67467937
42336961
63639453
38397578
52476594
55915727
40109276
69580012
21499148
69889578
31469616
19741807
72663952
17877559
23052765
73570688
74329165
77125610
37571858
39276349
72341527
44994250
26325486
40360719
25969812
32882067
54980498
67245472
48894555
16674857
26701549
40797350
36604254
48914851
42328675
45695748
78910429
55203126
16127555
47181494
69700924
45889024
60729410
56446966
12502158
15578828
67920588
74802849
23548614
16866498
38018888
30604702
53097213
46303675
27587106
67379660
13596447
16092163
35039166
79152173
38375372
30727897
20460652
30350195
57189701
46776686
16255591
23240494
47239592
55381673
76731501
68858219
64855947
21768833
11470557
39706415
71601887
54535738
18502457
35393107
73553966
49182041
68634541
53895322
33946733
44771967
46393132
35690344
42040940
61526409
52409823
75590440
12231457
64959579
78755963
54933918
43158646
50883793
39704159
39353562
51219022
64977963
76881233
59658965
64537028
10018753
24654325
55393421
76391413
54104073
27798046
45111363
65341644
76096295
16971386
77261410
27541949
48915096
58965336
19934666
67639170
75125203
19393471
78101874
11142603
27982913
63331174
10004702
72652238
21851059
38903978
19118111
66103469
42689842
52782853
17063010
21415156
30510655
45179753
53345220
69462585
32620520
51632609
22710690
53446873
31658902
67500797
22694185
62517403
33111780
58449344
39404482
60662715
68840814
23724310
63961852
15655383
50952569
35378493
50294673
69475116
48831262
16739996
66109125
12223182
55860599
20083652
70659614
33905858
38379072
38276113
69016535
30021559
71507494
10809661
19786744
38332002
45156774
40907802
48581952
20433975
70639646
46884292
35428021
34111701
39810337
65369070
15157196
32983043
61504085
77153720
41548001
64159981
24288604
63143392
69743780
35184905
73893872
67733249
41044909
59936332
45457605
61757860
54888844
50732337
45495888
41595174
23238684
40760125
11773652
28151843
23748832
53254922
10145261
40898671
35376904
27681587
39569740
54292783
13619586
51962895
77107658
68508872
19357932
34602830
16384883
77812856
46475352
50534252
59775912
70622067
26723805
45426667
67499729
16212754
21639226
11873414
75727640
67417034
78494628
50451354
65206814
55511808
23015802
68630563
73642969
63281777
11816005
67516167
67777252
63215595
73334583
65040497
44529882
22325865
41569341
48675114
77044308
19010558
59658445
49831588
24549729
77702163
63274494
29604183
71358768
40696611
44098721
23635508
14681222
35349699
67685617
21178971
71990499
50667659
41751330
53232880
43823450
39116762
46129179
50670251
71264190
62387269
23846193
27882867
12488775
24614289
11196122
35025855
21548485
14920799
59521685
45962456
67952504
26988723
65549614
66111354
58708709
46378755
49147179
28197733
39282659
29321112
41533125
32243591
73337070
61076473
20127322
57993217
47327019
44153065
32764532
68855234
68454636
13242429
52345648
53109744
26199589
37174428
72609301
19100284
48854144
32630723
66119504
18907549
72720722
35061437
60389769
49423517
13563351
39906295
23546212
32754400
37501931
12095448
47330433
33960978
28154296
25397920
19979997
12430977
37097399
63958826
38645084
73160313
13655807
77467463
54888320
79177598
28874513
51409317
31239833
38055889
17303381
25326580
21851030
59784297
15339591
65020063
29665147
44714589
43588107
66831347
18541777
56455050
63160401
50398599
52335670
62829617
32782418
45471339
78714299
70624014
70079027
28254208
41296544
38944640
64719580
39895990
12135388
47376779
41570762
10319284
38029721
15012195
11745156
45490611
50964832
24860425
37554001
60411976
76850614
76328398
75597335
60640873
22019059
51162506
56884329
40358105
29661447
42727391
14407907
25563825
62309454
34436245
70977152
20442311
18056767
45749846
31531085
21729370
10177424
51450919
70221220
22591295
65300572
47067647
31849834
35479052
32977076
21133520
16902396
25414975
40717334
44491776
25849523
38822207
61441431
55465366
32872822
57991878
67541456
62891116
39768603
42268113
49979224
56926365
16174005
51075185
38376188
77614182
59544141
36809241
75702896
34584903
19070461
13771608
51900563
49488209
61260525
31621258
73101068
30873379
60320381
63039915
30149203
62617905
64256125
40012577
21565970
67723160
26913270
30726618
69839514
43961545
21008633
23408566
65345372
47752416
40422116
26603399
52297335
72772630
79808761
32615129
60448174
49652158
20183971
77010654
56378243
10423267
58637130
73221218
68361557
25538313
66318827
31847540
40969925
71819862
44016740
59392061
25396322
73676147
73091526
33467634
42376781
29312148
27401434
36665492
67346595
74491893
71640463
18161336
73987952
41525949
30233442
24234150
61160412
41521949
47203008
42988262
35424402
30470327
13293777
29834346
31046229
39636292
29498215
69248870
26143535
78532015
65906816
30057351
61652171
66293196
42216727
71134992
15036341
34775797
14388761
22395518
52059754
59883661
10025487
40384884
76882834
36274760
22164002
73368242
74895433
54163796
72950716
15682051
33726711
30860662
14507481
57212888
15848871
34827360
35847928
68420082
63924340
66616014
19815879
71657586
24011705
29082532
20196498
72755568
48336117
18982008
56700741
61727820
36947391
44434426
78373277
18155614
47059540
46390572
73773190
61842821
74218321
44994651
70892954
38134613
77721851
21505635
62603265
78399086
62356630
34078723
76247377
30913563
25513449
78532807
76689568
26922687
46819905
37659141
42265562
64014706
63201125
32230736
15643237
13984582
70732330
31016835
12239388
37297008
14158801
67808917
28788508
49307203
60835382
50439637
29364313
66849269
54609347
59404861
25734086
36398226
51989952
63825869
72545869
42654503
59489004
37672140
54036827
44737183
28022025
77983255
61282286
57569585
69823840
75776962
13658611
41674581
47781732
26912938
66580667
36677893
41792284
12392511
19315238
72400658
67666329
16585390
48404606
23382821
20031803
56043664
38761447
42816195
16044592
13576488
27016436
72288145
34491654
70890047
58070918
14137649
67995351
71517236
67566614
21333545
71599896
28598057
79914225
23168988
66677311
58967956
71038876
41400601
64049008
17356608
31047356
65434853
30160411
49824956
18494930
66842146
30067321
33976302
54747012
24303032
16892952
37017169
47422835
19927654
68606697
67549607
63073593
59342450
60805261
58428784
47481938
66188853
26975337
57197964
24094041
29641677
10151079
51620258
32476776
42944797
64438488
57618816
36214267
41796497
11973471
37153841
50138157
19427812
35516873
69663378
27199410
28433031
33900926
29549493
33918250
67462020
12521996
62853855
77474175
43713401
13812688
74970796
41543955
20953371
41542569
66556102
55994234
38185620
38863055
78953666
79858170
17936689
66660910
41866959
68258757
18228376
15688353
51947144
17386939
37402860
43815682
31658775
54162928
19353518
21076297
40475280
67801985
38707525
61046030
57066394
79446369
73128347
31193645
47110538
25202240
15269766
79315920
33443255
51774932
64511293
16520716
28885314
13887299
43710685
51511746
67925647
29364110
35686556
62964147
25185955
24254531
70092855
33388109
47213604
73658906
39083889
33163352
13496464
38501082
18397826
77733521
34738203
63938825
71692716
62982367
42871044
38811324
23069066
70796435
45886264
27544608
40162932
17237108
64940004
17651002
47118216
37127640
24557520
76391129
71858375
18963767
20059805
25567121
67161895
75829603
13591290
13533169
16282442
54023576
46689921
39544534
28476180
46690667
42351869
72649648
24162829
10479389
30687154
66810763
30582486
20701192
32908693
52864535
47246612
58404226
13998505
36501150
77388512
76413196
60453779
35898851
15728919
58789024
76047380
30057813
22054429
76880134
20802714
69209172
63260102
52208691
38153957
31573515
21012360
33113557
73537141
19807140
47349837
43025948
18172120
10779710
29328016
72763190
63298833
17625170
50523844
78475350
27076807
57768577
28534854
26081774
37170079
63952972
60728016
58958860
75407984
18532180
51211355
57290760
52916784
57763449
52324929
63223449
20749654
58817877
27969949
19390890
58703843
76794083
18653018
40876423
17561746
58987255
68926425
42526399
61816846
32449292
25342274
62588618
62396925
62223085
11248719
52313480
17988724
29584494
73546411
26762686
52613495
15911712
71355489
12682169
36398524
19527782
62009741
38123680
78021812
67369069
48500030
69784261
30160169
36302568
64998640
41757370
48104321
10998918
55384381
69094350
71159864
57842903
66396074
31226204
22600608
51222959
65942306
11484138
78695897
77896961
34454141
31311488
13089850
17074833
44508607
54963101
79454646
60466454
52058610
36875500
70532560
61147803
54121935
66049886
35689102
14252418
22468338
39953504
66461007
53678301
19231625
12248790
65694842
59650232
18390083
45129385
69443912
38422083
19560809
15512021
60560360
41446391
51442619
21038318
23228258
40558129
11840564
61526274
59533806
41605630
25683138
66750855
61452089
14465186
19849774
38898515
32196274
50477879
37146624
31172427
22310047
59474183
59528528
31355114
17567762
63605037
62191786
32126645
17283247
36282311
57473369
43491960
40166617
29046594
52040519
40399318
29780284
79276067
51838701
25344145
25053408
79224151
17821290
32824173
31398131
22652910
32183766
37424651
59079539
13218477
71646918
61788765
61227238
27948781
73580977
44969191
40591601
33021430
70966614
48542439
75609833
33347885
29209923
30649173
47636709
57899517
50438916
41322504
21191325
75508504
21667232
69653874
34629190
73076787
51661413
68056812
27804713
46798968
28041165
27928592
69358558
61846992
41219779
15123169
67832680
31354082
55345662
62089771
44956882
39661831
61915919
76412952
64380213
73701382
67807160
51267410
51087446
35162582
60017533
20236118
64314995
29805126
15276521
56138771
32244862
55525711
65492462
34567129
30598786
26019092
15725759
50094265
56843657
21584460
69955554
50325348
33447370
63164578
49384310
46702566
64863160
14800426
39743604
26769312
28482874
23780402
30627717
76954355
78439697
23389279
78036110
15865709
34180410
57938732
36526568
71483416
70939398
17090351
72535523
12237791
51311082
79900275
60082693
63046792
14355178
11309799
11868443
41390749
27711262
76641727
35921139
54160093
41398774
76494463
54460729
19363151
69498223
32269116
79831641
54834641
55061617
13222560
59220428
30936244
46079337
63305269
77976442
32900200
50770240
78908547
38614643
29693184
22157799
63592433
23389866
61201696
69166716
16189282
77980069
60057246
79863837
69991661
63729079
68573773
67324519
44938103
49751026
25196481
29737136
55795609
68297482
43551897
49637277
37734587
12232185
11307595
62553973
78013181
39168989
66368819
57006488
79089359
47927277
68473698
40370164
64930559
77733338
10454929
17350237
66589040
49128421
33895051
78632070
63312459
14343596
14627700
30467605
77208205
40705329
23935517
44216663
37686743
20314231
52053374
27372871
13708768
51293691
14205055
63302341
17066553
69862644
68450365
16585724
17886074
15705815
55940984
75444497
21438046
43314422
63448549
15189220
24890163
41740030
73840157
73886734
45341954
43207492
34054806
36369297
12994332
78901041
43833490
15287573
40847217
57304323
20878806
74736411
22650184
23962096
45672837
21118107
43974293
72966336
18413822
74412446
54618896
71016238
26699175
57587222
10281034
49138049
14578042
58059660
76974438
27588948
30239584
38646319
26584592
28164212
66814212
11875838
44798727
74863116
69094124
77326470
64059353
62981288
70308974
68910433
25038553
59624665
76796218
46450835
17145316
14433068
10178834
31573906
78266730
45496884
15915246
50987451
31540374
34611799
69040447
31718732
47338187
41305129
57622273
42234586
58991127
35356070
23064328
47274353
37000623
54468795
43127377
21713410
64394231
54456836
25220345
55460164
46601116
66175308
12376763
23954089
66507490
43781224
62912500
47413749
22835986
64908170
34172817
27280790
77370095
35392249
38926641
76981312
75959759
72587204
10280907
77175272
56906417
17998565
53310709
67156715
27978973
40511946
61532342
75495923
53146860
73468490
40805203
46352406
53807711
29961066
24824807
63141885
46651090
52008644
25708805
52702065
25655305
26155716
46657063
17499172
74956991
12617300
43430481
49293654
32028440
10563364
65877481
54012827
29759032
66526872
44786505
77297499
12129844
37079675
72862608
39054208
29254513
68383818
72310993
33177532
47121827
27679210
39646806
70271015
43328825
70193472
72441838
14828216
48279621
67315655
71456788
66088533
40026140
60407988
25971346
75816423
42975192
57876824
62429353
14770649
62638046
77223586
79174120
11854630
29006511
18689627
22337491
15051520
26988906
55637056
24499765
67303207
31175227
19054840
78869670
36805092
74189580
61377206
68354452
23244236
48292594
40968394
66281093
73533919
41057404
78342058
62365192
53441795
48929187
17688645
35630478
48294506
30151845
73022140
39978741
56330458
22841294
57652185
48777598
27613537
71888814
16718151
64462817
35746223
18130451
44861372
24684332
59792251
24236934
31429170
33811195
18813358
55332796
32423544
48038054
63882317
41173317
76009333
63899124
47642487
41599102
32207528
68319393
16156175
66246428
70280837
47171949
68735554
22372246
60619884
27910947
36606516
31867403
36316077
66340761
43774128
37850067
65151416
79054000
25644060
44687746
58540688
73919753
20364194
10750887
53281700
49370043
56189100
42222471
77936030
69722606
74844212
31574660
52141259
32896612
73603248
39969213
19402889
48517183
38735554
17360363
63243789
77307537
14181425
66695651
77872832
66679257
13374900
28743317
68827123
25069056
47154755
18668516
36722934
11613588
54779325
25124346
61107264
28469033
16402681
21311440
20738207
20887722
26911634
36192821
76487282
35147222
48653527
39021114
29269737
45203388
11942158
33088542
51613597
52695424
35738482
26339525
38738145
11302587
26132419
49144692
20495726
74760777
42793531
78910494
10849231
44979253
36296126
33166825
70382939
35024710
79694313
46463145
32396024
79445562
15070511
69064706
74755158
20325312
38006702
30357852
27583943
28347137
77907909
32979371
13615806
27513247
35778861
12796627
57751901
51624816
27094205
38931222
78185176
35351476
52271643
62678290
71869053
67744365
38060778
19978978
59058824
41715348
11178853
36287842
64290724
44802782
13953150
49821220
48300717
35715252
30618071
40313153
70068005
75053500
65584929
26773104
25981877
69843904
63911297
16848229
76733144
20942228
43397315
77516735
28045926
67716556
44080262
71417342
46903576
72051892
67330888
30628087
70016627
12144886
65947369
45688393
70800296
61439331
25286709
72971500
67099514
16249229
57211269
19538673
30659861
15859336
15003566
48369816
22522859
30381899
47853578
54378052
48553911
33550960
74542685
44443337
12956150
12061034
34588404
43435528
35802232
77018923
19298298
52621709
53761302
76598853
26328474
49130953
56502544
20650078
35067322
67484969
71421877
36833017
35014067
73328396
22991642
45631310
21339428
15443814
74796213
38729190
27254099
25917979
37701944
25860326
12688127
61136587
61920732
43748124
65535995
70600601
55945935
21909545
12549261
60291291
19144943
69661221
32627974
63989481
70968994
46561307
16601369
24353322
55246565
35984930
62146320
62608169
72797592
34235866
77505896
59121508
32391809
73307604
41885800
20543079
17305377
77744984
38699275
67453616
62950105
12182221
47992490
55289730
63461416
27953456
24111783
23884197
63978943
20825677
53060193
36072953
37871699
35355856
23913836
33377342
68073202
20935339
17619332
64554031
44054741
29694364
16841098
17464387
79245477
25873992
49270775
79516985
19643500
44694433
30721553
48390788
40930479
69346175
18527443
39608122
53733315
47688075
65315425
79140301
68212007
76731431
33199291
17052263
72342775
76653237
62834734
63808871
44141851
52766013
28600551
45826803
11346558
55104589
43819015
31226314
41549682
74665564
18861911
28396192
46670663
63891131
28384162
64328406
16393067
48895982
72664832
79739454
32675994
37691763
53313340
78586873
33370185
41137062
25307450
40427880
79055594
42352568
23900688
14471523
29407171
18401451
19867063
68962807
21436304
34610156
51679897
18632526
73261790
29809377
65503599
60111418
54168054
54566715
79381368
79593862
26675985
11067597
49757651
47549899
40012651
51098299
62689630
33028807
17315224
68163905
61304218
47599499
25311788
63496301
72044641
67997256
63063533
21100828
32193033
16532795
39059162
43462399
75364467
53281589
12460437
69292323
67544959
74048857
71299331
11363840
63838764
56415416
55297766
61248474
19413290
15708671
76990164
71285762
62768329
78937578
34266114
58084161
60071041
29697932
47361231
66776979
19608876
34308149
49452936
54700133
29559171
11003929
70503748
25104122
78060093
17047889
41550250
40791315
75988354
77993067
16757739
27349111
63379391
40987750
50990693
23608413
21100025
14223737
46788442
13328831
61557211
63790596
66954090
38618448
14352241
47357138
40815261
59720608
54403645
76405175
23440262
44601061
35537972
59634584
45101835
49030108
49708902
28217923
23935179
10000146
16956750
33679939
29560642
41936517
74833121
54917113
24831489
60205463
64773452
35489318
63906352
45389149
71313113
62689624
74119720
50765461
22881095
53822670
51954033
12394604
12031900
65511030
36888119
16884289
29800913
37862786
11772626
45661541
74818161
72824703
69075546
48068785
20286000
72113477
10417022
75652279
33105119
56523889
24316961
54467327
44268544
69260158
39691789
25185343
69309001
56164380
58011404
20916567
38673543
33382306
79659486
76705667
56635999
70285209
46949266
75757629
12179305
58477602
76761357
43056775
34532810
72141783
59316003
66763881
43052701
54585009
45751944
40048495
56707559
69663852
22978405
72100870
66500228
15566869
37099358
37469250
45564030
76871984
50836432
48851516
70145601
17515270
28041708
77781827
65480432
71748246
46278996
76960291
76809613
39762796
56252283
21814260
72142764
77039570
41773642
51966571
37975156
23554697
74430353
39993684
49971271
16697903
39743956
57167858
36801127
56307028
64665979
30352443
67110595
25137148
61538318
20325341
66131946
63930855
22820832
49631841
14506237
22261477
20357982
69178261
75335102
17542050
45078297
56302925
37951518
30000778
43391703
53611456
22993228
53520078
59012862
73822467
35480943
78953562
40792148
49742300
52643341
22658742
39414941
44388633
64237977
37831158
32649503
61355243
26622372
77152290
10088780
12657150
63639106
23601852
12276978
65394033
41011262
47811183
58154149
59374491
35121449
20807072
18690522
52756512
41696482
39737010
70596215
27939499
51192415
21184160
68261466
34772040
79824269
52923479
45696674
74181752
48123633
22608770
20268165
33942564
15459160
73377638
52019453
48718206
17089319
61203415
68031372
77981893
30567851
26798460
57898003
19826668
16251295
46698006
11857920
52315484
49880521
55425914
73883526
26992083
37020294
18981305
65746115
66820198
17997174
57118570
64423234
56679200
64372875
27262849
39002840
52021569
73962034
13923442
52848704
21982693
73319520
23280658
14668408
53254503
59352207
59614579
25744263
54628400
36746346
49131517
14222952
26130662
13413540
55202351
74965523
46496189
76861720
19215581
15494530
32169911
79315545
45364631
56172614
39283085
12779292
33326092
38221360
72166208
60318096
57004330
60293781
67012100
48589069
76922352
11852461
25646856
36741641
70390104
78190588
12653889
25975180
79305261
27331804
26521842
55483323
13204233
50769100
64266905
54947971
33868024
59896119
56012053
13462668
24698827
56614947
34390585
66114706
42247943
62818754
73984394
29008815
12271049
60042588
19648765
42618978
30668004
20564970
56730399
72777422
64067542
35514299
76764601
50013702
54227069
19404212
78257637
40877882
67637567
73329999
60868508
75608993
68782182
12687185
46131932
21497745
18567342
15231807
39746321
29905830
60119536
59960086
37712756
20554705
61969189
58994604
76709116
49703873
77842743
22238474
50832993
44113283
57434643
71343240
79401723
22997063
35203897
19366367
51419943
75306891
30248897
25539711
56229824
78241059
17140801
41016196
50027721
69794368
74846065
54212818
21623214
13020077
69139504
59522565
47938354
33132553
34495399
62351241
21426766
78350172
64110795
57699158
47610302
23015698
45258908
43239256
33827004
66378235
53207228
49334158
21388457
13272846
61237441
58423225
26912759
45629083
25054800
43685476
63350870
53298216
68803103
13349899
12861598
15594752
79078121
76452007
26453188
27955995
17873451
33953504
70239585
26250980
62900828
24483979
70911971
38845523
55355600
47421304
79423203
78553898
36711315
69348384
33071353
39907192
41291940
10076793
50788251
37425902
44001385
59190463
59665756
46370573
14140463
59641544
34846894
44715865
32283732
49836667
65024080
53241380
54670734
44142645
50053939
13164690
50856226
64905760
21000279
45778626
33346740
74473551
21326621
68026106
56043663
25537258
68259934
35912738
53322581
76312578
77262613
10682528
68552043
52428234
48881249
66171552
18489958
50430970
74428341
41569110
18783409
62450265
72431131
27980073
28119109
56797317
65695779
44790994
12984234
46552972
16510416
47790092
34546095
76472405
59035393
61333813
10391481
69746392
64187137
26035690
23556373
35074541
48684278
28998525
75532753
56282119
32809904
26939844
28552491
41936606
21576992
74989395
61735492
53143705
42699859
27436838
67942047
57599833
13271411
40937323
51200100
16528584
10420471
51177313
36426452
42259387
57205869
33308298
11053845
35377319
55101093
70859935
74239376
20463516
38703529
15604272
62247269
24304603
21724796
37173835
16338988
29835981
26460354
31253835
67287203
38172298
25109606
17212165
35944332
54654234
47602796
41993765
52108867
63192741
74578741
35862144
40079042
36548538
57773223
62925145
61905507
71477447
23770046
20864907
25293326
76344703
31199484
40877437
27774174
36558258
41635491
49696323
22157043
26926828
11413532
21233150
73123193
10264264
34550210
66827543
39629934
52869159
14818874
78955926
13053130
16406233
25469423
31017014
31440113
36732792
73064105
55866287
49531801
26683336
63841180
41561341
17315675
31551756
58484849
61550382
45506098
66440343
37829947
75108854
10626633
39322457
58709848
23401368
53675469
71623222
60489785
11171234
43027296
51870553
73856523
17945142
13551781
68127161
44616017
20072186
26570334
49575109
30648535
69354296
31918968
70556733
54717409
28187067
52243619
75386731
57274283
67150091
75162241
15672399
12862872
50848328
42943600
36025808
44326511
14892545
56576083
39588452
71860257
69621792
64775108
56861643
63752134
27341892
24204046
17448753
42940111
43486535
63120385
66736217
39499457
30157792
53101455
46080257
70464378
19577047
52609802
75441958
63644668
70786581
14717529
63566112
43171424
23894786
66967062
65155372
13437343
64089174
41257067
13903498
51073862
58218252
64549293
59406789
59934612
75501023
60862041
37747721
52775423
16408244
47001885
41600602
23426270
39768663
55960894
47763744
34672132
67385044
38122493
22987880
66268943
52414497
35162914
13932210
51403844
41054684
60242669
42679043
18255557
28120731
13353863
25663937
50558212
76853076
33937476
50440538
36711268
57157435
34404894
13176942
32587273
38153353
61219512
27700956
75784644
51325903
65365991
46570279
52067451
67104254
21434021
54463253
18271427
41420189
70280851
57743231
51147775
20998441
16365067
62315108
44601848
45027404
69494897
51233375
44886300
76701899
69868278
64155681
56260309
51242282
28908780
45751590
42566496
30279677
46138275
53706696
58110248
70057211
16018020
13786399
66060084
22640527
34518076
61001668
71215806
34708468
18762052
68890235
44582516
26311961
69568524
23888625
23190622
35658331
67806389
64091506
32255706
52988647
70835523
44983460
28913093
70881009
21233998
33156921
57299992
23543123
30478071
24960068
41528778
27885631
27441462
76532381
18453050
22465541
65657205
31147518
18466274
66685439
24159224
73457947
47686502
43802338
74534388
58425148
78373785
42705694
38586685
59850509
69079150
29728887
13109549
30694606
34411525
51191817
72065844
58167311
35803142
30817183
46837005
51275936
14180264
10562676
71563803
49772629
54590275
38957825
32606890
55461497
11864210
55992606
47150842
13246428
62798644
16703797
44999753
61015299
47880440
20320888
17290247
26311780
79792791
14580743
17859091
57836067
79443005
25763340
12819233
73051678
49553425
55360912
29626893
29876887
60910380
56932002
34919757
56871426
62997038
43779550
76544830
47684200
30471084
53178513
71710274
72153535
30140843
18151488
50434567
32980362
34947219
30890442
72273513
48074081
40705149
35856208
52022987
59006075
55515780
24693639
36858426
14149627
56885661
34312503
36052970
34553562
64139692
32697662
50843206
44813434
79907075
67896942
40639648
19245166
50992019
67796296
21594692
29599546
50932590
32878513
41629348
65357034
45849721
50788018
19154656
14276389
12260507
58681665
72219915
48980176
20582555
23143992
13648805
11715505
67662390
69022382
28556692
40356866
52151746
51749948
56074232
40867840
72484468
23685290
10289802
60734964
41273400
24193765
63933432
22264773
10109994
59612324
23469988
10845554
22026716
54688995
60916525
53785704
52877698
28721298
16090931
62255378
39905973
12282615
49808405
50983248
67706605
24081139
52718251
70144493
67112202
44384002
55018641
13662162
46780021
29923501
34836370
64917721
68193452
53507504
59894962
56181130
68779576
27199820
62011488
64463893
67784230
26547547
55475908
69913242
57807650
37216248
61281698
70154227
67862978
51498102
31804029
66158194
50851684
56955490
35071994
70414566
53672206
61112215
26479964
70935658
26702600
39545785
13149264
14435092
35614815
56220539
73723213
38806585
67372810
77426943
30267035
44351948
22051088
64283875
14093638
30559001
55178727
69666648
60688943
55497073
37091078
43987629
36328246
39954586
59801834
77835891
73116198
75539875
68228418
42248300
74069159
35493129
59258417
14326324
78995462
44151401
17576844
42627213
65383007
49717201
69486036
23896218
40587133
32410112
12552553
28423644
25349864
72707987
70814452
49140937
14757035
49046763
67080015
15072272
37504448
11446476
25798081
65791074
51849056
69561279
18431495
23041258
44257246
53808351
77638587
75158284
60002425
51357445
17649425
44920038
57000529
41739246
12242986
57382668
79454794
25661215
17551767
18524176
27047836
45032368
33735206
39640037
58999059
55211531
61969182
12475345
11061577
17049814
34228376
77781075
50247313
13583303
24845483
19133149
48166664
59754564
24707639
45924172
10564699
33468820
40488320
67395583
65330683
50296385
60335165
45149651
11511263
25115837
61009674
12046748
12271473
59263143
62417827
16478414
24874835
56148981
37212347
31543900
36334241
45311172
53499535
51350013
25415447
27993959
47637620
46409375
42337810
57258695
33250417
32121785
30828091
23101704
12365059
23010702
26469955
61109368
57107191
54508686
45980066
72052255
52574933
68595770
39639222
33799666
17891386
64718151
35306703
48546533
79486590
67539779
65185526
73775855
67140657
22898847
78872394
31667629
57730076
46814475
60299613
29398578
69366108
20041557
40404082
71534315
22294189
76465497
69470634
76230576
29113347
48199563
63130906
62876346
76145762
79339595
62029029
69102858
20069665
20295598
58351889
57296329
27337996
15176588
57215171
46350358
69123761
63251955
74811047
65804191
66195991
13105275
70584375
11674311
16589697
18200336
46511952
14896386
24733829
64890808
38369390
69345736
75905635
16181668
65871680
59203448
31141431
60865682
39594675
15680944
38265293
33556106
32969884
36007440
10018813
74832729
71834715
23216830
52742268
44102745
22552592
47919733
27914520
60129342
47341119
24884863
33164667
75304527
35315933
29018492
33220544
39350258
77755825
20002926
34753115
61350474
35658581
64868968
52396784
67937454
43741261
40617368
60994676
60981572
27381690
48895139
43480464
30482545
38458423
52968964
15357430
15408091
26208791
11182050
43086450
35400547
20170638
60869958
12409903
35919205
19297065
68787864
42245186
69301187
50056061
78468849
36105765
59801572
64681064
24697903
30543886
68057843
12113779
39732224
45004825
40759956
33840391
63541064
30902781
66957944
18193466
76577965
58034471
75185662
35936061
31933953
63533106
34857513
26059836
69448391
78489466
17779095
71716478
53237177
59931054
62485470
75990164
11263205
79613585
50704577
13538835
27023867
15883640
35132790
