53934309
15414535
66369463
77169071
48059185
75540308
76153952
61798496
61133028
27764897
34717329
61922092
64556560
59552551
46106768
45368810
31549934
57049090
71492526
55366083
22632843
50271099
45806681
34496449
34323764
41574972
79925936
72840524
38717680
28380282
67024808
79694594
26432063
77083061
33224099
23907574
57013156
10750327
13387011
13132667
40099344
34241310
14619450
79858697
42120376
52553930
28245711
53014678
63553172
79099384
66379078
33673037
73122047
32962916
52408041
74734851
28665792
30431552
76052468
19233624
51009172
71570140
37758140
77281186
37134843
50244906
34070740
18698370
46040043
63396328
55049148
41523116
51743648
18791535
11562698
33300210
31490816
64972221
63922070
55220458
16838018
72032528
42647674
63530984
65090723
14505609
20160633
78127216
65097299
17823778
56950488
17836517
56025689
31853097
75584282
73552784
62645628
76646666
27970533
71618373
38521928
19121488
54450923
61855529
78672889
45419438
18439027
53150838
46438891
56745244
72103614
61484465
12676891
14336787
14119616
48935325
34641681
71220493
33376034
61786951
47924192
68613818
41782447
39027127
15049082
48816885
74967787
72290811
79224077
62271843
15954187
44590051
26664951
26732627
30351879
60964492
28307845
10594613
40788946
25029567
47715240
67384041
28207440
75300501
28919731
59564175
14164911
66807874
60178335
13910923
66269646
67985652
66527736
20612113
20133264
76453625
38417215
21425185
47318036
68336165
63074844
50471007
21704600
41644817
47022264
35559875
65477678
39907142
63031453
37345863
54614974
20769391
35849512
34172762
38262307
29417596
76963311
58337139
13718213
69132862
26126561
51076515
46684064
63902758
17411758
28936235
73392524
14644407
78827403
40309646
75866610
20752764
49044538
24856069
66642531
59399950
60259644
17732562
49788548
67453610
36540624
38989222
65235755
66582813
32971051
33240210
73645453
15457166
43565346
65974221
76914113
60395172
23215779
77028651
32159836
34587511
15554195
15122416
65559903
12067917
13872195
25791043
75397293
71486454
65071405
42762079
48822234
24257439
17242015
48186016
72402050
12876701
55696379
10333193
28426252
41002572
72338381
27586060
24600392
40089251
74885127
43932878
71291939
72640052
35879009
70273339
13914569
68845524
64532467
39880602
14867567
35721901
44142832
78538619
76059884
63933074
11619910
33675779
64724052
33733488
72610143
18282375
47954125
11019114
56398327
18786526
47733847
14006836
73006942
39993303
51214401
27056112
38801161
77649812
72070112
47735938
49429465
27059122
43713296
24788878
24185969
35681688
74612364
79540230
32256630
74262886
77993204
25784884
54531332
10609044
19230513
48408614
36784993
16711497
68333642
65946134
71330281
72782917
22302129
68256951
51842052
20195907
21342212
40670510
38484622
29779677
63882868
60449504
33697321
48248517
38847214
70416038
22419098
56480915
47867785
72629913
28751989
42548850
26906766
71150021
67820628
54417577
29603320
69384281
59625364
74703720
73638479
38319526
59771176
75350771
31572308
70742576
56231611
49108264
50985635
77000206
18545055
67910264
39973561
55935849
29227783
74554123
16673984
57041766
12978295
50920433
22154468
60404800
50977815
40858626
39348819
30564108
50052391
73498819
26170574
55148709
54467856
42317312
61965414
75815241
38177193
55976238
75649818
18972221
25347145
51582192
20070779
75491520
14345056
20719199
69729057
30154632
10482866
34787681
54115784
20690115
32256142
19006273
68827009
24260586
58607697
21153535
65114579
38470296
65824937
23505108
61332157
13336022
19665822
72564492
10225577
48347543
20413051
77815775
12086250
67376870
38454983
14693248
38399964
73487083
33092986
79645157
25616873
68556503
45299237
74520321
24732067
65539671
17429423
46582363
58485757
40109145
36475306
78996464
23049263
66705027
20955999
60953225
48401201
10568848
76748142
63150344
10712644
32928353
49255729
29761136
34237397
38225458
63089295
51208945
45681563
57853293
47665097
70808240
77037380
69181950
21313793
10142080
29549294
11871530
54542973
18053266
79335238
70413475
39760794
47631906
76940664
22217678
14598982
75778313
75663869
59417656
72544033
78227775
53644662
64780430
17542465
31284394
27567735
36121737
29039765
64106948
65994184
56887224
22772589
73581181
20772455
71260870
73595490
66404698
49034543
70901714
11085706
13711949
35967482
64019487
40223536
50017288
55453505
46943275
59325260
31067636
70604521
68722492
75215467
41852692
39820899
10091318
36692049
52489209
39743056
79279991
61844140
77400940
22858798
67799432
76038857
41833812
31508727
49830136
49237505
64634135
30032628
45116094
51038417
44563570
77609798
31263150
47694238
31752409
31644683
29772226
52255598
42417482
15835619
68477851
59898380
14522436
41651513
79569334
58888325
19876543
48194856
56992306
25906163
77159119
11574034
46646629
29570903
65511979
68520334
75205169
41249018
35258000
37282102
78171648
74054924
49920544
72959899
49416709
10118213
33987951
67703252
43717264
20536501
61671608
36920758
65018545
58951681
20136470
69416100
56929160
49174550
33218927
17570522
74480542
52174817
37714180
69320295
20232796
21349742
20415948
38575105
54926754
53198980
53841241
74304456
43522383
45123747
48471505
61621122
63651329
17394630
44841068
33385266
44236788
40943534
23697030
22720324
25440420
21034495
49099440
11737709
12336255
74079063
60728437
73875668
79735762
44956157
79098870
66473612
22541996
47897624
42619130
42043435
17628216
24235825
55401064
53208381
76227434
71388071
20766663
24476627
31083433
79303218
59693742
14771775
31684427
57765572
73138967
14044978
15640521
46100242
65424445
19046223
42228005
29583861
24336554
65185090
48022711
43099865
16305081
43025084
72338128
21969194
18840024
44039835
50710563
42339096
67013134
71679815
26308384
21639391
57441054
65410543
31829495
17071442
78185204
15589164
34381367
28077138
67136538
21010257
36560286
13555371
52266910
40447117
44191608
68086986
15477789
79239532
33832408
72118311
53516645
54152523
12199957
55037059
19235493
68417455
75861842
10135456
77668369
76244487
50144531
29137219
67152317
35794140
35761999
41641568
54361324
34930906
56512718
17347150
12766460
43243728
19789127
33194381
46698431
75474187
79633792
22744534
49020202
56693162
53059672
22014533
45156494
43147518
78455148
68468980
31805203
48203476
44173185
43634943
22820479
13220654
57668839
28678859
39806461
30762893
21960552
13314676
55830331
53285710
51367238
40056481
67736855
44438783
26525613
70982345
64013049
59794490
15055133
23281246
63065528
29240911
64095865
79005626
41925111
77074184
53290513
40983815
30912544
33803561
68815570
42685810
64588429
74996764
16289654
46117864
13731026
65765231
34469415
74000067
62848272
50418809
30250209
39773738
30733077
22376921
49213620
64695636
53017886
12254946
31745983
25038053
33717391
42856599
47240746
53132227
48336000
16595091
13791803
74633235
55554268
31611402
38729928
36587909
32441232
74293288
31115387
63733372
17800170
37415113
31339199
65898576
46291727
13463219
48623021
34842431
17388290
65335111
28847072
40119045
69058193
25053612
52493631
42681709
54743618
68856277
44333630
67621156
57359227
18872559
12081413
45675198
51912315
60805087
36540236
70101769
36665011
72110031
33118461
48611812
40779984
42166316
54373425
43562139
31457527
16754905
58086417
49424379
17160163
71288534
64038779
12416067
42914204
24384257
23004094
35881838
38341865
38085247
39581060
21326054
77139135
71221109
28075118
24802400
29363083
11286983
12776324
69932910
14162695
64735032
63175868
53316112
50311314
19034450
24186720
66111627
39976980
44636374
74852995
11842411
64173701
17403635
71978342
78879293
34348062
15151893
11243408
14312256
17308565
44174890
32780059
36445253
76277601
63720803
45253653
40443373
25160181
61917125
18918411
66599130
38612332
13264186
56304127
76647340
70691157
21007700
34836352
76254152
27152943
41008968
52621039
29094381
40818754
79434883
59188003
58170036
11327346
24597741
52338136
73717238
49546712
23209430
65192294
35454895
28525638
27603820
54971148
22481419
25929684
23149500
51230361
19387842
29616784
68769483
75168333
49883115
16306829
19915799
17901594
38245743
21761038
38163781
48737136
65620866
16033193
58217733
22134155
42514376
54654702
54939384
77440241
76737414
72280717
45386921
75147421
18314077
27456485
74625968
21289344
47125254
37062426
44745581
29596954
78770150
67096223
18437428
25055749
75787745
37680867
39476687
17815213
35572468
28353921
49992253
15464003
55309073
44822485
27752320
65106473
39086966
63593807
44874549
44474427
52945903
42842545
42971528
36513706
69461552
67346851
51275228
75910814
38621130
28261558
24568499
75803406
51552826
49542654
71009687
64444122
25742741
56633948
11952787
37247445
50595518
70772286
76610030
57796856
27006795
51259005
69142995
57491362
39418247
13961670
73450850
17042016
33047908
45107834
73247205
40171912
43318647
15797424
46015460
27396221
49590303
44271070
39981764
12278087
26066005
33487214
57623231
61699518
64723787
27878785
34361676
37230061
24307964
71092757
59260740
70265774
33797494
14980252
59155386
75289457
13800979
79858597
71564066
30857880
17416367
76207585
54866445
65893485
48981809
54784931
29253901
79924965
59159714
11746573
43005165
31802875
12645938
48979320
48237342
27131121
42082682
73729395
48822287
10818095
75919129
46201148
34105615
65475156
44915721
69027309
48082026
33656299
29822630
66950068
23680257
38023271
70884606
69675351
30021453
43368512
36299779
26082341
24655092
74607977
29270369
33198831
59356522
76737784
48525746
64541209
14584494
18956995
57719824
20603485
47018805
64694300
16080058
33475207
13702376
58866575
53098407
77430073
26848969
51085666
73682237
14590882
32042552
23366756
75425137
30841952
40977888
61343158
32711135
57022895
34657844
60333056
57068500
77670395
58151312
59352558
31275178
23879736
15432582
42751209
19750498
56234833
26571983
56522078
74949678
61281998
22614269
56551927
21055119
37211406
51080711
79131294
38485460
46570890
72516651
11119839
49623971
63067617
45807884
58239871
37073953
79863881
62243282
12807262
20347803
53698103
62755696
47566481
71225024
75184800
38178412
24329059
54430936
21162667
31083741
13721733
13189647
30938487
78795393
75156137
20016771
10589620
33690565
23521967
67671473
78483836
71582122
29786296
15985577
66066402
12185943
60258338
32638380
20531099
57609765
40738341
39319110
53106876
34992901
59441094
45824227
65238788
46884254
75850342
20333456
62571536
12571757
48827598
23348963
39878591
19178002
40498985
75904892
10464011
77731440
37869114
13238068
44751714
22541222
45975504
39764985
21306406
45835742
29068204
69067155
12218848
58189494
70276772
71917750
29060627
34102285
50549451
61224054
71068483
28994492
26145748
41780163
39538576
35847898
34596924
38887319
15875933
38786758
14716409
55366905
68824919
40396730
50359684
79453971
44822180
16732483
30116534
52692588
63416040
40629819
69076046
20801226
48649606
14804943
70145478
38984529
26016583
18675293
60778021
39224883
23212864
51586625
62685171
70279033
31753339
60132131
34995541
75127456
25171645
11765140
27776861
26979979
64048810
64088043
47040539
28522436
77572784
65517937
39936443
24192532
72612842
62312957
23640423
66388908
17605693
65016202
55957000
67130639
57368865
64707969
74888156
68201552
44830444
46170577
76595471
44145754
21099833
79213630
22733995
19333707
24868001
46343822
66391907
48070003
45941676
49651919
35241538
69176427
32560611
71144925
17499557
65313485
47215621
45815364
55305531
52911227
76769997
64820349
35933612
63936296
26510930
65893851
12849552
78563579
30981619
48376069
55180212
32801678
75657732
58431765
58255813
52241527
76877845
75572665
55870418
73068425
29451494
26060353
10797025
37524958
59537586
72039652
22935433
58318305
15485393
52684819
57824377
33890618
28611383
44108379
27663066
23599286
73196037
77779503
65707890
12976677
19721660
76660837
52648793
20268268
38013995
48131908
50245337
16151712
72456233
46033180
77601361
43268130
60844564
60783725
36078737
34721645
10269954
44228590
45878211
40475743
65238779
79154945
35797164
49181585
49576800
65196446
73329796
14714643
60488460
19724497
66134643
19371274
13962691
59698916
20666746
14088648
58524530
37555269
19181265
67810052
66774298
24436873
72898771
77857449
55276645
30509423
22222074
44297364
13346157
53681476
68511075
18302501
29213704
24789918
20482722
54286212
75395952
27034382
39034825
14629039
49552525
44801601
32434707
67729181
49408602
15373423
40123433
53372220
54893999
50467596
13062857
55395668
35271066
76989609
38840509
65514297
15453304
39569077
69873712
17993510
57959624
56247498
61055863
58755949
63570735
51082554
70180795
44800168
66052846
34066127
64621183
55694027
19985140
54258359
60690486
10568552
77552007
43690798
41866954
40169969
73166439
33361197
54975042
61398697
23782079
50728935
49968172
28044760
50716926
61345847
64062793
69339509
15946932
69918167
71839886
68212086
11677555
34185061
63580258
13520833
10289794
29248396
57331552
42928930
31711627
45641227
48628748
45517139
56814055
37558305
23018677
68526634
66482954
45451974
63080007
37380313
56308115
33003393
58661596
10954565
36209813
38124654
63401029
46095598
15155172
35211612
29732767
61849522
52170342
43253502
18291939
39671478
12311473
18900238
76554367
59233225
41608526
72463214
66069475
36987718
60844130
56567582
50438330
66053460
51151864
58899323
50205566
79914145
64780225
65055947
56987792
62405934
43579400
65182355
13153477
27915008
69450215
38440653
53233847
30715048
39363842
49264973
18421970
14879704
19991858
74469193
64472098
22437793
74576702
50786482
70839494
23538088
47225262
56553060
39683628
59070931
69267507
10759574
28739451
43297537
69256446
33893741
60230366
79152538
12469534
74315558
49280254
10808205
47860789
10609083
62652904
29443985
10056400
34344505
42301034
34594353
68225186
70257047
28312255
37721179
23544007
47584975
46353090
67079626
74875805
43737147
31587361
51192125
26830587
43390212
66249161
65914212
54384328
76642838
55723851
23414658
21430619
56322452
35855322
64871878
41574424
37905233
23162488
15763571
23260849
61754331
25516761
22290111
66183218
27321969
13950786
57324490
12089505
37536645
50520479
42596380
43995238
50380382
19951901
69754534
25516656
47392465
17011865
12776492
51563050
68337426
46762782
33232525
28124351
63624500
55850098
20391883
62180951
78635479
30225900
58278567
62815289
73347916
67302188
17625945
27135057
74834821
33863727
15907042
43324922
11041412
69287780
24782223
64395187
12734712
56644292
68519298
37598802
29458744
66352513
76589650
72834743
24696139
13286227
76813265
34110978
71723384
21065398
29585891
12885789
75159524
20985504
36974745
55876850
45564941
36488784
35371813
46747295
28648938
78069906
62921173
28606843
45462628
46819292
55172365
58419462
29264321
23039838
22126559
23665989
47285796
74529747
12938472
37753735
54730711
28744559
40183960
11471595
17399096
34262087
17433488
28078203
28522809
33127555
11772621
71482042
78002984
56744121
20510761
35647374
73642848
32846208
27689478
30443772
29570083
47939736
52061934
56058410
51277445
38882939
72818260
40601122
49216077
25811431
36044325
47496500
16933758
18648408
64593589
72421343
44593353
26969360
37390402
59887584
28241838
61019354
68867919
48895784
75186475
51558491
23120825
29617122
77394953
24919539
63308493
59626728
31485502
72701247
26883961
73162239
68084489
65879015
16099658
65769946
29096905
22068377
17080215
65056455
51652507
36263501
78954362
59401415
62183157
41128268
15062017
31313854
61552013
23806426
37313029
33734943
41134415
47075278
53157861
32540114
23099388
19394364
36469587
62808580
25730337
62059491
22880062
41244842
77281281
56932283
60751085
20073513
76646942
45494676
42704545
59165752
16044786
75849621
45107112
42823973
62091383
38543651
64868592
37174369
72343135
10978119
14317477
44841141
49751194
73399669
55537584
26807901
62847712
72386914
44100904
42495403
20884581
43200355
37754124
28862470
70143112
64184598
27322233
31768873
20480957
19121388
67756597
29331801
25895304
26776682
67408289
35909054
74518674
24020385
68865549
49724476
19198243
61297818
11466861
40415898
66242922
54807933
44814685
32857231
76243449
29918229
33847928
49348330
16646130
13572274
44862621
23781617
71502164
32844837
63310878
76759919
27105424
11331381
20449584
61862634
10992073
34145723
47090213
52592444
69800192
69340488
15318132
63248205
22492068
69338709
37859975
53380915
57788220
21014268
36295210
50604639
44636774
79500425
78952007
30042577
44829846
12764792
27362466
37628857
56033420
42763707
20258374
56398036
18521873
53479905
21848764
65746741
12904239
42726510
67829101
34128342
39706799
73728522
57223852
22229684
22113374
44075049
37449927
75804684
71310606
58927797
72641211
16047339
21720843
31579227
78358142
34028836
42743933
28536541
47751645
15113996
27827545
11609172
53537065
18390267
58557179
61358572
78330075
38164980
69919566
57098155
31500540
78612413
31065141
69366719
58888934
63034032
19776008
37268910
62478487
77531702
74837832
69250624
20047808
60746543
18316482
17406023
49297652
12389207
49197641
60089315
70195715
39225870
60986356
76264062
47377245
60930052
50917164
56557524
75483967
17795634
26839868
61210379
51976004
21198671
56122646
78527168
30923977
27391544
30728697
13594526
12054196
73154915
52361107
60580864
67508581
52504672
65055060
11121942
23092840
54488405
58563675
56084862
31767702
11514864
38340212
65151790
17726517
15757831
20308964
44759783
25629279
77327496
39246318
35247642
22377775
20946914
71823517
31151732
18893953
24582478
41035087
22515492
10468526
77999021
27703518
56801505
78132846
34969757
76236133
50017240
69526172
12731285
51799587
14406681
75051338
64494079
70246793
58031561
15048559
71280338
62869755
71196914
43915977
21220300
47729669
65778993
11063283
29762735
53014617
29634099
74848394
30757909
25231907
76715540
62854354
53262497
26368821
70770116
14383713
61226196
44360605
73841955
27813486
76305495
64205600
35129896
13008284
31307878
74996531
37843306
32022570
70051635
71466410
17493422
26931831
17729615
18438724
11236304
68446945
60641356
49682806
16544389
68528207
25780676
29225608
50391458
70744332
26697001
61534035
26271895
37635767
25793591
53365711
41954392
44098937
30127337
29739413
35132298
34507605
46338319
46011609
53566446
52878507
78626045
42592518
58078397
65560491
78772849
79097175
55116125
74071941
38642120
38123186
39497380
44922980
34301283
33842270
35182034
37507349
39060847
14739505
40841445
67833214
24425470
10268973
70988786
78398204
74905767
21347752
70131810
56009172
38674791
33742118
78750113
76146009
40606730
79037919
70900788
56064652
43367006
41126605
78209206
54245205
51872096
52982909
23390084
40358350
67539976
34726935
61351869
77442058
35931652
51481535
12757593
36171870
51665810
60647392
39546080
71701470
42744407
26861717
47750231
38138898
10951923
37227950
64361148
36498246
23835945
27690837
63691047
48890452
16427655
19996628
66621037
13051438
50845463
52826236
11897763
38108161
21746105
11944868
30055147
51796563
31650603
66096235
27865337
52835217
39986942
43210381
63353835
54815335
74698160
35496335
56058819
78505419
60724701
14514506
71599458
12628646
37058450
11730701
21286505
51235656
16990123
26160618
62142182
35433085
70757314
69042770
75278314
38349700
24431593
26012215
64827004
34055292
75418473
40684381
28282941
36793046
56970662
39861111
28280855
56610889
44709557
18982458
17183114
43249353
29137093
17939093
51947190
20280964
54764783
21844845
43920901
56536968
48007653
16276140
38303043
44314388
78769817
52617571
44920841
28518737
20459525
49434033
49080587
65040278
43845017
12852336
73234788
65628047
17581368
41359409
25920076
46893134
41547794
69872237
18134173
63833475
53496385
62659886
54932495
38139560
74424461
57043378
44465999
58621659
73946403
13523323
16302257
43396359
59570778
39272710
47594040
18671099
40337850
13290533
55928775
40214444
69439929
74568297
66647154
23415843
71021055
30665725
50389331
39751063
66226996
16433638
31282684
30425837
36059886
55109075
18770765
77500116
66332224
72817000
21743425
75891068
39754818
22541783
70347767
22577542
37249700
44277920
70498443
64336595
65359158
34089342
51579125
24338881
19581984
45487720
26590988
38550211
77005565
68146328
49652373
46258302
31491700
27038623
61381352
53098597
37239540
62700249
18409987
18751639
31382479
55919026
73787741
55055335
52463238
64007022
32815035
25391552
58216839
76547211
32267887
74324690
25679673
10678706
60632329
13842368
61148660
21334337
78025219
37183106
16531406
70928346
77130472
58814798
72195812
33494782
38643809
64457623
63703510
32148716
58095443
33422555
63796720
76235831
20692879
68811533
66794105
42707608
50505315
22514953
42762332
76598756
72691810
27735674
19420078
42112017
27304919
11547199
36397731
79934275
28956870
77767530
17908598
73576727
30320678
27972213
43975163
79404329
55758519
43252078
62041954
65697633
47405212
25603063
79909109
40156772
46839368
28447820
68582945
71094630
50221943
76287413
56345443
36110111
53111940
21131310
46325827
29026408
39290024
10486566
75428101
29879342
11465120
77225248
44980788
58534887
10118689
76922224
23808662
21099321
12623538
45309881
70244399
49141594
56177311
29928094
45078231
37991308
71477520
41407840
35172497
29949728
32863476
30138138
49607500
17893760
56268573
53478208
19399694
67447155
48399141
64858339
76724578
28026053
75701076
31632733
14103856
63127289
78118612
31516518
72896408
22212590
68642517
67016642
70848128
27902181
78397835
11158358
27040957
44976478
20571259
72384586
41861103
68966154
62123592
44326238
25960816
77762378
38211248
18530892
34090969
36908722
34016792
25435853
63489348
79787194
70376341
47930858
42918138
39949061
39500355
63156972
76368790
53504557
78458743
10792686
24776494
63093225
15544733
58605211
63697489
74999349
58757491
15421359
10741459
55244594
25468001
18545924
55564465
56401290
21131719
57653775
18787382
29340608
77851157
44574661
73020657
19959755
58070293
54221407
11885004
38311012
67276970
29669018
36611286
24416746
67759608
63893196
17789126
72491548
15788688
17785015
63766133
50738658
65804339
67918335
48451707
39856413
36014165
19690540
48092594
12567797
36944840
74524192
71904430
25286018
37766083
57195648
21272161
55673251
68458091
78962758
14167252
47015585
75903741
23250300
60378313
28459611
15729446
17733000
41491201
67889008
53795425
52127677
36262513
29482343
67351656
66249612
65164669
22542151
16430096
76253175
16454737
62576297
55863246
56260282
64128772
14541258
49759169
49159730
61321576
11024535
71122350
63995837
13186577
42062129
71419896
12727908
42797166
37584711
10819150
43397278
62915093
61801249
65196442
37323719
14207658
20658346
36224766
72972666
40136246
77694438
23695024
62890049
59222334
15641398
36746929
41125420
59469775
25613326
65872303
52901888
76522095
60942072
74019784
61791365
67116610
65092243
18352363
20205768
59387940
52897831
48804171
60474365
46702747
76970663
31918277
38266060
60847856
11963428
64722267
50775283
46420108
15360768
36105522
40584666
50447057
79257296
40377313
45476309
12048333
27566092
70855509
34301915
76630563
23259823
23244165
55162769
62417230
61930995
14448160
45036288
35568711
79328383
54027687
58157184
75126732
52216172
49160637
31685461
55764483
45115993
45393987
48504368
31294664
19601888
64786788
62348054
74332822
46421882
76352748
14485251
63168786
55625014
46233253
78692829
23621364
40884402
67935649
10714845
11048923
66928780
18474907
48960365
71237717
69627368
30329272
51211556
28378882
12835028
36381255
49185295
61588837
59288482
37392162
43566285
40181026
11593217
61725721
60980303
53311863
23048449
33981548
24350415
37607670
37729524
72348706
75238553
12152520
59406842
22337693
76931091
57842729
37776885
35743373
79585724
13757274
23320457
49514767
67854464
66679816
63625286
23554598
49790350
15587199
17392710
74923245
78276988
74924117
56447016
64135031
22291134
49473494
44880421
11990654
57796404
35223553
38324251
35145761
65661210
71889113
18907917
77159068
63630641
64871687
70743295
48594176
76769229
42956316
18525754
53947415
22630084
73421347
21649799
18865342
14822126
44763090
10192898
75677080
41022036
49150102
73478905
35863542
11031616
76639977
77140660
28179231
34370799
40771981
52518301
75816916
72929677
44822302
63411838
35231631
72338787
68050370
73705278
76291144
55695630
38606087
79738568
68754857
18460001
13067813
22282422
35463240
77638659
79023946
77445368
20302102
51051123
46593551
19792304
54391718
48045738
29642842
36900646
21329384
50131426
76263921
62615926
63100488
54864178
73382545
62240539
36682656
21129055
77274336
10170471
43817386
43770169
18833845
39514859
79059390
25894054
26647866
17582944
27086929
79792157
50085024
45598290
62593903
60944818
45452042
16350236
29207395
45939134
29599874
21154238
10973303
60874021
47069553
79295805
48310904
37577553
32700374
35884686
79553971
34122537
29440940
63492589
22286014
51230978
75299499
68408327
69727607
77214022
56677113
12029930
14770867
22857799
50354486
60792439
38567024
33499028
27167015
24364505
10658468
43205860
47441583
42804910
78928039
14299302
19726294
25051250
31815707
67400849
33933675
31351046
44707849
13273776
53305351
19635318
19678230
22483100
64613540
61249548
15468734
29293121
43670046
13385082
54059980
24891194
31537502
34108507
57647265
21968047
12336147
53348356
20389216
17428392
69728968
60041156
12690285
55367685
35263048
52278560
36111357
24130860
21815216
21371297
19297507
47549779
45423836
20651550
63708287
52236650
62405857
30485648
39369249
63457316
31610549
30781228
64899336
21641526
74457947
73913520
12613822
78339876
67690357
77363342
16840225
62018259
56007203
27222083
45517872
20333934
61284164
38203954
15678654
72238807
42529747
33787229
78719562
27972199
75999876
46779999
35374092
30538504
44142668
75992453
66175500
77714304
15429212
47558564
24549891
60255430
17590586
54046861
59698213
32799299
66084904
78906582
70262183
21867524
45902078
19286670
78754403
54704750
43917731
70460362
51989788
16225094
50590238
67105408
50354559
57232767
46958753
50699032
28093250
52447450
33333559
41678003
41785317
28516730
40347393
10757663
59261159
11729899
12143710
11577218
67352800
71585881
70138872
56352309
52617515
61281149
24001694
70895741
43650052
42222590
68651893
15375814
65725599
34552226
69007659
69472900
57213442
17940365
37311520
13594600
26814339
30753238
71557649
64504253
24494248
32632935
35730775
10037885
57130007
51614084
58642775
21359496
56598845
11828100
30127817
55786626
54330159
54797784
66955441
68562586
37697944
35826723
18511660
50223995
34507619
63544856
36246356
73559216
24155936
40362938
45210044
74673054
27253048
29262439
71516706
49713208
27193572
32768722
22738930
25672597
70677050
52521227
60702413
23968857
72530582
68847863
61195581
40317779
63855137
79853076
16495106
41639417
27851767
10420539
36895869
14603655
64416408
76560880
51418883
28439266
52670825
75722184
23917457
16887735
58339300
24467257
17659731
50983309
65851711
19572559
74703460
36596489
38443802
56180803
44582648
27446102
48127717
24655320
74149843
30249007
64264425
50767727
13955193
73725447
52017526
10310088
33083989
30887894
38350626
10579177
24342603
45426565
50454696
40490058
10821165
36256199
76214419
49715925
27398366
14293082
16427610
36537513
36660191
69569454
23794654
28730368
66914619
21925444
62162485
24440423
55608607
38141551
54476245
56934693
18060716
46450549
74740616
21313888
79350531
44222009
46607869
62289935
35476212
69932675
64099923
67431151
44984482
49096403
75787887
65918674
24500614
59610743
19242833
65709714
76880573
15114346
77135890
31510593
39855681
71644006
45187340
10056244
28870609
78560763
12539843
77801979
62863192
11129848
61908379
47901297
22971817
40273622
55084101
31951167
77707877
17888966
19235164
60580485
66688342
48314475
32836738
31507855
69456363
47387586
51744350
32959207
69227053
43236279
13001994
69459584
38592546
68625716
48458069
41033270
57932235
58495624
55846861
73585305
58993873
70479181
57858694
18500764
37420536
42805562
61290187
61234778
44843060
40919108
57166989
29939708
77154818
53937689
77252293
43946986
10977671
23943888
67594555
31992571
57231228
42826854
58302031
67374668
51301591
78997374
33996326
37901220
64421499
49087777
34566211
13672099
56486335
69913417
78107883
18378806
72481886
10530992
66966329
59172540
10563380
24522747
52253159
38371810
43153207
35488457
57497061
58529873
35595869
41330247
74132602
69885875
41057752
24249713
18191837
62875338
15943933
63817324
64112475
43895961
11467255
10497860
45517678
69966050
74772887
74966497
66158527
22394782
49230619
63854781
22105656
42113243
44119642
77799552
35824770
17246175
37609914
56509893
73115214
68734835
52307069
72232787
11363401
17818610
73496799
22948713
78767048
59405670
34217683
37757542
56384453
41710386
54738258
38921601
78580501
51907503
17958748
23268772
61552046
48305994
52043957
36430873
44534626
31387017
79662979
17281519
36574548
31658419
36879606
12125989
65696516
14404720
61584388
30138933
19263954
45692952
77947220
45756781
50728648
57773079
76633384
69489491
73599909
77185802
68388137
61945496
40077469
64152433
27847258
31348476
49137396
53719364
62918168
68414382
46235264
45985293
20029825
49104022
72498528
44792048
17023669
37079434
38629972
71330753
15989130
43400240
66403894
59230806
41462526
75933308
49728123
62766773
11186787
49131829
42296181
62181679
41759693
40193718
79894128
42909990
78911762
12767597
21443375
65368700
12632829
12534417
20483582
19598937
66432965
50605017
17191155
71599539
56371848
13743827
13714762
52282989
18111733
16102873
30882278
79146733
75792522
75549869
33988339
54467494
12990590
65545253
30673599
44697625
19458005
53944317
37614968
25432031
27014578
77421951
48132175
11166593
13195132
46563707
71704363
64287174
52360140
36228003
39200829
33879275
25076838
68528581
46683978
20046549
11509749
55012777
50519270
64937604
78151295
66644091
40062211
58085257
55118125
62512555
72466693
59954358
31572807
65402969
64399243
56354293
57329918
20945487
56788717
44325668
38663776
43646001
26897033
19154219
14989936
15911928
59153270
31779840
66660330
51431315
54925835
60240120
17623758
17274339
53508893
45145092
32061259
28246175
27866251
30320974
46525165
37201957
34584682
25892376
31732665
30170047
68932661
46831115
76031957
56206745
60447501
37528205
39467805
55273285
12672740
73327526
67087941
17236769
74088345
31339368
40820972
39450068
54553187
33004379
14807990
20708762
73048277
16127244
73575951
29119499
64673171
30696937
21679207
57815429
54780813
75216466
78584273
78059921
16321820
77462492
12823242
36038977
69007422
38537234
41745233
43746477
38891310
28436831
50526976
50373916
63176172
76188350
29707315
57618777
40653644
35289479
20479951
31524934
48027296
21049871
43629906
72938358
59932846
12600640
52361136
22355747
30072391
39052693
40114045
19839180
32822930
54688914
26647009
74938075
49324467
42473513
45009293
47334340
13262131
55972461
27000026
34579780
45116001
22866015
52548341
50689463
30455583
36157667
18766780
20463694
10556805
62791483
11487682
77758274
33985033
73589414
39590078
34376995
65867272
66302554
74665761
19514174
12367528
55278581
36007057
43001995
15610837
12482019
43679214
66635423
12270829
33008503
36663117
62243172
17679458
66201094
72389999
70061318
63927249
48977180
54551135
25741700
66515725
21074200
36548242
62432280
35006749
20312306
45359985
12426162
78544232
16731977
38363185
76150867
31284295
47802519
62340193
16806081
14923647
41664462
30414610
50615086
35563163
39768703
41796772
14435250
77474877
53475795
58023121
30939523
15323353
66060459
72645708
65070300
55429516
68600438
15915396
66643636
30294892
38333870
26141782
53739502
41527058
51330193
20761026
13243893
72764904
33914953
29370644
20868845
75300947
17069417
77715274
11187088
53982498
20175573
44215822
62480706
26079621
47961718
44364661
64067285
67822817
72272750
67890836
31071967
65715951
30986182
16323669
28495561
12315702
70192004
19505186
77217859
25303498
72261061
40420076
22823477
54440619
72437135
51377412
37530961
55577382
78102126
51903811
19399784
36543054
59074225
68531818
46322498
67322451
39567309
62675483
29191462
58821303
27871607
57377101
13232255
33046171
15095695
38820121
53938893
22701534
22451223
47793199
54897846
13670640
68080667
61299036
17659352
17837585
13471696
23255655
35717128
25432496
38727602
29401369
54168561
49738256
74029183
44607029
38323086
63691052
20530459
76334931
67058905
35921447
58454788
62905908
51790831
75019801
48551850
47909381
62097171
71400158
26138666
29657151
35656065
42453381
51040668
60320845
35681912
47697735
77809145
60664672
78768309
18570039
74380232
20288042
15597333
65220967
13784581
68093296
65298233
56569196
64550701
75287483
32551564
78763056
70334558
36381690
13441273
32846805
16588241
40968956
60590677
73681541
72933586
34999647
23607669
70208681
79432422
53637170
78482517
14425502
36956930
26972718
16701412
23733338
40663151
27804471
37743444
75134044
26772149
60903561
63973532
14571182
62186859
41521912
55637822
21792372
41234977
76723926
77679867
21813254
67077309
66810045
29836906
14751989
31559889
38952539
52183273
38431908
68206728
51751840
43546819
23011769
45982733
43090959
70934480
13740269
41255132
42136660
62618990
18434615
27389048
64919385
26631479
18284217
54613449
53206250
66479806
16920573
26023319
65184299
32646306
30862169
34695851
11766069
59836640
13065291
19711341
72838397
19284147
54511411
21191914
14040849
17518686
12237442
70148668
72411065
50260034
60751886
48701259
40283792
49482770
27599820
28083494
63211567
47222102
14932253
21000149
31095862
46483125
35538704
15503497
56763463
39950257
63812417
22901976
27748956
20081755
13525051
63481311
30279917
68212906
38824406
41047000
70990408
74788554
36360476
51585768
16444077
43606049
53748713
36284025
56318520
33418184
43890637
25735779
24453335
12796247
48478354
47964471
53162882
38085396
40577460
13044456
47451311
65234960
75482748
78554926
51593993
40725325
66265313
22200936
42719747
63872840
48584071
28680272
18846520
68868717
35984991
11484013
33481482
40066339
37196640
76162096
66209984
25203760
69315874
35389682
71164454
72757440
69195748
16205622
40689014
67005750
59950783
12744512
34807094
62911619
49774562
30933089
73075852
14735409
24265389
32269156
42846687
10403929
53615862
10925965
58632398
23109586
75036770
42077012
45799647
20542950
25345555
63871144
33368793
57746497
63561811
24295149
67303145
48090865
29059248
61632708
24161012
48717326
47365729
35620329
56245988
63040713
24652961
21211394
77637565
79418523
70464460
60425138
44868787
62967657
12094750
51583979
71665365
77594712
74818240
25675547
75619321
40832043
43517342
67968660
29808140
24607089
76856512
37258779
51521542
63720183
24768000
75326672
47764195
66595032
35457553
37759978
79645433
64093935
59525890
42502404
35276652
62554652
46057164
36131307
31592739
12756192
66766051
76004366
50092287
58415727
20213145
14377605
53818270
38125607
61687813
51383717
73770145
21296588
75493865
69189067
58253561
66183550
23600986
33421932
67012412
34954500
73957967
47569855
46733101
67724631
63074995
65903163
48129945
66830021
28881797
32580339
74777454
15191873
17335957
41014260
34882781
57899847
17219441
27977583
49808400
70871113
64419974
22267997
62704380
14931073
17177794
26040089
63084063
79761271
55449679
30135940
28513584
10534110
30316937
79517665
56313020
65849087
12416504
29968993
48367454
33510747
74720032
40968717
72474321
23662920
74989416
40030338
38007008
63727321
63839984
40342973
76588898
34542793
34153460
51353392
31127630
13665411
14526827
13332876
12147301
44760646
28448851
78281247
18643064
24672391
41506889
64536323
12026845
70440591
58873015
57387850
62259698
66823302
29721162
59666441
11039344
22788173
71308780
79287710
40965228
32258279
44774759
14747649
67239691
24891374
46860833
66627709
61218718
15243374
35290617
63468533
37167841
35738372
23587245
58475985
50636818
16270134
61773374
65442170
75941516
13267041
13990624
41112127
76473673
47474382
16869876
65697640
59565100
50331498
33275743
73642158
34399584
12248721
65194631
55813973
39421235
67751473
50370492
39785274
74872046
31987896
60374191
21710376
54012665
76651075
65651127
68507346
28948700
76374483
19210607
45176541
77541532
43987098
39986263
42811580
13429399
30946077
22510477
51188949
69259438
38771016
75607498
15474482
22722113
24047479
22791304
59318917
42637900
49156120
68296333
49852290
72360233
11688349
53923881
36365300
24277175
55962942
77685915
34224258
36467926
21045990
70722910
15236698
66486053
10349303
53011703
23332309
12304825
48964974
48790730
54564809
18130540
12863302
10340981
13973643
16408254
70809135
77569094
15320870
73334147
32666701
39811671
78197080
14482044
61732025
31612780
56936164
70745595
35658128
22720884
71807194
36345456
40604938
31083175
21550189
77332377
68079002
49148382
35358171
40924124
76658985
17462247
44132211
28595924
48070307
46511613
11040963
21845349
41077991
19673832
62209656
13870203
43685923
42750939
29732175
69525263
37239401
64522187
37161935
68277979
55565004
40896163
67702043
25783952
48020960
52171831
18590006
67690442
71115997
78380257
19324633
12771609
45420652
70767813
73640340
22157990
32916632
33447211
47414765
60622514
79054784
75333237
42300336
65029937
69524187
46990814
23989937
67724198
35916738
71417996
55648651
12260579
70676985
10637176
49056556
66196195
15660133
67781349
15235481
50017176
29083648
20992775
39356121
24227834
51242132
47285046
41598380
28003423
74348307
25657299
34494495
16207972
46701075
27471663
28083009
43230095
77031665
36904272
17554415
35249134
14482012
57723454
68973817
21293407
58018727
54452199
75125796
42591921
48295653
75147387
68496666
62571002
51982704
27702861
45726913
37520023
37836618
17413325
61599510
37986643
39780133
48115166
46319072
49350827
39581614
35570346
29239064
18496069
65269225
63321208
49306562
65459569
41704743
13337906
13427577
56007294
30076518
76799105
33836369
59842228
66290668
13104185
67182474
50884689
77337628
65164153
74361178
28882032
67086528
62862436
42246353
75576488
46974864
76985541
36363044
34460668
40182230
59105620
72421052
17409108
64820404
78554978
26512789
21860112
63929458
22076371
65330707
61053264
60547017
69169974
58668251
31479841
18816621
60292532
32433256
29357470
73469828
20360873
72276594
24016683
42108628
68220844
70851709
44460433
56055798
63869999
40739205
39999300
44640927
47564820
33564768
44429149
23996203
20777230
61822502
76647900
12281942
53432215
76468940
64128147
48909582
10579773
64772613
50985949
55478593
40826867
22894891
39347320
41141393
29730529
61538828
13858281
43219437
40385637
50203304
78449853
32121690
47603344
74235263
12064743
48863925
37509750
59127953
63615610
20761402
72162366
15377369
38786227
14177167
34917513
38782609
67293604
74125221
27579991
41373138
50001267
48510420
20880517
18261634
79237787
31965638
43875350
59807418
79700111
29040288
15575689
79066040
61474493
26495705
18109103
51434395
78847596
60322417
19286520
13562105
69312582
29333473
55184207
18450348
16978855
35728059
54524993
47638316
36146211
59922393
67735499
42814149
15801817
77586894
12683673
73484857
49916686
69132182
41779646
48847653
30357698
55929755
68469690
66920250
68166644
51773876
63178480
38047094
12900043
19762448
49541901
63021214
42563210
41019542
71783495
17108077
74632610
76165902
50350795
61217041
68563579
23217799
32406935
71833076
41002725
40352451
65708033
50092324
25345448
50913741
70653985
52943898
63644782
24216226
38546699
27152126
24233875
27917053
20768323
38963406
24359810
60333016
19410944
58176157
18232269
29392208
79645204
78681755
50308306
27956702
44488114
29604923
45880756
45932457
72946592
55809876
34199926
60078939
75611674
34540970
71069078
79009151
19283280
75578960
50923073
44794357
47132035
51128529
65439252
21134950
44990271
55817958
79447518
53124734
15196747
38440814
57338785
32289673
62463118
25111686
34683409
68245998
70502324
64389474
26979056
53712955
38024214
36661608
33418642
78607352
55373532
19433789
48635114
52333320
46625379
46720311
36533467
76612264
76657194
22649681
68154387
55048656
63481941
30840895
17839209
54916967
67757196
69505515
40783215
11317061
48163655
13745842
79546896
35160023
10576428
55805631
53835122
38594681
70262062
12285655
16564233
50510125
20495208
29106011
41839111
65253308
10262673
66909083
37942662
27633093
75245777
25961691
43982732
72481392
66912841
14612240
38257910
70718167
48360224
13333162
67238787
57140174
15496902
26669818
21417295
69593861
29351615
23930270
74188517
11875058
62141727
32009187
49082227
18766250
26735086
76916147
11589159
76362166
35643931
58287554
51747288
14624008
57126816
58764613
65674332
55156211
22742701
47847450
25153789
73183449
40516633
43363055
56531299
38473318
70868471
77734366
43056004
29113224
33326150
60977516
36160005
16257972
68360546
33362203
26459075
35891325
11633340
45606304
67330510
33659900
24809110
40186963
21287341
21875849
59447484
38069587
18674800
54593367
63064534
71614867
37671682
76681464
52791820
22535974
12810429
28432707
55574488
49984676
38599910
38341844
28142039
24332661
43449232
43384252
46103352
54862218
29668547
30150358
37700171
67044853
38385744
31258768
56821042
20622112
26519128
59766185
41750524
64380781
63197834
62321499
44909484
14600495
38861674
50745156
31056588
19874951
23436339
39723175
59015509
37137673
39730408
17589044
55992340
31900213
30010893
61363289
55110011
30534224
79869160
74191532
57735954
32903810
62438261
34131129
48866534
38778744
51748502
10783022
63525186
43452739
73440985
43581205
67780936
40977040
68439004
12791171
75923431
72091941
30636953
42162093
17032297
48549018
24259946
35632055
26491779
64104500
77006531
12135086
57336664
45018536
32148789
33038673
25144441
10507712
53601979
20303691
49130723
70361814
71144442
17566329
36439134
22520261
19029279
14056094
76897291
73008055
41932114
14959178
12237603
34029745
53436421
68161816
15024929
24471470
50229318
72490608
65182278
32080388
72702667
53221221
69830387
72830134
64050393
42574538
13507011
20485855
21579036
19690814
19694246
19010317
39365216
20043910
30213819
43287877
40254518
36270996
12741523
73875760
66856330
68507200
63020792
47449263
25976430
10678165
75360091
69101692
30127778
26472042
78501515
68487563
35643162
39256847
47356762
71961495
38746183
28959374
52478162
51222802
75776797
51484545
44130171
32580196
36299967
75586078
63133035
54638849
47090750
77373585
75712026
20154799
40196379
44806552
64457081
27621571
58922026
19772574
69354219
10153604
69314404
45369984
32191237
47861209
37911813
54815751
77776430
40559684
63858708
54509816
33610911
66414591
32595858
46605296
34974335
41444461
42548312
23138950
57782639
69383579
71379748
30244787
27022887
63834666
54881127
66880945
70598291
15631463
25004724
20091593
53348777
66633129
35871074
78901084
10729176
30646491
20372171
31997572
75392187
22860744
16238302
28253961
44757819
12854477
24564726
41923542
67295371
35538581
26572626
43079679
16950094
23720194
66898367
61189376
59708145
76728689
58106477
16823934
21952802
55672972
58263120
64532732
21750319
42296147
79498393
17086760
72085801
56783064
52318552
36079603
29836747
78428624
14498132
63442199
17881032
37362532
61423236
79755137
35154450
34315879
12869982
46304853
30014905
35745519
33118181
52742468
62684820
34043443
26023323
55279143
23968749
76215463
27602131
68423607
63300910
36817057
23436936
33526447
49477722
66600816
14251922
73206061
18094162
52926450
53940268
73779740
21117443
44920774
54903304
49932197
36984792
60825158
26303927
19012781
33322269
70177739
19475763
51445751
42738029
53031865
17257130
57987966
78356842
39412065
31254250
50479655
72290846
46550952
32611799
60029946
77861332
18198712
72384073
79430965
30202806
47675910
41187467
63094885
67367884
32855613
40935978
66564504
24818894
60087200
64224556
34804112
17534199
32675625
56434920
43357868
41404710
25012312
23637088
37576982
13545265
61902606
38928537
59504547
62484412
36802991
35542241
76022578
74206843
25841966
44955694
38325981
22252781
66549466
62218654
51815426
49147343
73831451
18357261
51095562
56952977
41498496
35024023
21019979
14194206
68313836
16368514
37504879
40071583
65307779
27867835
32768880
78346828
26026046
38036628
16562788
75635797
36372167
66691411
20887865
17296655
54411870
72054751
21845848
49558072
66265397
72402126
47605301
59441063
46873360
38292019
48850743
25250645
79064872
68362827
67050289
22402773
67789278
78006035
28307530
76131998
35244927
14886289
51559042
43669269
44715075
40350916
25155157
10111950
53879667
16236095
23524770
17544586
10316035
44831245
71691487
49114772
41340718
50560175
75991950
49996201
50951539
38634154
75312884
56594925
67783348
45216504
72705936
36297393
55438759
79632792
22768477
75204169
41619350
13182288
11703165
49881373
25453307
31277313
68416645
23582107
55122220
42411739
67890230
15191875
45289318
31018324
17224037
55990381
68689024
66114167
55320597
36369490
79284202
69022240
22610633
31051072
50912791
43738604
52786627
40953327
24675938
35653232
15515596
59720885
20566635
40095499
50756858
56615568
45458146
39116473
18509894
63867817
65339079
31193901
14240402
55610375
18596914
30223851
75711165
34620907
49383116
37700523
37102722
55013479
33991307
71965996
11865540
64976878
77518495
25855320
72897566
61660081
20450455
72939287
48472501
18583630
75091279
65671908
13453729
42970686
22181069
59685572
50171166
27092991
30385640
41027679
35280500
30223674
11130352
37285399
23197734
73848413
76205824
37528268
37473645
60194257
78796909
37367370
28023640
39333359
71518328
44642752
11079285
16153044
17540953
20890905
13112900
55164676
37549601
79486308
45830948
75095280
66340356
43515608
28392193
28203695
59002364
65998154
17908646
45168181
14284565
27702421
24773975
18514591
59559775
36222690
36853402
13854782
36477815
79701590
30351416
54305250
65754701
44218798
61557319
53489105
30874476
65606664
59510847
31285643
58022238
71008429
29325723
12978502
56838044
64276130
26546089
16543647
28865440
62266945
19314725
68514305
37026702
73958074
63355750
26685799
35774777
69840847
34682049
41892669
39445319
28669233
37106910
36041478
64880559
26409170
53428992
34748730
37085547
42990472
18193633
74203830
64142659
60944361
37850035
51943279
36099816
29760430
35118579
65412095
42931747
11223586
73743860
59875245
58913631
33399913
44345015
16301549
76321462
19574923
16631725
35693023
48371096
42120819
10613171
64972656
49010500
29917990
77667659
73274943
17036084
76073333
24349140
62622647
60213953
37205477
37888022
10382432
10217392
11500419
27164986
39274867
75713085
20746357
32660772
22703679
26241931
79264721
43021023
72796081
23510087
28060152
54324269
74397814
37298334
23412881
59926544
17271904
74019942
10800239
44249388
74954696
67342105
69851869
17882709
72118764
57669658
67244870
14958442
24136850
11480969
28128416
34076182
61091624
17557698
59163114
25044234
26069394
51294520
23785859
24058031
30158831
76912356
45593204
27819354
15329963
64628206
23099568
24466750
53460482
30347783
15733387
25775431
77362641
74225087
43695927
70300971
55271951
38803470
60829201
29167619
43697218
50143401
39916388
20419360
16692679
18888999
40914539
59718724
58904104
12971833
17078597
67321825
20458740
14998413
63370810
59847269
78807145
61157283
66048187
38008644
74758817
29390533
15205605
50655543
67349498
65251625
48581958
44278629
39790565
62168474
42296206
44764924
38424449
70013645
39348306
57525009
26395667
21176136
62660663
73315433
52195801
37917380
24080748
46965165
41948140
37628945
52538657
27413136
56271989
76460497
75301936
44461816
37289729
70966816
24185331
76640244
45909798
33316349
52919437
35531798
21884536
40055434
62485278
24944783
21351998
34434693
46170828
44637587
29338688
60375765
35842195
65602855
28103221
39307920
44380161
16982439
72445012
12454595
46443589
38997098
24478589
36368251
44149364
62404547
59937584
61488887
31792526
58965737
27352293
46326068
22156212
14321282
41071598
46664138
18183417
52465176
48192366
72906944
20147926
48030476
18328818
68096502
12480478
77128688
41839777
15443963
12620219
33639339
19702945
38199477
19283384
38610158
64184596
42415529
67319144
70270482
23263279
42653557
56067288
14458751
25629330
39711540
57866746
22180638
44106920
44685777
54317459
20638985
71743597
49006567
51020410
35916115
37894846
78040701
14214222
24273588
31080327
13563333
15185818
35903149
51080725
46330146
49751360
23595303
45943549
55300006
62808019
26400945
48827056
54580874
19782680
56433501
22609779
76840336
26948774
20436527
46482733
67609917
56619286
29275623
68866872
18343419
38366899
43035758
35833742
77283438
34041196
72399204
13164131
21010953
29028397
75885824
29665311
65271752
13863493
16337078
33692957
48965626
65092289
17205514
25257132
45545090
59483019
79303965
18242644
41445714
18771432
69327945
49252102
43510648
36716018
55964117
76430326
59811939
21488356
25458053
18560447
71179942
41876998
73623092
23172221
25534126
58108407
45779646
21905546
11963414
22818585
40993157
58125599
74148753
58394437
48607191
27026164
74954880
68940358
60486403
64478171
77152613
39217966
63136254
74221810
27831017
74435222
22195346
36834470
45821881
70518554
57757136
15893754
52618943
43445659
74559854
49291379
28289840
24593886
34943003
71009059
73915451
58772860
41075789
17340195
14294867
39747917
67881085
72477442
65828105
19861528
23965915
18655017
26929456
28185699
16806427
14303725
41381905
25424879
53523425
54452928
61984260
27128454
22595073
46402574
75173144
58343100
57634501
55131826
35694845
48262461
60857867
22986036
60858099
72232298
45255747
28699101
48586133
63255484
44369345
49642982
69530032
24934306
76213206
69135402
74145828
60769846
21583190
18462616
39622423
70025979
41799996
67429273
39395815
25917644
77796762
32942818
34469440
67242370
16165513
59690029
56826324
50183783
11511383
39634502
51144189
75751510
78027598
69778981
27592926
57141170
21705851
59376702
50060135
34840050
79640772
71429911
16686405
18580765
55156928
36209961
51066785
73549135
22667459
21285402
10672084
75752607
64289551
57926558
32539083
68314102
42772966
38519452
78526967
14798756
43255420
24265421
10383106
69101074
44542610
12030461
46759672
35404927
53543694
10220955
37190785
66071982
15498368
78993149
36649047
71842641
56336780
66212090
25347529
24201533
17532103
17108978
37485639
55934821
25763706
55023606
40627533
19498708
68177846
16756235
42634835
20939868
78181181
15939091
49395988
55449661
75928705
77092560
53032029
23081575
67096101
73493864
44975811
39261548
51787486
74523733
60404533
53152494
23347487
69233578
40472977
52783362
59976488
30379529
73566071
30976229
30051157
11681961
37603856
69193571
30409175
52031295
73217232
66821092
67150679
61796974
75568015
55054093
42884654
31747912
21353363
70879754
79679823
18618896
58828181
66619678
26714343
16626306
28251960
41177135
69385424
13693328
51085173
77466039
12752872
65387936
40805329
70108543
49191026
41183421
51988403
79524549
24452971
34697819
50527582
68832374
27172281
60330587
35772021
44148668
29444432
18516964
22979701
39265677
23946094
32573763
20214603
32405711
51121802
66942864
69622910
17531750
10022009
45581088
65910456
79977879
23841482
56393406
62060292
60724154
67500523
46553234
31593239
55550916
74899141
65860729
30793896
65952412
47231096
63159706
34545225
42503306
35137594
64853969
32104895
48496450
33121557
56213347
45947816
62348033
44109562
69480910
59330978
44957463
60603474
65086788
47330610
30370603
49043259
52867791
13676431
78748442
58436475
59842199
34873428
32171283
21614418
35677470
57355777
10755390
37834115
19750264
61892436
47292289
29534160
19532781
65919785
22763486
48654470
63816125
16501659
39970700
34470695
59427849
41547368
33209144
60116376
78048460
74174416
13297852
15329077
59049725
68648595
27565502
59697925
58613928
69820439
54757418
26406152
34838329
28529238
50901871
14223018
16044776
41664126
46110070
60862857
56360247
32550340
20451045
19889712
17868638
70050636
18813453
68207423
39071695
60177650
65738763
48360435
78507463
70022411
60508129
39942334
33953919
52515603
69699063
45623049
72823515
31218029
20860960
70699679
39518658
63864701
53444524
44256292
57782867
33146288
75310136
67698798
55933354
26263719
57810692
41295480
30393533
58814393
17791660
48512470
70098905
48783948
45629128
70607056
24419130
19485898
43826315
67793438
62465185
18043763
19560681
16629290
45429603
66012283
36819236
75220327
57960655
11843509
42848300
15034790
47039689
51095513
12076216
58673462
74346952
59963170
24707559
12880641
78088743
62569152
21949634
41442538
61485121
22828195
73892806
12440000
70630842
27421448
74135969
30905928
67941055
33892486
34989688
62477621
16048664
48214687
23763479
38714562
33671776
57268869
70531527
23318639
53326962
30393669
18858395
44629793
70962991
71747525
34208155
63108376
26449723
27878462
21328180
76486532
30041978
13806374
38453760
22163034
67162949
49185192
29203522
44857469
26896744
45433302
42466818
67193723
79935306
26409063
41009458
72436609
33686796
34010755
28140041
14542314
22327355
34369314
49088271
52655622
46809777
63075481
44772589
28387937
28377258
18701562
31576463
67388631
48878120
49339211
54288804
45388326
52264109
78233305
33386582
43425303
49003165
56217515
29480845
25354394
18590485
25154749
62174725
57853809
36262807
28948992
67925707
64840470
19941096
53384768
70506881
67493090
72948902
56682573
76416786
31670210
10991297
62916882
31700121
26868091
55002411
71693320
79252069
36688275
56803212
75632776
76039621
16448402
39732699
71150213
12159264
43181984
32062786
11264919
48440906
57417377
43648522
63978902
44750887
41466596
15895822
17919472
63471497
63963191
33758734
18500906
39424775
48329962
33429502
21707111
12903504
10604341
20416504
10211068
28879245
60015962
45677223
13069130
49555185
37397693
38935189
61944016
37872011
58118418
58668465
49711204
26596020
50699945
79790220
74776963
30891841
65663700
61806790
63289544
20578863
45450266
25126171
40160203
22906505
43558758
63469459
20005325
35106873
22902163
62733255
66355377
11479762
15388934
78538010
64842596
42355702
33046076
78441519
25372823
34157727
47863930
32575302
48388409
44378061
19888597
52023419
31451916
12257074
21086148
33541579
65702097
22798400
38645085
41050025
39247312
49969884
36270214
39680319
60855361
62271549
64190565
53942608
71857766
19340470
44266068
29696025
74005464
38970560
28809598
24490581
28020775
21912952
47554801
46755327
29990400
19008126
19494682
34594878
10440170
54290610
69956365
25106398
59088094
35809835
31034684
59990664
51488690
63717145
27198052
29868573
73784484
20225538
32528142
63911142
63788875
48578586
69137459
41307294
71858914
77020529
30298100
52585096
60418386
70868806
64961369
30501888
49261186
71153366
40261478
36661041
68809855
48776912
76233587
40871116
17400558
72454312
46284317
52163761
10010545
14310816
51536114
69628491
78240422
61144018
30910068
43646973
39806303
68712785
75326984
75815011
59005492
56621779
58026788
37511664
39164974
42149904
41058516
45115001
56254342
32297747
44166905
24681061
30803697
64395849
40637852
35426059
35746235
44808920
35648170
15494359
57340398
23909971
58542745
70659290
37309230
71086285
42735246
64954665
44965013
18085157
47015387
54144050
50885227
60509654
26419447
40864035
12798540
47843905
57055736
28845264
18473963
24387562
30871974
40024792
75409914
34031284
25246961
47028922
47145463
53235870
68201172
32256114
50621173
69978215
44839794
49982840
59100638
40850833
72040092
70937725
15036909
77017058
19781587
72636433
16880537
50396380
14783657
46307078
16152642
13606315
72527131
51841319
37838625
65431803
45795545
52807947
41271291
18470777
20108540
59316804
23909190
48905885
53747519
10202094
77589413
26701586
39309552
39750761
36269151
65776571
25274529
57413381
13496710
22592916
56606443
29716006
45587233
27272366
42642527
30344013
24261484
10908549
28404117
69037298
12857652
63629717
17901552
14206496
50936784
36996520
38429795
39019763
67339428
46182472
48667892
66951588
23841324
11664970
78601088
15716591
28093743
67138762
17579572
53513594
50904699
62876911
75422610
67577130
43135772
19745652
52565247
64677690
53971502
30832810
27884239
58369234
64759274
26897392
78652698
15947600
29840345
76687084
45550709
78804252
70860559
17790996
62367953
61470858
79132145
22451528
77746306
14964588
37671542
41533685
71770966
66034955
65984458
43227391
73397883
75384506
23321923
46348881
52758230
15509046
16323364
72389103
62971257
14189430
43485804
78056386
16208405
16684902
15714588
68702547
70013201
73092204
57050048
50464673
22004637
25575021
23350228
26831248
12080998
40728040
34167530
21275324
53487521
77404248
52213491
69857002
36048719
25024048
27029467
68751654
43368063
34106023
32438954
54656110
78680434
15056682
19959511
17724817
42591197
21714088
70791066
48524646
52098954
14633362
13416192
75752999
74646548
63233687
67599435
35045585
59583723
74787023
65790446
11368251
41812289
23357038
68716021
21631199
13637105
20234084
17614636
16036025
57057396
22250456
50958840
27982075
63189559
60854513
43968069
22912630
22386655
68026772
74485724
22027372
73358299
27315370
39412133
55945476
78082854
70014092
75344268
49638331
18682345
14214307
58706983
25257053
33962864
61835804
32056473
44329150
54611674
46958498
42172952
33857929
16337160
12994083
18088007
30822483
77303395
25051836
37264079
24472441
20408023
10028526
17815316
79074950
58908016
73058034
49323054
34577825
20753658
37564496
29957712
30140854
16098209
28673647
59280324
44696881
10992970
28104623
51106045
20886732
58157119
45993706
47561436
60991722
25617182
56906665
24257804
78254782
38377788
22376266
38874029
23801710
29029198
61831080
30276518
21230109
58023028
29685028
21649017
42207145
79490778
77550168
61113656
75407240
74198248
25221319
61401999
66399318
77530778
20757588
19686302
43097905
17472488
75215011
31276760
29077675
54097347
40530596
39666542
67186217
15220339
31527409
64203400
78803093
39791905
41916727
56144645
44964344
77472363
65414901
60254032
70602887
35593415
29423806
45119633
39783405
39383405
26870011
47424428
24597605
34572894
48581083
49174445
71091956
18648283
40060973
21062026
29192069
70241847
43333400
55904999
10527462
18448606
53150519
25276683
43339164
22895097
47573077
64347310
75628087
40143806
62318920
22086201
35685368
56594697
39032656
22924199
60046512
25199585
68360760
76820226
79875471
68944980
61783822
27841874
67140932
66934066
33905582
12601269
67530851
60882329
41405679
29629613
50954349
14997721
30281408
47862562
42304594
64062518
12246585
49847338
19558301
16342461
10080503
24695492
40177338
45706647
55643340
26460250
62933633
38838563
21954938
64057356
17924454
67815483
77580353
57818855
66141249
11507271
64684674
34623670
31393664
74512656
12473742
27104708
49027971
45882561
66824781
32553669
65226900
49160525
24092005
10281901
75225376
77011027
56389965
58027214
44269600
17932926
10525749
51199263
75703259
13249585
28439407
75087661
41684121
71331097
15621918
25372658
72892458
75760970
41782509
65418139
67818817
18150999
21491134
78099892
50678343
73645463
68983417
21014054
69831582
36224923
43301232
47230280
73249873
17663879
68043827
57654099
17847703
58617766
22736515
61996833
12042616
56711499
36924674
68271673
79879040
25458594
17542436
35876441
29798064
26806174
56193544
30816521
49672452
28000870
22100596
44049163
30895931
73571645
72638298
71745363
21538032
60341772
38614647
70002870
75465385
71569728
59067873
64193787
61059966
12464423
13640995
34833958
33463603
71281713
79721210
34101988
49714132
43433413
75218748
44913953
74893152
68353126
60267173
70834095
50416749
48625586
15979805
74998932
36964329
36161180
67167938
65897291
35365384
33329817
58905870
42323248
72387940
10684524
72024931
68427179
63707783
65348826
61333535
31195979
53749661
18224769
79184718
30907295
57565294
54250811
56146799
54675405
41089210
17641731
78673915
22819912
74380177
11809764
35075723
51058636
62845960
19421325
25419323
65924372
63745521
24550370
68370161
12606211
29407019
12081720
36559145
39663079
41698865
68920498
76411780
67048334
66633492
26787489
43156990
70684848
61475646
54677203
76633699
67429898
52233088
16253140
42480685
18127756
10289542
29585780
31540504
16047777
77311588
44001646
29387556
12538283
77205720
77622383
12608043
41522448
55059542
21162383
29775564
71129253
28807527
42930359
75692739
52194644
14272975
51556241
20912425
71180511
13051832
70473253
77706676
60767940
71076523
35153581
64526482
30209770
67046701
21367579
18188711
74089776
44978049
78207807
38546487
15783769
78256975
76679459
51654284
41112716
10162164
56929154
25180157
59977263
62853064
25912277
30384540
65618263
22409477
32527638
35662728
27184385
22823242
75877975
70793772
22758233
21395579
50345447
68376860
61161295
39305472
13835378
28029304
66166787
17072361
58429997
34860612
47845861
30062350
50986035
35148864
61385901
32742422
75733198
18667809
69487755
29320669
62836943
46904412
77896389
55503791
31437128
53813998
29459665
22305576
62399836
68818915
63472086
40814238
36687709
73795490
13020398
47810744
75449483
15730347
78059278
60963439
34830041
63451627
76944305
23752193
15798175
75332276
37267531
19510433
57072594
65695913
70304442
63515861
14014579
10519471
13184138
62835002
70295260
56984552
14147262
23966993
24160924
49596631
70613684
44642519
16194002
54459566
51319359
72001602
48261465
57063988
21215830
65881303
26129535
78472677
59901230
44461790
41743403
66016611
57273284
66594911
48145981
43790087
18190038
20368264
38844720
34073603
33131295
39169338
45001028
64769090
14842802
24636048
18297230
45415367
31643518
59332971
45869106
64593338
60226014
33549573
66585239
75527656
37750511
48276218
52739840
66461924
19830661
78589074
63792629
27821080
61330137
56335477
25023802
22733813
67296479
54300701
35799148
52864150
20586089
71916004
47086027
56325408
15336719
16764920
56850575
38031785
48057316
15911049
13868061
25964751
33792038
57853946
34958923
59678403
64091800
33012680
78673674
43579493
69257133
40725969
26050677
56983903
42273546
25835398
61494906
33597202
77383995
54944855
68859558
62839277
12442785
44729974
41320554
65116841
31955126
69455836
20505387
43892511
44010075
63363007
72734174
75327891
52923599
52482157
55199342
71147593
55613220
19589279
42896603
63881617
74228871
39577771
56952310
35786133
58972565
51017997
69951619
78392244
62254112
20882697
37654476
48093893
54276064
77171351
37699236
31909915
79837285
54312302
30993888
65264425
22414295
60302829
10658976
67588499
41948722
45843960
11634336
57931475
19204334
77125656
31632515
22275726
56498697
49061971
73932855
58720668
56566339
52427204
69748301
18227002
67811966
22429199
41258722
61641865
20089776
71345777
70057758
40252026
53653047
18400200
39726378
57941355
25642795
66939456
72405815
38551571
78994800
38854143
25929274
12712681
53594026
16751362
19968969
34783278
73001107
12873107
36358516
60129105
63396256
26796462
65578272
52933276
32597275
34968898
69378071
23232774
34796217
30878665
13667574
16720281
70473041
44677398
21263536
45554032
29573694
48907904
14205547
68545178
51870956
76268012
75058527
75608503
49882130
57484510
14956533
38782861
58195574
60514346
75439294
65530428
49426672
19649661
22495195
34336710
32913853
59603017
70142111
14636564
38511612
14722101
75709151
79838780
37424898
22763496
70984299
36877735
57440404
13846728
48991274
55313271
22586578
42963420
59323626
78516606
75012019
43089865
50528186
32491198
30348480
42179607
33071205
71197849
40716130
13404316
64786516
52165349
43331266
14410282
17799483
59812170
74739119
38095706
53572440
55122721
30196564
57755073
64671252
49655249
23519927
22960455
76692798
65824249
56902460
55978016
11677140
10580573
33579135
34456214
23587223
39348814
28632750
74948158
16878820
23858934
59479807
58365932
44131446
11120890
37665772
32906159
55549900
59049404
46683080
47280670
76688758
65208299
67332084
18993509
55341862
74058175
74954154
27868088
32457794
76847740
29782057
47161309
39354333
50897527
21729394
72884643
72443774
79864738
14428271
59011298
36706611
37796117
35100732
13976719
11925151
60183324
24282200
61134341
47816285
63907751
59106535
43194848
13879617
39025196
68160981
51436965
53711337
56386687
55448818
19434918
29516288
26478924
61136040
25598895
20779730
59471477
65302422
53799204
57052497
77520599
41327700
11835262
61066212
32174212
41399237
37570557
24572013
24574867
10226999
59990327
74849894
63413319
42686376
47336275
77338088
78341371
23389113
33186085
61938212
71145714
73388069
70698419
12974045
71538357
57234933
68524264
50192516
35563256
37301355
13796099
61571090
10643462
68600480
28322696
31728770
15012407
70558975
59159279
72786845
54462185
34222633
54522401
48458751
15628851
60793307
79832734
41697798
75575861
73274719
56468113
62646213
22035774
21265486
76835395
61761068
64613003
32793790
25023819
29920737
79613598
12944620
50370306
18963039
59620857
22232051
45566516
32308636
42733407
68344723
31048603
41000598
15666525
66786943
61466807
21570742
29093685
49904946
57350855
62052591
67520071
76032671
18472883
34765699
24904306
61130803
57872946
63504447
49921242
23204523
27577210
63774763
11244249
17316745
53913151
35027747
46616535
72038294
30015755
15250409
71729048
18778377
60221373
30405000
61848991
45672585
76293738
14956159
40189721
18830194
78469137
74775442
67278085
15352008
45492100
51482594
25633148
42563369
58511030
46609829
64597515
50457712
40552654
79420966
23295563
13909649
78640532
19869326
19631842
34200688
69960418
49746811
61034235
19243474
32311496
18012807
28556316
30634081
48567407
40660143
30909959
39764759
40896900
52744568
61018753
29337067
63205226
78787831
36798867
18050443
63513551
62252959
22842093
76481450
56252063
78650846
23153243
39288190
27629783
20534960
44254941
34447847
27487046
77889307
21871823
31493498
74219300
11855411
61280033
49701063
70060608
16800623
57409802
29526471
27718489
16241138
32948932
25076392
64697735
29134590
20981187
64801949
78039107
69041032
37995641
66649918
68949401
12953936
51057710
79068318
21198492
77094901
69537195
17482476
13108260
56397015
17752548
28579028
72184436
47994420
68816168
32209699
76884513
56014889
70764284
66419489
58958109
18558521
37539099
51081269
62612817
34097278
71984207
38854366
75754842
26169637
49545460
24198433
60745262
23744617
77539059
54092672
49369943
57558566
73660551
76337927
10083847
59937468
48919086
14325682
14855198
43599261
39681656
47291291
31822807
69034795
57514433
50800722
56879246
16484668
65098269
46563349
57390007
57134963
15293396
42189308
42885008
12780435
10224907
16221843
44251405
36209345
10848276
35020432
60343380
19773024
28181654
41300954
71348104
19013076
15457425
16883098
73565183
31353323
65894341
76607609
52681997
45316469
24341921
52005396
72634058
19351982
76123753
55169711
11108251
60815256
18861605
31557118
16218216
41979099
47327748
30963544
34455917
13381947
79852065
15494404
68826046
25146359
60774296
60067381
47355464
43229802
16288192
31078312
44455040
39311490
42305364
22806941
16189329
52693429
64047889
60449701
30273642
24770940
44809423
54863317
42094724
75089290
24693332
68638331
60710231
43742987
50220300
46205037
35251000
49210557
71912025
30932623
19937855
30209467
51982086
74423131
12340980
41732260
16662993
24861652
52840088
75480099
22067105
65986363
23096563
72064765
10134971
17608067
39792018
70810162
28200960
49809511
50191657
41436261
29580812
56080623
50374442
72265027
34338803
18245997
76082555
15794776
67400471
23585179
18159545
25546885
18863619
44178488
64241430
62461505
57372316
61162796
53147953
43170778
79443875
71678643
46496450
34893106
21914864
36016761
33075698
55487914
11438512
30968008
47913515
79610477
14917108
22823894
74713871
30184321
77688651
18110438
58997358
69981010
41234004
72492616
74958961
18075881
45857506
65008675
50911924
65984147
71287657
71750451
40624745
72343765
34473733
69031430
55229141
37141857
75597059
58166996
76028378
50148258
29304864
75237136
21381424
14126491
43871356
29367374
10165972
59956062
73416183
18044936
59855380
52235111
56541820
55049239
14475207
48811539
18216414
18370606
70871694
18394079
75396238
16903219
33174245
69412267
40597975
53698617
69426490
66280833
40000581
78671190
33700545
18475420
25882771
31736469
45779544
59765172
77362931
54569169
52850169
18359776
31571842
32356476
44359087
63841716
29190596
46132609
66829127
28489016
18089134
47699212
31430480
43239152
58509015
79636815
57066152
56037052
37597544
52254728
28580418
69418406
75775704
66468724
12132897
75708086
15894876
17334737
35919587
20749746
72295411
77836755
60927047
28307254
65776080
33959796
29134394
70337967
60872605
37973184
65998295
52357151
75158837
74983740
36420050
48225731
52866728
75488487
47863355
38088650
62611459
23122882
72121934
10880043
79898500
78259999
11970698
13634197
63206037
26609206
18899857
17320494
14099976
64796422
32051999
30166187
17035896
23466003
16949547
62440259
32032762
59031203
52991995
32753444
61370422
39927131
62135391
26888635
39459817
52912818
42444778
69716557
48439415
19608430
15965003
44489135
64861765
63795414
10701536
33725371
47652836
47369100
56275482
43340587
46537615
46931433
20787917
68890394
65537953
49710380
69012905
75845968
62400658
48931464
33106334
18295176
66550446
23445897
54133305
32805260
55358472
37061331
79239585
26406077
17955339
67741043
30794384
43754633
57426565
60236851
12201912
35982154
26402233
50769317
36331413
69587058
36105809
27059896
57958830
21797067
25174379
36859296
45814233
40563012
21211919
77550319
37155728
58960177
21061360
28944515
19730025
51548316
57636134
39407598
51200172
30221902
69881216
11752489
18452686
51240416
20543227
16162189
28856844
45667546
34442674
21231670
16420776
48140818
67034328
23898746
26274142
53174151
54079728
77847683
19993014
52818277
38514997
53557713
76572258
39008850
59966539
54973181
77838983
43816992
40224243
38798560
11703405
19058779
67852693
26775303
60313800
76208523
57407109
68572404
29514005
79905760
50273435
48324527
62495676
27374060
52370303
72728922
14912677
49962862
69615841
35365057
16277013
11623616
74091578
24326941
26145524
41120814
70390257
11420095
14171812
19353649
32742979
37127898
10836247
62498599
57808328
20362937
17489789
13227434
43957215
53943156
23313255
39043741
32488220
40925049
31663094
72526628
14784275
51242365
54557313
57804142
41743811
42595472
58233194
45604818
55311618
21468358
36655045
60992806
70473617
64240364
78247924
25411866
13714502
42297985
41660168
44774493
13766406
23606926
56240450
17959027
13995172
46525740
50521837
79407432
53067526
19315010
20290520
54607390
21063489
63025891
56572447
54184142
14801002
26832361
53812322
45465253
10995263
12875097
35925160
37309196
26262019
34145901
74043496
59771239
50053430
65820227
31641294
17389624
24738585
29852378
37201497
66484499
10745549
59313890
65244930
76966982
69078814
34627510
44411679
54524934
16450450
11497174
11767909
78051093
35730542
38228951
24194055
26516380
13599080
31748029
47748946
73933163
19856660
71303261
39132851
77916687
16729572
21709209
35242057
24157848
10165012
55760633
60239704
63636834
18653440
72627534
52406137
24568884
55062946
37440709
62523909
73295516
24547280
72196831
62570755
77641957
58666770
11039656
47658429
69161868
19573360
17603667
40958080
18047259
68042273
66650224
11857076
36372748
53048388
51953000
28667539
74473110
11411596
30787637
41215925
12446799
14765080
76216194
54296774
51984639
67722885
31931051
28502028
70040924
50181238
43460893
62259482
54220810
20063146
26402123
47330343
29617481
26844744
21908974
62386938
30450443
19419957
55626328
74912736
78514291
29724042
74336856
74578797
36899920
14030821
76457528
57490436
46521969
47700686
52910185
19663604
54118604
12626864
46917088
61207699
33328891
53950053
25789942
78701850
37686620
21525146
73478335
33041400
70490560
61311322
58131882
58003987
54389876
42191451
45492130
75996339
30002157
38970145
79357674
66797671
68691150
20381765
27540338
77983444
73445225
47537137
67987183
21716153
35606474
66049176
56981478
55644170
43385113
28538580
74623042
17803633
10292677
72190405
12329399
33609267
64873895
37835672
59289207
35678279
70631299
40250815
62298615
20094288
59014408
61798671
31220118
21029095
72695633
26053240
45843970
36149397
44935539
50739565
27973088
17951901
43711749
58164765
70689746
37129589
72367713
73849200
38940210
57755307
70398567
22775956
46680828
63853592
28697170
23177767
52288942
24731393
76022732
40935247
32704605
52997123
53178701
19296638
18094601
31011378
49341781
56761386
46140207
32863766
45018007
26966597
58075056
50524179
70139746
34598311
50295478
64138866
40072305
48694086
22137880
34335848
77488782
39130854
54985294
28062558
18296027
64812723
15462854
23863378
30007072
74226287
53724885
58191777
77521982
13032570
22250230
50516176
26684937
39607014
28575502
54673983
58316721
64580757
66767379
67446012
75908062
24086986
21529111
69888242
14406656
10097890
24845240
36775413
25713591
72469929
25881027
38753598
36628774
77321817
54413011
79341707
66602134
42994809
37318045
15509062
36564688
73869435
55478559
79961113
59995270
65314290
52601751
64118996
47743982
58633116
18933444
19083588
71471186
25349927
69649850
37027157
35946623
43661590
31041212
55114540
65550996
46884839
62524859
52369779
15469972
40767524
27761474
47755638
32145383
41385233
31100036
38631370
16974548
74623605
26166019
51431101
74350869
20809899
51596103
60194299
73369447
77210213
76954128
22623784
67806739
61594165
36695892
31370799
25036766
14390249
24607895
40047182
78364231
44571530
52368019
16991147
22190676
11699552
25072908
17459410
12790301
59537609
14931042
16579557
65645273
67203370
23021874
78369747
11040230
12159248
30713813
33132138
31404292
75382376
69626902
45395230
62769368
25328338
44515472
24435237
18251470
76594187
29633161
35690134
47109096
58841553
61162171
39893617
14083849
52577618
68536949
10187654
52668748
76260863
37222009
61607568
12008159
46262213
47222971
51939385
14110531
23198902
57276433
17733496
37490987
45690497
55458936
71993012
47158058
42359590
52275459
16808947
61019426
61845695
25411884
52019080
57067379
66158117
30858143
23160647
47886579
55732316
79182324
79468701
65037629
27440001
26851005
27856011
38346350
50277262
50977478
19801395
36638208
28100043
27282978
64368120
63993699
19888054
39314373
25671781
23181068
46559357
67399689
71541203
42700116
61128145
65835229
49107249
49388857
39129278
20710712
46362641
12850487
31948321
41959404
54968946
60164328
59277669
11640163
45266404
38116458
78060965
36094192
24594355
35960000
57586830
59863737
57733166
30771071
21012995
26465904
46383513
60276864
18829317
42299178
14872519
29700630
39199116
19926519
52903797
16132181
42910733
36816908
33372006
41939259
62057936
72247451
48775924
22318741
23607203
12170484
31535733
20793634
60066081
32756182
78315262
12140629
26203516
56855863
24084402
59277384
18155380
17389528
38298301
52305394
50225416
71587638
35968629
29073808
54577286
48566548
32713530
39148094
21550285
66978381
60296782
12873579
21408802
45884321
76753509
68674918
45668723
53115740
40273386
75128177
77918330
57575392
52817153
26447623
66325260
34055998
64568046
66874886
41050813
36350510
38461599
58280073
53959060
61807001
31834790
36782143
71250916
71958464
15245790
15430411
27978525
24039377
60225886
42070426
15754086
22617193
68909551
12374902
53603591
33838516
32784124
28732732
72702319
37401159
22558564
75581585
50563565
38474403
62111964
47627466
75969539
15138755
41507095
43685722
20745306
21670115
36031560
34252664
15777411
44910633
24326894
64149637
57013933
44850102
53337853
51133536
50856251
68382993
19737952
72537723
76707534
27674606
62516064
49193519
37634874
44219198
29803488
69719928
60902547
67039127
22559803
41260529
35960804
68995219
74373380
64880100
68038628
26340604
47227351
12399678
44719444
54143237
41818786
28554968
43924949
55058626
47547291
37808523
42610903
35308784
41317084
49194972
39875747
75117049
48516308
44036133
67510571
23055763
54326207
57742689
39291443
52135518
10567705
38720563
44310602
12126675
33875509
17585435
32874255
24175887
65897192
75991509
19787708
36835546
26544621
73469227
54946988
13030287
29757693
71818604
52226713
40656604
53619278
14651391
29391656
27028811
64956485
14626296
63249793
48601232
19343779
14464736
78544945
70559451
50932324
16939550
57620195
47667372
26528785
42894979
11582203
21500696
11488426
55483832
24911295
14627909
50833012
22377865
19695928
61261736
63263913
52204833
20848160
63084779
73701141
19915356
49381964
11844375
64932137
17815989
62758901
67241310
66246816
21465369
78407447
16723444
46808873
58687583
43556376
40215243
16174373
52047942
22966991
76220691
15022603
48194855
52160227
67503064
65649983
46962997
14070075
45425898
48609594
30676820
43576980
22865365
25528437
60134221
48343220
69002064
16058748
68657913
23957921
77905003
43205200
38324764
59238573
51126483
58190095
47320085
57626376
52401298
73761456
77760618
57437757
62944334
78330345
46613318
23321040
72317462
11376879
49171242
44058946
30848868
33830111
58940214
17189645
69384499
50301351
78752983
26134066
62514666
14837515
42161325
12969348
33434627
39541276
12131944
76545462
53049989
77308808
50303844
17567494
48026086
20527444
27539479
30815287
73045093
58715126
39016271
68966097
59000931
14201608
10871550
57551336
21628050
66784780
65514430
56810366
29718567
41193493
38681033
52219125
63376974
53471959
27607917
69339238
19874384
49708413
69130181
36541720
65532087
12241100
39797602
67902961
42933770
11920228
10546597
13403177
48166890
64117446
71520909
79367621
56374319
45212910
57259416
12729862
10578481
12648406
42680546
62879034
67542006
63675397
43635307
14206149
42065558
19076442
72569033
44965738
66532736
59333118
47454369
48502591
75309095
35468166
43824365
27957905
23825659
24359326
27339414
41593538
14958994
34479322
56709002
54219013
41032766
34520924
32580515
16383711
45474028
45583424
43135135
48874288
27293477
53694842
67104825
31514574
26884473
47822995
23426302
71161929
63655587
60383371
76555319
49771883
68517949
14680320
46570451
66362645
23364126
79699682
73975741
26770088
75946152
59641078
50916028
18099309
53421339
77931032
37879653
11339787
48076127
62266720
11382197
71970429
65396652
26554833
68695318
48740785
39514342
30479207
63939532
42375210
31694363
32677589
19801211
48595198
40193879
46811116
37121127
25812108
30703949
72110580
18783198
21400609
24336465
63449054
75128448
72513263
44829718
27993573
41559616
49407183
77763751
50933123
31189872
57660982
15690027
58568451
47640480
20056505
43953285
71530236
28291077
15892657
45931916
43701979
39736063
57444346
61283246
63124972
23636444
37552883
44659935
78475678
49470172
36061482
26776283
12003581
44311807
42900493
56968142
63532871
74039369
58977841
13718417
62155418
78252255
74542618
51753750
59827733
42397812
33708301
62521123
49310755
48209304
73300835
47434416
59829021
35238720
16900593
41582576
38322750
53952160
69880735
72899303
32493343
71300899
10606671
13337847
79469199
49459191
62658215
49827389
78872392
54678072
13687345
30762590
67706659
65855767
39094984
21832878
10007621
63219626
65881921
40802275
28964146
70467174
71868283
55253683
28234388
26078295
68585624
40639417
33641673
63399525
50984824
40922774
10178584
69610157
51446036
48657255
19020408
48851810
26196835
19826926
20189957
71980529
54059203
61407730
32897481
41677228
59527303
69977291
26426905
63161346
56676177
33625760
72477731
64879240
36493275
59952642
77367570
72330896
65772099
11162529
18689536
58946981
14981962
25340086
60217294
36017843
61818707
29890598
57178043
14843652
35035274
67562951
61110367
58445286
62124552
11699914
33313531
23878786
46031984
21599670
70904734
65105284
78037972
12429723
76658395
10505057
29576704
45885893
10904510
56688003
79699139
59439276
25807660
73876172
40878969
15557195
53894194
31381644
34539857
23915024
67134615
33424159
38644489
32144786
58848068
46146342
64949204
33881919
30682797
44756692
69859251
17133380
19733061
54856972
37833378
28901124
73580088
76998275
32633732
16640252
78689504
37120154
73592235
76498403
42679204
60162658
39766585
21846085
48905186
43198680
38456725
14290844
19474516
63224103
23081780
43459896
60697316
47632405
43465494
78320173
59139799
68581404
45409768
45710220
11435624
50850067
60600943
26748558
33593254
12815238
15722084
58131192
31516328
43497113
34432053
33157866
57760297
35827288
52959988
40384062
11019300
69808589
78110395
13246081
78383468
30004921
10355235
71702183
43894983
44488852
68582763
63556644
59637953
14658900
59514629
56063536
21586423
50168165
69788378
20563979
36047460
10703921
33115840
33889902
63351766
65618711
60306813
47100654
23474996
73152874
61159772
52458344
61810212
16312708
48418010
39715894
28491416
14012860
68715455
49918339
10527434
47886231
72604893
38738574
67932984
40143109
12860130
60329417
18704564
41543587
79177120
52144441
10540097
64982405
79736149
29103992
41633072
44931552
76047926
16877523
52313539
51824820
40145745
25996077
50059929
30903047
65305552
43504532
50785336
61311740
16840944
61912354
72616698
10361832
28430615
46796725
68588422
44797356
57510215
33022393
73618562
55518845
54515047
53957242
33309001
18626325
23583880
75489463
27471862
21399688
17378602
78485508
50100245
17252593
60848775
29907053
57371666
19210133
49668424
45938603
53515095
51202340
22273330
37638950
39463533
56898781
35034059
50781919
15527371
18036194
24474858
64909860
52759739
77542382
29019600
14202847
75536730
48745219
48421222
74255292
65372347
48116116
11792752
18432695
58931029
48536297
59797676
41310996
77193286
77585781
79041417
73217875
56869212
45232127
72242435
18509121
47343306
76330957
36151255
55512544
42590972
43428590
39654150
54781277
76324392
32206889
79891216
48495678
28381678
71666884
37804116
79961635
41779544
34245796
52295439
43372026
26264859
73204766
10938048
46970599
59553241
36782949
40052935
75638902
59763080
61986498
42293524
50696538
64361725
72304374
13392858
55485405
51094991
52316326
61824839
44029541
20963515
67361581
38706672
29167489
35095448
34494354
11103527
29372138
55207361
42216463
43578790
56186243
32520660
10809561
60933770
47068564
42343421
58228801
46745464
59490927
40351733
68385872
76036340
26202005
64691098
38050276
11305415
45125311
35881522
15866852
67935286
60311608
26227358
33255612
52577448
76985609
54585374
17793756
14659282
75736732
24070656
65111820
13033858
10999798
43048665
63740570
48522440
17410826
20869740
15253926
49498115
10930582
26248073
39621152
76208198
13919164
77402294
21828178
18720941
43182531
31859500
66399251
46073649
18371585
14062926
43598454
27580355
53604816
64929306
40867263
18203632
22512570
12783810
76394785
17713693
51001047
31318119
67798892
22316436
58989728
54546493
77565572
75347501
21280950
26584677
52813354
66385023
59783816
21225369
23790876
59299516
35095004
76054953
49619511
76235130
21042551
14758685
59749017
26756072
27123005
72919816
74945614
14221482
46632638
74333860
56496009
35032179
15852437
46277620
16613296
13807473
36139639
40561228
18916040
74167939
69487449
35246318
21471406
43429199
48017924
17379992
52586309
68515975
17277295
74305387
20546650
53011198
10099833
16907906
77179286
65165548
18780531
72717785
43435922
35151946
53723867
15620707
68649301
56483383
36562767
29978247
70981014
17373627
50166952
21576307
64133621
77048522
48516815
17451891
45356015
20983148
77926974
23655400
77635159
32434070
40340582
76171585
50166469
62352041
62938298
46107872
14863991
74905475
38088378
56718513
46279358
43242845
74597723
36859763
55689232
21065231
31019017
61543378
54968722
39862026
71024287
69531435
77126828
63783944
36573446
77830203
11554410
31446762
16537409
63171956
52640334
73102183
78040718
49102783
19751345
49241092
34529707
76240263
34730892
75471293
11314433
72381662
51740533
49451198
50947761
31368542
70625712
27157890
58036932
31869515
65504495
65409160
39509813
67286474
75640975
48748881
72917972
14658279
34973723
40662789
60517365
39929160
46653692
36940673
48292571
29258629
13043451
44896998
45173674
70523245
46601236
65915272
44205951
14981008
75497908
71301822
66498217
79036790
52763141
53905892
14670519
70496644
13889563
68991864
28627952
42521241
48676442
35179639
79916488
33715953
37956125
73897372
52437827
64017813
44865191
30317666
58185525
69899687
40901921
36520108
41618314
22802959
40453118
11949427
71837951
34718370
63369601
61170931
70641250
19190313
69572395
29557762
16653454
71939669
49244049
24262777
17987970
31898002
53152469
67521651
46690360
34006643
50272427
46147730
72958825
55175556
25562139
37892117
32739587
30873031
76143304
36166358
49275033
67885584
62734972
39305088
64669084
59043405
50878838
22466540
71671536
70915769
60904228
53605116
48375900
13547476
79807885
53068782
17687057
68080363
40275395
45035701
46702420
14553209
72906539
22371109
45337147
17674209
53892441
24419931
22777396
15960037
44865243
40533387
11602843
50380947
61359517
57514134
15720967
39994426
67547370
53367085
36949218
70105620
42417725
41558510
67682179
65824541
64151541
40289917
55291976
30450832
24344380
76355482
70344518
23926057
58792442
35497502
30582529
60689333
62587243
21490140
31774998
60040402
63691321
50715606
73809743
28878454
26219604
39814402
17807062
24078482
53786365
19187464
45557521
19314418
28586953
34319982
43409957
38680643
79960147
59935199
65774961
11434799
42887308
32641626
59887855
38395247
18669001
39422653
24779173
76733890
23321491
21519015
55607266
76323775
47529318
28807553
44133604
15099930
14102956
67229320
49128965
52162449
23933601
77640342
69878564
23373958
28073075
70349892
61542484
51313807
68622187
69493912
44909222
17913324
67661458
32767078
54415224
53425087
26243419
31126411
41882820
74692855
28881175
12005628
13109420
15012423
19066722
51363781
56436632
46523558
59218992
39563989
68425018
73909576
26248951
49880307
69676026
24742773
26504668
41475909
42724747
49280553
11623692
57065380
25107767
19081293
64562082
69219385
22967040
39460209
11902356
48354101
49864013
12104708
32767265
57678086
51480745
74214980
41914237
29972018
33948461
11866577
66055214
27059936
14472793
12705530
50212517
17765758
60001601
15427502
36906764
29960237
44343041
20427549
67774517
12180568
51153548
69366779
66315938
42330646
72586668
28755720
57873944
18388108
62124174
17733216
10588710
63009356
59882198
69261961
37916473
73800279
76098232
38152839
51961754
44846876
12382534
15980983
53626676
13790387
43157823
55033847
59139862
13373987
59266131
35277444
64777702
12466194
71813356
70382132
57181716
15948468
20576957
53744869
78020661
56197970
59290334
74894051
52958109
79523576
59066303
52682770
69262756
37023797
50204035
59787161
42706065
33858658
51579072
49093331
16041146
24965206
37355977
43271350
55168698
70132959
72900888
34797081
72100645
61847683
57353377
72533527
36140985
64623729
49777848
75461518
33607315
38309192
69953499
53790916
32525681
44827639
77900833
15229442
13142889
11340661
51640177
48715592
23094596
45092060
11480918
70166390
73898054
68360442
26678425
71720050
27186232
48650729
71649941
28810713
33301973
56494445
70753401
29562116
50834793
52156020
53386398
45667745
67092411
64595707
26405605
46715165
49829752
49687665
62399914
59153061
15994075
22152216
43247314
16098567
18229272
23560955
47430872
20281781
49960310
48388250
17039406
74915147
13707044
55832228
14459532
31378751
62127496
12876327
68747746
33132806
53207976
36647814
34629964
21477643
59610795
69803311
76057451
31154277
25023420
19728006
36284481
42562278
59814667
17925582
24257901
32669514
79514935
18585584
16815728
65251185
36943910
15085712
40795663
77670944
44622413
56856383
71195706
59524251
51788264
19875536
75812644
11860362
31909425
25691412
58901120
11206361
27653293
16277074
16442090
67952147
25434674
66895501
25936824
11869051
25200396
60111374
49598526
18559550
25888244
28057678
28583679
35565054
13077459
59258795
27267817
26018378
40484939
45802418
51900736
77373214
62959558
31484774
28467324
75227865
22593567
48180693
72096956
43293013
71232643
61287802
64128275
79608663
74554510
26908924
15351709
72393000
31409402
47428795
33915516
48805409
23056467
14853742
21300890
43835668
56473681
19684232
27852750
33965684
25884130
77070902
50107009
64856196
38052544
19294426
16841317
32388860
39884459
76263413
61877895
47661383
18075581
78769539
56123247
33124827
31424450
51652643
32345116
48369321
55175965
64422907
74085887
31679700
23182873
56791878
73478854
33132489
52639042
51278908
63022802
62593162
64175999
63314846
14562360
37784684
62915858
73461188
52243873
73007952
12812130
32472064
47806055
21199746
56300547
44155670
15020037
34559995
41066458
42289637
30828069
15408500
28069218
57462098
49984730
49303731
48773545
52667607
73892863
31126555
70144205
20692136
19297442
74821649
63984704
27701524
61278518
56997333
23813278
33303167
53732294
17608635
53563996
22549366
42454089
62255075
34180061
39618458
27094898
12602970
35146699
17036418
70928632
49954403
77345479
19125085
21258917
23343907
54456544
58855430
42812271
79479942
33674238
28116536
25682638
56883178
37332627
20710563
70569119
45790461
56806365
23607164
40536579
13123659
57853305
60209718
25071060
27763621
57093025
26605628
30246293
31581347
50378713
15188167
61681827
26276463
73592347
45403073
52048180
75361151
48570074
56855934
50598034
68934856
64300762
41216746
15993947
62129038
23107111
59534483
72177706
17619596
38107226
12781250
58228385
20458794
18412622
54454576
77590838
61709315
12250295
71168308
53581912
25429011
74315171
12003258
22954985
36440459
18528283
28101943
26023091
49337814
19202746
41969738
56890883
33186651
34127396
41620767
15692709
10238264
41604355
51830997
53809704
47859386
70216693
40295130
21098811
58222435
19881696
55727061
66152339
16995493
19111026
68271881
12897637
38243863
31096686
55337994
32714091
19292386
21741665
35841442
23318651
57777247
75554328
60384191
75627214
12907402
17929026
12462220
24346188
35683511
59105898
11415208
33006185
49346546
39924063
58200160
43290271
44204893
22122698
22969272
70725465
29179235
62838146
20215872
19259635
11200323
51310560
79573797
69802413
42304596
76781442
20176155
63967665
27333321
31979957
35433116
64147999
16425033
79126851
47264339
13564060
76592024
46624816
21005172
67956778
74528930
11459258
44760840
39992049
44451569
31938155
57302247
42297261
56652477
63068025
33850574
64847150
63605507
35374875
21288631
48442613
23335489
52846138
31811885
11635667
11099370
15978711
74230155
20556772
21700851
78205285
71274917
43156217
78494604
38735451
26867678
59266011
30196199
71297414
51769535
55640335
36456667
59364536
47951010
50426666
74399428
56986973
61054249
72601484
13270045
48914005
70166393
25512164
60319349
24904100
79230149
10224627
24875620
72015374
78913621
32060351
41593637
75941836
77454068
23944507
58035241
52989752
26042200
79069147
57707476
61596506
42996483
