64619686
60725636
72881350
72360862
15539216
68355319
14635157
48081966
32037524
42255230
60307854
40438831
30749524
27386413
61158766
15967116
44313556
75440333
19561130
79993466
54008723
65931336
77899655
21002008
19727467
57111204
12072634
65051441
61715845
52239809
79052514
61524864
35814926
49482168
79545010
57062840
49507233
60411064
39272223
64779062
42391648
10260884
16784076
63527469
31990208
26754751
27579384
46413623
24585775
37541156
18838849
63889036
18732593
17566538
49794304
63725927
32518749
43266462
15288109
62847697
69849962
45208978
16167726
62455418
10664989
13398922
69141442
65557424
26330506
40957098
60969179
15738413
60080122
71910655
61706358
23441317
43404667
39794114
50848977
19677234
16261652
67979385
32533367
57011146
75242494
15755786
30907162
51658059
19973669
19544737
62237742
58875240
60158145
16485046
51563422
74472787
33077182
24088689
74313743
38591999
61470939
31831756
17242563
38417271
52076026
33956394
20240288
22251592
21508925
21578250
67652577
17718274
50555053
33078232
26795665
61596107
28154165
32307315
58957016
56760491
74201834
25799127
65041036
72934048
28720754
11546609
16227602
23334514
63108717
21000735
79623972
52587380
28031572
76507402
12742913
40782194
53970961
38480857
32650091
59493004
55605895
38112143
57582459
47979618
26683223
70127452
48880095
57087120
25855820
16953844
10574407
26537522
20308146
49130759
13218365
48752303
10034194
10654759
49869350
63965982
74726745
60389146
14277724
17017049
61504379
34104353
48142848
71545760
72968670
33411514
64307439
37519919
27691312
69131412
54544504
21301704
68611340
74087435
59300692
23300095
25245818
31569079
22257441
29737350
10745874
44564843
41919059
54866049
59281739
43294437
49357360
16812558
54435151
45935983
30445755
46260738
42495825
23076158
21020662
32041062
70462901
64306719
42853405
60864503
38370054
23194755
25083023
69370454
25353316
34372389
68484030
19467229
58759331
63272953
31535231
63463743
58176634
37608242
22312476
62940503
57269896
60085392
72480279
64284406
41333974
38659018
20100035
51629696
79690501
28577942
23063711
23012374
68192824
12407266
26380588
27586222
38874265
18426130
12181557
35742898
16185436
29909717
44718745
67775147
70515360
42716121
16219277
79732235
62386848
21340445
76837267
76233256
38644320
41919451
56482571
14639847
51042530
18691005
68620950
20410150
27360703
63331165
49456161
58131770
29692675
75745520
20541488
22074389
36494089
16196539
25316426
47189802
45246431
73447666
54908411
73217035
59191522
22713390
51973096
49395146
12285209
44531203
57987512
30118883
30329910
65934425
63570297
51875824
45418233
67975851
27249140
61117854
18774340
72383998
17155267
48845586
56830293
79429748
37572479
31846522
72928853
30567052
19997155
37399799
11933278
27254591
38903548
44480688
23638191
11900552
12742647
65358612
33920709
43541949
37169161
25739052
21247225
69999429
10058022
76657396
27016803
20432564
51376938
75430023
59192516
60293840
35378490
77384352
10132086
53505022
29308549
11991311
58069528
35740697
54830209
47200413
48920714
55592253
73266373
25992840
45779897
40522888
61664108
20703081
36754904
64218018
69082482
69585197
56657219
62248688
33700096
45682093
66850759
42515272
70323888
47908577
38302357
70058478
70848807
20460053
21276179
25150395
18195041
72784490
59496411
17396582
29915527
48174070
12089322
66626704
23043339
60385121
56567025
59480976
39402679
79931627
58648355
13812016
32760051
68485961
64227831
17503546
56906784
16279325
74008421
18548459
46708765
51172094
30696523
57801666
36870065
30876046
73255115
26951232
52249666
14925596
33053946
55642460
33181308
73415820
78223698
33738057
78591293
61653673
57935101
16542292
33171994
27839885
49879569
57477140
77944089
48240483
67127888
66071103
13939571
52353144
69714649
58522626
46456163
24089286
41189201
68779340
20654086
61582453
66908632
55819478
71168263
37467848
10887248
24028232
41984839
33515377
60047206
48893185
41672926
30455813
32878958
28100371
66774193
64221648
16299214
74380996
32234262
23365251
43304199
32144513
58753742
79392478
28041337
37572357
55905420
69186681
74698522
67149935
79053846
48561809
31932675
74318643
24354543
47674530
21445833
31499784
75184023
75417431
16810003
67486825
70528454
47328436
43095186
41577959
60059798
30543347
11295335
51124944
56287726
66953746
58028464
79886595
55218444
44902642
58514127
23651261
46084667
35544015
35584324
47425353
63968558
55020281
70529669
18906038
12043256
72515267
46374905
15901037
39670183
63294385
60635684
20308207
12082345
73816233
31277099
78097857
58858554
41510604
73948642
16592785
39804082
70377385
30212335
69480999
45889979
13091886
73698954
52998021
60906687
19398293
51990269
11516282
78504383
60491636
35277370
41594169
55350724
21846344
23913560
75120634
24505192
22944903
13138305
15768086
68611810
73371810
17709922
64791110
29159905
34147066
63316776
51291824
75759162
73427029
59949131
57318500
21453137
25502707
55708533
63037248
69501048
39793953
10913682
66031988
73128807
62619903
31878349
79491139
19540191
21690298
20365274
53726185
65841422
45353505
17202448
43632770
50055582
34962826
47775560
44081985
55172750
54964193
44891361
53992638
18485714
34487441
10565173
58145051
36397554
28023078
51365090
73228397
36552679
59896506
16892238
69451848
43927121
36658567
11067052
63854092
71904742
41701480
50092259
48444903
60948325
46562648
57857459
39833902
65306243
58266740
36001990
72940574
61058037
67243945
10271706
10688627
51275230
67557700
48991230
35797478
54286476
13221945
60123571
52548188
55164280
60941897
10261329
35769815
68027277
66984643
59189137
67553693
47384756
77604427
75195486
25162969
11884515
21440818
20886731
11470685
62291053
22673634
76415079
46669407
46451509
38244776
57202398
70753285
17993299
16264849
41728219
59807944
59696798
34993592
14029241
69665636
15304326
63306410
49428386
35378866
41326887
60411217
12416127
47034075
49739026
30692810
79581998
19788587
54865769
10573849
33264531
64782461
36820473
21452523
76534937
22912164
20579345
38477765
69141452
32126347
16251192
19987443
35453654
60846645
66578608
38625012
34801690
40014465
23784727
78850764
54899311
74922742
10471974
76554736
16868637
20354276
40451724
36480721
39652714
48812836
57781100
19763734
26460737
40370354
65885990
53679333
61357165
43140581
58755913
42867666
74738259
70628666
30211311
39686685
79765891
58506361
20170231
10164152
31188271
60921678
23901910
21103308
78559620
34531848
22046238
31337515
15923732
24863949
71124839
24375898
41748123
46486217
16430255
78473284
75545434
72524510
63330856
34196132
13192786
37327352
16562192
26646058
39782789
63720847
55993059
66277776
40177363
53681141
13230865
27571889
11227230
37660948
74905685
34485315
50780820
69900768
58869313
42615443
67501855
56706658
41216733
43447536
30439333
31750043
25916925
78151921
39805444
42425084
75791599
71653648
29832148
48187042
58197108
52600314
55673490
41754143
67462056
78159191
29984498
20437930
38222427
57548778
76907556
37681520
29713217
45876741
59812033
34898944
71202905
56242232
57176420
41563075
64314211
21527534
42226167
11318760
62601402
64600124
18664696
60729038
28719285
61831245
55912353
18602380
65908740
36322896
67214947
58944340
77528216
20269916
70402668
13476524
20785814
18252468
39330871
36199757
64134124
69520306
41559615
78744559
20474365
37444070
11787323
17740703
15019638
77528714
70069619
12084850
29899258
15376579
37424159
50101882
73183721
14721068
31155984
68170513
44711325
53337581
64841793
23369350
24946673
67884014
63253479
10073045
17622987
48203215
35979977
61104561
18914836
46070915
10278350
12460311
52333927
44683614
19593416
47357893
42034757
73810412
37987520
60689182
27056885
69088252
24202214
23421383
59643214
33709269
78672574
33589934
28778519
25825063
34113483
57156539
58045091
71608357
58273778
19242308
30413757
32198396
42465923
55823792
23880137
18213676
52600856
45858270
26103337
40742855
11097015
59003182
71231244
11441535
78590069
37322619
22958885
79020380
72184234
78109553
46745452
75502440
20887330
46300821
52415294
13118360
38158166
39038989
48949801
13867314
36347824
15226801
40540751
79292748
32994743
48706001
58363914
12777739
53186147
74055599
45784736
22368064
44463352
13167284
71577044
66207247
53704194
32165792
75133235
34673255
78625500
31855417
58871623
42103575
63096478
11484183
54744246
73804916
22338250
71503874
22562326
29436048
34904558
14510791
73075423
49860808
30522183
47048223
39416679
45184656
34457851
10547842
54817777
44533380
55757627
60276023
38922356
71951581
26691136
72303691
41396931
39476064
55970875
30218787
60648610
76140998
66261038
10265876
74912072
37359030
25458127
25130651
32552046
36350038
13698420
27347943
53315131
21788509
49281097
75902972
67000651
63658851
15063513
71615383
56757108
26234309
42223622
59821756
16192563
76013311
29080883
30000787
53123975
70631483
65655773
31238621
36016386
40154813
73739431
35771677
36162138
34275729
32791311
43245944
34265079
26446696
21522301
20381870
55966679
30534603
47571499
38516641
21497937
27543657
27616139
23022698
36497593
71731753
17546576
62104532
59793508
69485511
26225936
38492299
17474421
77602165
58716635
24498554
24163950
35099234
25751111
73248611
36247421
32869188
42061623
50476291
77000405
25736551
53327476
31774256
51811334
26484533
58305691
71686371
13110637
37477717
62515553
64410596
46231074
65084222
74209803
34767193
17578894
47517647
54970942
55857177
14784738
50966840
69206218
27814687
40323248
65860604
40736679
23904720
40521825
58998232
59064553
26816722
62541560
76073383
41579019
66425833
25865010
62267155
63030387
74911182
37937953
22499183
73165381
11641910
34292093
54526743
70385994
43670589
17204231
55994438
21851577
28077825
22541889
70779945
75565954
72786551
46882969
25027431
63033430
38767435
51152477
23353690
49573650
41032103
28440612
73370227
39878912
57708442
31678907
43582305
43965296
63229687
13193508
30151026
29938615
39468421
75819171
46258080
24155516
14935468
13678794
56513164
76969410
12865270
58607219
26581242
41757349
65103793
44389439
61140038
49901381
11772761
64984203
33214208
79281537
25640065
19171831
45456102
38001014
38687576
16182763
72948278
55219703
64967785
74833035
44142246
13051694
76273131
70127868
32504222
43726017
79317358
19969792
48519876
55133618
17079632
14571972
46724567
15360162
19524558
31356451
22635205
25991786
11416100
66858025
64170857
26789349
36057575
14223223
70573325
63263764
38788566
12607054
65239550
34358530
51755634
51234598
18056859
54485151
38985590
62403285
46670865
61073739
53113662
39122599
14474748
11393973
22206243
64369275
79548599
19791897
40610424
50570635
34495752
37061845
14917416
26596775
52986823
67184245
75458698
31488629
46238774
55821642
15374761
59571706
61409742
42840974
75738006
21082102
22975069
17045944
21394924
74713967
66101409
39925280
67331086
10343109
63513711
15746600
55189502
68257667
40312595
17419656
25536423
48015706
50341810
52624150
61195306
25702105
29778185
36695069
55478916
23726869
48542375
50940995
52456579
18964176
21478171
46703959
18910772
31867661
13561647
33631692
76140508
13448641
46115367
76979471
34652953
14783378
14498813
51372914
68196628
24245417
24111998
28505544
29217377
19206454
64383519
54969060
19599656
36628676
26193469
45247753
79997197
50708015
79919523
63258089
56215199
71309303
43871746
63039318
58879356
66250722
26566071
12191538
17066593
44294226
49043818
57601988
75385553
14804170
41916987
71450705
19838607
24560264
73969862
78726207
25812782
29763618
70228426
21926209
19009470
15903703
39444533
17969294
49095105
68245537
62383411
22777675
17418457
43489749
50147752
76627425
13418205
52910560
32342618
73173808
76082800
27579930
41612875
13520585
59931246
74856881
66306044
20922865
26188883
35304985
26132026
76534268
56243736
17364814
62664694
19218444
73264915
64756490
26234071
36795976
73506620
50812030
24260474
20548103
47664009
39501421
22977642
37767020
39588510
64324768
44095816
21070184
38880321
58196980
15372711
23796030
44450049
16179675
53690040
22424882
68849212
79467208
63613439
31502058
63854912
72021362
79195161
22701663
79492700
76599417
70509767
44895885
20215838
40046913
79065781
16137662
73606194
21849153
72527429
77422556
66498039
45162993
72542399
43044169
37115834
43855601
48555248
47276212
38274179
14949041
11029266
32516171
51116573
39561407
19287406
26059750
78649873
75364675
35951088
39774446
79742613
68740331
43757465
73180329
73853356
75904222
61052599
54004158
50927711
19048636
32411725
68758978
40486998
32181887
45722741
39490208
25013592
57215795
61813907
28126107
39651045
49732628
26978724
22091487
78760924
14680758
33202221
61262125
29764051
11216771
17061420
30955506
76374729
27241548
13305296
52496210
76431546
45351316
24775861
47987115
41232121
21309059
14784731
68833301
21545258
20451129
47716088
29230441
38501373
19103135
71434853
32538791
39105060
53177171
42845005
62823980
33677352
65045556
11713668
35718982
45500695
15173302
13724062
35967062
25570951
19249651
27827194
56926745
78969752
72059811
38000925
60176653
39059197
22357231
34411860
44902963
70145421
55737932
77705065
73456902
65244378
49517438
46687822
46714694
78814727
20950282
26082525
26626491
27720768
77158329
65634743
64883417
29435922
63740247
65459775
46542708
37142355
61253411
57455463
24845306
73516233
74541447
51892092
15274466
77413036
50940641
12596742
40849130
30138099
19322884
36653099
34714022
49764714
38659774
53089200
68395008
79058922
23451181
68310991
18371996
39219561
53851961
75964561
77577005
38267821
59138334
14542638
23540933
30598430
53402980
46264214
31013343
46280124
49403594
68702794
60414183
47027903
13386693
11151312
52159553
49217508
78490655
68985905
37219237
79644874
33505560
44523440
56906239
46724885
64352785
10621649
12520180
57133395
25916397
70576114
32220306
68763802
50884741
55910472
34288488
74501667
31283161
65356696
21295904
76784060
79485076
58430120
21718597
63835513
56904006
34986165
67272358
34735702
44853944
69320253
78263533
24593453
11230966
15425224
79898827
56539951
63811425
44686684
79478317
61150043
65446946
30505991
75064895
79841825
72508177
35146353
73629785
19893889
10592841
31570396
57054982
29001963
68117847
27993235
72043765
30537727
76977900
71701338
76264921
44986454
51425408
29971069
63400678
14218345
69375861
39837658
22107619
39002614
49951951
34606498
50755178
45949624
53655822
60852113
15155594
67081703
70911764
54633834
36501645
60402836
23373044
79400557
17304958
18052629
24550988
37054050
50904098
21711923
35581467
50409498
20106454
67436230
33808213
77850255
24377181
66470365
48478974
14535110
56724822
13057578
51160633
42644143
26374697
39741193
33214708
14818606
18725606
26068414
49535511
17914845
37363596
16485759
32924991
54431996
61210705
59636290
77401444
57740503
22202408
29835749
38646838
57977807
48701636
50268749
12585857
70990048
53484308
60210075
54048398
62192433
56595084
54557585
58030322
42705054
77790845
46617300
41910648
57217830
78061665
36778439
55939604
39082433
48363534
18411726
24833219
10061339
32209960
37275952
71410088
31068763
20417107
32090719
58052583
22489633
14483217
32135335
35365267
29846851
15188119
32665438
53421613
52561850
48457614
21380458
61502494
37684975
10771104
19043290
14728863
24259006
35257940
32796105
42106523
17556929
26563407
34411644
71549011
67985939
76061549
42198453
68749825
63083372
19570192
29807348
70405096
77827430
21449201
72255847
77705380
42440656
74101682
73803070
48648340
13622542
50008191
26951629
30072775
21767844
10217304
27220616
78095039
17794719
57591320
54025392
70363984
44221864
60523790
44233064
69560103
69145009
61881102
54306552
14875881
66172589
52554391
73952118
68500702
38231374
65099424
53874755
33119956
27577309
74455911
12757871
42228889
62854425
26951374
16273403
26426716
77076200
14843343
70974266
35308219
77633551
44825479
32503663
69357198
58157361
25227426
22677874
66031025
60648162
70440486
46612975
61521456
27515996
39367538
39228758
58298212
68132504
75131786
23339189
21707469
24687468
65653116
50115885
15785292
35987060
17909213
54339276
28079078
66154960
44073656
19352752
27695608
61392541
76553983
58237473
31217500
27317647
49195780
14438115
34368413
42267795
77960270
76326097
26142327
41512339
12068169
36425239
29774692
44737363
79961921
41536967
21959302
50288047
30563614
75378485
19274340
44816460
70999915
61991115
35394683
44350198
47943860
72715128
59454508
47234486
27754416
54711981
31061747
48058846
23674918
18404159
67572108
73483839
49403090
54900529
38718331
45919131
44609209
57931089
26951460
50386873
76224570
57040799
35167608
31577973
73973269
53041420
51638290
46963667
49424258
18993653
39731986
53914245
59125978
54255764
12821936
60021999
51743878
41967057
47637011
43894069
12712805
26306105
42948406
37148211
14203369
37634699
61378728
46541282
68432368
35550597
11351672
26427903
28173904
67864573
69288606
72714243
47291280
42263433
21752909
12279762
75737387
29637110
38117794
24638878
25169635
53465132
19186613
36717957
66374168
28395134
11915989
73886204
24218262
64991988
22979650
37915352
39818036
29926430
15225437
34423297
10296400
25455565
37527314
13140423
63373933
11437104
58371813
67131167
23123449
50734052
36695190
79147144
32991008
74974148
52888078
34924829
65530861
61078316
73690303
34146642
69329474
77176016
43459178
63518221
36312140
13110382
64475457
28989150
13745894
31496600
44224658
60157296
33781352
61085027
75769521
12685127
13360489
39924751
20466084
48983792
42027392
24838697
65798195
72840869
23446257
12811156
43015880
19033211
17297873
56802216
25757184
51459801
23166248
57971782
10385527
74368985
43824386
73735904
51164861
78861212
24676704
14704414
30165996
15469828
43261510
73099978
58953224
39177566
46015882
41644970
77462152
15423674
42926300
64209792
58591920
74091146
26949388
43389899
29256403
17809774
33274706
36215099
17189687
28065544
57215991
59706652
21244466
33836825
67640215
19522897
30505358
79127182
71745060
69700150
73191072
40163952
78843726
50348007
66039819
30366530
32070709
34877408
36954954
49860652
68004455
49945166
35810695
74121165
54719898
13142798
38626518
50451770
75073941
24215565
25206320
28276450
44024719
19229819
36036633
40737037
28554707
21476004
74211738
21253800
54277261
17249121
57474915
60175103
21931397
75193074
72874481
67008095
35087772
74560348
66896210
73781549
51600952
67411414
62237369
34602225
16963449
17332329
44792363
47634982
12920420
18597381
46935547
28107443
14379729
76550405
12623979
49726592
25626106
12183324
65490202
44556031
60353482
13550425
37481069
18020195
13151360
62611400
58125527
71810715
46786432
78756055
76464896
52773419
59994566
37500708
34426183
13188277
45226628
66749217
68311159
63695149
50494448
56803348
18244186
59289056
32731560
25317365
36997742
71917471
66826997
54076056
76739211
43870914
37599106
62752765
63690964
11285359
29600654
39501995
76235013
70163845
40077501
46081027
64168887
40775927
10718502
18943951
24465270
31976223
58169485
32598909
25601767
19928640
56505120
43378562
15415434
67850996
28501289
68015383
64734405
57213192
20445345
54916952
14384137
47564165
30233569
45151789
20847940
32412242
22395193
28852500
79970134
19133616
55919311
45972807
40226599
75562181
58810775
66609710
69339227
21803462
16024702
42156014
22039220
16013755
68525795
34625757
62031162
16942772
45600598
78429621
26374131
67796654
69120765
44140348
57836767
45907150
63118487
65674587
56599478
51506271
51280660
20375528
26602914
33275784
73312936
49117678
33336276
46159399
20459330
65438383
12408686
23399220
16896484
40790838
47879827
52318217
23623154
58919987
62671579
23244545
11986811
61294076
28448521
18325648
10664853
53626271
10565207
55459245
67785133
39373666
42156569
77931994
14468799
21022218
35734718
21529167
26900931
20963493
36183742
48992541
23408782
70836974
20119339
40426672
68266249
12657352
69973135
12550754
46115746
31632932
53790010
48140332
45714600
11502431
31759709
59660309
48091616
24816427
55597963
16694038
33409132
26560366
52410747
72593644
53710836
15826368
10212090
14562023
76751586
53483590
23443209
45146378
46687630
19113438
69047975
23034053
30371887
77237066
66497199
14962531
28753617
11699124
12361571
21157167
45415861
12824668
60643934
36653670
17339677
19298409
11824891
46252536
28450035
41104136
47655638
21770071
17972491
12162016
62890594
41619392
77155275
55156673
69693426
69430586
53956169
10838219
79494031
19758137
67545601
47339110
57952439
57254430
54503824
70998479
74724641
13147528
38184236
77105211
76320849
24565800
19297833
41619851
34443896
77084795
19125375
68902198
33588514
22069239
31847312
39009011
29418176
32682334
77438709
28879987
41208689
57517041
47667744
48794590
23704677
53338168
33707882
73628933
32667636
51267314
62722194
32101919
55427850
34940121
47353615
61252203
33934430
48243037
18836259
72830505
15468570
49737240
43132575
77518350
17476962
41533863
68979891
64847313
16961822
68995791
55106178
62863172
22814044
78580613
69624931
26284777
58580691
36374807
23897372
24066289
50778694
62033465
26650753
26784268
66554417
42790444
62691343
48438697
30537949
73419930
19707572
26345242
52097065
48374320
60218483
38988788
15215473
27714505
37474800
42755320
19009905
49616801
40558827
32072887
48137598
66174188
55241737
55807053
60945825
26230707
72841627
56841649
61232322
29090248
56091904
72473050
68750157
44333256
62539003
70356377
71594316
30509353
44232643
22216060
28128808
23046807
43998885
57483879
75180132
40390416
78849274
79381544
51003500
73227954
10723442
55736288
23362593
18035363
30646444
37891649
59910407
68482289
30573256
16467642
61709914
35832315
77903360
26885430
76050476
19506673
17679929
12731865
12238118
12728810
41707276
19351141
57873183
18660129
51944244
65051143
55483571
78019125
64219093
13009148
67491854
36099418
11831628
48618745
39597257
45271876
29040557
51240289
36097085
69001559
34968653
71097819
51501827
43497559
21854472
47429067
12142396
57594071
13828413
65260595
37111477
68063285
67704758
10471890
40137342
30731148
14108463
79343746
50750991
32929983
20108470
72360246
40105158
66708550
33332808
32260836
58413321
52125738
43802559
11212895
21243465
26661791
75140754
15760404
43277843
50304382
49960187
68031791
72096231
42016309
48633659
45546256
64795643
12785484
25680562
47898530
27876276
17858934
38679150
28938670
42798546
73854274
70178615
76623280
23858569
51575311
79456692
21242265
14833560
57169637
24281788
49649593
46307269
60507646
44962461
29252964
34782331
11264527
14026320
29651104
31633264
39061196
11975705
12440523
16374157
32827161
52466547
32808924
64547091
51618348
55715218
19758912
39538609
29804748
76912368
25092159
74053513
49007477
16234391
71332583
60717303
22826412
65302178
22740213
54787304
64443489
33668664
30197155
27272160
11937174
72918766
66564146
57738033
67908938
49982349
63213066
20485242
21736274
45675803
51394686
11526430
15996309
73243556
19286399
53670198
79731421
33156907
48066788
15327539
12823318
17064214
32858629
61213143
21739387
53428733
47781924
47856046
27999014
34850450
16348652
69920801
20657368
25352204
33434520
53485008
20279672
24422346
51766555
43058302
66836869
12473017
61830375
24850783
21096140
78447245
52232855
62318015
17308280
51975159
72569718
72143229
73701035
39850828
20766239
66244711
12096866
72224595
35989648
46410128
60370394
73419166
78919986
19134889
46281952
48619952
41040241
29286861
51072155
30958230
50809776
30020449
72608950
40241714
10559075
16422493
50789891
10367993
24434564
63788721
45413718
55304505
78218727
39088213
79142710
23829050
10426342
69888959
23610878
10198235
53009007
75490439
11683147
77578462
43582509
30290066
76006399
56620614
10141559
79470775
16352042
33317649
46310880
28243596
35301703
11597247
72069010
74237215
19889133
34867061
53680903
77098314
14497013
13585101
61960630
10117270
15808721
15802051
26826222
53800485
54380596
40493571
45657102
45622968
70130440
59486837
12024905
30541951
64147476
30795428
18320852
55085914
55319830
43188024
50622286
57215771
15647408
28181693
27031453
54323776
41578670
54636738
69747282
11879386
68939941
68905291
67055257
78801646
52061551
63363590
42643075
15528989
22507877
17813845
56901690
40007499
13482004
45257672
20601828
32511659
42508498
70699660
79249700
18085809
18618216
31840198
67586520
43884516
54090006
62635963
27073036
20892212
23389631
65449254
47597785
11795351
12266307
24423317
54082316
62575961
30841666
31035314
25200023
27110610
67923433
68666714
69471276
39110937
67908211
48401067
16886605
19688883
22557509
38557995
51650892
27717993
38768567
19423238
77271134
67339970
22588732
46216507
42077380
29900984
52910403
36260776
11266366
49874734
31506700
38976349
41678537
44848632
48281917
18854473
23716863
39619613
37889048
15289128
12727768
10216969
67779856
77762641
18476354
29329073
42414389
70256772
19079369
50739860
53559273
50430496
51002685
35284917
59523689
51831327
31865034
43058458
67149948
64451356
47815240
63344868
41005271
33403369
22986688
16664425
61903090
20125942
73498983
58446355
22544100
27132220
17576621
49140472
31461903
39554513
33029678
48559589
67846129
56867671
53639560
45182818
38462789
62833648
64042330
27536416
25932799
21761905
72497264
36575788
75548011
49399118
38270502
31505673
61423399
32494827
17913268
63433373
75803082
59457934
67841090
55334039
23729397
19761047
76465680
11984621
27411797
21127377
79863638
29260500
14651095
60319037
25934832
64028114
41392478
42249794
71727391
39595445
74155248
78893516
53200446
11019946
23727647
75836409
21249649
76076467
78062512
47961152
66097900
74182640
54491337
58981743
44204567
34382328
44340556
22560385
11776773
48844861
32841564
39258982
30642386
63931908
10462297
19295112
50888293
11648283
43353019
14258413
37341474
48014889
47923317
23044865
45124556
79458810
29230055
46687134
47806024
72785674
42642619
24476446
78372979
51191785
28461190
62000645
44133807
55331994
62082130
44266319
69217300
17738690
57471931
55238941
30105222
49485624
35914307
50975975
20305887
32288112
52967572
18008383
47526787
45756259
38526326
26736828
39483318
69792958
30477542
30371659
22935478
22972052
23382534
72731609
51379981
62954103
67723871
53890040
71728832
50653274
11139871
37033129
35464022
37515436
32187147
51375380
78254223
53004322
44681976
10033594
36373443
59888831
49668984
46105374
73684208
53531305
34933934
79602702
78330632
22011981
78588479
78133540
79479438
32503790
44023890
52459973
47161193
68239597
62121505
11240716
50834033
75701250
17907989
44479490
67095836
41873732
46772212
36399266
38945102
62244068
70628536
16772909
15028836
60715789
48928521
71404903
24358543
36217407
31820751
77526530
10941140
78281046
44589990
22974505
18720869
33240182
17706259
62960881
47739003
35113905
30589438
28747065
26643632
27016089
27299701
79311929
79937141
43102625
38906939
73719097
57850418
17995420
72538583
77884238
68024716
42486185
54010446
20787991
44495695
43885782
30411042
50406838
43162004
23784288
34029084
47644719
72388995
18634215
21870924
78879981
73776580
26671414
75396387
43016802
26384000
61825035
42771686
29291514
72457008
66769854
61218551
32496516
79022469
76355299
49598651
71831661
36368732
42084911
15472266
30304284
63150241
59748414
53933855
62780204
22010720
42741505
50007219
43075047
75502206
55128574
52544615
46399867
41062171
40535659
29190977
21101429
76649273
52083823
65198629
30971448
29041853
56774217
30334562
46704372
77114750
71150080
14690197
39163927
18042682
43964932
41806310
21816811
69074323
47499237
42740436
37797564
24383814
47701058
47326524
29206927
79598910
22546516
45354918
36300359
44452008
31939395
55367258
36525669
73701701
77384540
17405401
68365006
55664084
39063870
78719197
76356197
60301449
44852157
55418740
72826295
73013560
26275385
40892998
72356032
24917551
61205506
24530337
45236785
28895382
18316639
79384411
65897087
17817050
46415628
33011439
75128214
51515509
52731432
79646541
31393855
60702153
22035496
26896270
14851881
28760474
23321180
66125110
30370580
32567938
17296294
67765836
33436235
24431684
40690954
39969258
27159634
49267726
12299188
26879104
67809827
46970978
74266194
66636516
52499947
36233110
40624424
49593238
71181862
48731074
14936191
69604127
68943860
50057160
40544208
64030027
33429828
13152826
65063134
66842474
47602189
13924416
55476983
42586377
28388143
60037005
60975207
66650684
61890770
55292106
58024092
61921599
10855307
38672409
45885270
71095540
16471326
77047448
40034340
62716893
67974969
39370582
52040674
32248565
18965507
22866298
57161491
10877618
23451073
43425735
66003068
75859629
15596670
18438488
14254681
79098198
43621530
58432652
31795255
31164388
67183923
45842764
76775296
68929498
24690637
68224135
13499745
42262158
35264834
47787297
66866807
39723201
10957680
75178603
54411375
11296230
25818813
31097910
56778504
77083239
36741591
12995381
61898645
11635246
59260849
69203817
62211462
69831967
38400365
55818308
70411070
11126448
65543223
52678537
69961714
10652371
65235261
50664124
75219154
63447136
27681234
53381222
11993027
66411450
11306018
55337185
37540153
49715575
67185583
49212218
51887902
55597698
18611822
23856027
18192639
25983602
31536390
50502873
55461930
79035604
56522215
15854429
54465811
60237133
57522052
52421859
79315652
31483719
59708043
55092603
23449492
25168415
34497047
61565730
74865635
60573752
22422652
56930301
73288548
20659823
36309648
14122229
37603693
43130836
47203819
53804233
51476945
36345881
50269959
12138019
75840754
77729304
22393895
14415957
55535568
75274635
30825897
57717759
74874842
44901746
29548728
28494260
68707880
21500678
65976649
24361828
59686009
54441269
50554933
24332704
22139449
46516152
44432830
13490344
25341953
39950723
71547383
14372860
60326510
19027336
36927718
31124396
67222624
51485320
71742825
79495823
49080770
13506979
15450885
23708831
55109537
44207336
40513071
37921595
36994593
22347954
69414550
68738491
49777108
32099655
29487413
25716680
10185475
34971326
71445485
31427837
45328833
53563578
75066843
18443178
19779770
53914523
54958603
47431426
20492553
31753663
40108289
34137624
72677142
67762837
19055832
74242482
59791226
17961111
21319996
65893936
23409405
71050228
46700625
76126758
43932175
44576666
50372675
65905514
43283696
64153023
75363725
62574826
15485842
49128933
71248680
47008361
16224829
28693434
68432422
55979694
14650717
56308578
23946419
13005410
11016667
39467740
19411238
44829586
53120827
19281658
25938163
70045029
66234161
38387933
39955858
23553070
79623566
78356120
14248262
44400404
55762573
66991453
21258658
65972245
11152336
51155849
53993667
53856809
12528965
72276934
17636504
34707070
59394688
70019491
13648217
42637321
21760011
33282643
59096103
61659613
40915002
66468190
23792650
66931239
21299533
45569531
79147618
60799959
33178861
32590948
32746359
38905708
50765068
69302781
67060017
13361238
63934279
47905026
15821723
19703466
40399227
77088507
34046600
38929019
74547520
75824680
48948160
64405801
51081574
37529807
43218001
65515773
27766318
71360306
43836476
61122578
51741401
43171690
16904958
63753411
67843233
55093123
30775413
59395567
29044362
38016820
56339178
21000291
60815509
37603988
50736529
37669978
76299018
46266920
21696503
47201117
49690284
51230292
73866056
44471743
43066072
28452577
76890526
34441471
30883349
16263507
44300932
32068617
31934707
29819511
25850323
59543483
18542768
26072830
60179004
57432123
55261093
72888417
77978638
65264079
36318548
32053765
37626762
12957042
66441218
52230345
35408377
35413774
56684985
56415328
17772441
46885322
31786323
15703105
68917081
14642836
35514051
12443815
41952083
64294613
51775223
77415499
77341189
15592417
69874522
60725626
40731238
75090838
76796173
56939748
32101147
10154159
75369759
20341082
30244206
46475198
24512657
69290160
22547600
76182055
65133982
39024614
26939823
55369763
26422897
24496675
13729999
46571530
55020193
48558293
16979611
13485341
78815273
20967808
22122489
65698753
61207097
35587629
40760537
51435151
59617004
70409730
42048642
66016397
41486377
29019581
63128241
65489279
32901042
57688128
53211943
48998195
10471713
19915382
36427398
53041290
11761915
11552618
37188382
32540721
21943178
20352313
31519006
32551480
43958368
13187128
68388409
44875134
22631510
46592188
45926990
78334150
32659599
42586021
28074878
29948747
33347012
53422856
27334436
44329623
35084036
50522479
23425623
50354365
55453595
11297800
23921049
30640739
19295398
14033401
58975156
77554130
45139431
43063333
34971040
77925606
33809956
50939490
48983333
76396194
57583734
43169527
37159356
46416348
47961585
44600954
46928218
30819666
49803352
24339928
66528231
39545767
32034855
59111347
68673531
50265851
36475502
19969204
63694180
57970010
72155432
44413249
18520801
11011754
39929946
38210068
31278287
40012797
21991827
14830993
56450343
67826087
53531192
12109820
20266348
43276290
63916877
39611106
64494571
25298104
20663114
79145460
55914072
61173045
69965369
10493766
49683338
24512509
22640115
42802157
61313433
28415592
18915033
45749881
48198070
21430707
63071815
62502366
16007737
45640385
60514440
42993197
40599952
56468854
76921307
17863022
20957096
57527084
41239958
30201422
66800892
38662658
42404084
48371154
24954414
43487696
26905668
35722247
32144347
14580939
72079897
44457229
38034813
69639286
17996691
18572602
42437847
47347735
11403504
63789866
37283349
29197461
67949081
73913880
39779687
37156969
45079065
21406807
18265529
73290842
65405300
75677005
38651793
33168597
68162289
24411707
55484647
14691301
40823185
36259980
29924918
13403104
48828566
60463270
59738004
69823608
40544120
71370551
77676137
77994499
43939356
44196774
18750844
67483381
43993409
55654736
30475732
40967299
74196114
27940710
56986997
33603997
66758507
27617167
62229050
42992350
24922470
58604468
45559151
39996701
72440473
78776603
39809074
51978716
73829084
41588549
14437253
37714576
55826691
74041163
27005688
65334351
29184073
34156919
32134771
79915528
20661282
61680575
14965424
44971764
21298169
50747094
71221439
61643173
12183188
59738209
58321440
16752199
59181051
44246488
18216071
32701866
73687144
44083434
56517963
67014150
64633958
57385464
79222226
52215186
31871529
73858967
65020677
65294613
16611169
76148921
31420737
11785912
20970916
48507216
32164197
33320257
34159473
64990439
11381676
15663270
21111640
70842270
62735366
64301764
23352008
37618554
18688606
41671197
41612792
28206176
63907845
63657805
11579911
33818491
29682718
12521480
69131682
65173712
11322359
32243201
51244261
48572085
25544532
20749732
73301366
24110959
65517349
17714129
30937936
60179125
55213477
61477095
61190225
27436752
74943338
54899729
25805661
61581743
68780300
36182691
61486303
69485282
74008766
59125281
64905298
23850145
60156111
34690871
70027739
47653691
68116010
12235415
30359010
51218681
12765179
50197714
58412041
41479073
31737200
47339937
69201209
45226469
32555433
79311514
25719510
49459699
65697221
68798023
57694630
40020693
33134894
63404782
26826342
60562943
55516465
44451777
27028928
70372521
79286860
32632938
23488275
15456820
17433994
69258470
71548122
74673406
69340550
48748579
10853115
51732323
43860968
78020055
47257360
23931442
72105043
56786894
49438556
21451995
20449173
41437776
53184659
10173354
55910699
28773009
54762508
67078100
14625923
29959649
15151064
64170933
31629371
79871727
59414574
17082739
43158500
75352356
45189240
11489327
45224309
50512460
31211231
34087365
62901788
60690057
58580483
40839909
38648598
29248373
30437328
42457838
31470396
24209907
12017877
27216020
52968800
66862053
17692768
74315502
16922466
33257541
28420407
45462779
54492299
29167130
74462110
22848772
56423724
14282297
38965974
20152615
44424183
55181762
33216451
76880842
70503864
57364648
21443513
22305883
18748150
76982761
35328117
28192882
44598745
74788054
62690923
14572913
56592553
47194624
56686779
24979981
64620546
35320455
27954403
27863096
44196588
55677370
44864794
72529552
29594924
61304526
29594238
40706154
79553231
36473108
68005297
45368043
17628914
19387534
48307148
38657473
26915631
35082653
70827738
72642755
69931299
25261183
21510723
68731618
27278963
19324206
20523987
24129209
21970315
37908772
16168077
17405046
29303158
70022442
77076639
61885040
28804705
22492799
12482351
13107495
54128437
27641159
47367297
22891370
76113368
67903194
10094493
53675782
15806931
34548468
20287086
31679152
40855123
62790554
75412217
64285112
19180231
23416498
35212717
33669460
28449769
26775153
33551547
72476142
23294950
48891177
77403658
58694054
38681918
14738688
23449245
41017011
69432223
51479018
78116250
19339589
19884864
72969090
72097254
75732712
13231101
41028860
76754364
62298193
43445090
23921850
61637173
31217865
29790090
60170127
71446614
60944253
54643758
35070052
41024729
69933385
29917024
56919644
23627900
14993255
72156394
49199841
23900987
68828797
38795857
15976963
60621668
25451921
59773248
52565162
72351172
73077958
74899395
44281132
27451564
20574629
59130218
33452263
68309779
13690603
18590774
22360003
78714516
34128174
55938702
79661865
66947576
59263380
75934304
79475009
37238705
71740199
28966894
52993937
79033737
35209769
44926405
10212464
73770952
11313447
55780996
44371975
16823754
25737648
36688582
68589088
63148560
27126533
79467768
58948100
60287299
68596949
15252234
45431439
43982465
76128559
72484888
51917343
74212959
32696846
14555482
58864942
72829849
50609598
31098353
75800357
11378862
56557858
64422283
53091743
20506494
67139880
39774364
75586589
11813259
56992177
19930053
41290304
14816105
37125927
73119727
36618482
27758289
34557043
51611599
49923915
57353211
76858283
74408026
26079192
12445104
59629176
49405082
19435040
25547410
58755910
25211421
33141815
51410331
62075970
16003587
73859835
31961174
37459909
54223625
52479051
68914149
79552436
49894051
59456070
37837991
36731923
67491598
48475408
43702603
58163484
12020841
19729972
47753288
66158387
48668112
57983220
35825525
48437057
50676533
72219118
41579367
14763774
10927557
48131365
65896271
48265327
67301824
44760386
26181561
60480097
78934824
68153605
77198895
76189853
32666179
61344682
40821394
28833701
61604692
64812029
20824835
48775940
18470417
42819973
51833299
15568588
79649941
30559995
63344980
42599187
15883356
22042201
75692976
67943147
71949409
34694170
42124831
10944707
64989124
22302558
50373157
22613263
17219892
59493198
65065748
62525684
61410938
72525219
39105150
67951734
45422924
42908119
45869632
46171046
10087799
20103521
43312504
52903407
27639606
51334801
47426580
22821720
74782093
39126452
65395850
75453788
32090394
78630295
21257802
15451932
47463609
14288596
63817595
60754097
37414225
64617624
21377438
40608378
37469758
15048960
64296455
27128083
47848481
13546090
24184902
17629172
75108032
54157818
11508187
36762254
18541247
77705865
30484203
29065933
74137860
34467926
41133866
42413435
12724544
37638356
33526723
17007144
39355287
20943995
59275218
49909450
13685266
54236334
56633612
35315052
34073808
12064768
16330374
23384590
79778115
30343228
57473873
57010675
32440300
70652507
72017268
71752889
74656358
47145756
23730020
34573349
23097588
66326274
40351196
64030955
34788845
37440255
53802860
79665877
40504982
37992852
50936632
10182383
66905343
57508913
69897994
21131103
75424671
19239045
60219236
61696384
34431296
69714951
32621837
26003577
62084444
68048910
13872091
14301214
34770719
65675663
54198723
41080776
57824237
30772395
57448282
30601138
25753754
18639627
40209414
37009390
75799966
40334564
69885613
41272353
42970668
74185984
10268167
34562184
30468662
79691551
65067923
79524985
40812006
61234120
35739401
22330223
77461153
55130673
63367668
76728870
68848020
18263149
52691005
71957748
28495109
56220999
54670013
69696994
68440807
43013175
18875430
10239548
51582763
46504980
13947417
67543729
28911267
70687058
43694582
56013597
21430289
44397686
21032061
43612332
34004295
51645805
68166919
78609651
78856548
77079818
43740021
60357893
50713803
29004469
35383734
79662002
60490195
45796294
31189664
41156608
57872566
41618801
73532086
72661281
42274108
60844219
50158781
71440425
11909596
43039616
30782307
19346658
26144214
24536028
56096173
59181827
23772645
19651586
47259627
25329083
61825805
15281661
64174155
59002017
28123639
52390146
29689613
23872918
74927813
71566150
74579823
61132276
51414882
14131271
59640923
16811669
34609861
69894743
10451050
77509733
19930118
65458668
26593817
10148509
18019617
41346887
12294586
46059794
46359589
17895680
56119811
36780173
34336393
67710144
51605756
74159529
30611080
72836862
23325240
19633775
12217631
35434462
17153178
10071411
15677614
39188202
10402938
48164691
48480568
71247741
79452858
46300679
55592906
66953211
38413645
28101414
73595862
42647786
34794462
78617728
30144874
23203413
40492148
71529120
46448707
48394993
58344883
49137237
69708337
56616951
27006553
21911447
58409460
15877171
43624200
49084947
49163475
38459771
77754704
39615225
71125031
78051534
69608711
53210055
69690895
54491051
47694756
24188375
66036035
64897065
16353989
59980936
56568630
66311560
21784590
44738096
24237030
39662157
75926726
22949480
53736088
16970586
63572582
40750030
23224774
75936312
58361363
53908203
61054461
51374483
22724663
17728833
51677030
26455779
53640326
59215969
38644045
37517649
68516393
68496612
13905812
25236511
10206714
71208015
63904013
78891904
72248669
55866770
43609011
16395360
15554409
32820682
24205861
74416946
24121767
55662278
46033966
62598874
23168959
20916699
32002405
73593375
73660852
12222795
77632107
66131220
15183587
45691690
15741360
76700872
51660197
76684649
38922972
10219919
50888370
60409201
67870570
57584662
29483047
14748513
76751810
74812153
15429698
31573660
74411677
40461241
26695781
43609573
17995525
23960807
42305707
10250865
27556475
21568900
24177248
43005830
52330021
79481049
13402957
31136142
78361940
59742597
15085187
77008014
23157638
42298328
62333410
49237320
27766719
39894179
15917520
78181875
35890896
75104349
38325793
38585012
70800312
51753563
55359595
75854455
28380449
18472444
42868252
74945944
56909177
55549826
65255613
42445627
11990165
52076937
21477829
55470606
48130746
36796726
23806039
60040212
25911440
23973391
60140999
22007015
28822146
48209297
71459728
49271282
73338053
62149226
29031546
17669159
63087101
39420322
51449414
19054012
52535845
21173672
45082203
41195233
21221838
26235939
54610511
25958424
79485778
51212518
64749634
16127409
40471917
68441390
72970216
27769039
34691541
40379159
34168304
75799935
78025218
16947902
26409753
77416459
69240550
60242862
46131255
18109539
49777721
56866081
45601061
36019971
14086423
15726929
78145799
37595395
34125596
41927043
24672540
68922461
34110441
55884704
54315269
30290695
61077792
44126308
30368497
23572405
42494997
18976428
46879031
44479709
29185288
67964452
48946336
14071382
58699762
27187469
79572544
72684298
11507164
10389323
68600360
34301618
73680437
29606216
42952551
12535228
31986215
21226548
30764382
42513002
52343943
45338841
12015996
57504710
53494454
31529028
23183289
22100140
19097879
39067716
33300627
41554106
66422816
16601272
54639139
68301404
59594109
63380383
51912100
42515332
52988160
54660573
46534334
70995888
46608985
72708102
76869575
24203996
69402431
15010295
21103334
53670920
74056164
50661173
64712732
29067773
48828156
57688775
70925894
65014882
32946839
68956966
36730565
28136617
70691713
37419746
30221820
32991695
67888562
73150435
18374367
27311727
29743318
38209825
32301523
17974325
77814632
15480606
19951494
48636392
26274788
53090397
20137458
19556825
18017959
13632239
12570271
21300818
26589790
54022863
15986265
15859108
12795717
11186746
78307013
60995415
15848326
29890648
44854376
59232675
43248767
16851039
29929716
57163450
58766732
15298142
62136958
47097246
67084593
51296806
35963030
55321975
36793066
11973259
49359854
67552008
39185877
53922589
51450731
11102545
69351473
56694121
18000437
36641896
57591388
66152443
50192738
33510139
49723793
65302735
26907991
24293104
18198073
13108182
12895193
67144744
64475187
42066303
70433067
11042061
14339368
31277488
35741544
68532310
64880649
38622600
53550746
61710156
42057614
10948058
66691261
36928908
33341144
58553264
15727392
36379085
45150942
25810223
34182772
77959953
78804531
75456628
25714667
61855996
70078925
63726526
67728908
24670548
35726413
34726995
61067511
69933382
52415927
68540295
34014282
44339562
77720229
11057586
48063167
64316902
24481092
60112043
61576649
63318328
20598719
78680927
13315766
14747075
55082387
32494167
58505043
32518228
25883672
22056364
19658077
12191153
38550453
60952435
31229090
14200251
14487456
38035720
37234815
46753610
66132246
29681472
38474634
36584366
76938348
10345604
52905177
71999924
79138079
21073416
52735968
70587836
33342025
34483449
41090113
68355740
38084730
73536199
17116903
73920833
67794503
37488147
16410913
30858136
17480197
55232352
69087108
28221163
35153352
53508245
41431195
46113732
59935339
12688584
66433199
22132824
13756744
70709679
50691638
19754283
70836180
32096477
64024770
79579884
30496661
43193586
15939657
10649319
20890292
26138790
76774339
33812274
61912423
47923737
74267747
26769668
12760238
29183560
24311748
76893085
44890235
29814732
10020245
53727711
19502484
30166160
40497712
68103608
16738815
28333181
43474132
14850550
62321969
43512432
43655865
62451694
27762137
24612410
44766315
50012827
60955649
64079195
70441903
49867699
68457102
65786960
13420228
60476825
36524875
26870141
49843441
16632838
12322949
15090247
61059405
59595282
60086481
76755071
48022125
58208533
22287512
44749512
43282303
60755693
18061302
75128032
72764083
40222658
72771621
75939916
39353284
75572963
66132562
76142683
17899320
25322698
75048041
49947318
63415104
73658106
43175245
15293596
46377833
71542653
35676008
27653666
23845313
79053239
72108658
61292987
64662355
60251630
46775275
55467832
53837777
11996525
64050315
32249014
65065182
69346761
54555393
33313478
51939548
31958816
28502034
47542602
32329837
79201994
33187628
32888985
38661743
77565271
25587745
41821190
68787951
23700811
66777784
12995994
78559609
49790724
71014419
42534407
47634204
37447075
68329003
42577849
61349269
52100483
70714434
51545758
67045804
20798414
30686809
33225923
18712067
40966874
54885243
59595393
76478399
19709179
58955900
10867714
59736837
43559407
44156543
25451761
30669923
49855941
79293435
47739613
54576219
41980324
65217506
53939310
10565328
10547111
14809307
33628916
29581749
47650337
68922485
37263549
11738010
37853930
19048650
37812286
43567334
72657807
73826228
35637393
47171789
41076611
23552568
41225658
26924588
79336907
28720134
25560240
78250108
64633993
35316751
75251013
44598842
78073752
35731560
30681034
40037812
54197672
72656913
31543444
10203313
30800981
29871730
63368630
66572521
33822038
16422682
25544914
58058134
32748726
57772269
23257322
46928889
54986363
62603811
79410788
32844781
54039123
46490554
23078476
13567184
29753756
15229654
55221384
77272749
65806338
58443682
49952512
22857607
58685212
37529249
72243552
53264924
59549838
43247341
41250997
21422130
41733127
16347118
62587873
77900955
52476337
55123118
48721946
18704582
64504123
79934465
66704959
40429524
71774807
69543837
35277726
12907173
19430461
45066040
58255765
20076255
48579394
70542953
48845195
56493437
31321138
15804445
75900004
13922827
13997417
31403879
78751235
42036716
45383333
14095616
25694400
18746826
14599690
20212131
52625440
61282112
43015187
50840485
73179101
56003468
77566007
77973011
23876079
35609258
18723973
53796517
23577995
11023371
66135154
34946937
54747628
21734494
34501944
76540400
50239777
48351945
39900601
44338837
23063498
13058795
44065322
69836844
65225963
53560979
64574500
30995851
69713591
27363895
13923619
40877253
31123085
65151742
58043563
75366095
58733258
60599592
65456850
32679417
18054370
23039028
73723418
65880708
32907208
44422938
22321011
70880760
29784397
61208190
35748483
20779612
30456298
54593910
51147917
55272474
50393460
24593774
33241172
37265146
78103834
57874686
11376177
47960846
28246525
57660251
16936092
34467447
66545992
60762504
60760479
28543807
38184980
59602712
30718616
69749216
14806247
19945270
56704127
51465318
16292532
64195966
24349433
53823568
71165256
28773239
16493167
11370134
36279101
72235277
66978818
55107388
64308165
59777365
33268022
18090768
48836664
56338714
56066619
50162618
19696202
57647690
11927477
50526622
20705499
73303941
38917773
38992794
49459837
50398395
21846940
10008239
72403916
69200936
33889428
18984898
27752675
55307661
28623546
62554918
78561753
78550267
20170185
53873633
13933537
23356074
11213577
49354650
34221568
13578881
15855920
46466994
76291947
62453433
48457114
67035141
11382072
24715083
43878487
31524878
48966435
35060067
65554813
29295898
22751402
25197457
19439511
79565618
39111179
49753795
59985827
11495193
19016715
68694956
57846485
58573427
66661314
20740229
26487552
17762749
51590667
35676098
42908826
38317856
47699956
33080517
11296800
50002436
41976577
77724928
32333375
53766974
71563975
23982951
74932965
34006370
30562862
69864697
70067321
34618358
79019945
13194985
14091986
20347812
35074788
15312727
67567166
75220748
14364088
17420786
57325012
30154821
15342248
15247524
24221657
57812584
47565656
13966750
75866874
49656108
48603166
66276000
10716429
25360692
76924422
20408390
59897518
70600883
49939749
29688965
41526053
21485274
77422836
33021714
11473246
61518239
75569566
44710213
71894536
47825768
22564651
69208651
37220399
64023546
20872923
13035582
46425085
48482362
40181083
46240017
59819601
16850996
18820946
42236983
36275585
12701879
44659919
40738680
59111335
22684981
53457906
65079596
58215742
19917212
43962460
64980717
63666441
45437222
62493315
72346683
44122700
68755326
39116684
50947565
27755316
16914091
79780823
41684022
39407506
24807048
46570364
79612712
64399946
76672696
44294713
45214844
72650556
74363495
66168166
28706776
40757239
77396581
55047050
37637182
66309734
68795941
25650279
30760073
65278073
28561944
11109558
58524805
56505262
52651929
33230596
74946001
51801728
40500628
53289228
19211508
45145674
74589330
12785431
70242128
22148609
61241472
67000602
41257700
72734776
47213898
10100849
78454780
17869221
47871083
21021374
15279477
60147531
70398751
36074516
57576995
17155645
16817637
69832178
57845460
57631010
32421257
35122079
50413773
23368273
25354641
43160290
17890078
77351954
33132352
73976489
48417240
19984982
65470380
23790234
35378632
29849419
64067829
32350188
31854262
68350104
52590571
31393111
66662463
21254814
25997469
25402822
51382208
44066358
27978927
12070810
17284828
68984454
76173025
72575136
61128072
15199136
39583389
77213129
17631587
12726141
66476525
23835117
32957843
65361168
11986429
19306283
32050820
62551524
37990596
42749595
21593391
70378641
50402384
52133200
67720640
24658954
67841960
36945480
21004544
15680173
67886096
40253857
14667637
30492870
64483919
25113320
62714219
52420032
41012691
56480971
71723427
47352530
77018335
12029202
44843397
74983509
36886273
62009524
26255629
56304999
50624531
57911713
45639761
66969708
10994386
45644924
79505260
24971384
33794714
10103527
61608090
25406886
23342314
11674893
63533772
72194672
64161517
55963964
35195042
41046720
49150187
27775363
73595696
10581968
23335722
46051103
66309196
13613169
31001757
57987549
77146408
21002687
71409167
31751286
38454559
58810905
16888518
34946375
43063687
68917127
21401704
47465750
52109651
49575488
77330336
28537352
65001297
22182299
55719232
64724795
39880471
57943275
53674339
41184263
15446247
19206620
31749584
20707654
44632901
75362406
70002256
78030660
71317360
31852773
50560612
73540830
36962431
41197602
23166091
28632511
27736933
32473238
10523132
68302005
45636291
24821346
24362327
43900060
35660514
20690473
30077688
22050907
37480022
29617117
42258027
47329318
18237270
21236619
49485945
20357590
29566530
27077953
15452664
10169591
40462194
79753744
41775659
47986025
35734314
38052914
68553307
74646254
77304956
11250063
43536949
56295286
10055280
47072828
46652486
10271731
67362299
22626202
19696857
25836292
51591199
70674149
36110679
79985906
14038471
11809372
55915813
18439938
24719771
10072354
36626280
23784689
17204535
13582078
11151129
60800181
79289254
18521910
12230477
69234832
39185654
35672431
49508717
40431505
24717344
15843006
22382055
78033907
58463849
45318679
44291310
59632488
20638090
63293739
71836138
22245086
37367810
49255635
25680683
22338940
60511233
14690072
36684414
74187269
42016880
72481126
34895143
72153797
24711284
55643109
60330997
61512452
37541870
14912837
59896719
25973215
62103736
37238364
29393800
19648348
70444265
14180037
24286546
73863279
61948761
38048770
12277118
61006535
18626772
47565852
49771573
45115625
34599310
18749036
41038360
38030605
68488754
19302248
15706060
56241494
52099919
10753248
39283087
66266358
36453985
21550126
47158459
36130385
61124751
31312109
39058338
32312884
45306258
39901736
26391217
32298888
76484512
65686060
58039741
48134816
51044012
54806541
22010739
27609296
43487786
37217214
18277566
26276437
38183311
41565965
31755138
52616680
58574643
11330119
59494696
15944628
58286556
34778816
11088419
78645237
74457307
34873081
36129620
53291438
79901119
41584872
19269471
26974715
15528159
64224847
16410841
35463177
23927717
29349507
34321649
24834148
71644775
69494958
42473915
36804655
37546722
59530195
78787533
35454180
50735556
60454600
77686953
13032306
33761075
62515874
68377435
25267286
28412470
29603253
40178658
26114405
30204209
49687966
64418789
13424326
52640232
71512219
33509413
40235302
35962729
55597344
28150725
51320211
30979678
57055411
74192301
27951466
54740897
50761246
65318244
37579969
17182477
73348726
36095782
15105748
77647877
75756835
35272938
70943684
44063858
77671242
50085254
34028034
66670104
72555055
26095640
51406605
14164036
16116280
39813597
57045495
55302178
17659319
12545803
39057980
66231280
30241795
16739315
69818695
15157578
71939027
69431856
15588376
16292156
70661006
16717498
43268024
63089921
41684136
58270579
17085388
42053945
39780985
58297703
60939704
53866360
75673710
73034832
32684825
75318510
47262976
67824061
74065018
26404686
63102989
63231824
12376827
78114871
71076256
24015138
57674745
52369939
33525193
59033309
37378151
18788728
64807150
44424022
64295348
62214169
65909906
27731028
53745515
19592387
68703083
77849591
68330309
44283288
22634442
13724762
36044913
49134009
37533423
41908523
29226717
34118650
12781330
41198745
54477541
11846405
79805233
60196047
19082490
66570382
31407654
13182704
70419938
75689474
40726017
26537641
32630066
18524386
14639068
48059998
36914362
15013020
26033434
23630887
25013593
58620466
78975653
15489058
28274341
47093063
51134100
10529621
63978663
78452855
55102226
59392920
32780457
56709576
64797976
19459428
68648036
35821655
37431607
58092973
75590434
17436684
58503007
65827848
13273587
32285422
37356289
60776464
33383775
48360604
21396462
32273342
42898174
70566759
67450245
54095733
77217410
60488649
55129921
63152856
20775807
54552994
35262562
52500966
65364677
33009046
17329937
30497004
10677441
46116569
26345727
43002298
47470589
13142094
69082916
50125163
33515815
27299708
54205692
27230628
77378521
46908398
56958304
42759769
62852744
34014433
27746888
31284881
76163890
52220392
15012741
22815460
31747944
20539700
31936226
48983544
31238521
34342216
35504291
10712418
41550436
33159233
76026706
60167729
76462137
54621189
68522616
62207971
49650424
37152370
41444483
29647425
31256436
36275036
43676068
78041739
11542420
20333535
17533275
31633080
69546749
67280988
13154728
77817861
77783704
69442861
64907367
34343200
34672213
78872534
35919977
36788629
48879947
38832801
66290283
52554379
49304810
57053150
36628895
63757055
52925455
12937560
32082650
70645953
11217432
19316458
45636598
25753705
17356563
47630795
50092388
58969736
76273842
16479963
76498464
34605423
26804912
41077455
17219002
26357888
18692562
15484511
16820956
70614903
18956248
74990022
51863229
50962555
54886154
48755689
28980494
36008516
36589992
39437761
47580397
34735228
69794543
37214213
75928794
66428532
24561504
37804406
55757148
66900699
38763355
70411403
51234504
32119450
60662763
64586844
31073862
62196199
31665009
36519775
77488504
12312066
70829095
37602255
45628754
20641777
39653671
77115492
41407438
67174964
54383876
33285114
32992398
22588637
19986754
57951569
75286812
67389222
50906023
34489328
60967784
11542825
48283450
27466418
43213519
19700859
63430391
68664595
78310590
62843114
50076081
46604890
29611667
37722450
42111181
21118103
37193722
52101020
63613076
49196273
34308752
38956989
76845346
79573654
11076210
50994589
55052600
49470110
34953813
28444490
17847753
65000919
35187987
33962482
76636870
46130070
31168495
40968981
31288528
12462959
56680198
29203362
21524356
33257920
18676339
23466568
31621948
36815163
11042885
26572986
33347553
78584811
75857727
37907584
36374861
72161778
20543832
21744156
76002516
64178897
46944855
14979489
23207266
46491012
12247339
60661299
23777690
35050254
76773534
23914743
56710293
61688398
40535226
55782018
34815342
19431322
26216726
29746767
71090574
65718024
51713445
62199870
69743916
17409771
38044908
35552042
24870543
48326464
48217523
26341889
47047868
24484971
12841020
44873855
73898856
35603766
10682537
54747850
12515723
36850659
13667601
55281954
15766111
52767215
32643494
36398533
77749816
46045154
42897567
24109270
13235630
15917270
64737709
38183030
15463929
35489502
18800577
70915083
74698717
67231318
38646501
37287529
20415331
19766068
37603540
23889722
11566352
63953897
11540479
77704904
31500386
58111909
24486293
75721820
41631630
41398266
52213191
66472906
58964079
19721202
30372201
59230895
12853834
37856039
27934511
30748441
63905964
13749486
54734594
24975270
10201260
79493394
76891154
69285770
16653132
23839634
66157502
73545808
10942782
34168801
62097998
38195978
35223249
44383900
67783350
38650662
68282611
48439622
55009193
10610493
78315594
49731898
39309787
33183732
78157413
51093779
24977847
64743611
40457822
19846582
42244784
17058610
49120976
21236142
58385923
21541956
70852884
71549079
38554419
63524398
72170222
47798394
67769590
43863065
19041275
12418805
10774534
38628418
63555795
74882442
57621860
65540541
16180754
67665269
69380988
14992937
15131758
73060562
62037373
62244895
10192790
53741900
16156228
65204078
29915935
67572450
17501825
61569851
52098326
73756689
66518894
28065108
19168580
75190998
21628049
35645978
51640914
40154008
27264444
47480894
60932080
79895914
51670751
48029370
14334386
63364829
38735622
34612042
60179104
54639471
56316645
40354244
13377042
35100713
29236706
34028102
55636792
78341867
30202290
45925461
56267715
29438084
32718160
45126193
62801308
71068419
19512159
30051990
20565115
38352181
13700920
15280129
47216989
38424518
45952836
54127911
44550167
10350836
58098754
25940649
59771837
64628652
42912288
24799151
60344456
34963430
46044301
66398700
39063731
19637679
51506511
72468361
17233250
69614174
71469233
45570674
64206728
60367603
64778698
35520170
20626394
13735487
57216571
70859155
70084869
56263372
17230090
12451723
79126053
65476299
77132051
39713731
15489568
36525456
14259822
33544400
65955167
42025012
65375653
29526887
73040489
33807465
39686345
60030192
47810032
17160217
71960449
61373375
43692275
33235548
56094211
66336353
54184477
65569839
13522682
21624362
35702057
46952177
60034946
63412586
26549278
13765982
20551761
45383225
68978526
27840088
19172383
11501751
64011022
55186352
44480669
66691035
41553666
44255272
72149766
22816070
56411780
70311543
78630555
79508903
35035395
73905951
12406043
24711467
60630673
27113515
52114468
30357236
71853385
70265326
52544478
54043182
23533376
64766324
30061392
50214481
71453851
23791141
43752944
46885086
52834465
47388582
75145316
42992608
75639267
39092984
49161650
28525071
40061059
32848464
59614860
50712163
65009921
39225700
75924973
44165891
10675426
16967500
11522323
71205046
44538633
10726729
24623880
39513309
15806681
78252769
24085045
21015832
43509785
34517543
31490356
73576476
65043855
53720848
14274170
19211978
13658882
53672201
79214056
16776463
26884388
61437064
70145108
59827890
58770433
27067780
25345427
43575580
76613203
38207670
47687819
43559663
17347136
29580761
52620235
29043348
52414742
78663693
13125603
39137251
50198886
18056369
51021807
33850163
25067370
55208176
17342153
10502385
40192206
50527770
29905223
74023502
24445815
21428967
68722862
60528645
37075490
37670387
44194351
15249046
46136718
76789727
16329132
21748757
34628499
45210816
22563362
22607785
36987494
71216043
30541429
67538718
39600592
37929661
23690832
42313607
55530419
46267589
18716299
78236935
43558554
39924740
51962561
30080876
58482406
16096126
31676010
42771754
32194383
23445635
70594168
30257173
27217662
45932419
30449403
60427109
23278969
50205017
38160340
42170128
76934353
29604163
78740330
57854553
10338923
22172679
62383198
49427162
55303482
26492924
55570352
10193545
38862881
49208662
52492260
30238624
45661938
76812049
31695339
63698277
45093805
74905668
67408603
56269770
35412364
61304501
59020038
28785217
32884696
39188639
13598014
76808017
39401500
20338935
12711108
21339350
13965656
55932266
78676026
37687130
47631962
25467035
62749509
76576142
42607017
47705958
67278865
73911593
45457731
74874376
69146742
28282952
37991086
65463814
75693557
57229752
52006106
37122559
31677697
14836296
29061343
40834070
31789479
61894676
69492978
37391487
38720877
42051016
14747944
25880113
21900849
63194832
39805948
37015176
33370834
17748448
41060868
32245130
13657146
74603220
18823780
35421635
51791006
23641171
58063017
47249262
61949931
15633792
70583406
31316220
74293448
43019337
11297272
54306457
13898110
70295029
51859230
47962664
45825181
66076225
50515458
43961591
35873618
59298629
44683317
27899228
69482463
19223053
33568835
29232596
13055556
67030781
64537432
75907285
38806400
33751059
23382255
53478123
61307800
23014215
59365392
49716811
49670255
39334045
25907761
66254642
78898624
70164979
71208331
74470916
78426927
77369417
61900139
19208119
64808549
27348747
67157672
27994205
12234764
51227759
58577561
40576233
30844965
50590141
55242128
73618518
62240344
29676343
75433150
41769468
21720007
49491240
78765091
52758105
11446959
42545379
18748676
75516926
69378454
41395745
53687442
49455703
19433104
67609975
30962487
58462633
11690607
57222072
58138846
32667682
71318850
54750689
41799571
56352013
43580639
68088250
10372780
20844028
24486363
58869700
70868395
25535217
13283108
50505950
11303973
15333655
78570906
24570943
61395732
52409524
41202006
59942446
34089583
44277558
72188535
54155154
24318641
26473659
25467183
16524309
54203058
58440903
46791217
56227507
55987873
64072443
66372168
49263536
64280393
39942355
22687164
79866900
67489931
76356331
53598443
30364200
60603952
61625503
72729809
50461942
68868818
17150255
50678268
29576926
33001342
73696469
58795127
13127366
17847705
17729492
58112880
64545564
30109293
69972309
60612619
67951449
69110509
78032633
71586842
40400864
28300687
62007479
66350700
60256858
23884891
66593174
27993542
31614595
71509442
22294285
76047589
58164380
62618509
43324368
13587289
65868734
42041170
38969781
48400183
63824352
58385116
16197762
53347789
60606170
62812875
11766585
61754115
76759621
20242823
37298908
64480210
69105577
47455152
69424278
57244595
65314111
51796761
19030395
20819036
24865758
22686963
28428541
44337412
33673519
68988968
47076149
79355844
26672425
56427578
68704451
29916501
44996295
58187011
39677381
49918493
49295898
17081728
28908559
38073888
37679441
64820594
54210228
23676705
35405482
27452073
75194972
21509332
77684467
33692010
23853253
35178894
33033240
68337055
15354359
33570799
51957124
39662405
26349776
76897784
60048065
58852457
50030555
25444575
49554379
56955695
43467237
54168203
78994649
65341468
36860391
53680766
79827036
18733820
59289808
39736764
54380980
50684889
65688556
44254090
49376953
42201537
78628807
11350919
78305196
78464576
18301181
38580055
38503434
53436724
50784235
13678173
20116789
20078013
22198221
59069318
65706858
18778913
26231257
44127360
54750065
76258645
25766096
48538044
49123410
11491632
32639492
58310108
39930907
42405970
76830137
56822109
15720862
42757477
68386894
45265363
13870302
39054406
69585474
22061147
22592963
10398037
19283745
47958268
38368684
34198318
20730797
27649681
21495569
23352309
77071052
78818198
26431366
45424617
67256640
26505337
24570981
59485603
24835362
50857259
20845121
74053541
24642405
23936601
33358076
48448064
50754363
44835551
36847968
60785113
48350368
57448158
38567976
31557227
76174976
19321241
40229805
17690152
26383324
48592592
56683448
65337926
38183238
51336534
51892665
58415558
72458313
70390761
50484201
22136715
31703204
74543500
47048861
74048358
63393400
65976480
63884964
43876737
67200552
64224512
34830314
75853011
28989500
76826983
26619273
76077952
13761085
33510545
21393613
31215845
13598501
25479613
60199249
77399295
62780087
54550706
42357198
50829316
33099300
37391507
66408253
43444215
76161725
27228657
65379993
47002838
46362468
28911377
10099667
76508925
60166076
69097516
74058045
35927744
42131453
18150001
16020424
27737903
70975906
63222697
16952069
45687006
65375260
67928668
12260080
65550644
40628501
57155996
53425278
48277784
34408088
66268385
66968383
24580058
46833525
50378340
31996604
73191322
58365764
53010697
20213084
55369339
10856537
53931501
55763298
45638341
78791288
64403194
25184085
66804952
48988010
49592017
75364127
75807030
75858601
10346064
33719747
39469567
47217316
76150890
72545939
46512513
13953418
52610486
13663408
56358478
59402310
78310403
71166008
27339373
38080020
12171473
55624503
56350867
14252360
24209361
73654714
50858576
60762033
66253608
39915622
50612504
43046901
43739985
20155179
55095705
78347893
11097855
53684382
13390865
51642159
10168927
38484653
32762751
51311620
37545573
70291670
42859049
78964990
27790602
24310890
30581389
53190180
66986862
74401064
30905517
25915440
71995276
76457126
43903472
45164533
52662723
18488927
74317121
17968282
42847798
51974388
34481907
41687841
22220982
28616699
34106660
56318977
11596035
76009492
33072510
71509144
51349588
33135832
67114684
41620146
35143081
16009133
71021899
57317370
75019476
46718523
70706933
12712525
28013838
13481820
27981269
47197210
24524827
33395764
60922379
34854160
43404467
61852268
15762045
51112809
74091225
49285714
41666867
18439627
37624407
27413267
36717577
54328693
23243551
70137750
26546716
57472877
48794943
52427227
36672520
13239203
56921508
34540323
30216294
15270923
42061131
61264922
48501364
49433424
74836890
72111514
76172648
61563075
17502839
14186870
73673557
11274011
78957389
59312277
60016241
62924144
46617667
70955243
59681591
56005749
68452472
24201644
14156552
31170862
48174864
15438891
38078675
71609953
56161555
41380633
17628481
79523178
13759106
64406736
42403918
20736300
39841747
40636206
51401585
24666073
76952457
32924673
56837793
36074294
63659623
73003322
31326565
12022532
56783244
14903058
70046716
71297278
62786622
68770812
28377856
53105902
67260633
34814134
73952938
54146450
64480468
25985261
10715971
49104513
17131726
48877110
13257298
17034652
11051383
19999732
63364003
30758641
13064938
25180769
51239685
12869562
56200924
28776322
60242807
76540656
19875399
60134900
47989551
36324805
51273142
40107235
70012331
20736880
28001363
39943357
19925775
52173857
14582817
75182638
47095270
20092115
34394293
31932153
59535935
42082487
45555718
34202246
27852866
60099929
79147661
47549917
61182241
75516643
50074433
43286948
49829706
51665844
23323025
36486906
30966585
10247934
18207205
12519242
42611426
25841578
18942366
12329165
32311542
14831981
25736794
33224195
61247183
54583620
25520584
67356418
64619763
68245313
68724707
68397338
29035983
69662718
53582813
46362569
64843861
59975432
22950737
53798248
13087800
11506871
71937028
62720048
37757488
65101420
49587467
65976036
39996268
18804045
23340174
42459314
35627672
30080220
65140246
60739319
65628770
63893308
42056840
15761768
45230566
54550764
72290555
77075629
11971637
60879214
54400596
55214188
65247836
42003682
48901013
73274676
60661370
20561381
49549606
11895441
74663775
77650999
74800195
26032526
47379456
42806380
59191411
18382494
48831996
54343439
62546337
61594902
14602339
31288038
75681684
40633449
73488559
43897707
13982800
42123757
29358987
28883114
19000140
54321586
13876000
58520887
13494257
15439973
12326117
12574931
48075206
65861640
55197048
60201787
18504033
60026885
52307491
66865119
30820092
47741660
64552641
50175079
25902024
42645089
15957035
47286039
25620378
10772263
58902371
12972925
66288409
60563955
50600045
14599718
66261911
70285705
53520579
31155621
78913426
10850219
23060656
72820380
59915580
23225785
61007699
59544781
46954368
13766410
41842018
64937365
19642641
72274595
64886428
23624652
44066526
22952202
58377013
76182978
63139481
17585465
37819946
13741130
66213314
48366621
57188326
34508203
73798049
58251853
48915974
58282383
48485679
23086375
29613427
13337347
43178816
45138811
28733225
58365898
41638947
67443314
25375317
15942042
73464781
36437429
74103441
21067131
34241939
25081809
41189361
64431217
77774491
57293273
54508510
16830474
71705440
43038793
44744320
54988500
39271219
71485173
51965042
65162236
16500099
73692930
39304226
76232388
37102764
75406512
48600214
29419311
57189353
14013789
70233919
64237961
59646106
63158603
66282016
57818118
57672487
33255013
35311905
31736447
72398907
63030266
77020853
43845119
76705803
26600483
70248831
60193919
26165071
43359966
79026022
76588423
63680884
36022503
23463323
12437786
61263544
49791135
78000261
60216805
68117929
58153316
49005768
45725190
66602673
22152244
28741673
10937461
22852469
50449019
62739695
56151650
39656273
68953837
14217897
73717397
44905708
73285935
76507820
67853411
36702528
31394609
20869638
19701916
63232032
34083417
50331610
76472071
48889453
62684287
12887736
50849557
48005502
52249379
48529995
73228026
69006749
76715297
24964099
77816813
59264759
36822525
11759392
62315460
46523522
65120981
71384052
71117798
26101039
20135525
48504184
46149718
25511837
70971829
65779377
49187039
67827062
28328470
51401738
16570948
34122759
20535391
56749474
55191705
51176426
69327817
33213205
37069551
68473564
44314910
50157638
26707943
31567868
40791297
55182183
71697454
34823987
47730454
27884702
16712048
42288311
42916768
70281145
45722319
48096364
11389794
54086306
79784458
38650383
75449196
28221325
31658559
58498840
56919948
67513285
56068594
64268736
45811893
59879605
43096030
27962332
11073922
49727216
41703796
48169220
33144647
69325452
16981553
55137259
34271920
36392490
28761516
65356344
72471679
77086811
71033073
56001764
35703838
11378962
41004874
13720735
36694817
62561519
24824394
57899690
34215090
54054296
28788572
71391563
38033142
30936423
41717671
14589861
51086987
66115545
61726454
54350877
29736643
14888196
59934454
77250234
49326778
16047727
71855285
79134238
60109345
74829115
57882010
78427399
40682220
39295872
30686758
30720982
50286322
64569437
69549021
28227891
27755647
32647609
16234013
53520074
79287988
28615987
19310650
63831406
78035419
71841334
19221923
79596645
61385078
40012721
34325781
19896631
27182458
66420265
24756039
66494326
40396357
67761116
49106295
11303000
62159515
14154056
79048196
12549438
31085334
46847722
46786548
10343573
54970707
43092109
50639146
30108110
44798895
49321497
35396790
33622432
49988890
53493555
55031471
72973076
64026314
19591827
15801514
69196666
41481987
61155135
38433431
10807558
41459597
35630051
69268434
34932902
22430744
63238790
29844275
26396797
68522367
57618386
59570897
10456178
51385036
66849573
59831171
35419401
42566127
32889178
14503124
60270825
42203255
39513266
63972616
18908474
25947881
51768741
60253746
34035254
55114092
72965665
66299790
73777736
29041522
54560114
17848576
55900280
39754068
64326849
30075474
45081986
10846252
25995448
48014220
66520686
35871900
36493908
39944062
15577638
32805735
24144447
19446599
50814638
40640030
11392096
19104813
60451604
61674111
66149570
46977182
39615437
70990051
67704542
32876627
71811135
18676851
36585020
27072712
43585640
71863609
54250050
49191666
11963116
73152099
15013506
74960102
48564857
16536919
56727129
32238770
51462887
54223456
18163446
33188643
54748935
10324774
15593942
56288535
48165468
18073829
79280603
22121190
22259858
53284636
21064347
36194673
49713012
20484487
75128950
55254907
70646412
26503624
62993256
23756446
28663996
63553755
31629593
45710822
77649659
18756606
10445784
45112519
18890094
50888158
19569466
18925418
32336535
76744158
32658646
25306596
17002204
23280668
26029057
35705289
41661246
42026940
67091968
62645094
71457121
49514170
69252972
17913213
43159045
36330524
63274023
52574639
27906378
35213368
13335343
22667888
71377727
46651098
51079589
65631010
45536861
71682526
73409868
44834004
60773758
60477527
50181099
56614239
53362671
50967247
14238882
57479412
76817959
76742908
29524311
43778232
19490180
68593538
20633796
66611121
14484494
42702510
59557479
73541922
45289177
34946348
38076455
51076305
18891060
78659730
53358817
31444835
69161703
14022377
20871895
22960620
35309333
26939717
14833812
17923638
59771956
46308240
74637406
64360156
13132296
39659651
17202480
56562880
16640987
78348944
18245008
61256541
63201988
44792240
62370118
74240920
30315268
77562509
11039084
46429178
15656626
51345510
10004680
74391134
67766441
42789936
49996074
61561439
28169475
27897178
27875715
41498854
79644201
78570926
58689323
36239172
18009920
65188085
14136464
71260917
55163080
33949478
71874200
34435430
50058331
10329201
66322365
70237703
22912882
24812958
39924988
56638387
51580112
45177663
72076094
42136153
24752710
10067954
18087592
54057919
28125630
47280916
31391015
41658474
17989979
60180243
11021967
54242014
43654141
34704202
67086166
11988972
53274490
68272271
67768971
71552519
27678939
24983721
52000776
57309711
16104100
32564525
58795826
73578175
73621163
24006210
28017385
24762584
47710983
77749268
71572026
22875846
41817414
55082653
19250901
10830102
13304414
23448341
31012412
14808703
55692278
60301603
27341683
44637935
44906777
24694298
70697497
28200472
17025907
67449447
65133067
65063686
49025593
34637604
50575872
26580315
24375140
20607173
61305986
31559092
32991173
44806414
11007360
34971058
20503317
11545261
38855663
11214823
32324275
59418359
40638346
37002408
33521913
65735809
45542234
28949055
64888959
56100092
76924384
58444052
11623370
32704275
77000073
79022525
51462094
32589120
57323007
27473513
64698464
34979261
18035465
53678832
72901602
49955125
31057980
29524368
76930166
46989579
79713729
17416438
61223881
37735504
71370068
25007236
24473672
59444152
56497151
58966712
11401389
39121432
40040582
30466225
22406746
58390727
34538389
12374478
76199520
52871207
27249266
14105540
64006165
31347432
28973219
70578246
65691708
64084671
66210998
19841514
33261913
74673556
17401336
15762317
35504085
29175226
79558971
52207738
16473290
29296007
46065241
50787327
20739347
16933114
14107245
14633484
28130599
76194793
64768996
79772770
28367527
39220184
22684295
72219885
31604770
77003586
58859107
74956914
74548463
57771019
25762114
30384982
37456221
64691255
58808367
78555632
47556841
43880361
62415156
44706469
64692393
14121628
16091783
15395720
52509547
78647722
13357778
37690515
13409995
43733338
48699268
38015312
66635686
76128297
46067191
16257282
70772587
23479511
25347201
26838558
33361870
54585247
45912743
31077238
50103932
42103863
78397713
32851319
66408429
66813924
51005689
77015591
28145219
50194401
23431448
60757555
57967154
27330727
33236391
28633320
40298590
34603387
72290371
21762583
77791976
56946947
60020794
39147995
10257498
74165724
58945599
21518611
72510093
37043828
50958609
76558366
34040218
34723447
31837646
71615439
73976553
44731000
10064759
30388727
78633787
45440615
55163730
22796518
72741271
49244440
73492881
19160274
56052286
46128839
30025676
26244455
65628739
61958726
31715441
13872020
29681419
25387581
10339021
62783220
32550894
35860456
49576031
58354060
19315570
59471055
59500434
76694483
46419100
29359559
46591430
64585741
71117013
37607466
42526722
19198231
63724314
31519918
75139584
32034521
21688242
54449532
11667473
42149843
36858014
31324895
18242062
78553926
17139972
64565378
58288039
45210851
45909781
55735662
41248047
32085188
50370093
46246880
24742279
44282189
75270652
49579131
48373738
37234994
36990913
54720432
21930549
18465740
13035513
71196431
63903761
37533383
53357614
58614224
54615521
45006079
51866733
28020356
54414243
31427722
37241302
72902837
53739264
28012752
28233369
67832411
31020861
25398324
64847222
22451959
51852854
27895518
37488437
50390505
21586827
79962641
28792915
64299261
15075470
54655047
64571776
69576572
23579177
59614492
33694413
23140863
11765805
45867481
47628924
50209271
53191341
67082463
68546551
12746857
31744656
66882362
56973282
64673613
49689277
70930016
69282755
68785850
49149020
10145068
61341866
61043285
51612570
47418294
35306457
49427937
77384738
40161339
60076540
30608889
34384007
52742682
43170995
13571792
35901082
49088437
46307722
75051371
67120165
54755475
12378170
61815644
62442236
52523833
79737157
12887951
39076059
66755427
58483571
39677493
74882920
28653451
45049090
38325927
47155966
78804227
64291311
43110666
78335052
27709584
39394268
53572952
48755093
27176508
58856258
15981270
28745502
58093617
51071857
14919705
35944955
21996801
42724458
32965368
37921116
17529410
49007319
37246551
69357213
55914109
16617815
43277713
28272936
47610968
18777978
73604427
28028251
15586535
25057481
64101690
26990375
60577679
53370972
60751620
17285393
27624940
13029346
43747380
34957516
54471662
30065491
58133736
78487112
68030604
41349788
77485226
70813842
55919341
64118213
60307849
12100269
67392718
28068568
63752504
42573083
52218892
16252831
16193404
79059975
60033711
59709148
50883885
66922765
71862526
62106527
63862840
72303526
29486646
20136233
21158321
78171789
62626209
73613592
52296315
28804579
30976311
12819753
32719527
17839801
41488196
31458113
19607830
18694104
58644131
52517095
73233035
73214378
31533538
66546911
67350288
46741582
36881163
19733786
75021761
17852690
22038580
69982447
54437606
33907412
19498281
53454405
40871563
13750055
64313871
51932763
18432148
30586455
65989560
79288411
39884231
67214283
34815945
43210126
16635604
58543143
30649986
30471989
24007949
13594794
51395350
36618699
64265133
56718288
43930275
46308087
22888804
54009383
58003529
44683606
21034996
48156515
40637784
78867108
42257505
28034719
68499890
19995387
22373949
40384241
43860744
36946585
56442294
27697118
15449696
40438146
72439093
71459946
24368096
27535544
45088452
51099647
18103803
78270235
28490320
72701405
76597717
22676231
10682789
57385028
73673844
66420927
56484200
15394926
55307797
60272005
24202563
74418955
37765526
22431479
60476269
38340292
29641574
31319610
34105572
75050159
28518212
31959629
63528626
14253719
31378268
26941747
12583662
48107953
27548293
20881328
24964521
56101337
66473635
46432841
62302049
36921527
43083093
44001525
28938919
63233115
68230581
55731156
62492482
31339821
11070665
64514187
23355420
22856014
54801011
45850031
14208054
73709982
46840919
13741716
43934344
28246000
43142913
55216583
67707831
58648963
51866957
72180965
26549500
39065973
44714912
24658134
72405786
54947800
16159166
21152430
20235566
20205363
34088342
31112774
36556334
78167254
78974437
44653091
46169274
72525139
73905530
38106025
16314831
38418384
43690776
27392715
47546026
63711552
44666137
75700232
12532287
48282885
50728231
16118324
25228491
78420732
16856753
42755486
41195180
70183807
35446805
55283088
46530063
74766230
48825570
37715317
66129402
43296441
52545515
65346665
55886537
47883962
79552593
61805506
56110269
18840495
26958013
40519328
50254037
65428666
51449910
54356297
47171460
68496353
69678938
20871298
45369800
54166587
35693590
46217647
64048241
71357665
76176720
34929835
55851429
10615294
17644517
73286017
27348763
22463546
17314196
30660413
12441151
28432000
32203617
59832016
42362278
72570184
26393073
13547033
51429541
35845581
48131181
15501804
35226094
16396435
75440623
44132357
25020313
20828840
75802916
28689509
19592011
74848901
33683675
21865497
48822202
19042850
29654587
19937661
79111300
76337238
64263380
30939958
40356548
59235685
69070891
70377936
40111254
22248229
31380441
42433832
22347435
13113938
10366054
61928671
54698959
27558732
54854262
61155016
15126501
62004627
78073075
78083986
38331932
77184698
10776776
10979622
51270528
47604678
74932716
40768458
56419906
15535715
32356440
49542738
38619415
61468353
23421588
25949081
14804701
37634155
42835794
30631529
60517813
79364872
45278437
76358692
62471082
18221233
70501134
79270513
44069060
20830115
12327706
40575529
72582631
23003057
26459219
31962737
39287172
27934383
14293892
61551747
64481360
19729431
34003423
11660617
33414668
39739171
79034375
15119655
67478571
62292019
70563364
61233581
54802411
10964526
62084258
34209745
14585508
31321174
56947518
58050480
22372145
30378341
75203846
10872296
41528799
20835145
70381121
78833532
31302581
41399389
73317584
69095051
62438399
18518628
78742399
68934368
35589032
29991126
56437288
57527300
61128593
79312446
57371872
70894886
27885283
20663051
36781567
55264124
22460094
38727831
13948478
36686360
39249945
79429969
12878754
62332231
79588423
67276460
51722938
66681070
78418164
21261027
30975054
26843257
67116654
38436115
25275384
47386476
19213823
57205498
21286274
62551693
17904570
17128468
36239136
49523655
72283427
63556586
38936938
22948913
31638963
63015609
43090333
54519961
64763583
48116199
51702653
22833088
30717644
10533564
59792535
71540768
38751617
34342816
74428975
11166226
65213800
62355980
73805132
51518525
67288576
28662448
45636732
41212188
39091464
73678436
38122252
55477428
37891279
53290090
43604439
17393032
42029298
33681724
34613233
14391051
27437830
75330616
72368425
58346811
42961202
76800844
67382136
58118659
11413071
59285680
38741452
20260269
26072010
29615937
44031441
38540399
34060827
51863882
15538062
21387723
51063556
22447828
79184904
14147189
66833450
76205054
26807572
49928779
17730162
16402604
24622843
12916115
70072544
16274179
50058351
56650725
59980241
64233792
12449510
69540105
67627664
71860806
62349290
21591849
33619039
78579312
60071986
15317135
41167795
27505177
43764927
54523819
10172519
27200949
41994670
44617028
30846037
17937197
47423476
76484527
50017638
61085888
16213843
73996378
29877388
59166095
36902432
71566226
60102969
25901704
73992306
12186987
33678164
52335276
58224163
27789276
37484754
78918639
60252548
11304720
25486412
77509055
15913610
19552183
37033831
42517475
59859182
61389367
23062241
52263362
49888210
13247114
46459217
69664988
28018295
65265621
18116218
34752859
38270015
70266930
53122045
38539969
21022211
47448157
53618592
39297412
10206877
72930283
69767714
28868987
68181561
41240708
64841107
30759827
52769016
67081960
19669402
25399705
20800756
32346098
70692304
22310288
16150455
29624607
25784500
30089142
21088840
15020127
24539114
79628407
22005207
36017532
34751236
61815360
46403662
17143794
47365870
39479658
24757403
28356577
41928182
32774281
44418226
19626436
23834063
63213790
76043810
48691968
62059649
31983233
14352459
18914061
69508614
66157899
77604873
69668320
63005445
26771626
69845688
40384441
60339837
41275593
65608433
68911550
29844862
75371168
38023128
52419509
65071019
52124482
39581903
36620290
28777759
36739045
70777930
23105952
41165936
59562671
17805628
50558277
55727639
19335391
26291793
41576242
21547779
19730011
39071327
42818872
40674881
16772377
21091286
79320700
17128012
37370462
53131503
74062045
33688312
34942986
25673308
51100128
33914836
72897601
75252399
75297229
66667471
43372896
55980409
78089888
23685055
54167098
27338576
67799080
43148804
75415986
78014983
20875415
36522934
30579949
50310768
55239516
78844589
65192249
26709805
21623657
37287941
21871679
16228609
41776165
61346570
48957510
20535691
55521154
21789206
15521398
56338705
13931200
34306856
28918754
77581731
52498056
71052022
22584011
34976553
71179552
26620462
76158011
68973771
28415468
75938049
47879096
39073612
52672661
61491964
67571411
77029823
78269011
74936974
48709857
62891236
45392895
38315528
56169450
50309287
75269033
62891946
66306996
39559543
51843017
12891651
60826538
60008455
51421694
23215363
37812148
67919965
52307571
64697545
68328692
21524566
42468049
70323500
69741256
77676831
50495910
36411116
49266449
19722510
31009542
36412087
27634853
52248760
79166176
16917584
32323590
20982953
63105844
44009709
60872034
42972464
38326229
73061101
49197973
24976112
44813351
47010197
32888129
47718046
27806946
60043165
55044786
36557966
18548495
61409569
24489708
36999163
58334285
64309360
66361632
59530514
77046459
78500123
19852225
33211141
59940941
26053535
77419299
75287491
71196507
66576378
38249318
42820420
69391399
33396298
39098911
12650067
61770573
78002920
55350444
66034871
65999234
30696363
10458012
62723126
65207745
60183700
30280825
23808293
50070181
71256015
61588055
48775061
33614976
66706748
56436141
56677382
51272120
78171484
19828376
73932463
64210199
15686475
56355772
29020948
68213668
41942882
32451523
14536742
47711881
78202367
62158884
47375521
34902810
33189527
62093607
34224387
12387232
73615658
61320003
22350608
21505972
78965840
76849863
26860639
22707558
14509935
65649214
48682051
15820698
23886832
59602441
20452902
78313612
44413792
57249111
24426386
27263279
33426339
22219231
78761346
15072665
20527035
28290288
17868621
32350241
11938238
21973802
20158254
16293897
67008212
59943403
63889324
25309211
55205527
75988084
30547395
24895684
43214014
42990140
78941933
65563716
62688839
60761916
66660823
35201111
29725250
25684575
74056046
77124904
20814888
62626612
62282125
53171456
26969945
48057599
40282367
42131574
66011705
45736081
49401239
58765853
69598075
28691566
23148182
16125028
69771279
34586548
46345492
54285379
30739335
79038819
28473789
64211122
39035064
65446376
66894828
58759894
10437049
12436196
33448742
26922608
74603809
72906922
44376344
14042098
68332738
59904054
28313819
70354429
16461584
76390370
70823974
48105926
10653860
65866788
47807582
18673394
38526011
25071612
15527132
48924422
48686809
74432872
36858629
72758752
33234028
58064886
53759612
19259643
47498299
44854650
79609570
59982209
54501672
60432724
54574090
58461887
70724567
45293903
46160516
52065833
35307090
31943494
46510778
57027240
65811444
64898975
75643686
44175510
38277572
63197860
14810043
49021794
30027553
28196279
49863486
46553464
17233097
62480182
55666525
52522903
72858910
70112479
78698192
36472623
42919511
50554156
47850140
52570060
30567096
53350937
79322040
32673288
51964776
79155459
37092693
33192222
19505891
79464310
22989817
54843624
17011409
58956555
36519181
61882691
46027422
27290246
68440534
57447794
17667649
64524308
35698827
16834688
77027077
59756411
21046863
21436544
29602336
19435902
11697884
68143100
43478911
23881307
47065962
35401734
57874195
15152960
46009166
22476602
27617179
16088527
64717573
27850849
43818692
62396693
19376004
65319503
77331358
30303743
79769985
59776371
26278383
79849019
30845433
34777217
40121059
15687200
73775876
74328702
55638292
33372927
43524065
48923071
71184703
24146166
50307571
26366368
62182392
22120943
63245635
19881959
78693333
23744384
40275101
57235828
12018695
12470408
67045043
11694789
35891202
73551934
56223983
62920861
63587278
31520400
14412479
15951879
58881165
41530315
46156642
27240631
67824691
10760428
75793519
60627120
25490072
33050299
13884704
36092789
14829015
74629048
43405030
58456172
19415929
54401163
52268978
61722019
50284083
10437597
11986524
17495101
46474376
47480079
25243605
69381513
24296310
26516433
51946617
27736682
75285679
77237031
47279813
24744097
13301452
44224180
19627370
49537220
46878070
64454229
63968085
74654117
12939594
69773501
52413445
36004666
57736240
15549783
13613225
47264646
65241944
46005699
54126560
10192919
47624723
53362548
61306576
34247909
32009887
51057158
19308559
58217312
57042965
20432826
72345353
37311938
35371224
42297754
64324124
78317732
24483371
63314350
68595571
38444207
14326134
28129776
30102796
54956211
38874903
32625543
66203012
78116433
73168026
25105645
33790615
60893708
51905203
42594419
60481698
23504096
57554194
68549265
20251655
50165695
36745312
49487396
21627213
36225761
50573997
47236617
75983878
61128094
21739574
71895805
34892100
50363621
31981057
43096091
79943459
23963728
69487165
68107303
75529553
71506163
45519086
38901436
33330344
14151813
13594719
74770715
62879352
38988080
77547103
68972741
53110719
61925909
22118533
73217468
59418265
11661552
48443916
26682920
14338683
27554282
34919421
55069232
64580119
28765474
72978009
39621008
53308474
56281214
50813248
63083329
35298749
74400847
30429697
64451286
64099422
74504940
17000393
36597539
30449478
16994275
24515918
69802934
67336252
49618838
42908538
56626470
77474892
50286769
31430205
30623366
68502494
53475157
25632445
71624800
44313983
51444796
47251838
64639216
54537228
79803684
11864827
56106175
63948244
79860350
75352497
62109857
79298475
65288879
57800592
59905329
45386938
49315822
37116875
20470200
29247363
31367897
40964578
53033585
18265877
15108278
15616217
65553855
66226879
78325482
23839006
55430869
57612164
26114637
50000075
22752245
58349929
12347620
47485515
17768176
27891820
68314754
51131117
57948898
54943027
26409092
52477016
43588979
31952328
68781508
76149647
68382407
24144926
63418803
71872050
55564800
40746796
35204633
58030028
72695084
45516415
37989422
78545695
43406665
65541923
78131762
61600635
44414275
54731262
27705497
43174698
68839982
17058031
38798058
53558563
50341723
75746364
55372914
69411730
52704209
52702186
46219417
66555853
60232997
35927973
79738843
25794551
29691484
56486061
42332107
36267932
45259402
57990731
78117344
24852339
73965517
72156039
26737886
43341998
42892614
58328110
14116503
49251070
63213746
23121753
18438328
18007979
56163849
20683602
39167692
11434178
11618584
26454074
33307806
50068909
64718320
11214456
60077264
34610554
79176576
39040321
78869424
73587387
68748913
20130268
34677066
44418681
57081025
16715460
46918469
60240514
12756807
14183321
72562982
33027189
11890753
71038094
32309235
57938891
25988014
19249670
36588090
24497783
47132384
49128544
45706209
64152547
22778122
67252607
15634296
48016745
47116457
19031379
22278309
46787321
39661063
67008832
34196108
19462574
40287162
45383340
77115324
11967671
41683740
57805079
14726472
67204574
69062511
77301074
60415716
55219705
55139022
10088098
22504890
64264598
32853780
69227004
56427156
61060550
58620538
18334484
58825143
58465655
13179427
52140538
69909184
11693850
66829855
54223563
45438719
13560835
63947339
10990773
49004291
64680261
10191417
45076799
75675663
