53850295
57698399
34404289
41596460
11064436
28164453
71920861
49583528
79078504
16197785
39500061
64251945
51014045
69309641
21294392
70798182
41197509
68329644
28042881
48786886
50229070
26092727
14906518
37960085
52092771
17952007
78267160
24381697
57422089
61087102
31077210
59424079
75934400
79784424
73458102
38379961
11594615
70336758
53286853
33709783
16341145
24249785
29404585
27183408
25040313
62914720
16665790
51799660
36394568
72655078
27807297
73867268
71654426
25668704
75453367
32366169
12175471
47212739
19018713
33441288
28981631
67295022
35938050
45551135
18983821
68287471
27811733
69801145
25824407
46301107
41003204
25192412
60502270
39662377
16947229
35356269
37354415
62653443
25880816
44544268
19767991
75819724
68907493
37990227
58295105
10725378
66332433
20719610
37947894
56327432
49490591
75885745
76327383
63975696
19651564
50184267
44582566
29783406
37214151
53849248
46087648
60085740
25447622
75801039
56077794
16037825
26929334
64038392
20977086
67496653
13415577
28749254
71125170
71373288
78827388
44923023
41927016
21345833
67588050
71905687
69559743
59954691
69038602
53575361
48124729
39096050
10211469
72750966
68171265
71565749
22224882
42189306
42825028
20269018
32371296
74976656
62594450
36416432
78643655
56997110
76092218
11649296
45441330
37205386
23022002
57568875
43804333
66285191
45431618
42010269
42796174
23368601
55221699
39245116
57979811
39142630
10257509
22859722
28566353
43501344
47569537
68636694
34176946
44048776
33324873
64624248
22660097
50497848
13215954
22308771
34121232
39528721
79356508
64836325
40116286
48219829
61621612
72746163
31283048
58262359
48034970
77929941
26663645
67446837
36529916
19186429
23804322
24320562
27741440
21144870
74280239
72585360
33112336
10379588
63776175
59213038
27164621
78256116
73819194
13204503
35537754
16461998
33086928
69265975
35945102
56894587
75709227
23417127
62563531
60699061
65855172
63180806
68069138
32988765
75070981
27722289
38012559
15263375
59872667
40287549
63343890
14655794
45651528
39036273
21984560
56799361
29803939
78918126
21934104
45943774
34471591
20853609
10447827
12265016
34313794
41137282
74455428
67316111
28786121
32017327
52191065
12909062
25123172
20872890
40689580
63535754
12245648
47752313
32697530
36581049
57315890
44413676
74653659
22050508
64043878
39870715
43047845
74889512
27450053
44656249
71755658
22572949
30884945
43758637
32110104
14227088
28529651
75800212
19891984
24743448
78465765
32468780
14802613
41225238
42728504
72607214
36325110
71884971
69603060
50742474
17299380
71501795
64445526
76234812
61049815
40183599
11197242
77667746
72857061
44554947
34032605
48166661
26174140
57628151
26764129
63075565
45595547
53722872
47280712
55393432
45286871
51534877
56655170
22389700
10028702
23519961
29213757
17077494
21698212
33846864
66599734
34499043
69200847
23030341
33776526
72578554
26309565
55855982
44725764
47459829
16504492
53932634
44893620
38489058
14745489
63481249
20254729
28356541
67461406
12851734
38884940
74363622
12997357
66610027
69871539
28326857
47680129
15245965
18861907
14215976
27677089
62841270
25283276
29769448
79315392
27133953
47383754
66978201
23750878
15893828
63448114
70203380
37957915
13374168
51535621
76942060
64847999
64548471
25905861
44101503
44122107
54000990
20699302
43410972
54643316
15890886
40707150
78488068
72390164
20181082
66861573
78264123
34948472
34227661
26847661
38706644
21884248
27615929
33234991
41464343
37104386
29696637
26266204
62512001
39265115
33949012
21594493
71561022
39402394
78586697
73106707
19105637
35958558
72440386
33413852
56439518
21979363
19028006
59583386
74529434
39614159
35915229
40765270
66023965
57749719
73244627
50053251
65757468
18778251
76986397
71290588
64138624
69217083
61488291
59358065
46382816
20812085
64628313
50332506
32973787
30393761
71982803
34441915
68625429
25319200
40114675
69239153
17000478
15924310
31834996
75250740
52825098
19994174
64863941
30756275
13066359
78024931
25045110
48853863
66155906
48036688
75018001
25970466
13245752
69813453
46741535
22667105
71111669
36871436
25347975
79176932
12364504
67223480
23717667
22410769
73791639
75397912
10547485
75142530
52490044
77178064
15079401
54259808
22159374
32035109
36133998
40162852
77655444
31405712
67869034
55996784
10506852
74425868
49088347
42696780
31112930
17750778
47604642
69565004
25271849
49009934
21636043
45367480
78068517
62266245
20403976
37797162
77705849
65569211
53289156
50918754
10975827
57969311
37631026
40248723
76206528
69934118
43744915
20807789
65180997
52887050
49302363
45792058
42578516
51133630
58991240
25794942
32841693
68640864
51573886
28380261
44290953
48747159
44182424
32444801
36417754
22069838
53015323
53225509
51193346
65386857
57428192
13263250
53876646
77484046
57426494
41127796
67846176
77640286
23554945
28746928
16052186
13917877
37356053
79955733
62933437
49955078
31630888
11112751
36664232
11276000
35448728
60995026
16861083
46657759
45194449
26940878
67940361
40996555
25267406
21247833
74344187
38475040
55544083
74281469
27941250
54260127
70947916
35408517
79685906
73395931
65689181
32793883
65992153
26049309
13088694
23985226
62623574
47723608
53716823
32033714
11422683
21194745
52197591
64218079
69200182
30609598
65749341
41847451
36085122
61090811
78794105
31707531
59237769
44608186
53822620
54859338
75883719
67088320
74088381
32103423
32375561
10390763
12994854
26567812
10704040
65102957
54181631
78782080
77738883
30971872
52870913
48292940
50617912
47181797
59895899
78068670
70691958
73085419
67863345
76324771
21584477
23041126
29830560
33855103
24958215
40863250
17718230
69206815
27223635
12612049
44695536
78328013
17458407
24220088
70766304
78778696
24584836
29831842
10541071
13041845
42310538
11520960
65610297
54498710
62871685
24707090
54095482
18066403
21514638
30510722
17835815
29958063
68459841
62024775
63393642
18672474
18291901
51684710
64133820
72703519
30779920
44638505
49845693
21730702
36123552
23705181
74131810
42307978
74200745
11308541
42551717
26688887
10627727
12489146
70730301
24724237
42106982
70104176
50257989
52033180
22594068
48213765
68235661
56205846
48649439
69474792
63793449
20280274
18423296
25206500
24914850
49347975
54066702
30823258
73080925
78717904
71263641
77389532
50264670
28217197
31055125
19653570
34035245
48437456
77135727
22283605
63803061
74073974
61048940
49063522
18948318
47866222
55529565
55238379
39496514
68130263
29203354
27696766
14919731
26361879
60508386
24219209
33196637
49992073
19861800
40554636
21609657
34920578
13158508
30523102
77108072
77678600
22831695
67825855
22700505
30160212
49013492
19668758
19933198
56967975
58430183
22843655
46771438
26419339
50553825
52495348
56065518
50534745
41733771
33863205
70706491
54077947
45340273
66285374
34398837
62427267
69108816
15033367
65151516
48039930
45976296
64396889
36409004
37729318
54470795
74150340
77143201
39249751
28323015
25768153
51705205
47223204
23038399
30182340
12194042
33924446
63286904
37781681
41102505
74443410
10354277
75661005
22271108
75761239
48046818
27228334
41433771
78042176
48024181
44783707
47734285
30302245
60891866
45667336
52980953
77027425
37253285
52996334
38887824
75339853
25642994
51707365
31604240
17485290
57432033
24804779
10898700
29024572
19416489
51307386
53683355
72723639
47205670
61158138
71038176
71965965
34100385
61003805
74445241
18739490
47977691
37129309
33316031
69829852
28268404
29720767
75428854
29208247
24055087
30928091
72394861
74856338
25921810
78784506
77175169
11044255
19226078
47318038
16425710
10479761
60792827
47392460
41796736
43058190
50230804
17062817
59615784
29241672
22934111
15599503
13641827
56095309
38115889
25816895
67340534
53862626
52688907
75403897
58071318
69243008
57031994
72709210
26212537
40548927
50999082
41724634
10343824
20431229
66383830
27972682
46263395
26636727
73158787
24927049
20655086
56619373
34487526
31488550
11112375
76350175
27635970
28075101
34225784
31956629
71443434
53205387
28022401
26580604
59152516
24714322
17243448
46050591
51087873
76825937
29465835
61489634
24275834
65852034
11168496
48990962
63834399
17502570
17295796
52099139
58992279
15786795
15037000
78554232
39698713
17201820
79277680
25273937
20688706
28078908
20415330
34857144
72423862
12099206
62287591
52303873
52679103
12698130
72464652
65853638
56881790
45434168
54759758
34447082
66907630
16568943
67940155
55261595
55470733
13650143
46678857
63971381
22665781
25265501
65737918
49154140
27926924
18971842
57637499
79106382
33666912
18695162
10156690
30773100
69593954
27199019
17028057
75565711
31095584
77730987
32291795
56544989
25121116
71374268
15142002
75002909
74659916
37119619
37476669
79916013
42693138
36043704
31280178
41040295
54736254
42805567
68611108
25959993
36543577
76584726
26946828
51430836
10849413
14183029
71487976
44364336
56433784
52001802
16877701
18665593
58795948
50321961
46331870
10067903
41739990
69853826
44848847
40497749
14026796
51061911
60308554
56407503
13468300
28548967
55943535
14290419
60680383
59365799
49402546
25396248
41320177
51433598
32358937
76958462
46258170
22084279
27364521
62734794
56371429
11174868
41006990
52792086
31848565
29080776
27232454
79777323
79793850
56943355
61745363
74773180
15134447
51354138
53978143
54650836
19398904
43042942
72135833
35993240
49027227
44494945
68197283
31158891
69291832
70516381
32039803
36034677
69823699
73627403
45873508
60003870
66340606
31707880
36825620
61625328
66626619
77779916
53485030
43879618
40341472
32955549
34635727
26476386
74964107
48666292
45610145
14898417
39334493
30885944
21054865
72065690
13240025
21069137
26515860
28713309
39720509
45172149
58564409
37158457
55468273
73064085
68899181
75747939
57850941
53763539
59314814
35520933
65510969
78050318
32491617
20264032
12459341
15221974
67268996
53527109
18319035
29851579
12724711
65612758
13271979
29605015
52372457
77025205
28632926
28499449
70155283
69796402
54322444
39471191
40261413
10236930
55358963
25141925
51894279
67439910
69765783
72746857
48053928
13892434
42140374
40967155
15925575
54083109
70207616
57209475
33051333
77616096
63300158
18111974
52529626
60654681
57120886
33624091
65384347
45117716
37294555
44226369
66801412
33212141
36603015
77463205
46203259
16633603
33734733
28765002
72599916
56618714
66696790
48283548
76447675
74686521
51222525
56603217
56752035
43052500
74348956
27161617
51940152
51582900
78140514
52363716
41195747
79172505
45591770
69725406
78071694
77475776
40123116
49074687
32181566
19523399
22041438
43696216
35302510
17235592
79168457
71470534
20830508
53968922
16674547
54797380
64309453
43547012
75740880
71099045
33034293
27007130
39322317
17680146
28720915
50669427
69966314
30025213
49574838
51106902
21086654
12765963
11493896
37575516
39726350
47377192
24956570
12156087
52567494
12165051
31099701
56252418
73962557
70441493
36493228
62783667
40857853
30020821
20278111
60302297
21397570
71000791
35024571
48105676
69064403
67515624
32245259
47617609
23591881
65127906
31868178
61681195
11006099
74357616
34536585
51813963
12012598
23956056
30528812
18275320
53272945
21208382
50457492
61420606
66774787
27026537
20745180
46283626
42704331
62512390
62444029
21911013
38664046
47879844
38093692
66291025
71552344
79631763
54853364
20384444
70780405
60135298
39443696
10850063
73167043
46252913
23022839
12737860
41727392
30893566
22952737
14463904
45611340
50305942
76455724
23613174
22730383
58929069
53317233
55965231
58041488
11089237
27563454
41654527
78218097
20948620
78132307
68254416
28434317
54564525
21580252
45215786
43160303
13277827
52572683
65798295
23193473
32948446
57366108
19861886
49059704
50690431
72633633
51837199
56413626
27530978
17714662
29734444
59090980
21206597
70554884
64633454
18738279
16760374
37016020
43255665
38589358
45274373
48509704
42616526
63399313
68835438
43982773
28151698
56178854
54897455
13375092
25376837
17336495
48349476
23312892
23882017
28714243
63470901
12952213
77960552
60880580
42346859
23896135
41023457
51069566
36004830
28347684
11560498
68228420
78548252
60373415
39679610
46161210
63958064
43546997
74559493
21146940
23274417
22149402
34096828
23524293
70407759
73436236
52973138
20254053
61764004
23654665
31769993
34376094
64810054
28398270
33057972
26945847
22174064
69047783
54333738
66359998
23160088
43210786
50247891
76111516
30534311
44671181
56040605
22437729
27660312
23027653
13910549
38197440
25404943
59364368
20034650
28162363
22219014
23119566
37991926
52697608
55027845
58230199
45552148
29836584
20565625
61243433
31410863
63923738
36509868
72104840
65924780
17406434
79387029
46375747
60246180
12517422
72046573
75511062
52216360
39960062
13304472
35810149
65855073
53494684
53337134
16074771
78506050
41925153
48914162
35894379
77264096
63420448
36637666
17866438
74784690
22388232
45706970
11500548
37004570
68887238
58892567
37688083
38642874
48312159
47892676
54405919
48644161
25001779
28711159
45631341
78323660
47841294
19470302
57029700
79571855
69190942
35795571
22899647
26933956
11317899
72753635
64562705
66260996
54662989
56470260
78850018
31836706
12900952
46210126
63065716
38298571
57973425
76832933
21088583
65698757
11545067
69522278
56754023
56984191
55208365
27838820
79669408
42821391
31489856
77844956
54932783
72788426
70683137
21436966
39080542
51980610
33265488
60407175
69575516
25464181
55276890
67381292
64449865
54995451
36298036
54468387
75811382
47356148
39678120
65716782
73723944
36740244
59033994
15919425
75731799
77692090
43688472
28483189
21156940
30140749
38226421
35506096
55153558
55891716
65458320
22314481
41233103
25455871
65499489
72397043
16183885
14312094
32067764
35937952
42769474
39095153
28745221
18403017
50012075
33770758
45200053
10403454
46565037
41237878
21373401
39704210
54126851
36842148
35421303
40672789
25002016
43766600
48346463
46532760
48879273
74244045
17048258
41645499
66657077
72681672
38879407
48003587
70441383
19977247
24133402
55460258
76697971
70182010
52554725
50133907
61017226
46931833
21944327
20658883
74984663
25355884
60670087
79264166
16396336
54275059
75365648
71981598
44008634
44817779
31208931
19498552
44677574
21013161
41633304
42910019
39900056
39055695
60837392
77069526
64805510
70081007
34217555
53248795
42272282
60913434
75741120
69529976
14212738
59472022
55354706
65019280
78122515
27382227
70182545
58009040
51514271
36256508
60979252
36439685
52171689
18175432
51031548
68016384
72449421
44166471
16202594
56381447
48532209
70694696
40942888
12744189
49697547
53942942
22287090
57766140
66581423
25496079
51396826
47334935
54113362
59723773
13967784
55288956
25295556
30521468
13217494
75764513
20187401
40413275
10280110
68572600
70143375
36338967
51407766
30386173
39519216
33903254
13403540
76674340
76427091
34347774
23887997
32399025
71098041
25566865
50514647
61008568
20217403
53167144
58795369
78641528
38988684
31939055
77656570
10036448
43470894
43711263
75639605
52156815
49786474
57995208
69127595
22106514
36250633
26511308
68955650
58023569
26323518
35350893
48045792
31699450
41419088
73309604
23821064
67178523
64864473
38675884
36488317
54781479
60814936
79098191
16960063
24019346
27448165
28986964
41146968
49584074
23842855
78821175
20338149
47492088
15486310
55346749
61057544
14936641
31010911
57255402
25206661
30880403
43704662
31677011
11964746
57487520
34851703
42122975
21530489
49931749
22028781
32029000
78738678
61087739
32175693
38937346
44930473
68673279
71962384
74607333
38918890
54634729
67514880
11255788
21673865
63213129
30007868
64604996
56778671
47020644
14885672
67029191
71946838
24612418
23383267
46388064
73276674
26729768
50957647
27488941
79603079
24021636
51228697
71159730
13411689
10433674
41363610
64670165
11051942
43483269
41823521
57288436
56653547
23065185
10131883
52254820
79138615
41754612
78683629
50224476
13214286
66907520
11174660
15145506
10569640
56258074
76955876
71627827
33641705
45953936
25262445
70467674
48540377
49822216
65947101
61988078
66980161
48828920
79272024
78088224
58159339
22301661
65584976
19508080
60430743
53236862
76617791
68690058
48466167
23721430
32407182
42962626
64082825
39891826
27299647
78279944
63695354
10979602
35614991
39404149
77197110
34622410
50149665
45379847
68715206
66346831
68661003
19287622
45665202
68854601
68780191
54490801
66621628
68162257
20001663
59717712
68372066
67699764
49589079
29555137
16970594
65527451
57086924
39034366
34717191
38573380
59798504
51461846
51029133
74137382
17196869
48618742
43610568
65887019
31848060
55339966
15779737
60092058
45359530
35337568
77053606
54134589
57170489
42203718
53063972
55088829
53085191
50475921
69540119
25491989
58744577
10375091
25237692
12669291
45714207
41683728
67241744
32505232
54535325
69857028
71952047
59393863
38683297
74193859
78816197
13651648
79563894
78726083
24849104
76652976
19943367
45655211
23536546
17310247
45734603
27168746
75986182
34948681
54060282
40782137
49452521
64015693
42012234
72995101
22942881
40946335
23010509
67667549
22498840
65030842
22678906
29165772
76525558
39066434
76471669
21014884
25026180
64594775
10273958
36501245
44121732
58106925
36582014
48504379
48990291
60386573
20819278
74029063
65929129
38328743
72558961
60675961
27686414
14869592
17895162
17713570
51188476
64329517
11202702
40394739
58308637
62170837
73090660
28573907
19667671
13488730
39832082
79532553
58066957
63106326
37640042
35681969
61794295
12689416
25991449
15705475
42619387
27576897
43646428
42815775
62819352
56326411
56820327
31457718
56845996
30816223
34614841
68247689
42337030
63957174
44635608
14202598
55924269
34313544
60924150
40196767
72405016
76942504
15266046
77640564
14859558
67503048
66890536
12539879
15430785
53835767
56367463
23796161
32347635
25416580
15600400
36141947
35981256
48156979
30074906
21027900
75265694
70963720
42537912
42120095
43143332
76869356
22049250
10517909
40731073
57590985
72283652
20316856
47377289
37322364
26377356
48236904
32395395
51814544
28697181
61796585
28265593
21033720
20792347
20114760
42514011
40457927
39871177
64518645
21182589
56929114
52583001
22113981
52938111
14099705
40207186
26118400
33820094
64477039
11692338
63526236
38037793
75604633
60065250
23931220
38679401
63511226
64162685
66657646
69049061
55365324
71945032
25475843
70229878
68634057
77047990
20359649
76733199
15763034
26006651
34465687
67170661
52803935
18619203
27579155
60620577
31292421
47749569
70097591
39160141
66096922
73081454
73988212
27365975
18010549
19269733
64336022
17545178
61012205
39728796
50947345
46167531
11295883
77584041
54489855
22071567
34711962
16281551
18161099
63267094
29189985
13087835
75263258
19582293
56713062
55468102
56163349
25643368
23494236
70795403
16555447
69427071
42356203
61664076
58521360
76964941
71996209
34439040
75624780
28046065
62133860
31242722
56754764
46085317
12440141
70610617
38370792
22604984
70965420
41804191
71897285
18662372
14218556
29391028
77303129
63262795
37361064
67729913
73771290
53783502
68321417
62145523
55829700
70670738
43997182
75846973
16418910
46962852
36206015
21111759
35635096
76020340
76761062
53562649
78635340
71884588
40908834
66316847
78163629
79441076
78045717
15022045
50893109
25847483
11205399
65257683
50983884
43563208
71004918
68071090
39636674
70816589
10698115
65082703
73037221
42560660
60518117
67962227
67138086
47832125
49930367
18365223
41796960
34078689
53333074
69519169
15337178
22164240
20971545
10627112
49867050
40409618
65945583
17529266
16683984
22952114
38411633
31171505
28904987
44539898
24757622
34974002
59037157
25064062
44298946
10720755
55474368
48297100
56436054
62940507
79309572
41091834
79382498
70435393
20239881
54422459
21218263
57330773
65326925
55797470
75677620
65490831
33708968
54528351
75554061
10570673
75537294
50739605
30983043
65664706
26517843
38554955
58638080
16483521
37495704
39616032
12285542
68246233
34166486
15192655
48884690
37768049
52666960
28043186
25766312
66545190
79545936
78010236
15869007
25188946
35124460
58655470
26144348
58972356
14472737
66083099
75560980
51566445
22549505
51399827
60996789
54543727
15013084
79491209
42619267
49832763
73250683
64918351
12492357
56697593
50668649
37176513
62298243
57376875
49555808
59546575
71315389
75576917
77827800
31530530
38514425
59167812
18204800
41250829
12650747
38479635
58214834
32525752
16911754
47495669
60860425
39552204
74773573
17660700
61570894
51298171
16951644
71932237
65763686
18430122
49104676
46572913
28697811
13115315
53078188
69479763
11873203
58981075
50665747
71418176
57892645
15382614
46297283
45243867
19081725
74355209
26636468
63730676
16341952
18944401
15661539
67407342
14477008
61321505
20862464
68947001
49306319
45200814
66228939
48710900
43787127
21067629
68908964
36427465
37942308
70739825
55534220
46618608
48765376
60591893
79820865
20569965
20225825
11785443
29691498
24192095
52770899
22076276
68464359
54431783
18400843
21034787
46676696
79793378
49848181
18009728
55127718
57675075
29727064
37086878
51551536
18733536
60974101
10551128
15905658
77453631
49276010
10648800
32009677
41963710
28892652
19018372
42756966
77119748
65008463
51061837
70319813
41245547
14055908
48538290
42840902
55493492
68085024
15898007
50696431
30443946
41605616
62319549
51848001
40839623
33377479
44760476
27707245
31031951
62735141
35855750
50684517
62801443
22487675
41812453
59682107
43070205
31139959
28132080
73815086
60090199
23571105
60550876
75316716
50143865
59626446
50708125
14835646
24529031
61045676
22650406
12144942
27574161
30664910
48097057
49467478
48620787
78716318
27258833
79682714
71539656
74909743
47785621
12990119
49180914
74139303
37659537
34894609
69576985
46666856
42000674
15565420
39572968
21561958
10715268
65828928
14272615
57070507
52935193
41056815
29036677
73854265
79979850
66947533
44792511
54807159
13655716
45233690
55390267
20366790
10541713
53454182
24822565
78951724
70114266
23879772
47608982
45266198
10978079
57941667
49048416
39734042
31424018
19431956
49268482
75175480
33190057
67012151
54937411
65607702
70632910
33172448
35604074
63096261
63276447
30187627
15504612
73342613
45122363
77172044
54117174
35642016
19486061
13261723
45102657
35434972
17460695
25975905
43752032
41267594
50022204
36797434
55193832
11328250
22317656
39718658
11674387
44241162
68986981
22775346
33808299
76770198
57251573
14216159
44168448
62600522
24191739
58357534
38224690
22861018
20988661
12011051
21021496
52533825
11697973
61917383
70470308
41216067
26500746
57592342
39415071
22226463
74119248
33325729
46447682
15931977
63460795
56918657
45773137
39626774
22671597
42795567
65351020
70233924
23260302
70596218
41969557
21873209
78921856
16276690
37419601
10771929
19655747
51433955
24157414
35352285
58313494
12729151
33938364
53612006
12682674
33598032
46645563
66196622
23584077
23561293
12889442
33997293
16665190
35501468
68981137
21636588
51913101
68256922
55964250
67099803
71946975
19820541
49941650
51923581
12993230
27903388
17352943
15915191
33201687
54114419
32522441
61329005
65691342
16634105
65225959
58917287
74785114
42346288
33333145
61086622
64977082
47219278
68705987
21363036
24787591
66061005
17939973
28791519
53118054
15355876
78437816
39303643
70384749
46705482
69791612
74530671
57889257
69303158
71688320
15697961
65897642
68062799
19507943
52249322
60135485
40095298
30436237
30104347
42399324
56500848
42309665
13975701
17564684
77704716
39298968
11007003
62326693
47061143
75013800
79567973
29198640
69960539
62753716
26793084
67099845
77715365
42205836
50483274
11578837
33298070
78288708
77164222
64053719
77768844
47546613
68858704
36039446
19527174
51833609
60281861
54888894
20781852
48007348
71507404
56981539
20816319
49548150
60097887
44836355
22481664
61064391
61323648
66404216
10394883
69873470
46934769
62766784
45991072
10876357
58398592
15548013
72618822
63536835
67949925
13620448
11191992
39941575
14432968
10414296
27884958
70798851
52844977
73860353
64230012
22373147
69881465
71970086
23355670
24301073
50985773
41189724
26750262
17383769
52452032
71018277
18013190
61908726
48285098
22180891
74120259
26264815
49601538
28222192
78881429
72634624
24725063
25791340
67534998
29597709
54289004
43784963
33289861
40470524
23057480
66746501
30523751
45030576
62216778
16342862
13833251
38498525
69935857
62547849
69934094
24021072
76929856
40588243
36339144
48429038
23124999
31073681
73282393
14199894
44514731
60334710
24586807
57603800
34182589
60799977
12973894
37047095
54544928
49081409
75193469
43118561
15816090
42062212
73407393
33348031
43385960
69095456
49259735
75436412
46379394
19583669
12626398
26184829
11067398
31766913
29198220
38700537
63529906
56155285
75153902
35499071
50365914
28675158
51859401
44166774
60888731
69774642
59519731
36161983
27854620
74160969
13404686
29639346
20654148
34502005
48816282
21072366
13244637
55555219
74543281
12717664
52599471
46786240
65576356
54178292
74480109
73111329
77841871
77989387
21490985
70354471
18224308
68267187
30867107
60210161
60412856
15787708
19142198
57904970
76006190
34699920
46063227
30105059
53893036
17017274
48715305
29192433
51234404
48645009
35079935
50396736
39641119
71227903
40055456
53154810
69525828
30592889
27001181
57532917
36133922
21742366
58256253
47711474
43714569
48370801
75899689
26388187
68174540
59511059
61703532
34877783
47147890
34115311
20091431
52403555
32871028
33300003
79025323
45237076
39291138
78407507
43496268
22071734
19786632
40407183
56090877
12200143
29729202
15454436
32390673
60632912
28742360
65260163
32676336
78976023
79533543
61732448
10221025
78187620
57609292
22793025
14930624
39966809
38563691
13933537
23704866
35818513
51354643
32340052
65018815
21983831
37172882
77330729
77207769
36482707
20917507
49513152
44347934
31632558
32920422
19897944
16172345
18785546
29700515
56521727
61992837
20129854
78996159
70492332
39706308
46618574
12726675
59443224
49903701
38516454
11780452
30061080
28058623
78932958
70204207
64559386
12274333
70597638
58475712
61491092
75121191
13186324
30504750
28704328
61307781
26552226
11199364
41608057
69438599
14826520
73340620
37873541
36719486
39537814
22794095
35234638
59098084
56947598
29734585
10956428
41027793
45948528
66714998
21253475
70827810
16759521
46892160
57543399
30833848
65251944
54641417
29540808
78668922
39185269
20054502
78878126
26761324
75873814
39310644
65028021
37353587
26186076
17245886
51485606
13936959
47497980
17637361
33551746
49838957
62507553
32716194
51967696
31599928
56277565
29457916
36537702
53028374
46699158
56944586
15987172
53563638
69939143
58224426
31957062
40277212
79836886
76959494
32843161
19138696
27689978
32554977
48373787
55658181
32782713
57170234
31803155
43071560
75753104
24128741
70851372
11894189
31040225
75260536
49489319
30572299
31061813
29405742
42686442
24020583
33179893
69451303
26086457
54474827
76668407
71838543
24635490
71326657
10077951
66419740
19354793
61292190
63184961
24426286
69299811
10749732
19111075
21122383
25286535
38488566
42044143
16843179
12753147
69492232
11665942
30326723
20975684
58126277
71090140
73253463
49931389
74022830
54341206
29788843
11475107
54329254
35073978
56147531
25184080
20970665
66353605
21467881
39029382
48663749
16091436
75499798
31347651
47657066
67274995
34737083
16856085
67670680
54291955
71984105
29830629
33265843
36353737
40536718
52640745
74309797
36629876
16247158
34310374
73421287
45403565
19233902
42260666
52260145
50010844
14192742
62154196
70494314
24511052
65158545
24987882
69741021
31139876
71644962
68186770
20777789
50379287
57311587
74980512
54821378
23057284
47159519
21620779
55437436
69625311
72411858
70747306
45379111
24256063
79001947
16187027
10230421
21424714
28947045
13684331
56130118
55253294
65163213
42983177
50835745
33493250
42828316
34027666
23946786
74716960
41822466
64424670
38412971
69075461
60917716
29282006
14273467
25204311
35307136
56849115
67650391
35867660
76856147
57513429
20738718
53613754
21408469
62534297
29753751
66806645
74493554
53763836
77563405
79169594
62114092
34294315
68465827
24625532
21007749
59622289
40686863
72963282
70686893
43477372
43440683
13317207
29383412
52724516
27468961
18973398
49077109
16733163
76911254
63465020
50815447
50851154
43114953
24503309
49135275
59872735
12609145
76636453
45390751
11946788
57322051
73845713
27721534
64859855
23112129
45704993
35149155
47677446
39819431
78609188
33773139
26440217
68592981
23971649
58110795
16221940
31929351
28936628
64151863
41700382
28828362
35752485
68058031
29692404
17763075
64390920
23808761
49383578
60669644
19930343
70597450
71242640
26943314
72960124
43013414
28394616
12712030
17136790
32458968
13453026
17553837
41485533
65573418
30355564
59460765
50948302
28464527
19049323
44369492
37164856
34660828
64354010
37280796
48743549
36459700
37219116
40865627
56992845
51787307
53705151
50752714
48240962
49263044
71638155
10375417
79213003
76225547
13223131
23567196
66272289
72169888
40282179
67174349
59982754
15888675
51968958
35751419
65129278
68130020
13068121
77813255
50737620
11372289
52662835
35585022
20679891
70108328
38005519
48722255
70838389
37579093
44349965
64596852
25573854
67642962
65828777
41592469
43206607
15506612
14293531
59422575
40519957
18283721
66673630
51475368
18079895
43426255
43816487
38950605
61185590
27597990
38558078
57496979
21180280
29430126
52615235
74556866
75716084
67078695
65835931
12893960
63571216
13746475
34392237
66459251
69057553
65605310
54018033
25802334
17078564
56811098
66351751
15861575
68502954
62303293
30986929
25661516
43272440
56328040
17757200
76660925
33113317
75065222
13928041
64925254
18529081
16694845
44706558
13141160
63468244
78981058
71028445
12699664
35682409
31106175
76738138
48202120
20721098
13504298
35596156
43754858
58711049
50671306
23176333
63069878
15929454
49379342
14959702
17546487
33796453
29086620
28360614
78642692
25498450
12279340
49169132
63554297
36920233
79458789
74262477
19530084
25423267
75254695
29543693
29673890
29730740
72615902
32707841
60498160
43876628
14112300
45560909
20362891
44237637
58134723
78468095
44827227
72831375
30350181
52644497
51148093
41087969
56670937
55640790
23901623
75259053
49546505
27548234
72682462
16262859
35703657
57622293
46103306
15183886
68726146
45207468
20395846
12612258
57621443
15266936
63663754
67885849
74649213
68259868
49800764
14427825
14060858
52524398
59680566
70275716
31031073
60000803
63929811
46219575
23278200
35454663
56930586
34991997
47712656
41407074
60054349
23579186
24163029
28627629
71364144
67892513
57051035
24398688
13915196
70496109
43556475
63266186
79046801
72938271
13453905
76331862
10142336
19651805
57481606
76070982
46415110
35464690
16431848
77671386
45175226
37243296
14619944
78668989
19670772
61494664
19402007
13005699
61974223
57894655
31708113
41345525
21095630
50785287
69220388
40024890
60356289
33017211
17205189
44042092
36708480
15025205
39509058
20724458
21071897
74589616
21980714
17884481
64984968
45726394
13276341
48779156
21197141
36878609
26976363
21503863
25297285
78333837
32048661
36795422
17555034
34098380
78270971
56702443
40332542
49668979
15171216
32146930
25087837
43769440
13133652
77072664
34222094
59621505
21696228
73924809
64542759
39115431
39420531
26772498
38451263
45878957
17228275
14917706
73615861
62873638
38595118
59663057
14462217
26264647
18504087
64087768
59054562
51925524
27481922
32973820
44737646
20842553
22425445
51609497
67881450
30250574
61775376
17031481
20309571
79150700
34486976
31977786
29964941
28972690
50241603
66627196
25832941
22171348
60128993
57242336
61502616
65382779
25917417
62301527
27856656
74371513
74120628
59654403
77487740
64382776
69959368
11132573
76367178
35504735
56020006
67671113
71783871
74160379
72932742
46132426
75714073
33199255
58688448
57987342
72540636
15162574
63733341
67309161
69543316
11419666
32251573
75541164
11887782
16511788
18348024
16737025
62773532
18864071
34572969
49969028
18702089
70541215
14008459
18281570
39526447
79720693
28269655
56523676
72807815
48719964
74449000
64557725
16709097
35707267
36700620
29330023
13715957
19373890
68881341
51276773
21257621
18351707
77904885
71484470
77230924
34206691
27965428
28940421
16086177
34627085
71176780
54074741
42695392
74369918
66739383
40543028
16180140
72775651
11131169
38683557
10474711
12606459
59222743
35921285
71847010
10829550
38769142
79571888
74843040
66353671
57502802
34330828
74179578
67356062
13225435
40307446
31946348
31201883
12138018
42993529
48615351
21225980
19976032
43460411
22490079
12947666
60690408
70515808
31272716
72927599
25566957
44116058
54339087
64714783
32450673
71101193
11642456
13682525
77041648
22462715
46931319
35727716
40401245
48023903
72260964
70696351
41640506
68121924
35226332
77320197
41196892
19007447
38334667
11397122
15267844
23781885
21646777
45873999
37010800
57016894
60497488
21261025
35953040
39248640
38548386
26738829
58933806
39377525
48096962
66125582
28329908
72652045
12434917
43515160
79499109
35171345
65853006
34782466
33345575
45491351
63043136
48424250
20382619
39820633
22496870
53743498
46519720
64174567
41371484
44617044
42569907
10903353
63105365
16851044
74425431
79917912
44974779
22288659
18024540
55093505
18941297
61063562
60458956
66073954
35439961
45242418
37983768
12503738
74554616
10442494
16851245
43436099
74154940
77636263
36792350
63237187
62165112
70286193
19971852
26192751
55840022
35584870
60088778
77055057
36062989
13027158
78760641
25229614
71184121
46667505
13092064
36020093
51901994
35777041
25667616
34155170
74110444
41447285
63589724
39128802
72981321
12395040
19161096
45942071
14414936
71948867
62085594
22142932
54863188
77881105
75408734
28766844
59747847
37576806
14172615
12058102
56389925
41525517
61417315
25017440
14441265
15232563
67519948
76293142
48454746
14370148
13640433
73489704
73678420
12767446
73485607
72196429
55941241
58345737
33723512
30162650
29058833
64093941
22928852
32586765
35650182
22705205
39545076
35107154
71846037
67414219
22551452
77805752
40622878
27842377
38848782
48577094
63970501
21150141
49476273
43357547
35130481
48773403
24110730
70656391
68849594
63885177
77364897
66305961
15445121
79207607
69866560
75677268
79253543
73481395
51852910
78824770
33415062
64786214
23293057
12032746
73809255
59919501
35174135
60981604
34672797
14439798
70423481
31792270
26953325
52725943
63997596
18706700
26850302
56238006
22790969
13392580
33495175
43840183
49614495
18996520
74568275
21823329
77612604
79771227
18079819
71690804
53181391
29583705
32425613
29603598
78373163
65264115
20321445
58547785
25874209
47776641
54134822
78095978
31949535
14135641
57827400
67218224
15721590
27969172
15231851
47162379
23074019
75898281
48898769
78423860
27236760
52811557
77980728
78416296
15600673
55277556
60827274
30899604
66237950
66172016
60705160
36332175
34973558
66638614
26336210
11205529
32036726
35765735
53586311
71268418
65374145
73325387
44891873
34833830
15045146
63345275
17484108
51605136
72402459
11443535
63574262
60092871
39727651
16440513
61631949
31085393
54458896
79770299
76625325
75035458
33955981
51904435
30638694
71376429
37572508
38338638
45067410
12027193
56859829
55225811
29524912
26495052
12136628
27069828
19854303
14208494
24508510
65300268
48672698
47712431
56872429
37852515
54681649
18703938
34150616
78698326
77437731
58860516
23982852
68138380
40979900
39156376
40824090
28276777
22799223
67538673
68585151
11058267
55058959
29839310
48668175
31542361
21650497
73736343
72542262
20194728
35717709
75518845
44987617
50063646
57669349
68372897
67297096
36231118
44934167
19569573
21901950
51504994
67864358
42086004
79864877
38517388
10850229
16594368
28273066
19432056
41877762
73331569
40001802
46800422
41216384
74863670
36354950
63586924
53575178
39214283
45018900
21512154
58533714
78938795
32937116
56215982
79020883
52541513
20095641
15632433
79407785
51506992
61251879
56365738
35606025
12943648
21152213
63700243
23623309
69071201
69985939
42071344
39037254
70682684
16027698
48438753
45441428
11883057
65107297
36338852
48957094
40428516
28663470
27054666
18125035
79196774
66388843
31493148
46290651
59301611
30515068
51927877
17816791
19194720
47163461
36503957
51347192
61939959
23503881
65295026
68435657
76019729
44308405
76995140
23486491
59863151
63793962
16222582
63340363
32871253
71734859
44090825
12177618
40464032
32515561
53831230
29420823
69844081
63524650
15380917
47298192
70579597
31803125
20764747
18696575
36379312
30135990
70316949
32648659
16499651
37135938
55488346
16812689
54200168
46816138
44274854
45688534
61020624
26266894
10844683
52241033
23414325
19309418
39649189
63070811
11968524
72373636
11124660
56867311
25052348
58617575
61048125
51609546
74848751
78296079
13698688
58899297
29511596
70978517
17534605
41478355
47320283
39100513
71184515
39472196
62925426
77985656
53014514
78482016
29698882
53064903
57865443
36299033
38379034
77277251
13980015
45424666
41519460
57253556
77496211
69161274
69296772
68136735
43364722
34794918
10486145
26402873
43671029
33663575
13139780
79847780
14496155
46986282
37374151
19254178
62855861
11189649
40377039
53586468
72881423
51467412
12474880
70138898
79980038
45273751
65118874
37708222
34435276
78102839
27766761
30782504
76752072
31972451
25944928
77924604
19848237
72143261
27804561
14081081
47593518
49806359
32742604
62524772
13917220
11609931
78753443
29732126
63077517
20242637
60666607
22080715
60066146
34349025
38552703
55732052
57736660
50246295
42663957
55873431
33145314
18124184
51420470
51926709
62543556
70382420
20918733
73439980
78589256
54931116
13506841
17694012
25555121
57775675
59218010
72550076
75971237
64256378
56520170
38291764
66561608
54053997
62508172
13270857
65372521
14227712
40157068
31096235
22318568
21350647
29860296
58957379
49960498
70901273
28899277
33290787
37925557
76944441
46910874
73117563
66416234
60776219
39180820
21449332
15403676
18392305
37639970
36347421
76408671
56884668
22436499
65868250
32275797
42505249
70278718
57325186
71459161
62180430
33077512
19504704
42250809
69369329
50129297
27698702
52931536
15529734
26439350
50927017
24788510
16924650
58665023
15738953
72897309
10583233
22829123
36400905
20756924
64671691
79588470
11887018
58059046
14761661
34588473
11767570
15409879
73304227
64722492
21580901
41559178
74916109
55480816
28304897
17131157
59381989
26091093
75300382
55078586
29970554
21827615
47265941
60967652
36380436
32585703
43483157
33848529
47622671
51372982
62520278
69542326
65607206
68979704
78268804
40126011
35811664
42050243
20546848
71691737
35527995
67512694
17733721
52611766
49190403
61812508
14083359
18117286
40216900
29971675
23106634
62922147
42767981
27753791
75877831
24262312
19985210
52992422
59998939
49165013
69978504
58546450
37943967
19934482
33122809
70955182
43056167
50370357
21176630
63403976
69230316
57744423
42396591
57871151
77179721
60343569
23262137
20455100
29754215
29221404
63523218
51599795
35901418
18190930
79189040
63475213
53145664
13477643
60825271
62096678
45547971
46126856
64978339
78836900
41631745
73582234
50431498
25918479
54528212
50012162
14933368
13765885
12668820
52615109
61171653
58598137
21925344
68030044
53371458
77808828
64089947
14856387
55870623
16956792
46749404
54430955
41485157
64683652
30875034
49265510
41221732
53404263
49544578
16178905
57239148
75731042
77754868
16001259
71441325
59563219
69217950
18263523
58208919
77244558
44733398
22307676
33379932
39739314
62861319
42528214
25941316
68020546
49996005
77592068
65749691
41112670
69325584
39976318
69032782
28442183
13324397
58306396
74196294
78394292
54104728
75436307
17566434
66098615
41550292
27542716
40289040
13647736
58495620
48135051
60125046
16137530
29643365
53051811
55163205
61007412
22535235
20877554
25282474
25299450
35500511
44562748
50916241
46944127
39118696
40874121
21605867
58075484
48191164
29485981
29072338
73066793
73648381
26596890
15387088
31917911
31665238
76770788
65470259
55312956
45615112
49475732
15273478
34572767
71309367
66449257
17333208
57556431
71467925
32058472
57467274
12422411
43724126
11552234
71294222
27202871
52553462
26334647
78978108
67394117
23316719
44134566
24767824
28095395
55054978
47969835
74241094
61664988
26326703
75583525
42974267
17297870
60222229
23387512
60100194
68451293
14431789
72045871
78217111
56909884
44923491
35484625
32927316
58133790
51688520
29068092
67379042
55335916
64345026
52206370
19039889
51547746
41163464
76128282
59034626
10659080
71778884
66574477
60355789
31510970
50865627
77595743
29082000
46359095
62245171
62546357
70448709
48791194
51894741
63973569
46134578
34461665
18275258
22424992
30885659
34845368
61089132
31001726
73362690
54189998
11557233
19669636
29667762
71127385
59626658
12273225
48331839
58792431
56672590
37808595
11461169
65912892
42299144
17736068
17370932
79247246
43559548
35424532
14051864
54150995
23094834
57381250
12532777
43282637
62420577
64863240
47158705
70470642
62508963
14672046
38133181
76204962
54580424
23241560
58186551
42663393
71341670
57340779
42524321
36399431
45167934
73758750
77947556
73104123
53857731
63062515
67037883
29063235
20958405
44078450
12070208
46012829
40170590
51463994
10588334
35197372
11643021
57635392
15783382
33588253
46614477
16513728
29315816
52761435
53446054
55101719
19172031
18645248
47998942
68188736
38371537
49379367
39495489
25902165
45581778
50660286
16767311
41633668
60316923
42973842
79394288
37798237
14292340
31048641
64706679
73399771
14666019
45763754
75833539
69062783
51927193
57946684
14975200
28353976
66470744
17563410
13244368
10422451
22138027
56379655
61536214
66072726
74646089
53062372
49743313
13811260
78506785
49352617
33625170
33602104
15845293
47164580
52317409
44720640
21118944
44939391
69980010
49917347
41785375
72456486
33603182
47791270
26127443
39345665
42760586
60897854
67151827
74959995
72599297
18804243
15100757
30531950
41552108
51739066
42730730
27391965
39463661
78371652
78090418
32361181
20269522
42178480
51471614
17776457
35131765
32324693
25886548
78724666
78852809
34132891
38649759
41046349
28605091
12117888
73077172
22936825
47602855
22611690
11128360
39352153
67111686
29405409
47786002
64235215
30283479
20870678
52728191
75588305
46548782
79064363
62854729
56976011
49386276
71969943
76220374
35772205
20956009
40698104
36385742
13311483
35542691
74155627
46590380
61896644
20459938
29240324
38861376
49084030
47922150
76352043
51510248
38271431
41560446
64103769
32834538
14697157
17424665
75557181
44409229
51848274
62291308
43967423
61757684
67487835
48894649
47444799
79218835
19058700
36437210
54568137
44363979
45161711
76069238
41059916
19323741
44960000
28417136
37008649
12164631
54733622
16509123
60271668
49721393
32553430
41581096
10163228
47239613
77111023
28354503
69947555
68027517
69485400
10083881
25488319
22504928
41514979
20109335
22164104
15333702
78255387
10076008
67869143
41921965
14653025
76123151
39552971
67083970
13938589
36162094
61773673
47867062
57636655
62104877
52300315
76466176
45976702
32005103
26856977
60133567
73827911
34498626
31756348
60953156
30052210
51368783
75101558
25535262
68617428
25459061
22878901
69955763
42185921
67484617
38707665
55550520
61356878
43496019
70676712
17008708
75958347
24660127
44293983
44567554
74395940
52198466
12400922
77952967
43969639
29141963
71622585
17827018
67793446
14822258
60168165
52558100
35515408
16963797
63805123
74562667
23465709
54309528
29449766
75744635
27110602
64466162
73835169
15149933
24140412
71917658
36256353
23449468
40898233
47990574
49178355
76082352
61293107
33986068
18968852
49761029
34025209
17202559
56156474
57011268
39382428
26624376
79848424
38315043
38628826
31291517
75942201
57694164
13576038
29899690
71991863
78640067
47871971
64014696
33525003
74101739
59641705
23465531
18276016
39189379
46439173
53433561
10284507
77293605
17561346
38182011
40891325
41725338
39634453
22324469
61613395
29263147
77610283
14455851
40576673
42922526
19690881
63714280
68055167
61346567
49280147
70129227
76583542
46586560
60583159
56217061
54742265
40643166
21442372
39792296
37650414
37977631
61913999
25552149
12416748
36733564
29278929
75370401
72234084
77980814
66665115
38116988
69655938
75264811
15043322
62937829
71035517
40807242
49914643
13119116
78326894
61725954
78180664
49662891
40763914
62252995
22303141
74749176
28202111
28600309
38910518
69832366
73753879
61206311
28739869
53780829
74300071
10356888
64749453
14341735
51909700
34904724
60264462
30096522
13997641
31003477
27484411
49439225
28269241
10814381
36554740
52350664
77595272
43333774
27843674
74593896
73865127
56934747
24025216
54676159
74347369
71761316
64418259
43357706
39122414
19289367
62132574
23495946
36030035
63838624
13771513
28540567
46408957
26536093
33381636
70332682
22296230
25292970
12740539
45579401
21121188
75975272
71799926
50944403
71067420
74644696
41223972
23245911
19073255
54426247
26993447
68696980
28320367
40604979
42721647
60728774
22976423
77879276
31595501
60759361
73305878
62576360
66022842
32459834
51444816
17029671
36235874
18519511
57478175
19457279
26129591
66271188
34854138
56409698
47165987
73765687
23550084
22815600
70298119
13351101
54744144
62198196
69526987
73810764
10618176
21326391
43396051
65546779
11771694
70363990
54667558
44684780
59192260
37697182
54207437
68160533
21536259
11457285
43371701
35857278
66404335
65852396
56850655
38416032
20850304
45570091
46868945
70256484
70536931
61974382
24200338
27509450
62913042
76114762
16682158
32372901
41279192
39086974
49203256
75642375
67253162
26856609
77498061
16348288
78832740
78108841
36622264
59818980
58291002
23043786
28070730
66775728
45094323
72976193
67593739
30312408
65299573
65903569
39002985
66821654
50468426
10962177
16052997
32746735
32968815
43169682
27551949
12166498
50227617
79320484
25564450
56626073
42296169
25042107
31387940
71737749
48514636
45843423
75167983
26490629
14083179
66533963
66860796
19283617
29051257
37273677
33913251
45532502
54035991
18306112
49611854
33399691
21821271
46167856
53521605
12434281
49364126
54194961
11214442
52194391
49503153
21379236
58032962
35227217
68940149
61803543
23582107
21915654
71934982
60883272
55853404
78224190
76262380
24841323
13469975
73633806
32917408
31867286
20990485
73355424
44475612
31962398
60720228
61044614
12581057
70806319
54690625
25479718
12034288
17407921
11020402
31078064
33425533
30930052
54636666
35115998
19974103
41770104
36365503
21265501
28474559
45689403
58435643
62719175
49671609
59410114
28219183
58767082
55164075
14943355
45241026
43667406
34034008
67733980
56891461
15500560
27509337
62441828
61090305
61201777
73398806
79499821
78942937
49632759
76958829
78227195
22421517
18705973
77271013
73626372
15776963
63154084
62399622
15056030
61217652
11799936
25260338
39740631
23061942
23467909
23589497
68776160
73627055
26618157
49642742
76404153
15058292
52419123
37569648
72988100
46609500
76261944
21221168
32157596
26414426
67986174
20604395
30678968
32357191
67374074
13686911
32088427
15797185
28059570
53542634
78145608
60619260
56383656
65905917
79398653
30223029
54516598
35366273
37880827
69375897
21950482
78883829
74383623
41672795
64732687
67452885
71445427
79431743
49584841
25873081
66659009
38999976
58186230
32041827
18836463
59838222
60838461
53777002
62779840
29447422
30527386
32604304
27223729
11653104
22560229
68201940
21749599
39052987
10317505
46703950
10129647
32611453
46717255
31293899
57381752
21201857
70605850
55907281
66917153
76596272
77412469
35011428
64127276
34308885
61084093
10279038
13567692
25187279
25730113
25454966
45056371
60962214
12392630
21691908
33928440
39880821
71994959
26038357
44142832
46871170
59092778
33063440
14372116
47294807
11174614
44268298
15416160
52017265
78678932
22138881
41383973
12738540
31088426
17413529
36485241
75757293
64094927
51270962
29294412
58835767
48055080
65643982
27961119
44095726
11986759
30179424
47794728
41222435
12951224
26978693
78159321
24259389
54375774
49390505
72049462
70150202
28190524
70968594
73263267
27044636
62254836
74477946
11280400
29610131
70725480
75039013
43492330
69548362
18619111
56493940
25264210
53899103
55292451
36000932
49005255
10719816
73460908
12470074
64514869
22488428
21198514
73689292
30631190
49486748
69606174
20199787
77389481
55212569
65284017
14934975
71761170
29537259
64294314
43491671
16783147
70272630
12803809
79788846
65731141
78460242
75650185
43824377
71343845
70729188
25230491
34608644
15260844
15212448
75627218
54402354
31051643
21656554
26970610
66826580
40019547
66142712
71193615
44313836
30660160
58723921
41898415
45388399
36814402
45734711
25321062
58975811
67055978
48626680
10639892
20465415
38537956
75830506
72089970
78807919
33639007
20001169
47488579
20731694
71845035
70413097
63435935
23652322
72697329
36028033
49114912
12529806
33364159
59488084
21677206
17828759
77396475
14262351
78900064
56237958
49273552
46962503
72149191
39633421
74262187
35787568
63545496
37828651
30164769
59330427
39624568
50468968
21037891
38765164
28419556
37624215
78402685
35118463
20371266
70002433
63683743
26017660
63193983
27751283
27013018
59160949
76384743
55666043
35268807
70879392
75659223
63068008
17354583
74944871
35700280
21196419
65390595
55441036
65157496
37842954
35144255
38353962
52275284
54245721
66813142
42737807
60377266
29007197
79540699
11998683
73759576
73940121
45654032
35257358
48412459
46022741
73611278
22337121
16725109
30516740
74716636
25249209
79706570
11032388
15889955
57271667
22835622
72960974
36100996
45527315
27401914
56322606
67853967
73656849
61558370
24650188
63144723
40274251
55755706
72654679
78147422
21927270
77471988
24565755
17427627
24796897
38581913
29913309
74248594
64434309
32012274
17668878
58089789
71073617
74067861
78588332
10695277
20607314
53151591
37767329
16361437
67270883
26965081
58363334
40047688
18628953
37862489
42772451
41694793
78753175
36486240
41276208
38308535
70336684
29875229
74935262
65792286
35721950
59788101
29548124
56801193
40293215
44366384
76334374
51601206
12428397
10179752
48242679
30055730
63578461
50903983
19591020
65752713
55357507
31365684
22609559
29948931
68566751
31165749
16369079
39131290
73496354
36486163
54126304
18093449
73400775
74129524
30638943
12987284
41866350
32467689
19317416
61570331
38404341
60576528
25618183
65410265
13317720
59297776
29665083
23651326
55809052
66086983
12958897
65334784
30817715
60800701
49881348
69651237
41047615
77937508
10799367
11495772
11536506
67855276
29169348
48965173
26085259
44704907
73598044
25321379
25909040
68364239
63918080
76045027
78678418
76816176
48294842
40081041
67631810
72040270
32721646
75528501
54932398
55862984
59731202
51273747
21046740
30613699
64780584
13569650
23835151
40790746
74908238
38881273
40288500
79283838
77062243
59964946
18238006
59778535
19284919
39558986
65722337
79664745
16384769
73821281
20445758
45238462
43883367
41467189
72768438
25449351
36202782
38252090
57038725
78412623
19401397
51475046
64017475
38679213
26851727
11044747
32718026
65393402
57710718
26547194
29900117
72552907
52631477
66032102
25738360
68741231
28609804
31097990
37418148
61840413
27517465
69548520
33811858
14767927
52649608
39275548
60797360
53756816
47750358
12277976
35299735
52228021
19055748
19602689
56423571
68653039
27721637
28056133
61634482
78030779
21747709
45804752
14159393
29660584
48625295
70132992
32682289
42546467
71527022
71480181
67789973
14559333
49847286
57689376
63607397
75641950
63019795
41013692
79641592
33794379
16287496
51632564
11637681
18996049
14025718
37359628
40039813
49886681
30048906
39883561
45724976
74989460
30707104
49040291
32680652
29695840
31206746
33555605
73614327
35151237
36295932
15872194
48212989
42054792
54566403
47964028
32379375
20257182
53712312
47595619
55892452
48960242
48505700
54523671
63369394
55122528
52438136
10403431
28268815
56946160
15842346
11755768
65057347
62364739
57300813
66885828
39482375
37249665
48404111
57128421
21855246
23178489
50885711
65175347
24708469
23162663
59110873
75889564
71766115
67047926
58659673
28221507
68035494
37104910
54976972
78786698
30617842
54885280
74482877
42289785
27981908
63204601
39815981
79254109
66886025
75456251
72354546
56216565
74567639
39871753
42669132
65098013
38455252
78107585
32182394
20043762
74293682
38791383
78702883
30043211
60466609
55704635
16219641
51180377
11387726
37243439
73126488
41248081
11520607
46822357
55289456
17844064
58271577
13415991
67598729
49002942
13678874
40126082
54924693
51668715
18237286
16450556
24668798
43630519
57413666
39947580
58165832
66586662
53644722
58202214
38635935
69588478
70234807
38576547
15150746
49817686
57520520
40215549
63552875
42543892
76061714
18176619
29178135
79246077
61515316
15927362
28540258
48414253
53092315
41026201
14193046
12597584
17102294
47398766
79567963
45716944
75469608
10377547
55602834
32055254
15362792
28132186
73335634
49734667
63028717
16720581
72227594
41837398
71782417
13394210
32901969
38963440
33616464
32233813
23939671
79049331
21938586
28436242
78027973
28820324
62456528
63124898
51103666
25138993
12697457
69364065
52319575
16827272
64790209
52406324
35388653
50851469
16707772
59284995
74173614
60384432
63532894
34417214
37895140
11173782
18665609
62261627
38880056
14920651
30935967
54651149
56429450
20622739
21506738
74322911
56301387
74974986
65030844
38642768
10482861
56769925
50954832
54045695
38784843
43103401
47309901
26564363
69746623
54936042
55554232
30933400
39633290
28749492
62338962
39486568
25914247
16356954
66355231
32731542
54318550
36705998
34806614
41368132
24975937
66903814
56700048
21635847
22456669
49331328
73040575
22255920
51601375
51591218
39978053
37808891
58934761
40280966
76301481
27477591
53614277
59699462
31202947
41796176
12722815
62561327
60333712
22773273
45133755
54746808
14466396
49639607
24186246
46838863
20446006
41179330
12447031
46989780
78186985
78397046
22672179
39298710
61132915
45806327
72339310
65717263
15081840
36557530
77839671
55566859
61988514
13974107
75401410
26252069
11622072
25202334
54601909
20715306
12104138
64846322
68825480
15362625
66261382
18794997
65381162
67987443
45282550
73052828
58152810
66702408
36448230
30191978
42977863
59666435
66447052
32159122
19649806
33407882
43915969
61515294
53210275
62274266
61132601
21254013
25343884
66524654
68765850
31756284
21791974
71413916
27685042
39762901
49133719
59056111
24363262
23946112
73592559
42113344
17308106
41872122
40293137
17747037
27492587
72525268
43925906
44600381
72254236
43818331
66553126
69684862
68885029
58199208
50989193
25107800
76263324
17367971
34335422
67550438
33770168
79026766
10419783
53129971
63796097
54158749
51796287
48386815
25672494
11362597
16998327
54230508
79671500
37871241
30985627
74216905
31250177
71379868
45921899
63664088
58434794
43260752
20675099
51407243
62012395
22922621
30247399
41215284
55892356
50647324
50960499
32388687
29897163
70412490
71920652
59699807
51175059
78433505
58012968
66303075
50909451
43626694
59758953
11888795
61489001
30806083
39613834
68388965
19666039
19655888
47097487
59433325
27946152
12867250
40627726
18927451
34949239
36770779
31664173
12562110
78766794
44657161
24743282
41120509
75213027
62120483
18919778
79682240
71476143
51767613
75625441
28603257
21948815
16351399
14874395
79479266
78182027
61367143
74675445
49489642
33154899
19378560
15144902
72951549
43034266
67258688
24575389
20696818
12560049
12747777
26458592
24044613
27419861
14615296
61474533
62468655
40280636
74129400
27787929
49807467
22369660
74376013
29863129
25976764
67540131
39258963
50508390
44162959
55598015
52688689
27016742
50295460
62782921
60980064
56649073
66302175
44953784
59374151
12304994
78737745
67895724
67852232
13981273
77878918
36976816
56217244
19616837
59735536
62674570
10206928
74202505
24831224
22043071
28203392
43281138
69361388
45380193
79003893
13479188
15453811
46226847
49568579
42760670
56193133
45896426
50347373
34038621
59180140
43988105
54355799
49500809
48588168
24720050
18255870
16145310
62872673
40460669
55160624
14515920
74312504
49566053
66395960
64799561
53493285
51711818
28168455
26515641
61341837
66675375
27462305
28491694
30664017
52654091
20710683
22419813
77522129
17098018
37417815
31207257
70004831
63295270
74078555
75680621
14324577
45418896
53435920
61364283
59370999
45047621
14217852
59016536
65721258
56401907
14214396
36911738
78783212
35936379
20081749
66251869
55857854
54511494
46291897
61400131
14206814
37276841
73633529
58672003
29593508
16773137
61476601
56837437
76853074
23080334
23484358
32192503
71126950
74466619
60480143
75899235
50217862
44844256
47075604
46631967
44635369
57735102
42776087
69944306
24426926
23317624
76722319
47642221
64023108
44398084
31721699
55814438
12053140
20976764
76509250
20237676
51509716
46826442
70780982
65448674
57274626
35868502
67874468
77637028
42778255
50181265
68397737
53237644
29184335
55857792
49197503
46399283
32707346
47620335
60421526
39020832
36861003
71466064
45570296
22929796
44151740
14894664
32386734
23927453
59701393
72197613
50868597
32850403
31922047
53153177
58818558
21569232
33745015
54741813
41227054
39233468
61905406
36007293
45994097
20244331
23666284
79627823
32541060
66238623
44740345
16241572
79217783
19543809
39724919
48303726
22250318
61126764
66923826
40432428
46154352
50355732
24366161
35171544
19920683
45013388
72618462
28225869
26461392
48986642
32778052
28935966
51906886
15952135
74541616
74753250
53668875
44586069
15059584
74835044
64328632
29685301
16132660
63385809
51650948
42902108
70915696
59545742
69303786
59110821
29347780
15745444
55379726
29465190
25941997
46643202
48516241
64966649
74629994
67335732
28091798
27330210
69928790
13487908
75747800
54855262
76840529
11840159
26444749
77147886
40292596
36458926
18949229
35249966
31358762
49166614
58319617
65530483
66747260
20326042
47495306
31896137
56023514
53293432
15273868
55428633
38987798
38731584
16847266
53412910
70100182
56671359
65528351
21252714
21198925
77327158
58308935
28228165
14723895
49054747
35553188
75789806
57934059
67223512
12352005
67427955
16928068
26975045
12721647
37521076
62913545
13338164
30621180
64390781
70899327
14251959
44573068
72134497
71249290
11970864
27426579
45165234
40620135
36787114
25077120
12206836
11299280
26306825
35939417
69031527
17892528
76215727
10051712
38046047
51231701
11698185
48154878
52689790
69972941
74796329
58910813
27038695
55168181
11239924
29178365
65951811
53894348
50376700
76411785
76163755
63202011
49655808
65525560
43977329
24541436
38953580
59138828
37674099
50285035
29370675
62690312
63590368
68947571
41037010
61962770
21005721
36579263
40856611
29156037
41673710
37690855
42710635
49020692
19193362
41828777
64661935
66537647
56604569
59997450
28177049
64287479
70573584
49178973
65587498
13872923
77863862
77428405
56996770
26635158
45594702
61154273
35822232
58305162
66685711
64039366
22128383
66124711
44629677
50605212
60931640
31415865
22289758
35502917
63383466
37706880
49275586
14046905
16530039
70041358
74029687
54004969
27685169
65318672
25419546
19566889
72168969
16228155
63917272
19334316
73714300
75629784
15023847
61155948
51242388
16468402
72645716
75134658
72682558
25771726
62535565
38975888
37459481
69458983
39053514
54970803
26561291
31783605
77429846
74538226
34882018
24671484
42247797
64249075
74518097
52380756
72440998
32278987
39856405
29023783
36659075
42734652
59071171
27448896
55963210
15927974
71135116
33161117
46878295
13699901
36294725
30985906
68808896
55355722
58584998
75132110
21539408
29800817
57627959
40663738
62847347
18552954
58392907
20196567
65280421
72260303
71069725
55700960
21608596
28779454
66095472
60330207
22876837
79392112
24492220
70983549
49532263
69998449
28549628
10655430
52852204
79907980
11852605
79943870
59560244
56895825
62693102
53522314
67493010
44602124
40210694
14192647
26909868
23320262
21606624
70115157
16207663
53861919
31694481
24562788
18864327
58696474
29511339
78151592
72437845
12554391
30372781
52023483
23300212
20604445
12775583
45878635
56384648
61766299
31601779
57159838
48104158
51924243
55342746
37545794
52169997
62034297
21746161
65410798
78978354
12482399
68554764
64675301
54608763
38350069
17415069
33137134
23601793
11010145
25223077
53794874
56951281
65700800
43125245
54128780
51441443
20052564
51665189
40304151
48024860
12445549
15305896
72289036
35455965
11620009
28284601
27867120
72157047
60031578
18991571
20150451
47225381
67490611
38154394
45894947
42225133
65330948
23666517
54955447
55302567
45385394
60217807
76142926
21442726
68694902
15783205
10123593
59995972
40943019
48552999
36896494
75270787
45658188
70186872
73450888
27214603
25212698
45711356
45033697
20937314
60878554
71445192
46516539
28161119
79518750
49832007
38807513
45794619
76011097
75036358
33645163
67868611
17540739
20825704
25951880
47356416
44564176
50098166
50768464
29293632
10991500
61470859
36036537
66200529
75946505
25588878
42620333
24616908
20750448
53771752
60560263
36987035
34836024
72686090
68068046
14688824
74250001
45955310
67279998
55588028
40262054
15740970
40359677
11607705
14540411
70747146
22434519
35309363
77851557
77303675
21860338
34768598
45276126
58250502
41312676
66991888
63928910
20864549
15393834
41353349
44830643
11874136
69585153
35564719
74982018
42451464
68598020
29691507
48073471
56133456
34526978
43763471
30524675
56208582
25373346
15621794
52459677
26140180
20221196
58645766
14514855
14993983
44939322
76209580
74899083
71263504
35424193
56410218
38617394
63807422
54429671
36030430
17682649
29880704
59120658
79538595
39990252
38234831
18980710
20106761
31961607
36863084
31285314
28331696
28249386
79452779
52353252
24507817
79356722
36976495
10849941
25694364
29263235
55055403
30630521
58169370
12338647
59171024
28643959
34658817
31867865
50228475
62820963
68701309
66964528
70806734
57271481
69192432
61729661
18366016
35688847
30542911
55149003
23533731
34641546
12689145
66439518
61731290
11247322
11905966
18041337
23931881
27605749
61596377
73377696
19765000
27610565
17808721
63460817
77905900
72773031
76862212
77678528
42544335
12674416
18148174
67981139
30000095
44043726
60315878
70591056
14726475
65542681
50303676
56807839
75270476
26186468
73894177
54993185
74958222
55729727
47562355
51970803
69970507
50295634
14823024
60277868
32407918
79623374
26122751
26146715
26657584
79077007
50529844
23783303
27910497
39134439
63333752
10612472
64057311
73191290
79660921
58942556
22552739
14234790
70701091
52271311
19493640
19897915
39468461
38098948
46887609
16734737
24259363
54009798
55556927
69345663
31949690
55735403
37703135
19512004
27620409
54100778
79988074
55565768
52217427
11970689
67306638
15520079
13157025
25629452
73516614
53147603
74375402
14693503
79410869
64098620
63054254
41987958
42190204
44693383
47113818
43303266
50331778
56843860
70096564
14824807
68047072
21952446
30775155
32680080
31395255
34506729
33327199
34547533
29728079
29265970
25983515
44512702
25552671
58217777
70567784
21119365
24142525
70325995
19456820
42148594
25508326
23380277
25942417
16172128
61773132
27624303
36705329
62563762
26969255
31829301
36431167
42134670
59857000
45924080
14581298
32886892
55855722
45117377
28702236
50470162
66667145
55786962
63587809
16595393
38410605
12932129
15923717
45021222
69835971
64287555
26998396
53052395
19624445
20938524
35175384
67861264
57412946
52512549
11706040
16804571
63988428
67732137
57549628
28687382
19293187
44603944
40318444
36126368
15283535
73471479
67312767
10568574
21512145
33966593
53351984
19823412
36857430
28310723
77769338
70078551
48848262
29897391
29756449
74351830
10391119
25752044
67912837
54019621
11404236
11524959
64787480
41703771
65380443
74269737
66118802
15065840
51449205
32253507
28992422
13405761
57813072
53865121
59318275
75368276
29002950
24152991
19304951
69246169
47394055
47745742
58820382
54828606
68771345
57721044
14744860
50246540
69183678
26678802
78874853
18128062
72597214
34000997
41989677
31317847
52088221
27918237
26972757
59324127
53472980
30593286
52592519
73549257
32377279
15781661
33751960
42631511
47047227
34787806
13173251
56124136
21553475
39775155
61669445
38779442
65599646
31859861
51965486
71174150
14752091
36423850
33535697
26461575
61594740
14616274
30684615
55714253
10153091
58878622
18466128
50936995
66918264
38081470
35884209
51069527
21633231
17156169
63024910
38522274
52902170
11825719
65525381
29262325
58188163
76715403
12357400
61762544
28000238
71438761
74337992
12521229
61547406
47935009
73093796
54255536
12896634
19112529
29074067
70789454
15406875
44756402
78386768
48996789
47094708
61965151
78621667
15134647
33856725
15607640
64367546
72502196
68412043
22946961
23200983
45573013
32594325
74050160
74216504
73487086
77656901
31320025
27374922
22783379
28611057
14738166
48376957
28040443
75306520
68786358
45340646
18262298
37025874
46817851
30062673
56612359
71874286
76914262
53126003
43897103
59425860
38378482
35136806
58878506
32560704
31824460
33412520
78013365
41419300
57374053
18165595
76386047
44822162
17844403
64570425
43480331
40896073
71480122
58330255
78211043
78942055
23238705
30411296
65705354
38775689
55699775
28633132
70737373
73158182
76057840
36584382
25478961
38640340
75130968
40059562
28694536
56579987
71692249
55316447
12989445
49427684
20019468
62432290
37137254
32553054
34131881
11000641
15325426
63915168
49016087
24774340
68877803
17097403
72180201
56374576
18181827
34166842
34923553
21397591
15602146
13579993
44559588
63514459
19815014
71320547
34643045
31678336
14255021
10142779
72755731
79723174
36710510
65012655
25875218
69261196
74307252
39315792
50850184
21498825
49867195
26491986
12327657
27883319
61885687
15157694
33595320
58139265
78952137
36136318
47888896
71855594
36602463
60476468
48282694
47524106
45814786
73385940
33996486
49817759
74043063
76275573
49208703
35387894
36832152
39806567
67333493
65753884
58150827
63035215
15317759
46654890
49598047
64172312
67102831
38576699
44343076
50050434
10238706
26338139
67001565
64877788
29134394
12525502
27763784
18251603
21267586
48668020
51205656
64362363
75245351
53776304
22487983
34439129
11762949
73310647
29594000
30232848
17288320
73602077
47956400
79010594
21029788
43931466
77629259
66812629
56181825
47172828
21653488
61438504
72615199
26399317
47578728
20459677
49120446
78652654
31592791
16038605
35302142
21437282
12996498
62969869
27743103
30101476
66025467
34880912
41810892
11898920
68116055
58509299
11806474
70599240
75849538
38505810
56264210
74622376
50930438
68681598
65725103
70595363
53202870
43926576
79183774
25386047
64796844
18626336
19681243
23990926
30746598
59337544
13036943
31642750
17074632
64783689
36629829
24486541
10512169
79316205
66501061
14927520
25891238
19423600
74922368
63707228
49268446
22710620
74704756
61590944
41357098
73558820
57128138
67241410
54662880
52126584
34579074
33671445
37942508
23887507
46237850
13200053
45472288
51735944
40170380
50717310
65148067
27850640
57400771
29197204
44588001
34920121
66955255
62068062
19212747
25600869
71832582
20218619
42380458
53436049
43916091
10449220
37895170
68074784
25480192
18752173
12966103
78974989
26279229
60639855
29167924
53741420
67044681
48649330
57036345
46528218
15643000
47069622
74699063
10927382
15535031
14515808
70486400
18810276
36369164
17472566
13793699
73843570
63155703
43302363
69735573
11550421
11563632
63372388
18178518
49562826
18747281
59883355
19166922
64658409
71517741
61479725
17952183
79909059
78079303
72130110
53254759
48325477
39883793
25031417
48503111
37673582
54596220
67958268
73218741
16254701
14617925
32739630
36013324
60919081
19162708
16971518
69253806
70152863
16383663
16331041
17610675
26788031
45997007
73026808
29605916
38756419
54928341
50403271
27702382
78301000
50940744
42391790
19989970
75768593
55665630
45128082
52171231
51703236
69262398
36696578
29360415
68360668
34721094
36668961
65191965
41215746
77178116
25615973
46546502
71499995
65725998
75438274
41302652
48402512
60745850
22201590
48442793
45596481
23007282
17081555
11032556
14717579
33049344
69972114
60212093
41810538
32662358
37940046
68986108
16885513
46797092
46222624
13260455
70089767
60141142
24867368
66897182
14830437
73259020
50730650
54261431
73228897
21741258
37147735
34151420
33825091
66857130
16712294
51365706
11523693
71457820
65641403
56362792
34713139
66215780
25256400
26086527
37631944
42051815
42062075
68848508
66668527
29123731
31107202
64144248
14723217
13681154
31363382
24154013
43645263
64226120
45058702
34538984
16641061
60883133
17323537
54226630
66818318
41577749
67724498
74169437
35892134
51030408
73624827
51697173
15674071
61293662
29631243
27360059
31441399
23432058
14419177
24245788
72103463
72394914
33344468
73291277
30206057
10986431
17897954
11605573
41233542
23320804
13132288
76034948
41912641
20163128
24270734
56047670
13785439
14453330
52322118
17496985
29657689
58039600
46245270
19091567
18374774
78658655
35828624
19088507
55271914
50394929
64404694
69850496
10161413
13080144
32015460
50922028
29286484
14838311
39888031
10960973
35422194
36507745
28662772
48596684
77339930
40767506
56651980
62856631
57219584
15082344
26145678
18960902
70366397
22869303
56429845
78999636
59916369
63401656
78015234
17951587
48597350
34462084
35265162
69416208
23937037
57983440
58269923
20536535
23297266
10265451
67813760
60530394
52767341
79038202
75367774
69313263
63668513
35651551
30784369
27402915
24736212
16622613
35306782
77300228
13594226
34657365
15662263
15431081
54530134
72339037
13426899
59401001
10308309
51752799
26470857
42197049
21682334
44053708
66070412
15209685
73080597
10851113
53890842
36236886
46644886
79470170
40551489
46315404
73147155
44481409
38747093
46194992
26433517
23933601
12443758
26021554
44363847
42852673
76815193
53270405
20383151
48577887
38272228
48765328
20941395
59417253
73483799
24092243
77232386
15306981
60943022
35418938
49163333
22505102
51914997
74343165
46143511
18043514
23988411
34902877
43951725
72070330
30541820
15360823
47450010
71303324
47958396
74151521
62362647
19672165
60888638
73433667
23308035
33061939
11019687
30361611
72491908
12492701
79754134
64180166
65849947
38337889
23069567
46969371
27107714
73127323
25357682
34664278
62301940
23333876
32998968
17640306
58152377
53957506
57788573
52242187
54847904
10276293
23189160
35841063
59313961
43887572
74468577
49398587
40262558
55412330
10159943
14959222
45977994
25906206
12460575
69667500
24989739
75054193
12982616
62927513
40661996
61184556
31765275
17223419
30480258
56543476
39330943
23811698
70794304
37629013
23481902
79336416
34047205
33903536
56491629
35209343
64380224
49429425
36573751
27748736
69385218
54308609
44198546
79185293
68610572
18544755
66982489
25828215
16764602
24169933
72028466
71781851
37594206
37717048
41492016
56718973
79633421
77143588
24711676
24022072
50700753
13490461
54385753
78183840
19763791
44839228
57108327
44783383
43738361
50779376
40876033
16957951
38001444
16484430
63767417
37284915
50626118
28458772
70524543
64800224
77613191
78950045
27600920
61072578
56055600
24851833
31068198
53137166
41188119
32806007
74437605
66352352
42719738
53363842
10585127
75031462
62975429
24342707
46225509
46795641
49156751
47339140
69547714
41480502
66633011
77400816
12349609
76204843
35464710
77759795
20078639
58274165
22478146
32456035
69688142
74348692
29441786
68888815
19473469
42021889
56671565
30678950
17595094
60794680
12989126
48836166
58678358
57150492
50435222
71487707
67887493
30647322
52800280
10131662
46166464
23078820
70013776
77867463
24184838
52243710
52852606
78352296
62844002
77029673
10429243
34668117
52938459
28642475
66391141
48435766
45946163
78477991
10398968
26954754
46925246
60467739
51130790
26954214
73406595
72278674
27682166
15026550
17753569
72466710
43108806
50988241
56177642
37605646
77766292
64295427
43046595
78780147
66958357
66688392
48394121
29575735
58171000
49092995
16298430
78952604
16792419
31473768
49458523
63106320
49871651
75266619
31023164
68573496
59759805
12526083
27311490
79471986
30895100
19898910
46350564
73689293
36249934
21252652
15352466
46903167
27659180
27016711
22136253
40952699
46319938
31759987
27817764
49996218
78581882
36923839
24031200
70617884
79025970
69520789
55396381
43621819
51563474
24558564
56914497
67009661
27102839
24989486
59584946
71311949
57706119
33668631
20525540
17096468
49618543
32749822
47138609
73257291
31021702
26246203
39340571
24898292
48947246
59871362
34646959
71594762
49561414
20232682
46630362
10766088
64458719
44575991
35817971
75284780
33912176
25455579
47797813
55668728
15980096
49799091
54639193
41277779
41998245
58541566
24115986
16376611
29998083
10153273
29442000
65560475
57992425
49764530
21866030
48611933
11102871
53710296
51544670
12523842
30704334
29887922
40310410
58758775
73002709
32842868
79957635
46328475
13699517
71498447
17586156
24995500
37675422
57817097
21609242
33847340
20726492
29519608
47857848
78540601
76304839
70681475
75298422
40530743
38648605
45068886
18630167
73657376
34398832
32199893
76337129
53679432
58252978
28080858
44105130
78412126
46513838
72136099
46943020
27617416
19803883
46119843
76721636
67771193
56870977
51548420
27502086
12722601
58466944
62769047
47736868
47662004
54982000
59076171
69319236
74127235
57790008
79298185
51249412
66901481
77058291
28561832
12352716
25142548
27884773
10171893
73371354
71706552
51418427
55144114
20209066
28458253
18883916
20499654
16469968
59572883
10206324
75441894
66987038
79553202
29344982
18934894
70289025
35201368
14826295
54528370
54380833
76199856
14835115
54620360
22272443
34827562
71561326
61332470
47811729
37988636
61083869
25276819
36588316
70028187
75362270
27755140
51577174
60897401
48302565
13782341
67192550
63364184
64838707
13591336
16280820
24406516
37506543
35399245
19604674
69043593
41468750
45779416
78268976
34931256
35495479
46939418
28549159
23929686
58114459
76426527
49058995
16635409
66784652
65298966
35549427
44603840
57839711
66696368
10301115
52264914
18022996
34562676
26135234
50552266
78894816
15179449
25457099
48410726
18797117
57272460
10777532
63203941
54759803
27519819
58509387
33750950
37235201
49440275
62139074
25395676
50998026
40849387
55508441
67020994
24013915
27809711
70835002
76285814
35142160
25497715
18898341
12507435
56469268
25915837
60217318
68187652
34789043
12512476
19389107
52477117
71778235
66932816
62578548
66335476
67044918
29052237
63369040
45805680
25426720
31000476
33588722
47329280
54176666
47659056
17940628
56488384
18410795
38574410
43470030
66095313
40634969
76024691
27777332
70401017
73244875
60689578
45050107
75583085
30123828
72066635
68736264
43607236
24027131
45918111
60691460
58012198
42720013
36253078
11593145
36715357
29014673
75369177
15340274
62015347
60375266
24337825
33198686
38853398
17147606
60822130
17974835
25379939
37217631
68832216
40445224
26888318
40949010
25904415
19824561
17243961
59764336
60865275
27691138
42161071
22242913
16207655
44091236
30055255
14641576
44815860
40475521
69470042
42860073
70615333
54980040
71079978
65020136
15802077
38410178
65799042
43884150
72936097
10597231
21138048
59332613
40454930
61189662
64340235
43913939
45841889
65438275
26644989
32909701
25886960
60065968
15547713
46263040
62654816
53135665
35320689
70706087
62886726
42109731
27679159
18133034
70218152
70960310
21722659
71650036
71676882
17671801
16750926
66834114
33573226
78254159
62722930
41763609
79295530
20934019
78111834
20526758
66165147
32291010
61651265
65269222
29280987
27130720
35543728
76325388
68368988
68064759
39321355
19460023
55672759
75025524
48057790
24343219
78406559
51527519
35407999
52983357
68771329
39651763
45246304
27162015
41045254
40585554
53566995
21150018
58551904
66701144
13754403
48812781
47081586
10276374
15969773
41944843
51314608
53496252
46812960
39393160
38930437
49767176
23472071
23545911
18726787
16912718
18716112
37838792
17466247
58389153
79741790
17182613
17675640
30819089
57319322
26215564
29877332
42847601
21641905
61155134
45425385
27244014
64861642
15896419
36305373
46078091
19900200
38885443
29263446
77846845
14635236
43391231
42387971
58009258
25804301
33657405
55112034
16715123
34674607
66154391
67775727
73846440
27138296
27860765
75332345
76661061
67334411
23888845
21912816
49724135
53781105
55891014
37729687
26674249
69797109
46963066
30782219
72229662
28333407
29052227
16164297
31734713
59422202
73828879
21141563
65054587
40009132
45281704
32198541
24696590
20458554
71803865
37530244
23506424
78997218
76189578
21246588
23681722
57047937
66718396
59351942
61097882
10472529
74260964
70891644
27932077
23503598
58942396
32264721
22924391
70610420
11343995
49395949
19173709
50279101
40656106
25645962
14948817
71349355
27682439
11737081
57779294
22577447
23719486
29151838
14568177
71936349
12942225
52875593
28793606
60445329
40487635
67491152
48158742
18710536
76951009
53626230
61264508
68977775
31669508
66671611
44236159
46744016
69182992
50919012
60949466
24278326
52350552
47286327
29920101
61048026
40843778
53043708
50356973
34805608
50847193
27093760
68663261
22404964
38669821
20121541
12990599
79842434
78155994
60091932
40187486
70916952
69661166
39758326
34636495
12713252
67657781
78631690
11302678
37210391
26780375
11844837
49712062
73215795
58755182
67400621
19923920
52863870
32212487
79136102
63547542
50216694
23097525
46147040
60848601
12538188
56118910
10485225
37988293
52479031
45506106
73482916
62811754
66148799
68799416
43545037
22758832
53257166
78688319
35126461
18852683
71641920
76885780
74813044
34797752
40320951
24585585
33762728
10901504
54239061
57376215
36079822
28963686
44567605
62261910
12337421
27416862
70357996
50501640
39787313
50047772
12928497
54525238
72310434
13238082
46655960
49207228
55601787
74017858
39804493
43222802
75763062
46287773
41621029
13348336
34657178
54079441
22366034
10150795
73755726
16218375
44341335
75683272
60676093
41222123
25219040
24768759
49701788
49486502
76013523
41790603
45776167
12817184
14627040
66880846
11592125
15179568
74922910
28048038
18732987
20125257
48709187
41265792
13752628
45132408
37808465
14378298
13241401
70852473
11973389
18115386
63598932
27213943
61396364
71088220
41156962
61129704
72196012
23130605
13354900
10700473
48376690
35006770
19052161
56299401
32295686
55529503
53782835
68367088
41441618
48186244
52594499
68364276
74761464
75797827
63466778
48472177
10532424
18848071
67115170
27599656
34524819
68747124
18386025
65632349
61768284
56494127
13819577
29028461
42951779
26237296
68256425
25061312
59035346
10602275
36964113
31900294
54380845
53967819
59981673
56623610
67937967
43169550
52685655
78717948
15404689
55165764
52407325
74569310
36709480
71597488
52346825
57282359
50532008
74768443
46534430
74622405
57481860
30084194
44038702
57734816
55406336
49491047
74251689
61110219
44730353
40477557
29876105
76523021
49712747
30089026
67601421
39860120
76006522
42400367
32739868
25413302
19829388
12240965
10392499
23318819
15944435
18968313
35129471
14874692
77748410
71267048
53432817
11412713
53368725
14254752
61997028
32180459
22558708
74605578
41601735
11107287
56357592
64616311
62081108
69567876
17323263
69532576
55727776
40828344
27877273
77704844
59092638
38085365
64825221
74325343
47747877
60557533
46158467
67704319
62853864
55342863
17475328
70153688
54221011
50302478
54857063
14749390
58075566
17599511
20719681
53483578
33101605
64579911
16256570
53665804
58777829
60053196
48760944
42113838
74627329
25988643
14688715
37104287
63145143
24530312
48934809
28462221
30346668
24422212
33775551
63389553
68362669
19207859
25674225
55598424
59580951
39374697
47245492
66977327
37698125
59141608
35481937
35043908
27886080
69663306
20974938
67723928
19136597
39791332
49347170
62879264
44931806
30724275
43044813
65620052
33007731
18275587
16941620
16134679
10231910
45567675
77419604
75677344
50872590
65278363
26492280
56847826
40923895
14223103
29286124
38553191
73349897
68638789
44750575
73274795
26569750
60686592
51328835
69426671
37520768
52648976
29675507
21557159
66600723
58583499
11523441
79322527
10688672
11003529
75982320
38882062
28041399
25633470
75655198
53113130
74609384
67419489
15104853
19100126
33161469
47573235
19500293
42405223
37213899
36411920
46629088
72961832
17747367
65541797
63164335
37644584
64990443
66088328
40874718
17751565
69931698
56612129
77308946
42132454
46519887
18134769
28199751
25473874
79357944
22271529
54076607
59299096
61584144
13046368
72887916
27631247
19731014
69273430
73378747
63667917
36597412
69380368
37663903
61978909
26640271
35269930
15452976
36904331
31944923
22353585
25898671
75509595
48062598
54868280
73567571
44977156
66106455
73684660
72394508
24395045
13541329
73132112
69354546
45580959
44294345
25512284
30305687
79385327
69928394
61721301
68841989
70507867
35010541
67695676
43559247
60924982
15278200
60516640
43062304
19858616
69973213
20458707
71167556
20407256
32909647
57586070
60181223
61079133
29154526
20844744
30507317
60217516
75004637
20620754
49443821
17561720
46034188
45481685
57299308
64870303
53686447
12587173
15081113
14199667
71795610
74942609
44491449
48410234
13960548
10007119
43195120
60220042
69817595
55621536
23375196
37186573
53977636
15342203
46970754
69940323
36087872
39226100
36796164
29970196
26953103
43722386
62673743
73368430
27220268
75251982
57120383
54486071
33111968
18209930
68583992
42233678
26855783
65667840
34970933
45882199
47955453
31831370
60554957
55052853
36869167
32690046
52128198
54705432
52230009
67697274
57200481
55212510
14275296
24502774
28760913
42394202
21359791
48758855
57534133
60216559
43275390
68468715
33319442
64408928
48600506
40688423
13718204
64470376
23082112
36820615
29507634
38794770
24952717
47139039
16579615
73713805
63466987
58279994
26491225
29199777
27127043
28377715
71297837
39156357
37144767
40375221
72470206
71813442
14259564
57528747
62198317
78491446
57918887
29113148
68138201
22354900
42335139
39333234
77519608
64630296
71425458
76931318
32235028
13852438
36098254
16955301
48006377
43914995
13913694
36969225
38546808
20413345
12806245
64539175
33702246
16298478
57719637
47847605
60312613
73992255
61108046
53701237
56488047
74250962
15698247
48256873
50655759
74360327
46493114
27506866
41726481
29561199
59808651
39549535
75104963
68201451
29077557
72177727
65225335
65741298
19029280
10750128
19244978
52842883
11226130
59800254
57879566
60849815
44023254
69120205
19134863
40959161
64106007
36290250
73170600
28987599
53783319
79634722
57378539
63741143
32889062
70480152
73962938
43142736
77965221
11171056
64449516
59159488
29365419
62599860
75918184
43170710
31648815
78932968
57999197
11635861
18159934
40092943
13877156
38728667
52756342
27883579
22102401
12838786
39404180
30797277
79208881
27131312
32293843
45700559
10720250
69751031
66975552
69612552
71264565
44178139
10548373
25408373
53013991
49812917
54877786
28038445
28654712
23706727
32184134
11092428
50318342
61487046
49107758
20648874
76568252
29335683
69732727
23847159
76295281
68097432
42741351
71629078
60679093
59096248
61003594
57834017
50836431
70862047
32409826
32807550
32909454
47412983
71540654
30655630
51439964
65929898
22105241
12209950
34150552
43096637
62510315
42301726
29949717
48511349
27144794
33645830
16645919
77507512
41107665
28968532
48629115
75922414
30725391
79872432
42736548
76961743
62635203
64226134
44849585
17429790
49809860
17954603
36078070
32816869
39970597
47901555
39181446
56502712
21738622
30692722
44937207
40348623
51221797
20052808
15106084
37469708
35779508
70930378
50597280
57230498
28858495
48524170
71541400
32496855
77091725
53420299
13214843
13263630
55608616
15048480
63389986
45861109
26024577
32454264
40381565
31050057
73743457
70944359
13630702
48730323
43352988
66955809
33813528
59974338
72725514
28636446
56731468
55322476
14592017
68678658
55603481
49767305
67676782
71509936
46923235
44329084
76941357
18873310
44198154
39092838
24183232
66265609
21016458
48659653
30341017
25043357
55817351
35723954
50101227
56409524
72627800
74853492
20633322
53613523
30415519
24560282
51116754
19733589
74006037
21878606
58976711
73946744
57358405
25432372
75506642
34757049
53308557
50664176
47990759
70461522
68648066
31644995
67174004
62926880
38238730
52568504
44717836
68938084
33966281
30518941
67688997
73555317
37309742
16953582
40031802
15433605
18947290
42714881
54895393
65451628
20372849
52922287
11791517
54840333
67306262
58730899
23995979
32887122
52416803
17094167
20336311
24983575
63777604
10282848
10145958
31780179
22563679
15336443
36430984
41934010
46008240
47535706
23086421
76567434
45636549
20366230
18972393
38353525
72389614
18449785
39147425
10117344
62956654
70564898
56142800
67205655
34823500
57914957
42524983
53491905
54734986
42500221
58284415
31774052
48243043
55164356
71446129
39219208
15413505
27316723
35738914
18982379
33759908
57955345
53927381
42309580
14973973
16069837
24873140
15206050
54199567
16933467
55866830
16359584
52437560
59726189
66876923
26978804
31590014
34615760
56030105
41682327
53142974
22983280
33066495
11771752
39923007
74462028
67128595
36374457
26963979
49709316
55368379
34707590
77524434
38435807
74886390
37290519
15166942
65628100
44890984
60859184
28629214
15436688
74551945
66442323
37095632
65185799
69445003
70327467
24489434
40625620
25941487
26239803
14883728
66247265
43286563
55718404
76375093
40567746
79427047
37870814
38602052
26311229
62477606
72791353
76906927
68492608
15280202
41258174
57150402
10106020
26153146
64973080
45780093
79188565
56129593
37845758
42222219
29572289
46453173
70708454
53668431
73817235
62614168
68054243
60686675
46658212
23625426
33938285
48487210
23959121
13917509
74729407
77785480
60182156
20741796
47586068
34583609
60344883
74169915
55989761
60491949
16949772
79059621
24137637
57325159
11786507
15843970
29635007
31107899
63545939
67056614
60025127
54161876
29627044
60308516
44425382
35370077
16811703
47867529
38884902
42673840
17416370
53415616
65178679
22646358
58864322
64480426
51120790
53433940
43738681
32741909
23660217
32653288
35261030
20671274
36677119
37183096
75300416
74681504
62785728
32668140
25114451
65818758
49574219
22292792
66451869
29599232
19185340
38652018
20963187
35247982
38690315
21215698
56791520
79958307
55504065
47494621
42794763
64623279
71651129
60529839
31334197
31074311
49979222
47570134
65801313
54418086
14872197
37236340
31915277
47719827
26599489
33849820
50320568
39698926
20766788
42046584
23427089
38787432
67183489
63590236
74459799
30707466
68693648
28070262
51302238
33151944
57963020
36428268
34004492
40946482
65468212
54551091
44595488
13570773
32039418
40864413
68040386
11632380
54032762
79437037
10666298
17581772
63036568
53919712
25868410
12622811
43439414
29668717
60505549
24028674
36937398
74267902
22768109
47780988
20320236
62715614
33332920
34870938
26443328
51958106
72074500
26947710
64831863
39048195
38751932
27126683
15996323
64811666
68685289
37581102
47310956
18664712
16430677
69645336
30217135
58959772
58156878
18188898
59416106
30886640
58423765
23253157
78028622
45675861
35113226
58257824
23283918
12197094
45490322
17482740
17032064
67906737
30931657
29937441
39295392
10996387
49624557
52505995
54291013
33887166
64355949
53075204
12657412
14328946
77796826
70462692
26562250
70632990
61708277
67013614
23817587
35153320
23934444
43934665
78793403
55333427
15877584
33446378
30252479
28428932
37045457
21605046
53650317
49835885
79320044
53083348
58021163
14468360
60253739
24275673
32034504
51695892
42918582
47490631
24422695
58990938
16212780
63237881
19147130
66942650
78846140
51647159
35092731
79847955
34711318
77722158
50440252
70929940
37023505
72258759
56928008
14955336
76053258
37239655
43617341
27630427
14125068
42887093
56584167
62647170
25827657
79863762
79494514
78635807
69409150
52429634
20812846
79688012
31251902
47235386
11771107
37154467
14271206
18866752
46084368
27980970
32151463
72936359
49408734
58452049
78478581
73404140
13300702
59375464
25456787
75701105
45055483
42199816
21758205
27273155
44690110
39159991
35233497
19728529
10370924
27079263
57362342
46299900
10284801
69311815
37752755
48662575
24854903
49253646
58214436
71771327
16457984
52706090
40501287
46455071
75468846
60753388
60050847
37031022
28265950
16658370
43254780
20109101
69631372
14136212
17041060
64589957
39182826
59653678
52244267
61812842
66146831
50349800
49036216
51694942
37782617
69681315
19096623
49252714
71179163
30143811
66428388
26988825
61554074
48965198
50926321
26098158
74887548
48888603
66428016
52145769
41144148
18314560
38593247
48499229
68983203
35958577
77802907
33957913
12981998
34538326
24109898
44623013
33586080
69706970
47139012
52791021
31112799
56165371
25659992
12042053
58770839
59684424
69096550
51248624
27554088
52633044
64858530
26891410
38771212
67513477
64888579
17304789
57440924
79968630
60700534
24083516
28844772
58586418
52401351
31258129
75766533
65002209
30321526
36318507
57648277
74145069
75486010
32895149
71234362
57060731
46741811
46130105
61225243
45334651
61611574
50252641
78650674
26306001
59288869
38465131
17255041
39398039
43931702
14645388
70199397
75775920
64581872
53167635
76426197
66333729
63701826
32467888
78744098
45876211
35766732
66010938
75578060
71822445
77391260
58174994
74393824
13955908
48478946
21859350
56075551
64358608
53975613
32817628
36732107
11524210
18715187
76051800
17401697
54601147
16698859
32211089
37150180
45715072
28911028
17113037
50248848
76478368
10106319
54426488
28981665
62961531
48795124
37964895
61891954
30960309
54950862
44343910
43000944
15900845
47142777
63103403
31157681
29032700
10866084
29357045
34111380
79991402
75191961
11912339
67395420
24409293
10812381
24467743
21286451
35100019
44086964
41689799
65164957
78206737
57852547
44475378
71308099
63941397
46752115
34249564
68018422
32829273
41763586
56920913
12416816
76570460
75883121
24221815
44023701
54339824
38571728
46399509
67413288
25909962
70974121
69058031
64186260
40112261
41553040
76366181
39323985
43926775
56183966
40707253
19523240
34625917
77184206
23825560
19087868
65355866
18595637
53983300
48708001
65837437
32022811
39295216
64679658
10223938
31793463
77456466
34979020
51269894
64846139
48732804
70572802
65042851
74112277
62826035
49481532
62665706
61540615
65686115
74845424
47489948
56806182
42426888
16319663
14538572
13794522
16446200
15824560
39476825
13679535
37400253
63769339
10530289
24142743
78799248
13512707
64899228
34370197
23320018
20309395
74860419
63651198
57530647
69458684
20870387
40083606
32303642
30596047
26675638
49739794
10445846
68582245
78970090
16935971
23047430
72809772
58613003
28621200
15050831
70641853
52165398
38726182
55270010
28594513
77160634
25171896
69335073
63929605
35533729
76811087
50323554
71352639
48732206
59068805
19848706
17746165
56520187
32819561
74839555
44967359
41564493
42945366
27678994
64423853
15667073
39833975
64703757
19999360
28079410
58465165
