15971917
31169564
59483691
56971483
40169334
45922771
20740226
23146735
65480233
12004573
47121662
24887810
26584403
58459836
35371919
16531994
59817123
12282434
34489816
64376928
32921216
11309789
68510900
10854401
71126095
63336989
23553772
40042782
48364398
63124124
54853276
42481393
52032247
15029049
13377606
75021905
61633154
60874985
36579794
45437230
46830417
76959329
66359529
19037178
64323152
76491749
61451648
21692454
70523242
30113003
48102440
12628485
68970122
30843956
14988590
60014473
22578283
30835079
21047578
42992751
54792865
51505537
54924825
42956895
70216515
45224548
57361614
65643177
59694451
61599553
48310812
59018504
20460784
17816425
51795912
16126535
77299494
61620214
15902641
51237291
72084660
11264799
28617833
43965216
56550240
40710905
78064876
17884712
49459762
29429738
36663823
38761599
58939419
64172614
45393943
53603901
25630136
40451315
73277154
26679422
70001559
44961014
21097564
31460120
36498098
13066610
37458492
75945683
44384906
34468750
77192443
23601340
26646884
13723380
27518355
40841571
51720433
55875233
21781830
48585633
31671231
56456707
49080136
56487976
71617228
17876060
44337718
43801699
23308830
15097255
41523248
34567918
53112911
77382169
59430610
37031112
35352857
30145151
30595483
79288416
30092759
60318421
51777934
41507487
11942826
30707493
13842392
15989309
14320186
25018970
14079804
77028355
79198832
25601643
18749994
40652948
27858697
62064480
71852145
57331340
75361422
24902703
68001079
47395272
28039753
12070356
68165252
51395329
40988823
75863144
46320419
71093041
31524989
73303761
68404523
54368468
72574937
34289127
18065095
33325478
47735215
62230673
24878499
59122975
62974322
32106819
14525884
19408848
49545424
50143469
44572627
60847515
62442821
12274243
74442875
32661020
21564869
41535675
62857507
38056480
43430540
20122909
70992287
15341962
75405431
38217376
61290409
62768788
22097153
35424994
56685554
51983049
30646020
72783871
32309695
60647243
12425024
45966999
67589589
27517743
26422129
26573681
19736381
16811557
58831001
13833554
51865501
60119907
41474739
48841162
28038295
17760042
34242805
69836728
24713034
50697348
35986938
20036541
23028820
49823647
13136268
78906052
73887982
35897118
52573798
69779126
73392753
62277221
77756608
24194436
18501883
35110024
69053899
78020243
42971583
33876732
48328980
65405741
11577921
52124643
16571177
52781413
48125687
33590470
57545939
30725024
61162037
10206405
53667198
31728811
52846710
41965974
74549595
69415849
22167378
62220215
66236797
24755907
14427415
63737958
42224759
41818322
42442700
22604945
62864535
16885115
76874585
40705405
73585033
53437319
78734616
77205291
69334337
21639771
78879958
54917586
76281280
77477071
67145174
32255684
54236481
28922294
32490954
41219733
16388576
50479141
67909912
32598088
12426862
33035439
23520754
69975471
57967233
46823804
28053453
39407021
78373969
73734183
57319926
31853634
32867397
48793791
62462614
49979288
21272791
30738938
20023353
27021988
52693354
32598167
36538803
70294650
63023208
59970624
73853688
28724522
73586867
53829478
74678486
71216688
77929429
17315458
33300471
10634819
32194950
62782632
63377648
78651366
42395795
42278498
70624932
38495637
77147490
11505037
11132559
46417578
12445921
72549722
23047339
70542264
41978972
10930047
73336537
45433776
27589707
11510623
67411181
23799694
16778418
36810803
62877088
53512873
37964693
76024593
18940307
12946096
66899486
19366908
67503740
35901459
50856358
22713133
74328053
74436375
12889739
47683746
72729919
59319259
46363005
13141803
58169802
72609427
56813182
72858687
73602781
24053085
60438916
44618402
33904157
22343790
40465864
28974623
39679436
23987667
35633027
19663088
49137964
79222924
73973389
20606721
66050628
35801236
56810451
15561374
15393941
10970290
38752243
11380011
75112988
78369057
43769239
76806706
49631605
38617090
64957585
47855368
30440879
36264686
20219647
63765764
29194686
25122635
19967055
19609882
64435756
40859177
30976387
17503727
53518150
56829503
64177706
52004613
35322866
51174667
22819221
62338155
18085099
48599627
58202203
20903818
15678694
22071617
53074864
48802849
45561382
21343522
59954364
73591640
44489436
71562734
27597756
52347715
11651021
30299346
60816156
45842697
78341097
23221307
77161125
64696302
35313621
19923983
50150731
66585651
48167366
22096341
54448478
28510682
63112095
61819201
18568739
55135549
35855057
38145466
12302501
47414349
34229905
39522576
14205300
55306535
11955975
46128033
69459617
30977040
19582363
11075233
58883052
67482370
75946729
29978841
32374143
59279296
30138413
14587311
15418883
34329866
21735771
73927084
42977235
26944403
37326908
75475411
73758018
12690882
37091374
56117865
32927591
27278062
15131564
17707072
37731930
33086281
12386582
72394836
79070695
60220660
28208381
71268734
41881639
59171941
21081776
45189591
43514998
17355514
65451810
12336019
70926742
41756412
45570175
52681817
19688784
73085629
19245672
16144885
46854689
27641388
53354870
61190471
38828181
39363537
73584529
73791343
73891969
67802415
16953543
73595324
40843324
29034684
68911504
39007997
40243834
50123764
26100429
74263535
43639929
28984961
40744275
52459505
33472861
75827576
32126489
48770719
23390283
23576096
30151492
76611658
10565018
36685047
43984320
25111640
57955272
71474008
48862341
61178017
35397910
34668337
21862149
62382836
12481463
67612498
24864275
13472177
59243896
74491683
26816009
32266548
10611641
21831600
28949203
39374396
14964909
65613972
75019126
74299313
28488791
76913907
36874330
12761497
79284647
56847875
69618656
26645187
20756344
12446282
66412175
14776720
38435787
77953033
51317724
16697721
63409191
47422904
12451760
66443720
56745088
57439925
22850426
59751432
52375453
61424432
51041333
39563361
10460461
25963702
31510344
25502300
11267924
16663670
18895421
18493547
47784442
22111837
48010495
59538726
67227699
76941728
37038807
34475637
49317685
50655135
11808899
74892485
35815785
52732021
18237261
51573040
36278713
42080933
42763066
11259502
74097656
58186963
69106527
58059323
32370523
12523544
78117052
19376299
26079527
54454440
12398266
62663480
36877520
78368896
17193984
27514740
48072959
55582999
36137129
12729251
12531105
32766236
42833568
42817005
50476617
71338834
56000332
69043184
62589776
41018532
32741626
41855422
26400019
18893988
26341936
66205054
40967356
67335470
12327309
68447528
57079502
72855488
51716384
33650255
57103750
77182071
77931391
77657858
22943445
35022329
24791354
25620399
45763839
45623424
45233818
11825738
56571673
57506600
67790625
28471663
54136266
62173460
15049953
26620983
50079749
65710576
29037635
64136476
37085664
22294153
30899846
70264630
54942922
30344020
17991628
36007655
42102985
75522954
50284328
77363102
66457419
79261573
54545685
70580519
11941630
44535440
57061873
75879670
59100890
15451993
37144559
27005914
20742918
33020983
14844300
65931525
77846192
28941676
35438646
38683540
34834265
30431817
20390657
19250008
59525936
22255747
17911716
53117420
33132100
72000629
13309436
24325222
15173509
40074998
51258661
18377230
72910248
12434778
45988847
26187827
29783066
42811727
43845277
12806847
30642585
14727646
75319675
76872978
36259995
57571383
44550752
32289651
19463256
11585161
21277050
58382166
16106928
22253226
46057413
30278825
32947631
36605350
66246218
44085598
32690534
52866595
76983968
27381598
78369454
76459625
70466132
64987832
13665871
15719380
21845351
10062173
33110604
35896334
62071762
64850931
23863086
65603381
43823472
14995246
61333786
79618539
33570788
43445025
58779356
35943395
72698264
64270007
77996086
16818442
69113883
39595603
21600079
13109285
52239127
27689900
18725973
75280433
62543434
21071412
20460441
55967312
48828768
25970307
32094033
48852227
75720094
65031565
62653181
36763294
45735693
78683010
37279848
74909935
55649568
43792918
78768325
67995555
36182514
17278064
31316286
57379260
74188306
53273661
52535528
21021084
61425579
23662780
36966807
67695447
67562975
53488503
42093637
25251415
67550242
39115520
29298937
60328209
65177590
21272170
21385404
44338030
26853834
41575565
57390037
51041200
68011207
77644510
19713347
10432351
69498270
59261772
61930191
35596293
56304385
63956627
29744896
49221604
73656746
11707377
52128454
33792495
63026754
23898610
62015495
27503393
19324480
43266283
58412673
39687298
75453501
46036749
42483760
24694654
79235017
15244283
73667698
51167410
20956956
74569004
25494579
76561813
75318009
26871168
28386894
27242840
33040080
58993118
26080240
32527378
24358109
15944857
70944569
53580424
57919308
60098118
41991815
65568005
61497051
29524685
72292452
77472099
33957369
78866965
50573880
53939204
41726879
56345263
37456276
63075081
52174186
12263462
52566332
21311123
60593234
79898824
56670037
71291890
42856046
64414417
71095152
55988582
17897046
67388094
49877738
11234374
31639582
73421506
50954576
39675583
49410492
57198717
78624061
24740299
26610626
39741274
15871037
50228553
36698199
52312711
66352107
16185928
44206067
68765349
43165000
46664914
10013988
38392970
69710001
69766615
72589770
62172426
71033803
39483842
16009705
24456295
15694414
45795384
77462647
10130711
68483103
18382783
59696492
13755531
47216656
48468205
33271992
55630449
33083768
61448166
46980408
73045694
53361178
14898873
14930910
53678063
34616164
56269842
37258700
71935311
23656258
63915557
29727745
36925702
63734538
76298355
36300831
52653541
20749170
52644010
43922748
14079341
56357538
69094910
41149731
35338739
75232588
46639170
59588675
13115919
28539654
53133330
37230741
56272569
44419195
33606871
21843129
63956156
63735980
11949618
58751667
36724645
38245427
69217224
37852414
40358860
43322900
73240740
54498885
48607637
52360603
22313038
33473356
32755977
22042670
50475602
41852005
26245352
32372929
23445618
68674765
44919099
60202327
11765248
68595919
77194670
66899603
39621854
39996985
40120545
26768775
58350130
78474194
19580126
55674070
39225193
10402902
22687939
17939916
34795235
17983215
28129452
19667247
19027546
10798747
11856713
48709365
19554722
26005586
64674541
39694840
51888020
51740902
29963492
27761613
21071241
73182536
21853231
35936996
25897746
35092017
57783262
53004546
39335853
14432577
25638530
45448311
23723327
67909129
31069158
25706616
21689006
22737120
73266285
43576387
42061763
13433286
44242875
20712280
52312012
36905727
39179273
72526229
29621323
67908265
29142251
74652293
62593235
41634645
77401566
11712708
75612337
39844231
10522596
49874185
72843624
55508833
49618959
66220227
66307876
64523450
38110480
31909726
77507695
50061302
62134666
57529497
54633000
51635496
74184871
20515002
30400731
53450113
39965402
39764775
70261453
56373333
55846144
22913414
52100066
72090682
40530671
50672315
39001950
35815800
41847513
69367793
21121655
59809031
35423020
56306834
75704060
27801979
36082474
60783693
67224422
27192671
24108622
17746243
13007174
54181034
23535116
68026772
70015906
79096836
41454945
60254170
19143759
57329226
11041406
33264517
70250681
64912175
46365938
44387993
22103500
19470416
65246941
54697866
29808424
61704974
26293184
69712520
47281578
29643717
34584670
47283525
30946246
55825820
22687091
13436233
65670794
28851194
35539582
32486870
55752565
43227631
67175516
63701308
12739829
47543343
25602931
29133515
64558118
73875064
42471466
23906848
15322807
51811846
11745513
14345571
74311102
55153772
16555749
69230910
23989819
56026615
11863274
15820784
45781060
42794056
75141263
68344734
73284643
37962471
32369358
56292504
78429746
66236250
73956513
11283893
25746366
25472921
56961224
12647651
59048870
58764286
45023830
41176461
30008186
73744089
76656418
33007285
21614568
28964411
59291038
63170914
22007179
25841359
21141525
46962130
35570590
72043671
66951700
43732302
15238112
58570270
27395053
34551453
75482236
70935486
36629983
69213603
20665524
22128326
24995329
27034746
44614481
16702667
60502271
47377677
33148145
77132622
72520626
43055654
27375574
57744397
74930993
56129873
19682338
25915188
46323755
76763376
77895984
17125629
63088483
61111381
24742147
67461579
59979932
24425652
11017765
42040871
66762386
60414163
16681704
15934066
26711995
50189019
71695078
27087151
25004669
49794355
35247420
20721141
39329825
17098716
29767774
27062620
42682041
60595138
30144351
14702028
54270477
55067519
23302262
63198683
31940263
50612110
64294808
56044813
68517599
20943019
29622023
42290555
74075833
38204819
21725642
49015549
58603397
37555980
53438145
69574813
53701330
46333796
73143538
26069852
40226803
67947018
36019088
39872971
43131628
41615762
47513391
18472004
15086853
52399717
58817921
51680537
44397283
31643799
77052379
44521045
26167625
70789987
51104534
17498989
68685409
42929672
16555660
20901643
57384288
17347721
33452639
48234488
30793468
21711521
37091734
36914970
10721105
46495676
24544302
69100091
73788718
52744721
72570608
41597416
61524751
66180607
35755134
13003038
74326510
67466252
70387229
45087954
56207690
26311994
31087435
49774547
67146324
71114708
56248211
23751670
34920067
62507842
18386052
65980481
37083775
28256928
17442044
77114241
20773815
79425021
62244009
60153459
71049257
28854506
55189408
53849086
67867193
68656628
12597202
73683344
34126240
33261365
11244329
49280905
69620017
19539955
55537991
51934078
22973151
16788371
60761868
57030351
56164741
42484478
76520990
19690172
10412998
41380790
42659943
48607325
27818452
60098869
66423189
74660972
59049727
15689595
60902787
27693124
64381141
40700609
64627070
19653925
31063284
14013816
40610196
20440583
69062867
15277038
33402121
51377450
37673433
13021207
25355086
10039914
55783040
71549342
12810991
65287323
39229568
51246492
23648855
66983570
14778012
37397244
79531661
40328835
10458168
77989486
77473476
51156825
44309335
78735638
28509713
38731852
34946198
78778917
53269064
42485963
10338203
25558703
65110826
30975092
16785562
52332407
18662839
26303745
55590428
53310447
55298360
54705277
30807961
13601080
75353481
11862958
39103493
13527348
72024848
75974401
59908090
75934855
79679396
60959425
36531787
17489045
14658989
61899492
16335213
65596659
73619623
72383787
14429679
45498157
51730105
74686534
48943736
27607812
26808321
78175276
34430870
68996954
21853112
36822107
78203474
24510208
49069807
21519054
31868442
40690317
77669354
29535876
25475193
61356857
20626705
41105129
79998387
41215000
44980792
38588580
44846424
61304675
44018709
16650373
22843437
66821436
35993672
48610118
57019382
17685064
33684742
33926613
56180302
19346149
45770214
79808833
41067472
40338048
46766105
26326905
66233671
13184517
59859463
59931727
58555094
53107023
66472115
29873930
60150085
42058825
19192163
20824503
75261296
76550368
11527166
10704101
23001482
21802345
10766535
21296035
48616975
14578764
30160314
25800390
62813969
48081608
10152744
57168882
31984670
65810002
49754656
56269579
64507236
24317013
28765617
34366879
23029145
70372940
72476229
11683273
45177396
79258673
32094657
33157733
17483995
67720544
32354086
33156139
22267390
71729290
76244109
12173922
55737204
63897542
64757554
53909404
74561987
62357770
40755191
65422657
19081940
36212288
60540324
69976019
42011496
35297480
56451888
70726996
63405809
49122072
60992604
16962729
33552350
76035725
24678867
51143602
65189318
25923500
16655284
27320963
74188882
30452450
68519529
77230454
37215061
48091388
65978953
39258167
39725016
60481532
32110146
23505639
21834335
76741972
37110442
49058992
67574309
31805253
68044373
70251289
16433404
44499402
43083877
54667054
35743575
22115054
10792866
13357170
56165476
58553810
52596579
72262970
71222682
72054869
43039179
15846434
34162262
32292047
41616271
42207382
17142101
33105237
22457401
74069041
38366651
78842935
15832207
66122363
51935533
22927489
67998573
44801613
36976664
12981516
79499576
49022713
19003503
16770261
31179841
60143666
65576482
30169528
16641362
66321208
43365756
28766562
35229759
22082407
37381394
41344906
26185829
24166809
59825469
69610005
38486482
70255551
56172552
19000887
40000468
73674081
60878339
67647980
21367139
23513063
28348411
49649097
62882549
31902275
53130750
20030642
35054885
45602709
12076305
58990142
41314815
16246889
25870877
64880910
45282991
25335091
66842786
73322658
18937496
71630029
26368848
60745625
56830532
30274792
41151676
37676638
23024519
63869785
55897672
53279203
71808073
67972768
29516895
14710117
71029879
49986216
24123138
20690468
49654022
34180974
10489219
17730975
32308125
11852437
25289791
53053797
67387374
15450201
16323775
11881281
27287831
48053273
16974602
65621447
35438777
78247976
73699695
53871947
75333580
36684260
45552612
18627810
77890445
68927281
34827480
30450640
45378592
73944350
12838951
61451990
19263380
48165492
65522159
22063754
19293640
74260602
52153323
12792823
34602046
33107043
18512117
48047314
70392846
28788042
36934593
62959097
52442808
71459908
14479566
17238104
23269938
25617179
75789077
25767685
39216524
29774941
14922103
66037868
76983660
19413874
51303660
36509214
52588895
60984992
75806008
40954951
18246603
79212036
48918025
44724586
46999613
73638655
36150032
21308157
46212865
65402093
56714215
58461224
19382131
32033719
64683649
38732724
12127763
35745788
22219102
63411100
51148981
35158308
55839668
37313546
37430521
38684678
47772129
23742991
16761465
25715706
66912191
35297349
32269895
38909045
70784509
23223250
29306016
45984176
26758417
31913039
57527461
14650694
29255920
69903631
34219127
66008448
44117395
31970500
58032482
17729371
64411397
24224021
74513653
32410672
14305055
25295390
36245265
73242274
78639233
21739354
19292467
19603937
77700215
15528949
36296930
79656727
20758660
17777727
21973729
17892432
45153245
66190247
53147715
40208064
37266489
55408741
62282821
55069427
26968271
76664485
57486188
15246600
50988866
23060697
40790599
48877700
20466695
62229153
44781901
50750868
11032146
61420881
43828851
21431634
12912164
49283980
10019975
50751935
13502270
28072177
28562726
13073060
76440292
49782772
67002410
16544515
57507744
30456934
61517542
10717637
51773592
50037050
66814005
50993727
31531892
12441956
48647177
30231999
39131624
56609463
31483090
69367502
23529915
79185648
13191281
64631238
13101690
21574785
38530692
30722074
12955813
15680048
38362259
32719354
76920495
27784909
69402816
55848682
51447011
68949406
41622429
44035974
59563991
48837812
40521781
24481469
63314000
29675908
40189665
75839324
36855474
33610162
56778646
65380069
78361908
46017046
21683088
53191788
71967749
25433619
24152986
19610956
41878381
52914788
47222233
27350472
20658794
30300367
17771862
34546845
50416288
70432672
55664194
72577438
12592884
25153143
57142249
15609569
71895550
74530145
72110152
41721788
20242313
21060026
76742799
58763064
19997134
13958346
28692374
32968833
27468712
63700422
28125609
43973985
44166899
77086229
46937494
64171307
13388987
61976946
36748057
68007215
29641000
17391062
48899029
21582031
16636900
42717282
57979978
52844057
50021421
45644813
43774826
25863402
63847025
28194423
10319395
22859677
77743415
60418540
21259963
17040547
63885452
45221649
40275177
56483120
40950772
25775605
13711416
11333016
56074896
26751458
37852208
28683783
33732952
45997104
35815653
59022921
49483446
68092197
31403606
77675036
37044462
22830502
59451447
45609010
56689931
43764607
25730808
24609552
63735070
16136913
47463169
67590108
39463386
37793832
62397784
62860656
19995903
60134475
14713996
37507604
14672475
72333134
36572335
34812838
50135852
28123960
70379450
23868489
53319122
67829848
17763631
22495708
15319596
74715580
59071741
48749574
73310918
27025055
58891856
75111662
18762784
72486678
70854128
55027501
31740613
28058194
70075991
26928952
78111580
41592830
74580923
72632464
76698025
59006294
54091361
56023415
45207765
37877012
30307352
14636615
13151765
10589265
45410395
22240458
13398014
56268447
18687519
63970264
14186442
75270321
37093734
12872920
32877604
64600880
46053069
73216702
77278350
44647162
23418584
76076983
33992979
12499523
25799953
70281217
79552008
39306506
79857734
11199438
65329577
62844578
21658070
30738044
22173332
20864545
37027444
57412331
24891282
16059649
75823799
50073141
58339711
72122071
31695323
22882547
68262247
26461932
61071418
33379299
32317172
13361164
15102918
18353531
47553133
15151380
78296349
42098901
48801458
12549465
69969549
13559725
41159226
29339800
48388277
19113908
53134831
68744718
13998600
79798809
31550220
31962624
47843689
19041338
50845705
19337356
46427220
20993784
15059859
67434128
64262540
26967744
53694018
32374183
21218430
48333784
61078120
22918549
54306146
70267119
76538866
51037434
43829235
18550399
38261280
41709983
29923832
65444417
66192225
13280817
33757399
63495375
25095836
79382537
50449834
25250236
10124620
78026193
61418213
21002770
55968896
35445905
21675579
52283529
52337956
53046097
18746597
29723128
70097859
63735291
72511224
10653201
32095000
55822914
10277402
21772395
28430553
57468556
58533665
37319922
36169896
65689226
62272016
56401902
20464802
55884645
47777864
21473704
63310043
55125791
11212668
47384846
46620233
10926153
31860781
55197068
75570328
26738470
74702542
52268974
19892500
77336023
76082207
34513393
14816723
38372015
18549111
52947391
53681588
44027637
45377723
30636153
46579481
35036145
59054753
49390065
75282182
42499509
14199028
37097935
26040196
22239065
56808624
45725732
34913870
46651223
17845484
42617324
68841976
47358185
31369156
79064558
75214409
11973105
51564073
42013626
24393994
76724672
46096002
10501946
14804781
20416371
52515472
21760572
10716586
69272987
13290840
21625194
64520537
51444547
40157224
59967061
67034390
16895017
73598281
55181921
73535053
39365897
19292859
78828645
74460912
12488809
55908279
25219698
23380465
31472299
61477488
78983162
71547494
31873873
38982983
41388557
31408325
10112743
49507304
70112663
19962040
53509233
37701396
33892956
20517937
46125662
23695885
77172294
51827360
50385205
56602556
71297529
22217339
53591068
50714707
65295226
58510217
35508062
61172477
69038420
33459254
33258307
52760586
12558038
52266741
74121358
77996930
61407061
25384941
29217231
59478914
24114100
73818776
20918582
72450578
55886690
26795132
62634204
42127774
58633258
45460945
70613434
49660183
14391195
77027498
48126125
29455855
35092503
30711861
18184018
63992557
35777567
19093834
44848220
64123464
29074479
55026941
34918921
75395643
20526678
31089129
47519910
62015779
37145542
50174941
77349850
35019961
68335958
23335094
79754712
64847910
21996204
31335478
73265566
15336559
72311366
25295582
57330320
69048991
73644666
11157982
20276059
68045431
65179561
76963999
69685452
66935504
39169235
49338535
45563680
44792168
59723300
69979663
45526326
77689971
69288354
64885691
69296003
41351767
43930900
44857977
50898879
68853919
34384289
75955922
10308748
30144060
64502456
39465312
47125994
42119454
43074629
50272310
72762710
13653639
12748976
48743214
72627901
49619669
17272505
28321323
28723941
45269986
27555896
79994079
19304735
47400480
67489787
61971834
49899912
48269989
62509003
17572256
44244881
13231575
27387664
50003438
66430329
41956081
18043056
57140140
42639806
21041570
18894167
35892799
47228166
47694286
60671631
62212869
57143700
55499393
32957684
37259346
47269691
57441398
13840059
45707680
12684120
51006380
68726029
75401342
44781575
61784850
45450835
48608006
65468677
42543425
57338123
26379825
73413069
72596615
53041300
64617693
77727025
20132234
57744531
77041324
28820984
37209557
32043750
73498209
63893302
24442875
19837865
71336580
25787068
15073236
51213871
41095938
62237105
60056693
21853235
74479372
19748140
35472277
76333041
16744856
59728917
38881052
46887152
38278441
42495347
48952506
77983843
42883185
35374706
15879136
55465051
50868427
21925773
42035311
16297428
11285093
54361939
32852699
43853522
17513424
62462465
32322464
18890911
78366637
68506066
34613770
36444894
27732918
78046375
74805851
55170289
26233859
45867368
18824987
26776242
62846551
76026174
66153435
44952988
57233056
24672195
26248874
14469205
33304054
64842329
67885133
30299424
46890691
20828651
39156082
35556874
60317255
46265713
61977519
43447249
55567938
25418880
25633447
77925083
34455932
12656553
23920211
59571168
65298000
74542329
76827327
36740984
15675228
28243267
36526650
70176994
69011517
78191719
58327258
35759168
35062580
29647411
27472551
56051283
11193312
62095840
23524545
56859266
23867162
67310427
49966784
54772127
69658300
51618270
75737043
71348487
72794098
55254626
70605150
51358554
55117474
59872982
26388924
67406057
39183762
17820404
33629258
28459748
56184131
51838567
76674911
71522494
49386534
73012837
15156428
23841570
32497526
28494746
64624041
60951646
57156907
52002687
68106421
55233881
59651025
37965612
32897945
19925949
59271347
39572411
39929546
62879856
43692215
50761423
19459825
36882170
70584554
15555468
12207081
11092574
75604417
17264667
69999964
26452200
15517340
17708447
15301039
22010276
24047026
20932760
25507196
73475527
72487548
51640271
45525207
23729071
72435017
69271471
19547656
29920901
30823194
17600473
32126574
25421549
66779840
78034444
51448407
23230641
57167448
54175584
60737157
49270344
52446599
21993305
47682108
32620326
56350600
32398794
64466701
47876019
13153759
68373388
47443934
15576307
27302504
73653556
67600415
52593014
45215918
45569565
50147523
23532441
46427661
39611706
29342211
48679487
39093444
31828151
68838035
12457208
72274473
71541864
61312948
17845570
10506616
17157479
27073716
64682435
50516890
18783946
58249030
39111146
26395675
34624360
68698116
41733082
39446618
68365900
42358413
61093920
34629822
35437218
56356508
10021480
22152374
12866558
61118929
37077958
74137376
25589834
46253467
29198113
16508594
47514201
65147909
65090535
18640901
27332701
47678732
15655316
20921565
55921293
31809028
34541619
17655793
41236910
27410073
47759165
42863164
45137005
65592254
35631320
16533772
27991819
54151800
15459244
13407305
64457131
52339568
32781841
42439902
13129415
11264158
30749677
20942721
39286322
54101380
62195995
42239772
60363156
32002055
42848963
24925570
65970302
10267376
73590489
22639433
45865118
48165299
12386634
13758441
39952568
16803288
54131723
59775061
21645455
38983685
24652320
49691386
20811861
28706665
56469068
78340402
32138264
74421274
56350299
67876662
65556218
63521862
74112274
45191169
31048264
65183543
64701710
36122072
14901009
59088450
13792178
41775800
11077662
44371300
35500541
61391439
75148964
73566435
58721954
79012495
54076195
36282100
19502037
40059239
62814133
33673227
63693943
34214217
28778897
64943021
79708235
37167476
13051642
71675504
40965217
41973136
77005573
61980918
33365887
17305005
20444120
76893338
57588143
22104375
32171334
41121879
39074025
26684013
61646932
63226457
67914944
26990343
36544429
49877251
19439073
43380643
40672568
14361540
27722465
69498305
76269587
67850617
53513311
43505394
67734957
22735738
34052661
23458434
49936330
72112373
42283217
13609496
52092073
61671261
55468853
74706527
31337415
63311473
33707973
63241635
34379232
17919300
49017083
44700006
58084869
46399340
21678026
77413519
52880953
49029988
35236389
68927668
62799790
50868806
77670086
25608868
25070015
45104217
67098864
74555444
26484005
49780584
65074928
22522742
43979205
46080552
31310541
23211417
22283926
70865735
69210557
63947406
38737625
24528982
75072525
29690290
25085772
48673593
68418459
68569055
36551938
35897255
26758940
67568938
55599723
77387818
62722731
33570342
40402636
55398420
10418454
76474684
67743855
39091423
27697872
20164082
36453663
39941762
72844090
42448726
25719973
32855166
28906691
41418530
29102176
12050273
67698029
46742545
75500966
26221215
57308489
13649945
59280362
59997421
78157993
50744522
19747070
45145745
28265599
32047024
37461055
46111124
60414987
57837390
64587180
43651219
24849198
50479440
41855721
57282925
14435558
45144260
38044512
37525778
74988319
33518922
68939279
52172719
51155453
14336911
65598500
46940692
53644858
58473547
53247458
56877408
76318122
36639182
70685160
78221046
32292372
35149091
18476053
49048715
22240993
34855201
43438272
48732592
29017079
43129913
58975573
22378260
71999766
61653126
62847921
44624618
29293649
12808087
64765283
37985824
10616283
59479220
15633839
41637212
66416525
76277332
69530061
77119048
58268400
31650026
53187626
62299351
26576206
32111265
40883840
17239573
78575838
60571214
79565121
32856845
58917415
75970477
74731304
65675872
37994171
55088068
34375399
26096446
19675526
38623548
69899625
49863926
28884923
58870743
51191685
54291258
24059967
44413578
65126502
30806711
37524316
38564134
39778381
70786229
48940175
60323425
27711125
58956280
10923915
41071275
61564383
31737069
25951838
32614042
77368335
55529601
44024948
25354394
74808430
41635686
75609170
63322925
38493148
77373209
25797316
47074775
54844361
28757201
30807548
10882636
59764233
69317640
51884048
10914169
35139129
55624721
44982029
67466084
65185711
61051191
50671182
22021958
12855491
75418899
21513550
21363741
42169325
10092384
74152099
48476675
53072973
72701531
65793109
47516580
63012549
24661897
23279481
74505137
55289773
13254243
66554280
14998678
55958767
14094604
72646116
78966812
38048422
23834420
77499722
44159793
49014949
24709360
54107256
50113787
79541488
70288958
31680724
40833086
45897168
45295941
26311666
25373208
58260379
66881248
12005941
67993517
74254456
61576443
73456527
72856205
45423973
69088134
23596521
52101490
57962018
48256793
35113171
37849991
70140007
62859005
78528462
45400375
62086647
46001946
44019192
16093844
74258159
54429892
58530720
56383501
61497058
43470161
35171434
37258606
53873820
58230470
31691559
75006054
34302906
66838243
69161726
41426435
68510651
35107654
19322482
19422148
53806243
35819403
56351935
67941181
55154146
46574295
77663845
56440690
49344443
13268856
43868980
40693323
70200984
64761566
66427538
27447390
13916498
47863047
45875266
33168260
35389829
51878259
53222812
78164712
66833753
54944086
42435775
60855552
51264819
43081278
24324091
56174162
53783907
16674102
20489002
60549088
50775192
11111382
65695709
35630958
34960307
26560863
32668140
25408369
71637532
30826807
21067146
73140382
37632150
74431506
28247567
49447587
14672672
76371733
57798321
78675741
41597704
64589123
24089678
36560523
35577187
77686322
10816457
31396907
54501197
71489690
27582906
66044802
53263495
37332788
20761717
39591864
48998360
39800494
17230944
43752125
51058903
52863292
72935015
70249611
19490676
33392405
73777318
40215874
61388074
12435351
39389132
57756878
63649735
66691125
36404417
70461265
20089995
29888044
37769334
51585297
46448917
24158899
16193889
45419020
72880773
78013890
17995430
22978192
48811669
74536352
40546572
46675582
39606523
33834889
43596760
19492161
26125176
17764027
63530807
74276619
28252249
65695798
17861158
17393919
57017227
56320345
20895443
20863334
73369565
25065349
65470275
33312677
24551838
74339192
15238265
75212288
23125398
43758790
16753740
48846870
69325213
30787858
55805720
38442661
49044858
71478942
38188404
49387142
51178550
62438863
48217863
57223808
22495481
54523134
18150554
71491397
41547281
55055264
27878920
73847561
37796692
65374234
30816321
34707204
58486062
34911665
46505701
49951340
30787778
34266860
37668954
42204570
45716813
55822519
68870056
79802302
48137996
64610136
78565320
77950551
21099085
37533182
29402380
49723356
72917057
77104824
18872957
44234054
20437499
28595213
29188457
13249038
40116864
53847350
55643358
34961929
46040460
49308973
38196148
41084977
60640649
68058309
28024312
18204858
58864923
26351648
20146876
58010152
65610358
23413046
23675709
46470981
75277175
68116320
39664194
49251900
12602992
35650370
72632767
42152549
76661926
21704225
38243813
12960849
21290450
72187053
37209458
28779931
20897933
36668999
24006525
36604980
31432113
57278355
63225427
64860158
77052423
54021037
74671463
57577382
10709460
43363980
10655438
55073972
65725767
71277620
77559207
61272430
45108364
12030241
76983515
13930378
35095284
77720900
69703890
43827035
42176623
51092965
24546921
13402577
79284782
64106020
39309019
24565295
56157740
70385515
26994143
18592365
29527783
38284544
19057615
61558016
17835050
19292405
45736946
34163695
12572566
21054018
67349241
76534917
58158458
35078219
79161849
26870086
46318797
75004097
29033736
55206752
44071108
77254152
68163995
11231037
43707922
40038641
52288654
48795141
31627773
59226829
14750851
29613000
56384433
30920413
62154653
10955872
79935142
11086782
57370887
41631780
57033974
79466566
61801655
51870454
54209323
75930260
59290937
59963042
47151663
54106403
55746178
70758466
64479154
60769863
12297052
68233879
78825294
16615230
67903469
37780318
75492201
31736919
15636494
54214488
10699698
44311750
49247692
71377655
16305917
21353823
33896948
50941179
41319923
71941636
29840260
18860148
69955471
39432717
79729619
32755310
51595537
59993692
37689935
57020168
57379731
62589148
44742320
32108803
50713781
71728865
40033528
13662056
19171877
41376839
33386260
21614082
72297271
18322632
49204347
12077135
32828539
19226402
56539182
53624168
49697662
15554201
41707133
56332041
20037011
40969237
37411084
21825477
62598500
40394954
31357953
35722890
12105980
31705235
53412664
66861682
35445874
68828624
54198031
18791121
15253242
47084506
33004116
73668656
32040244
77049966
12573926
10189610
27894254
28817912
35240132
73870437
29406510
67036827
14863882
73025961
45395061
19991800
32673043
62747712
13526270
70154839
14876404
67728596
65887104
22788725
71886720
36496609
50804278
61811890
57987439
37668313
51250378
55849315
47100115
79752615
55250900
65632162
31001223
73652189
31929021
69757071
55006865
53205969
48285397
31393424
73224287
57258508
16285087
24296244
72925980
65176403
21056986
18124191
47145850
37901978
68885913
23028038
54274953
70193601
71275883
34863289
56460586
59391132
12267083
22368193
20428671
63111959
35940061
54534751
45912476
53415472
73313757
78350655
71925289
62607017
77206032
75836473
16072972
28211296
30609090
19924639
42432810
59593092
41037426
14366665
37609286
38518564
23134815
12836565
40819030
56000633
38869551
73708252
23820357
78682656
74955878
17223322
76585506
38470489
71341422
56394107
30013458
40684241
38300250
56865404
68939770
42473224
33682059
46002489
10724617
77041257
35035679
76812982
52334927
14497283
79310365
22527806
51759421
70928685
42772092
14071078
52875260
28923025
58055653
57829160
38811781
74398825
40580285
45644875
32969183
78599526
24017324
17381365
54914384
67698867
19522226
31578741
61682424
28668415
58265407
50603381
49927301
26812185
67920798
78972114
25583477
19188180
29241368
23338478
51276004
62805614
57270522
20584650
19728137
62480514
42596956
34239200
50295654
43764049
28366589
38392814
65268698
44908524
38131778
65331980
45481187
16462065
20111277
58778613
47591434
49929851
30272230
20575251
63310900
78082988
21492649
12785578
34538991
32864606
12199295
30040784
29613980
26549833
65599083
20007469
49288590
60611168
11797696
29742458
49854329
67351698
27050269
43420355
76527837
18402141
30680260
50386132
62996737
67741263
27316631
67291671
74121548
12022063
75135495
39608299
35736930
54762015
11661426
30877609
23354988
54450077
34491091
21193831
15072265
26794512
69579251
33194716
23305297
20921186
41811754
34264000
46173779
71170193
35729858
57034091
57185853
11837014
24792581
20841136
57839256
38398978
75082154
15093043
51303438
45349720
21471530
41239475
72984564
56050179
42552137
38079451
48522840
44465354
27601185
22580666
44833749
69955138
31895608
41484291
18684647
36657842
25705434
13424773
41796697
54648787
68587599
78443900
24215791
11706989
54784048
73257454
67821199
12301721
73508172
71893325
33698506
38101579
16254985
59412450
31126289
34285274
59667908
57274607
11359170
70107658
62096075
11883270
67533749
54797392
67200979
59164696
77952945
19080391
28847413
41784952
11197320
16969437
78081931
68559234
46266391
21761736
35217286
55074398
53729607
40065799
30558028
59342607
74682634
49179708
48692741
58718894
50574844
51776461
28420532
71292741
50716405
49146335
14450338
67239278
48818019
72746011
56408773
18471288
39791468
11864797
55828311
73461397
73076726
79267484
67084454
55500401
14614698
51424575
66981742
52643387
33339400
47011093
34898034
71841265
58621720
26542957
27010818
25077139
68181239
70180246
21726021
16921870
69639129
63538940
71831363
79607858
19240407
48661654
29592946
63998538
77786122
20438584
59257636
56963556
20478777
40522485
41070548
37336211
52411427
68613444
42044147
30927397
67564635
48357696
70580345
17560046
16812325
31620149
17163759
52549131
47116149
77366294
22993327
61755419
73332263
59102292
39051872
55127083
42571663
56399270
52131602
68542482
51238288
31911925
58280523
65589472
75523473
20817998
34726639
77798300
31530017
79057171
54798326
27271212
71651656
24664670
56356706
32253136
71037850
11315619
31562326
79160602
36100176
22516833
42009074
41109850
17990171
54853201
45059905
41169425
14631014
77397219
44955434
47316408
41945776
35631858
52799020
64920324
27290167
74360775
19547987
31624391
66531816
68459754
31454919
16319879
51116788
66668893
19300403
63587727
48098134
75489066
15596304
53828758
21883286
12578506
27681357
60864024
77961315
41885499
50350714
69116420
79548303
64788073
69769790
43517806
74707681
42494121
16800989
67497094
21224165
18161303
35438072
63280893
32725639
73806825
59072439
62541588
55268701
32451955
77394037
60843462
61773711
14625142
17821230
52666514
45600316
71243024
25166993
72282920
33895781
18918287
50318531
12115841
39884079
27872021
15683265
18821188
55480857
66022324
59993110
37410930
79407726
49030058
39152986
54339051
74676463
25853105
79478334
51023048
64076802
52688877
27783010
36794073
43675211
72659893
78818229
27197072
34934951
10882746
69892718
40512047
70009290
50405105
64231508
77449847
50745984
19358010
62683182
53792516
62105663
13040553
25538527
32526873
53653615
11890672
31899859
53231028
34765386
51879247
42264879
39321155
79827320
44875003
77927636
66660829
37448022
24203715
23729804
34540613
55990404
20027305
27964940
48073941
29637882
30176337
67051258
74280344
28235950
51948108
49410665
47662006
45117071
51910662
26939094
11973963
41792723
10487555
26305405
71998714
59237284
30597434
23520051
47131980
31985665
34935819
74496512
13604851
53019338
74575164
59904751
51477070
52203764
74363853
35235079
43270265
75302090
24863863
34066820
68326558
43278346
30485206
41877483
70257216
56151946
56371975
32451803
21609432
72031116
68196790
38031261
74995086
35302219
34129848
20774277
28594393
79853569
23628777
78287725
79475111
14560120
12022470
45174071
34104195
12779069
50391307
41906069
74932502
46810341
52058750
10278813
24729951
58556975
24105660
37699965
75467157
24195432
16848455
55133208
54923650
47427154
41253684
72388609
65555942
50353505
35190722
37387458
74193525
38992474
12340758
74693160
31461517
79384059
33738807
73687361
55958312
63961578
47677038
11182112
79321935
70997351
52185490
79469781
71993286
10905206
38315785
69142257
40493673
31024707
72915807
20258954
73961730
41880107
67156184
58739039
57411407
60941798
14767023
45673935
61599055
66545596
31892205
72266583
33549563
59061700
39912195
59205330
32077130
32500795
70886607
68917156
13486212
45040263
75856373
22992588
37561277
77504495
53627323
14349560
49937446
60415111
17693733
79493803
65699476
11578877
47712933
26666675
22219640
30715184
43435933
36475707
50268789
67457979
68051440
38920403
25046902
67580835
41782492
39822703
77391430
55494547
67387079
65418474
69621043
34416248
43023073
34659441
51304969
18629744
57490070
76540216
56656563
55453319
26939561
52991425
18785926
22089693
24804603
43083840
68088015
76534163
45347550
43944052
31614712
39632788
74948302
68080829
79998230
46215882
57956401
57636882
40873260
56244499
76527649
41600617
75842212
57744463
72998198
24481058
29510510
57832318
35244597
59187496
50533081
29135725
15370047
20639868
30708761
78637095
47527716
17901351
61702955
38171407
40049271
63634096
22320884
77536679
75921744
11330162
49767073
25787483
77888150
28069261
75895227
10826936
55095383
15866699
58185282
58100771
42734317
52201322
21433040
47643829
22946593
24685135
12764503
55273964
60558386
15691506
32494231
30011007
39814381
57526553
19730463
13561447
42563079
72131342
42020130
79326727
52128250
64500388
53753140
65836677
20591288
49288879
71657495
30564074
64344613
62868266
61283649
24370267
43426208
50129528
70307011
62144475
32940998
49717761
36716051
38682085
65011157
16140487
63418427
30505369
73833972
35481912
79617739
76801198
74096823
76295013
29463520
79579151
57237795
59196974
74284007
38762734
15239724
66199749
12861799
36834217
39143194
38647723
46436485
58171666
58350595
32622849
26699814
67077797
45190968
44910914
17096581
59013760
10376821
63765119
45441352
48378892
52765464
27352170
70296498
64864842
52733134
27295930
75398523
58219694
45696293
78702126
27032978
65769380
77657791
33492305
16090448
75172970
52619919
46139191
34694482
51299769
27816764
39795813
38112341
73166788
16419067
64835161
64372533
67768029
37552484
30033435
32717401
34530282
43832585
62938061
70137823
48146608
27903375
55836364
34364019
38361151
30026492
58377229
68282504
61171136
24228085
50445836
53504116
40949144
25117933
62213096
22421362
44963415
72750755
18052052
61635728
39442038
64010640
70496830
13210473
12832326
69880338
15035941
71201242
79827497
51453530
74419932
72972995
61588900
29355451
29298678
55643934
20603417
40450229
17942930
21037687
19978427
31952585
56607684
56478835
15967163
38843610
45185839
54722454
68450398
47695116
68203346
21546092
18929049
45528064
16269032
38258804
42701683
44906171
36482824
52411650
10677824
14991129
17498425
49593884
27291340
69081380
50586749
58148359
63944539
55013199
61813885
12558108
76931091
59586400
11473918
63405091
44032461
44171370
78551535
55262602
46031851
65389268
65985509
70561211
51357785
63095502
28161875
74096876
43552863
21814346
40499443
20716254
57422117
41395488
16307855
63149431
69964331
29447049
46814740
65049740
59330048
72127568
52104470
62998849
26357987
27536738
66244864
17515252
31245157
73536330
28519895
11599375
53897866
25466957
62034722
16742907
77602400
56815308
46882120
38412989
32620403
41095105
32445417
45815766
67588956
10637692
60598876
30262285
27189752
68819714
60985587
72223469
64196226
55983385
53512423
21789032
60574996
44362410
20464541
58090087
72968657
54465033
68006931
41435764
19421012
37294888
22743705
61867606
24664790
64925680
26325408
63314968
75550232
45370599
27928976
75494609
64129779
79204014
17403498
74512463
50761042
42702109
48929326
63764533
70174924
16614829
65581450
75712753
47248337
49568126
55648285
30260133
21328518
27221061
70540401
12772539
61375076
67964300
16226540
44644983
47162091
68980805
73033640
77554132
63583989
37008512
26227810
22252494
13493286
27978116
14579168
78662863
76512250
79786140
68410961
11017823
14884970
60021584
76489914
24476556
64126467
17055532
44749982
28565699
25503409
35207468
72165685
27082116
70370010
37034495
49352107
58833299
38774900
56036281
11496084
31421682
38307959
63794007
15624252
10285650
56363261
41862528
78424118
44262837
25296622
51873203
46997035
14607040
19079666
44206858
53192578
20010726
11609048
64000359
60784578
73284860
61267902
29379617
66557539
28556120
27238457
32563789
53325323
54387901
42664409
50408505
34346968
67027885
10840590
58754576
74074377
47818142
26294781
13729718
59345463
27835592
52574834
44964653
58661503
77422502
74923899
12908980
50491790
73859182
48194814
14254734
32278722
31161777
32508573
44297021
77358199
55837439
38179525
49999013
13361070
29667298
78667481
75733620
49109527
26996400
22830032
53559364
68854790
16698702
50541310
78360306
49562633
73073071
74714365
44800620
11610931
18344466
39574088
21232826
18205138
79620039
13305963
76918567
71845053
61486260
79447114
14640952
69113203
61309533
10371594
56101531
75633342
66394787
31426389
11476258
54897446
57538948
67970824
70338794
36878965
38268181
38955559
10309571
18662162
59774951
41331020
61889882
57028357
37890547
20592290
10229653
52246403
50553576
39664736
22889655
17844729
69119759
70777237
49784342
69044122
45893493
41985710
72593067
64962269
55129319
64401894
12359917
12279768
35456356
24662683
25838357
55679877
76824911
58633621
56407903
75346360
32520250
73798588
42765773
30880727
11842667
76965504
76620177
55041551
30763701
68168018
38244428
59697439
51276143
17148402
40978853
68326572
55092404
44714495
22868590
37131264
57119544
14522117
63844533
79348994
36308797
26597274
11135941
63912704
73608387
14169512
45168784
23537565
43921733
32459615
30891799
58852400
48861129
64701867
64392773
32475732
76248331
20908967
30492492
56858788
25872933
24496923
47889651
46446667
27261572
57194999
11159458
19783728
29123809
50003858
52053622
73754612
56231915
62289964
15337563
24367396
58072002
79141034
32430507
72771060
24421405
17496578
50347622
23391712
39810416
32698068
26967219
69962951
60421815
29575833
71918595
36362875
73067291
19097594
49951960
78294153
58615655
35648356
34166564
54101296
69887841
75769002
66000021
59350603
23899022
74183057
54180330
68610666
47953338
38450136
51035467
22762315
55382377
34950222
39984409
77313122
55494416
31053128
39632901
47542967
58100036
57601472
47762480
61178305
26381845
43976156
55428731
37044001
73082545
27175582
79971218
35561070
48503403
11263291
69572265
58623765
37775151
32686961
24860523
13142888
60560205
29297135
13164273
19532300
42980890
50187623
66324287
14273010
20217544
72432554
69567390
44896856
35905918
15672953
37361269
78072094
64247899
76643156
13739202
38196319
22721435
63342168
16119058
35393466
61942587
56538324
76581703
38498474
38992975
79084553
67830268
45785932
52146422
16398129
40504850
32672594
25537972
34103135
34152289
56438840
13549815
43650547
74109934
37050127
74804346
21561269
51837864
37360846
71000519
11816189
55559447
73637248
52518803
47538136
71942079
61824979
23810379
64083516
57632216
26264579
50750490
23916046
19301612
14918854
29503723
32780746
75169571
74295170
58423016
16009198
45032220
57019255
50116840
68521639
20773723
50810479
74990689
79036435
67036035
19711673
22506416
37316490
59121947
43334543
28569463
16040073
71362582
18932776
37052288
28993781
12829298
57830297
78324690
45108604
78318600
15381708
62140587
26821417
57896788
74748039
16295230
66045703
23282440
25295621
26716866
69399950
34527080
27898124
28664516
12741185
31708373
21041326
15560101
30637752
72838800
21949053
28584117
15744748
21538919
40147318
56442029
55745374
23066880
64393073
67865171
74359658
19866135
26396093
46974393
64178324
12683045
54627356
53339420
46173190
68353402
43139029
70538043
13937158
41160353
70306705
33683341
63820885
50506323
13244000
32516154
10231443
29874600
48170536
30918542
24458118
45383849
54810193
44401068
69927768
27141379
17427981
45940781
32155997
61625826
63731288
72739805
64854796
39003028
73586751
71343332
76710255
43633323
18273072
78063216
63336012
18101318
68808996
59401536
12693673
44209327
68735395
56273151
60177718
46819699
26049577
60101118
26608861
76953380
74377391
43579041
11305565
72284075
47025414
24204915
62853553
36683286
53110521
12246972
47930444
41755963
59535306
23127783
60469399
48429645
28788396
40496750
50831241
50337047
57269471
17841016
44735260
67694732
16167687
30516531
12569508
72098475
43592358
78546942
78107007
68111619
36721102
23216722
32370173
33313293
42377395
79966743
38044668
22609429
29596897
34296937
62798435
79362340
69069300
13335652
16267408
44698918
61254371
29531354
41339434
26407895
44103258
19445573
25731156
45588856
71456374
72148893
12778684
31573070
72921483
58567179
50749297
50443514
11037574
64839808
34123538
61445354
57994604
37845339
66486169
76578612
73416576
13464688
44773998
36166518
39459394
20146376
41639922
27724588
19500648
40245301
30115915
75301176
64576960
55662546
34257722
17001406
26015408
46833616
60300261
16853099
71210867
51378917
17422246
49537606
14168399
45469634
44802319
76590713
27693429
22023156
27466162
60342756
45502789
14986236
49831733
48879659
15406985
11795839
44079996
32144706
50922032
75391797
21935028
26518931
44972931
62002639
57094292
44112051
55115269
46697235
30608375
69207796
76382472
63931356
41360887
43468332
63372879
70035711
43114435
53048387
11391814
72227948
60682462
67008371
16165807
50382146
23566058
53312077
46089233
73324873
44862452
33511115
16975290
43414740
50067393
42200950
43856502
55115278
14511009
57877184
56769963
45142133
57119568
50008128
26697630
42354488
63711282
65586834
69998613
12403459
62545628
73327202
19662869
48074088
36309816
68104106
31199521
24586921
15218022
40951526
17971586
75369877
23514241
10683646
44910266
22380433
26958704
53706621
69339731
60109836
46455769
47686232
22081196
62237007
26180354
69685109
26173700
48955448
59161301
47640487
39953103
27501115
71332290
34711095
52165563
58881313
66603221
36745484
31065826
58222633
79434113
78881745
17588495
45712516
72803374
39612839
63466819
48985621
57524999
36324469
18044616
62605928
70414343
43993378
61606418
37528145
24467280
75613039
66204225
13835390
32473323
17691009
51722671
25052222
64889903
29780073
58833737
29680739
49448037
63712734
32852830
50595518
76313567
28748213
24052764
63494862
57439949
37748301
57020816
11401445
35512442
45282921
52003092
15048573
27911861
28881049
16807236
42405652
56517570
62392620
13761637
11150772
56908229
24219050
79315051
39752825
59336273
61967764
17818063
53350549
71145036
71274943
51229993
50528371
17203645
32902081
58469284
41173344
43242289
76522257
12107585
45955336
55568815
14090667
21844360
44813433
41179825
12021616
52875817
62901032
24508502
45210431
76425880
50623711
74048438
55520226
34240440
32793759
78764553
27610692
58289930
40311587
11460238
46368385
67889485
31545141
64850954
76353179
72645627
32761270
27783619
22901114
13111691
30956826
13524970
51910179
32132692
36804043
45948106
57769170
57928152
49401526
52050673
30560832
23003947
79754126
49764736
11026218
58167924
56078864
48654493
20500952
44538802
73319054
30711109
43860871
13575570
60934790
21064932
71007811
75415939
12122878
51832495
42353037
49033045
63650909
45524021
20536872
75466503
58609489
72522707
79810274
62828771
43227168
25092170
71106206
64411796
67999621
44963544
49374670
17976146
23929260
36024379
23139894
51170363
28796747
42533671
58938808
72142691
63043566
71786795
39192673
68008383
11747008
29761790
38473175
53345864
48625261
53916759
25208002
34396402
58645069
59645241
31750234
16639664
56722273
77496639
61221233
48064599
14496645
77145535
19164999
78042717
52983847
49528474
50458956
54136695
18010744
60228984
30468575
17387417
79283205
65950363
71408853
15970183
70092412
64923249
60294986
27392394
23202473
67511682
40919145
71193671
63291043
40773077
54838501
53360545
63919212
48725973
11851878
61269054
63237747
22994374
39024786
41019719
66826329
35535311
61156749
47209976
15299428
12908852
15231007
49848870
10982009
79344660
52275475
31047651
29754140
69990693
59273943
35811447
45939047
57350782
55391349
10145276
28777124
70900218
23593023
10286331
60325713
32469415
35689035
79031521
53297286
62977264
77914930
17221395
16705028
63541962
58641478
55098865
57466271
69150346
71960292
18515903
47128379
30502726
37377475
57275902
36142359
59771875
45308711
77660186
13087265
44869539
28274171
33034922
76583855
36779329
42463760
24051775
43890400
60629335
53359964
40097455
17424214
22814325
45907487
19074149
46079142
18704039
37146124
51862735
10161122
59487267
35266341
38936547
18645920
44771603
26919885
20523053
53159291
17609597
70746028
11989587
21959871
61403566
72669314
33560548
19997464
55744516
52555735
67449913
64270857
14380075
33567526
43413057
27545569
44247553
58559613
20540292
79135074
20467008
73421876
62013344
44546293
20262541
30899855
67016870
79559795
40969050
39013198
45963928
71459686
51155477
76825453
23673856
27437057
50314030
58352904
72397184
69024895
74860642
34635416
59396830
27968173
24333331
66039998
60448654
52573069
18759048
72618970
31672973
37046262
71288666
45563746
23234398
30669225
52862686
60517971
29847752
47201752
72043863
32653801
53281347
76667624
66008488
42786866
43602222
30976414
43791421
17345963
67355140
42684607
64329018
51851086
23539783
16501921
39173542
34723422
67929552
42684112
44358646
59932367
43342783
42524762
21001442
76305932
19550765
57170112
38166118
35809890
50913261
25816704
75416859
79440787
47266978
27491817
29793409
27999956
31991195
14949886
12180244
19848625
23552707
71363073
17460946
41981084
40935834
31339388
62319706
21264811
23377217
29695515
54185921
57601232
32836083
42213183
40726191
36111430
29639925
10437487
64364147
54351268
71353832
45533807
28938353
52334886
74949845
33377937
76910723
70219809
22444115
68364529
62582168
31202818
30097488
69549398
56985188
39346048
52290355
60106001
53990908
41608961
32195018
40454889
27402447
37804253
41346041
48453211
45853465
67774877
67308154
10479320
53546733
42721588
26671852
69639530
43029201
70414553
73699033
57438522
14395668
24938147
13337570
63480258
67129751
48668907
10077724
43949323
53271400
66618759
21324508
60019627
64158961
11374418
25911546
76996806
22232348
68305184
71148261
37639136
33316435
22993323
48368009
67116977
44959623
54070792
50722974
21810000
33940920
69398031
33151877
27216771
41184506
63031021
48684742
30819526
79513549
79376158
43282879
58578297
57570651
75320369
41268637
67509072
65912050
54611894
45102246
28687450
24964753
47602344
77135165
12592828
15210891
41038404
28845076
39831523
65756356
68614657
75709369
12240241
30370432
63783661
72219565
48411450
13957334
25854152
26310665
21998645
41146157
67980729
70143473
51236539
65928116
20916277
19826959
11177582
45026235
48428688
42280146
25942667
36787388
65558315
36582616
58409262
61366874
10358061
11133452
78294676
69789260
11934671
38786448
19022461
44667928
57816399
74542413
46401089
33235423
59035807
29942306
12248039
12853901
22470847
56252472
46579432
70135290
75432478
60960781
40412992
24239412
31296609
48768862
52018654
14210003
37361492
17657701
79921673
34525908
53866012
51516452
19550642
13485545
54393533
44518116
21716360
18165632
48823815
31170072
16250359
41387757
25165480
65684702
41694684
39305894
58778665
25256653
40621811
38811486
54197691
44347605
23158323
10912142
72326909
78199240
22644268
17368921
28346500
77777205
35413433
15091604
19334010
35600826
78441142
43171263
10979547
32177973
49507249
10704606
28443813
23776922
41532117
57864149
45208443
34326185
79375316
33603791
76047914
56344655
34932965
24203469
18437828
62057620
47571318
69487974
10013184
73136968
22523122
41677385
42792656
27508549
71748132
61309657
12477921
49274705
32150726
26701257
60846824
79075088
65114870
45486624
17616281
42167683
30685962
23120624
27406038
69618861
41318137
23842566
18639775
28325262
71307844
40205364
45443036
23862865
22912346
53406020
39868457
65784963
56663036
10717804
52493058
65241585
34908056
33300025
27179828
56050975
71189651
25991867
65086181
56852630
38616105
11072606
51606186
17230290
68369692
68251463
72824053
72625526
17513247
53760978
18125695
79768743
10759479
43941767
42442997
27125570
51520957
16203098
43177398
52861508
41233836
25051154
38910607
65277772
11130384
49421963
60305413
15830693
66717178
12680810
55816536
46454285
29248052
27242349
53143422
25066795
12472402
71362978
74255101
10334732
79336526
36064070
11506947
46284074
26210632
43484543
49865738
59505879
62628601
55983231
70158973
71789958
65362605
35151047
30707719
77503525
51479464
70478296
34312818
69119797
72257239
11323972
20538655
25935666
15797638
76675270
20448274
77839253
10565068
77845523
43181341
24089830
13309281
72735691
22862539
15841927
78906036
30823585
31670271
15626165
52021769
56414177
66506937
27254855
62463391
27872494
50792890
52890086
42684770
74161901
76363059
11619056
39619882
18130969
25190236
43819979
54473177
71444638
60418737
58222369
64572031
23232572
44260712
48212465
72764898
58596925
40899670
30953276
57159910
76803144
62484833
56324024
23300731
58487639
64823867
15010465
72169352
13861527
39010816
23743578
40704744
67827228
38346939
59957005
18891562
19964350
15560909
53877994
72343896
11174651
47519544
42209753
41139697
29267541
78370631
46803938
26900760
33743786
24944766
65839543
22372955
67570629
27882606
32992315
48961397
74056689
75726777
59178541
65793826
70437721
46911513
13480429
15699925
13384107
11574695
68175195
37047547
31133539
14016180
21596055
28310803
22221846
12199485
53357150
42932325
36304635
49670735
57075703
15157044
74598251
44410194
54215581
40848754
16266836
37640834
10987457
55670232
41532200
41643715
71600116
78211473
25245609
38872823
67108831
62758314
56363385
41441572
52424719
14919641
23397151
32000015
21137858
79200822
27343576
20578572
67091306
55544148
71996300
44357754
18962037
25040132
24450133
56725852
28056212
22194831
10437702
65508336
40611882
75384993
48539828
59638614
45981212
20199317
70329394
52671648
78627430
69246451
10420756
24397460
54630726
60704878
43836001
73521581
48054069
66052906
59361993
76936303
59460230
69722130
25254720
27761754
37168686
24965608
61956841
75621661
47952740
32874378
23496457
69506068
60055498
49665689
27558691
26817353
30449135
21378378
74759344
40919733
16284688
42611106
44561616
78457275
56233093
12424358
51493599
40344609
37447440
62440202
75226605
71822465
56631957
62701498
24040622
16894997
66977725
61063228
77869616
77640176
71393429
25765783
19103329
31989230
63424499
32694009
16594737
62692007
74835153
75166156
70488068
22788410
48739013
51150257
34158150
30905689
68748092
41909110
37047448
23152363
28728463
40625267
71578339
51171166
70224667
36417497
42616192
54242261
64044491
25463284
68988940
23280230
47807278
67521517
10338674
40919272
78352499
18690374
46484287
48607315
22044372
32931573
31053151
43833802
56838818
37322687
65853342
48837972
67867950
20743870
58087561
49537198
74302614
74123645
37238393
78949067
33974364
66674421
52672427
56714600
55216554
42947166
30480700
35786267
66337681
72429457
16627165
75843772
43637521
50284306
39729247
52384477
55693407
52264098
78841899
17592777
36791554
75695795
70854153
63605755
37265610
75570107
20604693
43731389
53188149
46509820
57250577
45590945
16881127
70947641
43615421
63879853
53811452
28311741
37176613
63304118
28234062
27026787
51081046
37446465
62627821
28534011
73820230
76033385
25895127
77696636
70206370
37031751
68315931
11288674
33388262
54189205
69121678
21953153
38398548
76741623
77608585
44386038
57550989
31382426
76920854
28301702
35941740
10335016
69526060
72421027
47949179
47884366
46630254
56154276
74207674
66003388
40073044
66463187
47650015
28221708
17555141
30369709
48369446
31874214
67222293
10553558
49052596
69535207
76945096
25039298
56000818
24268142
68062805
47620687
13468774
11950632
57916266
60844966
22977912
56814679
29327061
45813667
15528552
48799781
78086434
63404729
79305426
63926312
75946440
16218677
59767683
73751096
23199828
13943675
20109703
76656435
29391991
42088707
61857131
62228832
18541647
67506870
59527824
72310118
74932295
14732938
61105667
58441765
59681239
68194645
47358848
23780518
37702242
34217795
12598099
15088979
59816715
62336603
70269969
52653270
56019132
49249641
49415169
17672086
74547485
47907150
46695280
62436809
40225963
55163850
36129502
67331211
23845728
25347102
59184893
11014752
43397234
15560090
36460776
18105174
12023843
18480036
12235855
13892641
27412280
45203728
68807317
78509910
31526609
18373822
28060814
33159325
51689744
78456786
65505081
76247324
46041330
35606706
48503855
28209483
46984020
11876097
72021117
65373741
34449296
15384835
47123785
40806401
17288825
48823688
71349053
54773198
45079285
41114669
37548157
22404620
14738955
77911913
71113390
65117148
65645003
45005312
79624063
48978079
57391628
35157550
53523987
28587581
75764554
73102895
24425476
57023714
43238205
70700200
65359904
31378470
79472134
30680861
46610973
27648296
21709420
19818703
18770049
22145613
25009992
61735395
70301694
52100452
36730921
34484860
54726558
79532874
41962788
10508500
23755691
37696158
35203084
66773687
12391994
25305332
39602407
49655047
69199656
33655495
36396817
77527585
68105917
64767049
14490346
26135522
60271398
53400981
50159291
72582021
64716609
60791044
29052693
27294290
43594039
23056218
29963764
10709688
21228818
74078489
73425736
47740485
15218109
37328106
60017976
49333146
68423113
71206561
57387271
64796819
53964182
66152892
25246759
31184600
36177500
43490126
41502350
37248849
64633363
13651062
32343926
42406397
12389213
39476392
45809978
27413356
63155543
35804262
74495576
39194699
67778143
34227709
34721404
23228227
21447613
64887060
12329890
22161301
11143698
33945330
63522042
33090064
51784162
22904646
79123484
25084561
78001691
14820028
37165952
70316096
25257361
67735072
25755356
66771933
24232396
45418430
24686809
65080217
72512826
61326470
22706500
67325779
57013177
66946657
10326964
19454053
37550608
35111225
17573027
56362335
47763493
10458516
24801812
63607245
10703469
61808740
22281526
77592752
66594569
50121400
13116920
35369735
31610501
22901190
61896101
53055323
27034369
26667701
33304535
64496034
19804675
53826102
51188898
30474042
36756224
54081068
54128475
75395553
68745977
44381524
27650258
40133163
36817348
26053672
59288183
26836563
21458979
70110998
73665569
18434621
45719910
22542533
21212360
71623889
52083099
34440438
62470582
75931981
47216076
55259804
25338865
11876252
25363859
59935935
28074943
55979046
23799598
55805832
14520965
63650375
18456852
53020231
14811672
35209696
10027321
74284880
58182267
35585406
27066413
54504085
25601792
56513936
14935377
38850482
14237754
75982656
43764094
67439519
30794159
32242597
47233780
72079835
44511248
55395020
20735370
59252460
70941641
45904393
11782769
75155058
78108734
72721469
68213122
20604009
21071149
62077257
48533774
50563796
47658469
44663362
40526869
47638536
44583619
16858546
56052165
13364347
16763803
33556295
49200905
44330155
61218753
61753844
68515778
33166923
77467906
35332471
29545846
29950334
70804338
44434228
19520425
18049256
12472149
39049932
64908059
22222435
71996608
72940635
26805947
53964786
46397271
45510423
45003302
26525651
28482116
14040481
55132890
11979642
63548072
65981955
46138658
48792797
38693048
64248885
10948319
76868552
17475920
29446453
58854356
62189567
17476009
28843952
55141369
52481224
50541476
46943841
76408609
35879073
72364885
37381449
50154685
69813957
66210399
20935312
64032296
59539375
76190472
58709189
66175938
17113724
31677570
56409800
14194834
16314153
17295089
51021690
62147756
79590742
34570502
61430212
20972963
73249600
41013203
48581376
23645345
53543059
27789770
15582715
58632037
18866648
28508888
11690716
32887537
65947188
23872822
60411187
37666386
63871872
69773692
21057271
53896599
30617872
54536898
30714276
27528525
35563006
41907574
65937628
57969442
48251308
77613613
35646216
48091704
21964823
15586407
70359475
70662589
35553691
36342485
39671249
73077635
61705421
19200764
25004926
27832448
71228954
52601308
64314352
35566303
58150193
13471070
27827559
23890375
15447429
39005373
25870857
38449391
23340416
67504723
76246842
64612381
34370402
25359045
66693038
38436254
60417237
66746769
17067785
12139255
63922834
75574706
28588616
69682014
78493464
77742557
79632518
47898242
78302756
10725221
28396421
56453117
75523229
71077306
73810449
66590119
42779054
33018529
20177330
17955832
21101059
52641030
60944515
29025981
11554440
27235420
72553188
49981854
65299028
55033078
57949610
20280785
70474865
16051071
16120652
77524112
63734452
72862543
20195642
14563591
60461099
24448686
34332277
62151450
20590530
46073523
28699590
30908513
72945273
42744452
29620114
46212329
56919426
78638923
43661104
43696281
38536547
30380922
34678345
58977840
67572422
44661515
25743234
48658297
76748299
21768211
61698239
37504650
20396408
50194313
46534295
70008282
67539869
70245860
74541265
37861701
27251381
61957821
50524364
56209541
20194246
11131196
40832332
13383598
50041662
19187547
31423409
74290585
17134084
66761494
44237247
76107115
24038552
13722686
73420805
27391466
31209479
15709701
76214665
13897290
12048490
27600047
12950333
56806753
15973902
13897874
51962042
20758254
43628665
52342711
64579282
62048835
53103713
19690911
50283174
67374858
42373148
48346275
11751714
70897652
16463803
20271608
75414881
40729201
71554666
66944993
73839180
64066472
46270355
28404805
75348791
42011042
78852022
35382966
59128738
13377330
43298654
75377652
33590841
49920266
50024636
28638013
23514456
19857427
66552963
76262759
11421348
55951078
68090926
62831160
52258617
68907530
10243860
32573853
46571936
29813557
56711719
50927062
24780680
65779544
52067393
17662084
49369182
41920485
40298679
55923132
22605509
35217993
15693876
48399534
27829810
30664432
59408995
47724632
17708024
66260169
68096565
74629803
76511989
72298025
75007445
63461340
74971869
58639763
44274641
40049471
48827084
27996237
15694671
27277997
23531260
37411056
56810982
37247186
65602666
18156590
77627150
22703189
47635410
79501154
67943630
66748505
69009571
43922437
14417493
49898575
35501595
61969314
54561604
30514012
22242949
68818273
41113258
12738508
31672129
54151954
41808493
47683356
55493188
41302740
52771881
72127546
23759847
58224915
26478074
57976689
38517585
46447179
30798707
18636833
76716798
44105262
72877195
18128884
48323179
38018218
39793220
20846940
14658668
57230969
12924678
47890238
33199067
11678168
52159519
17935884
53451214
55427552
36268829
12848710
52020729
32206246
28196719
24549164
56699963
67180783
17472795
19793855
57884987
79338373
73717078
14171085
49776436
26874239
66712482
32953023
61488221
50981130
34634874
73327432
12821620
38459548
67497298
72947777
41967659
61668680
71069002
67537687
31335365
38586553
64050420
57331775
71723923
59434755
56270930
77746024
17317915
79681482
44091833
69929304
22567077
73459868
33409238
27856681
70417374
68058405
29490318
17689110
40759120
32537009
31211839
67563970
43565196
26876979
61651081
14540239
45433630
30863976
54733252
63916563
74588515
54073725
56020689
48088399
16478219
14738030
13128210
71400998
34368950
64577158
39844934
53752706
50776428
61404107
42379013
68100653
20256596
12981015
52888269
19041855
77921433
51366765
38850739
71577484
37288645
69155566
45406554
76967823
39029339
62190392
56080921
45686703
39271911
31882797
39286460
42840355
53308246
47913113
56195704
76396321
25422104
25676013
49401445
51052509
55689288
58713159
12596853
46491959
78168475
71064930
68248607
63998158
28579519
50233983
54963759
57289893
72402133
29357099
54126991
56363437
40275514
18852347
75718661
78786140
38723767
44265971
38800150
26184892
41732791
39641607
35532379
79026163
17541965
61373449
20582556
69775038
68821448
46697043
61014051
42642256
74241091
77983652
20070825
73294752
69936785
47460294
37998429
69077850
65779828
45210002
40308820
59104644
64767847
38558639
10525692
68876158
11051760
15118691
71496068
32486255
72088514
54317215
53278276
21203834
59508519
65773188
15173664
67497121
66875386
51497753
59086382
50040669
56658445
37743154
63364652
60993209
49658307
22980729
48951123
21943549
31181920
78472372
72813254
53484761
15200672
78570864
18169806
71211582
12346717
44251107
61744626
32043926
39738206
27165495
44801370
42874225
65868200
31686922
64064767
24397432
24715061
40675560
50849595
17181650
74629058
32672252
58399279
72418123
18697806
70480314
45710886
44024227
64411697
73838583
11499757
20051895
68999762
38740955
59630446
28106741
49909449
49001885
54916176
78579211
73391054
60165399
29153846
51451636
36864700
10286822
39064810
23590602
77573367
24302213
65924746
62449935
28218204
19287490
53579105
44469991
27495678
22005574
64187360
69758822
36532283
51703423
20574876
74546045
11536411
73331824
67692189
53413724
25981893
17796735
62230655
14685705
24123481
42059420
10183805
11219750
30715785
14533833
78606545
57406076
65201702
52681427
56090202
38859053
73992924
68976645
18640046
19399631
20237280
47484191
63798424
34745276
49939461
24962083
55861680
69007813
68582783
14250577
53991347
57790087
79213693
68838668
57038891
25103021
41184789
58531801
40508818
54721932
45891968
21646499
65141813
73297839
60388761
18642194
37184491
62136104
39954061
38066040
48576276
39255519
67447797
46334376
63062410
19466432
62966646
53796092
66201791
65382671
39347696
65069211
68160697
32591918
64502075
74448530
67336669
54343292
62797355
10422748
62013145
10496849
32379460
51405686
48764182
36307110
73215332
72194127
65159584
79410649
53306507
38525729
59147649
60874069
57797628
13269717
47321254
40342507
26817460
62990137
76542390
34356149
35598335
32039429
14925971
70254461
47953337
40388771
17036352
61418192
61046931
28512950
64386147
72057423
17306439
35992727
18384975
62561906
13800816
74773742
24343287
14594202
21544164
34615177
61758196
69734613
56245469
25059133
38651700
51781029
21578744
41449400
72632490
12145914
21959441
69923963
68559048
13782130
31194453
15268743
58310898
50743321
20873895
72198196
39518079
28167669
29750882
19445424
67509243
21881383
41979359
43865162
45157126
71218858
24328803
12633765
51014422
13244432
30297885
76474662
58598637
40432827
46339416
31794714
63419239
60978761
39637659
53697243
12519302
54917686
28056193
31509204
55034265
33490063
13980878
26649406
50336966
72367775
60367804
44851394
30673970
67369029
61199237
48857246
78978296
75905412
23246583
12548679
39158590
72825826
27509193
36089639
56044526
76507276
37448623
76496268
53690924
74978306
79904180
11953851
16565985
32843142
10282285
63384710
30876521
43861551
36056160
63605568
33707232
22651874
40569661
25759226
37261207
74498150
52362537
19272017
27741310
36068156
31090409
76962395
28386253
61739818
38021717
59960349
48687781
49719757
38239678
12752477
57050388
18854173
27911603
23867143
61543469
66609317
58041663
30117274
69348770
29131704
14679315
59446428
51818632
62428495
77847728
62733593
28585211
26128051
66956884
26145247
75935615
49946273
38011001
16167198
11924353
18819208
64802228
45215140
36158344
66560306
60513233
50780485
30839025
15004613
64352311
57265950
18783121
52927189
47317304
44382787
15977660
79514441
24194918
63772854
40344717
12454695
10967837
34955002
10809751
58471214
62790108
11527018
69268847
57296009
64241157
52743161
20566224
22546371
11167916
77560860
17493737
46447860
30669567
56460184
16144487
65127215
28721177
38257035
38908936
36500064
25321318
70978522
58004611
46260399
56201931
24724513
76057659
72741554
66519467
65177307
58402655
55451829
36128096
20253728
28505797
48400593
30731459
57525969
51067060
60408661
75000063
19206791
21846671
15917015
49282725
10557422
67121584
29451873
57654852
40788880
51304929
45461403
35783254
27389672
76275071
77955805
13544985
30247279
41193673
77963627
37460710
40229712
32177570
72820326
51646975
18143849
32759797
66094703
39017339
34282434
40989120
42520264
66870897
52291974
18752563
25335358
45993876
39733394
14624416
25236219
31306624
20751721
77477066
56460185
20971834
26887035
11107253
39841995
15717316
48859718
66732065
13712059
43525139
64469284
55386898
44316572
79236788
17825410
60258071
66672953
39359011
58444155
68587047
67136789
64642534
25581680
74180065
57388170
14780419
17805161
57463810
46172763
22835609
71589456
47788114
15266344
12018401
43902804
71189969
60642936
23190450
51686549
19733111
16867076
75641133
43005569
73156066
13301006
62852160
15382845
14955732
20341840
57021600
35780805
38119588
61879123
30591719
14513028
58232147
42787172
41516949
74466320
36090160
51119810
39470893
57829631
24533527
16527162
50977465
57893324
61859804
16858077
27923227
75390216
79245280
21931968
78659410
76730619
63997600
46877043
62761709
52127649
46199884
77363561
43054277
18117906
73004143
26396181
31446746
11240736
68724358
41406985
67665047
23260201
48072600
73397476
46081767
58725611
63320696
56052686
27832128
68504668
19155128
12148334
54968116
73012463
66805455
16242581
66651279
44225774
33662174
64164051
52620287
35726597
17213084
17347664
35265518
47940812
35625768
21386514
46262149
16921268
20328235
38497152
79464216
16463958
60437470
14906707
25428750
44355797
54302422
23670017
48711858
29802844
45026974
50277375
76238611
68055928
79963509
72581333
26091560
56060989
27699280
26443065
71768927
69579235
61166459
53094357
46344201
53658814
45568094
14018042
66163071
56668733
23550145
23862976
63375498
56553812
26270185
12542111
28815665
10848782
40460817
12654306
46707317
76840389
79566396
41477742
14463899
26360458
49774107
23660132
53176928
38505224
63179049
67329215
11643678
12184628
60248754
44686294
27490954
37965056
12660541
49167029
38094192
52594608
39083175
67226453
59653462
44644916
55566733
69735923
29496524
39450655
59432767
51980654
75078185
12647273
14714669
28712034
15206215
16306663
51172422
31225898
75086139
56774676
15797306
24237577
36288200
39100696
67985151
30246990
20969650
65953272
74209079
52683546
48969204
43851161
54060418
33872417
78186659
65213238
23710501
57582578
19858331
14017537
38514493
32900317
74180991
40382110
74859500
71729289
14112767
60720638
26636292
53235431
15653250
47700162
75059566
68712533
68907515
77098708
50730855
46146189
68116476
53864463
60203283
46133606
42654939
53922826
28775831
53608039
11060022
61626038
72675359
44295664
61094794
68618580
63880563
25737481
19891611
32573521
17875949
26692318
19907803
40133139
41937435
57219865
32442919
54420167
10581975
57077824
33119601
13142566
54209659
34945705
55324316
52526651
53173108
70602024
44218158
52345627
45856959
37732320
11820710
50301705
16937841
78171128
13175883
47644019
69504679
68860330
49281862
58413233
56420127
32172258
27170770
59707347
61146888
27531354
55274703
14860943
42203009
47095225
19170304
46944540
56467934
55334918
74769498
74308168
48266844
56952056
45393336
77078625
72971670
67730286
20939069
13752599
62750380
76232169
39711862
62125899
21858903
36327626
23297466
76512398
43616722
57015860
11326810
77228585
50758798
52459986
45174785
77775031
63753070
37898738
63911025
74236740
69106144
32039275
17948729
41887012
51345885
64208512
47773374
25551500
28841329
36982913
72387011
24094323
38807332
38090766
59847515
72252048
17521809
68761437
74806625
59474466
14861569
69440691
33993631
20803169
61259355
62703278
42319572
34168149
24563822
47651588
74141053
73983320
77218689
71830116
19216188
19652827
50497919
26879689
20472569
30206586
54102751
55699549
75319006
36761819
53287541
73336986
20578447
65212105
57223397
10368111
76317928
64711342
70512442
43550409
63764955
32795558
38981243
73237333
64516848
26456091
54812980
26522468
77066758
68799888
76568568
41020940
71534966
38363633
74977968
28045226
32507647
59812499
55380499
78285972
66221682
47420713
42795773
35746753
55250478
40122166
67063323
37190082
24778485
48124435
47778759
66733119
68747180
20827898
55572132
60694951
18144689
46887834
71438247
36947075
44793931
70805105
74980239
76339339
18599428
19900623
63981565
24236427
18543218
65053903
31957721
23668037
38968529
73765479
66850594
30682943
20730116
75536782
50889891
45271816
28561756
15467534
45428451
36965817
67786421
10396480
39002998
24917472
63278873
67010917
47913442
76837130
62171931
79792616
42894386
34391394
50928197
70557978
73416107
65004031
60385222
75696259
44915402
57839863
54937214
58653410
72505207
23743742
19036352
75175368
26754691
75912236
13327458
12846134
10058571
43694790
78702721
76058040
52256361
77491056
51801907
43910083
11186529
31164144
75311175
52862517
64842781
69144257
27177645
22591511
32220020
16846803
41044807
40831208
78631279
15904905
29384135
32935999
38653315
31064662
49175732
46852659
57780639
72553148
66534961
23433004
37900791
42074063
50897365
60756224
52375829
35972657
53648307
30151551
23373158
77902767
51435473
66842078
61086267
11446826
78250611
46700204
41563913
35543162
54270860
27679741
27432571
35259637
64807525
69563473
56016137
26806042
42035660
33277667
27886999
14087689
23077206
42676707
48903251
27625109
28252300
30279848
72521523
42810656
65166860
74597140
65308194
77888746
79628673
79936235
34563210
51419874
72062699
67791355
41187981
16000990
79295977
35982578
55001540
64896720
60720267
66944821
16098386
61523321
50443155
71656680
69865541
29147374
40254987
78786977
23169773
61346839
68144410
38902221
29740062
65855077
35152551
30490918
78740646
27997958
29787368
72856544
43588903
45327345
42261166
42292184
12787279
64066276
61664973
44527151
60792851
63312561
18108292
77127430
19606603
28793527
50951723
11763565
70626015
74741253
79298433
23442762
66096682
45258521
49901212
78290178
63045066
15365374
56661655
76530266
45389776
67316148
61745893
66418121
36787928
22938528
51086111
77756782
43823414
68047320
76046837
74909536
26733783
19683124
61570251
64835990
40676695
24110399
25491846
16373914
15227089
31597113
12405689
35154506
52657846
69648267
31425584
65904931
63297700
60316187
64128406
49707424
68155875
29811421
19109575
57924800
53385910
49474776
42662399
24371285
36460676
67775145
18063324
37313554
10989353
52315207
11439774
22935723
12230007
69654683
48293862
15983254
67338558
50914346
58212687
63718733
70095029
37291887
31297419
61756586
19611438
30849745
32967772
48563146
53468502
26243093
14731946
63436864
27466715
24310372
55483298
30302478
73010816
45802625
15206127
56758005
47476628
22088104
42765629
75016735
67833699
58537117
74532038
52912437
57731772
32835730
37890920
70807344
41393665
10032751
15809882
77402754
36536268
62081873
42867542
21121564
40174650
60570935
69088875
26811364
20211669
56103415
65885930
51005807
49890778
33037227
51119261
69324597
20897654
65585440
39628949
10659079
72996505
40719779
12886219
39183283
79947239
77094542
51313803
50730233
28321434
37494999
78157032
26618190
29343816
37463758
31239873
45464770
70917314
30616072
45806533
63862343
68034290
79565070
68789017
57487291
61802019
31577793
10280491
20995442
77128277
68383492
73588524
26515181
31770335
19517804
60352988
43021605
57220299
69255748
38219164
32362453
18102048
65083621
48830650
53290364
25154730
73231442
17917504
38917696
47997571
21018000
19130659
65278174
74938432
18932043
69470201
27626532
12184500
47520398
25718259
68901469
14354448
44322755
78011901
21506026
20857971
21420185
20989548
63011176
26094997
50907588
74279009
77114937
24541301
23223147
28186561
73159298
18613277
41741434
25642446
17422564
47473310
29625651
60818340
36592969
60380288
13591957
31673974
11445349
51133287
22315464
54502402
38715335
46960225
22242288
62799810
13592830
28129603
33650690
56316714
46176920
53277660
18281465
24912692
53464868
66449322
21079286
44612098
72971057
28391143
26975998
73479738
40996521
25531545
31806220
79009669
47170256
54525662
27155901
36737641
65695034
39641786
75691158
16383587
22214989
55937618
57918331
58080513
77275005
59792539
19541505
10211479
37319843
79406874
15198863
44275954
64642168
24605366
66822901
14129836
71227802
52180090
42608171
18802523
71114556
22869649
21981372
11575796
25989548
40106780
65352184
36914821
21060389
55523958
43062792
37799332
42925125
35346804
75449056
58431268
65722289
46092761
60145037
39373507
22206259
20720433
41936516
10142051
27416740
15557995
23258650
51238342
77629255
46521415
20806044
52075096
75823960
24101228
66452185
63382330
31047781
31485721
43562634
23054184
79377866
11490167
64989465
60568651
24445785
31076790
39233789
41346672
43203670
16109486
47367039
63502415
32196989
42972614
39261208
34640769
58253872
44892221
10857290
30085255
25962242
55838685
39223931
43082087
57344002
47795283
66519260
47738237
62124958
63951038
37796252
22062623
25728326
32074684
47315241
68418575
16392432
76125750
32881036
71874785
71462151
47571613
48678613
10607881
22154903
20179543
24128931
20394475
52716589
44847678
58790376
14504811
73384911
52322725
27465724
33642085
77616800
42489495
53825019
57401873
52871292
45534909
25395762
66753649
75746733
45825506
41411070
37102393
68320223
42275794
68503456
45963069
74439434
13748524
65736035
73796254
28398645
37345495
54090658
34842583
67091506
34227181
32361981
38187938
41073528
70960164
20635621
10603689
40583970
10916768
68737395
55507764
15944512
69931998
17988018
71321520
62552750
49427421
56388847
29007086
29996715
51377170
50025781
46545647
69865857
52399288
65486816
32738175
58298775
70029621
21256560
12623979
59646757
14294658
50484002
34740807
50253252
15305192
58295351
43917980
13253436
13024852
31033075
55984642
43615834
52808933
31083761
36419501
14893658
63795820
78063848
14247607
46434366
25112877
16220849
34694637
36496622
53987853
36065923
75931196
75405114
62126837
27729621
50654821
79369594
64316323
14166691
46944957
51176627
69128955
17800783
51873109
19641607
14885768
35020478
30080223
43625958
26762055
53347175
23703898
71044872
25203057
18013641
24945117
60039949
16043007
45844098
34044794
27299191
36806372
32296546
56396143
17027650
21317627
50797819
59937621
37558192
62286991
73437804
27616996
64625013
26101150
51866282
73593714
42472027
10520508
66345461
69964139
44131569
19873151
10766499
62636968
14708841
44585124
55547671
18910894
44947298
48351493
69315464
31511500
14611635
15724993
44436645
55318225
57923018
45165256
77739379
26434861
18231895
21440329
34522145
53371601
44332376
67913063
76482877
71004408
66260178
27293918
55387967
57367983
28118283
38639342
17283431
21218522
67067441
52674622
35745744
39955293
75162197
30103420
39434997
27639513
57072544
60858971
49755114
64991798
42954549
56677853
71276762
48329201
20625990
27124409
49040514
33751006
49064687
75928786
68766481
63704609
34919774
63434631
30994686
77884920
56439955
57212167
68683045
10458432
71674868
77606566
13881815
75053782
64753607
51003972
50114017
43939794
34533208
61226484
72462534
70222444
19392723
45418830
48720672
77624550
23427670
72699898
41578827
14237924
65305563
56665221
72691206
16230535
72826530
56078945
78068194
75647364
72206794
22713188
40258118
16573770
68433909
77038230
30383012
58720248
57805223
58718790
12545616
35235915
42862945
23984816
79908275
22289633
37024014
49776459
47379959
25124058
35165120
43011157
52531981
15627202
35720281
65117010
14081098
58154620
62149843
36722950
46083195
58986407
57492018
42634020
30218982
74416528
67559266
23469016
34955037
41022963
16933859
65581958
57121234
26760524
19352190
79715279
25855194
24649238
23105255
22529232
61908490
61778025
68627440
79146533
10479648
61676604
18136049
75276425
13978054
34091363
14630342
66782121
64593765
64700970
18238573
74937441
47007185
41236519
73829442
44405316
56933146
33897892
67506374
74015723
79476039
31652001
10952843
10648677
41409244
75058148
16796834
12360369
29280196
40967093
65834323
40992095
77008423
20762980
55685669
21382970
79858600
66355508
58361940
36609363
64423670
28982876
20552582
71407626
30088532
70733053
50057760
21575931
33638584
44013553
68378105
16985370
54391058
37312067
44036332
26586948
19420048
37550660
13385083
31106823
19267769
42385730
51422786
78738603
49663888
47855753
62584760
38269374
54730283
19058056
51891816
35878176
41204676
56601674
30159941
40187572
25892922
39975783
71958827
77109054
61770541
25283924
59572082
19052496
55392300
21715935
33094556
34029436
61981406
42679555
67869782
72528716
57485484
32823016
37913505
59757285
38440455
57713024
50821079
77861506
34727152
71988010
73537818
42363696
25242291
43862966
71329304
49098390
30805209
40100895
10631399
22701673
66977305
21023339
26408735
50559100
14182634
60366063
26421031
73590923
30866336
52359933
50333681
17051513
47073265
46279645
48210894
58940169
62601327
20491641
58267530
30807374
61886531
63749752
57953539
30757248
45307344
74965517
29297611
18266503
56691940
32130582
40379024
28735521
50803576
42280359
64356378
40060697
46560085
56945226
13104287
18961075
56077577
49338498
44045843
46236339
15194060
58361189
46755840
79717226
51287633
17452632
36133375
15435794
18531654
15876719
18132550
77240523
26329950
76302296
22489122
69170221
21325124
60298639
28537073
20008657
65139676
67574206
78118472
60363177
18352718
52720094
43173128
30552360
42053654
44558472
14514984
19804005
67797586
73038180
63329062
44303187
18419266
15653879
56521554
79017105
29288776
46112942
31409906
56504935
52482286
39285214
69682999
13355947
10308618
67131264
79462821
33973741
58746190
36653464
37434586
59824570
77203576
57693614
48736722
45611766
70099303
24432930
40931418
19038131
62738901
12332290
23904145
32693094
27175653
49542501
23022850
24600704
38237695
72444312
16642086
53458300
23998447
29214298
38814186
56513213
17253634
11456048
54757304
37030573
56347874
58607583
49059669
48073322
45285773
77835876
42776516
27836094
40006266
58276738
22586093
63811093
61585031
42066267
72515443
55585026
61069920
62012109
55171349
39816605
71915962
15950310
41857463
50866185
72057865
55152257
50111392
62494841
76586204
64210461
75491515
39601380
73179662
53773758
75779922
47296846
79657944
63996205
49023341
14214766
74209719
58739737
67984920
23213586
48771695
40196556
22202074
71684761
60904214
79110152
45887222
27322157
68951773
36704790
77092326
59742051
38476468
45745500
27078827
70603860
25051834
14372050
10191432
78940960
43544394
13461993
66948254
47605674
26822387
33213724
65793771
74214737
64158272
53044662
25028061
31023743
21764618
55906193
56769002
35179064
45880493
26329404
64754797
77296737
14854727
25280232
12413063
44230229
12911215
73248042
36927709
42264967
52464801
29021007
20198760
77273322
71765634
79872328
36783861
65266006
74777349
19316149
23806664
44605057
19232186
28096661
37526334
32238303
24077863
42869577
19734004
59522279
19521654
36747309
66653983
45461696
54620856
70761789
74089354
23143353
51109163
53868099
62889312
63776676
44963645
72060951
16101620
28496913
33795566
27559598
68953943
49970633
62554098
69418899
59306697
46590301
64611499
26348970
62203362
49992143
48247623
73303553
26750976
13912535
13453098
16816679
64547042
57788553
13884609
63853164
43232975
74362991
63985310
24258299
35550098
17855747
41323474
15230769
40595205
11907887
66377148
25234830
19492576
67916724
17050946
50018758
65808993
77310781
22719274
79323142
54313324
19928221
10821949
32308198
54629301
28005323
13931178
32871135
10612027
61898519
16732562
67984846
55936491
44466997
18341187
75514804
39159625
40216340
78468189
69546134
73046433
20727176
78703081
71515269
74935378
37024833
70772804
23534581
39703290
22769074
47292176
30879797
56612753
43637787
67167020
68251135
49839473
17970320
65975736
55427310
60191990
32971024
59905920
38095665
27390564
38367903
62839799
45219606
46467545
53104459
58036760
42081094
38732841
29881095
33658052
29429540
79086617
67693834
55591761
29297067
71410930
61461257
16565962
48668657
75103970
21542358
66122937
44212891
60054861
71390350
11747015
24259260
12188035
59113112
22302798
60602968
32434718
43460495
69236072
50332976
44445213
27561708
72520288
10239690
25606061
22934959
20605501
62449962
57424132
24800548
19447615
32415121
32025543
71066559
65994794
61368268
39180452
77987871
22329603
12412809
34365499
71684998
10468822
63791026
70267044
49192546
50956721
56994624
33347252
57178372
71312345
59653453
46310756
40856385
50973250
37050022
50411953
26607013
69005221
35987822
66536088
42944457
49194186
74132419
25923761
41798172
69597290
18667313
35129341
24491105
34639358
49970120
11672249
11719718
79851458
38832257
49853437
74451242
21030740
45060211
75314159
46759482
35000500
14101665
59189598
39440360
22162215
49558784
63248254
77138569
21033903
12268524
72223535
51877486
42996838
17317664
79599324
60980957
64740036
55297562
50181366
33483215
77934912
67379978
35886748
13374473
79349240
59239199
51467206
17592023
40830982
60984146
63119618
50833489
75358520
39403975
35310927
56440122
70761488
74494419
68116111
50153956
53421044
28785104
32317533
63378397
20593685
57235987
26655679
48716781
79416431
31813572
26536319
72377064
43243581
60595253
57444577
32063200
16413496
24826624
61748528
43074940
56743163
47787789
72441764
27042581
28568749
61397999
49548379
45059347
64942115
30504971
20461527
63605229
58025499
67141407
58634807
44225347
57886426
20190879
15357639
38259272
78241718
11829945
20512237
69146001
61403603
18634563
74487219
78390702
78119323
19598246
49154243
71960603
70913062
61255988
28646530
11457510
25852541
28803098
72092589
24194396
16950604
60153598
61076467
58719292
38773585
47708607
70203047
48864309
51202389
11916293
11348645
49025312
10084343
64835193
30311379
73394069
40127181
49036131
48889597
38141650
48383652
48777137
36162279
79729900
45693428
16713296
42744205
56663361
25545222
76734891
59299906
34092373
13999626
35298036
63626636
61731565
34125815
23771145
24694295
25771028
12406778
52880356
33599320
50311974
78768612
74018100
64481522
14893801
49193247
34319986
68383232
23980050
26934639
35671450
34239804
67594820
52883533
45294061
51622609
67834468
24183042
72449891
50024408
41292129
28280747
47151123
64158589
43042704
23630595
43051876
30386037
63358813
78603483
71649919
15316898
33103912
35880231
45900003
59431748
19156071
41555969
17894886
74584211
55253220
53221280
27931245
56919931
19803582
49708538
10866581
61796269
79988205
36346733
47378776
45352392
44051976
79031781
40085548
53422883
19537130
19600514
31166852
22004782
22565851
21588119
78178958
70014995
70825328
66680422
67028406
17300891
53011256
40990282
49596625
58884054
34067251
48606187
15682111
62914078
55584840
55570501
10268889
35356945
65402738
46330654
63680291
12623631
42852227
13324047
77239337
28316633
66774312
54116670
73848859
13931939
13459315
36408226
52352441
72834955
42773984
73063793
56869603
46300189
12157948
47100192
33032671
70817237
43381242
39658771
65757198
67048653
23655494
27926988
62863203
78684422
38411870
26687370
70552664
69690011
69010358
77390052
22287037
36919948
79272739
40758082
13029122
20769566
31392382
22087700
33890295
20754760
32756751
34332715
78325034
31106014
76182245
40174600
77891019
38081541
75884326
21772859
16126913
77591081
48277929
69092431
19434968
76644987
51558456
41124522
27056289
72209985
29996755
78415491
49130640
36485192
47810951
51712955
26796431
20465781
78080542
46585963
65352392
30118057
26584877
57930011
69958304
59393903
79188816
56376822
31574778
60579714
36137063
12281992
65497006
25073455
55633260
38772812
49332501
33285655
54364988
22628591
34425793
10133996
23344452
73140931
63709256
70831263
19266236
74661795
37958706
42342578
36138748
28560278
46992627
65524431
18657195
23859464
79666880
19328792
26564413
55098201
38204786
28162955
33097886
69720133
69250155
22296379
57332798
76016705
75757826
46568249
25606142
75104748
65701605
54961588
71090811
36327918
73662149
12465059
48965831
43661106
66711208
78635970
53601570
10710978
76019927
24146086
10969310
25074399
44503407
54743073
28335716
35251553
17685432
29655409
65520707
63606784
43444045
44846167
39234161
20952449
16621477
63157651
76747595
70096683
17342426
60774184
12182747
70437976
41332706
64445880
58470514
15092174
62697326
28783302
67323501
