50246582
17374825
77128083
65441140
28970495
51961551
79853746
15376179
60182506
31534960
18357581
72298581
21151733
75654567
21405868
39724553
64667203
42825263
41490818
15092388
53796098
30074943
12811692
41771912
31124544
19489208
28336812
21650371
20651803
33573716
60291902
12285220
21788045
72478259
12431976
16936501
60100178
67109204
28902406
52514650
60353520
71056169
14584028
58504329
13322874
31608473
52788077
50402694
24973100
12790135
49869479
34092136
70273064
32163443
33487539
64837782
73881872
25654810
51784871
43625199
19877946
15333053
10543969
35534950
23577631
75808574
51429568
64487733
77673641
72130795
36046128
33411609
74530728
16417318
34267440
65865855
44912233
27283733
41223306
47306703
20051543
53871818
27359077
49703849
77149318
14009187
35191789
26311207
63696046
26762538
72850638
39581537
12817338
50536024
65460586
37742825
70826565
15139587
49816192
54194785
34373997
53156316
14797374
32575844
53737114
20244014
65537000
38394159
53621708
46785396
12706814
36452101
11622494
10833335
75744764
71644348
72702587
34879291
35842332
70539046
50839072
46646618
78779751
75119681
64652539
12566892
63924021
45041243
47366246
48897676
54356591
50296453
16386319
41850563
68789598
50803947
50588680
22075376
44383461
23765865
40055659
78530285
36782143
53989669
48091295
24269042
49749718
50633521
23078533
46855011
58421092
31169540
30461242
20726248
52062896
65470222
60444089
60981856
56529120
15707231
19815916
45967956
71894495
11264372
66814222
17237969
21783527
43629916
78184298
77886001
53651686
74340762
47777434
31924864
25373744
36189595
38574316
36124624
18912462
50460838
57593329
20184406
69441539
68882750
45067884
21888015
51946451
39837567
47390344
28501326
50241875
30894837
70631666
45588552
76122168
34411142
39106443
32704316
52799631
51092845
48104248
26827394
42313099
25329430
55676645
45555456
19621936
31866013
62734505
17615573
74268663
63535718
22294376
77526085
63295632
48586831
54482606
52447482
71767897
25762357
49662078
17830642
51624146
44360622
55469573
18816507
55862683
67689910
68532739
28680737
53843929
52881145
73471317
70137672
39610435
73330159
24473248
47494007
73036142
22406770
58338202
62844225
45673848
28458583
11139636
78506589
45428821
48027833
74912524
33807345
32108706
31104581
72834821
42338263
72242772
74063940
27328549
25471067
77164386
37264585
51711559
35314415
45507408
43461035
46188793
16247919
55558359
54167747
68149264
74738004
40056977
69838715
14116103
15796921
54028647
40147875
64197910
56978408
14273293
14355682
26068822
43795105
19852159
76448053
51097843
21574563
40135214
10120751
55135667
73461631
70721014
41857393
14198119
48221149
50737887
61012051
55160621
11370016
67134960
11557318
46454810
31444382
61155260
77049220
64815652
76866553
23431957
54155790
57978103
78865977
69726339
69685951
31631132
27089660
14535458
53782069
69447880
69475422
28808786
18118228
63830551
39139055
29925926
20244226
39422723
55466038
24706438
18209771
71414019
73705825
37638572
49539494
24193645
15915057
26360375
57639143
31344025
34270180
30390329
14565696
60883065
68802773
69169416
34143445
33988721
72695952
12854286
75510333
37426406
38367233
72526474
75920020
69181619
56559282
36454920
59302907
49817551
68963830
56940630
62525592
45656853
41796351
63689461
63226665
69222322
61722623
77134873
45929004
20432755
45853261
40515764
28384884
13069670
14445773
22065618
37452513
13699729
17218244
30641580
48025706
66434691
30184825
26511803
58528673
47801311
28022931
64170449
37860691
30364100
58614661
60297849
28710809
55624215
35859388
53618503
36748560
45652002
17869362
15293040
11914721
31348521
79384769
27313732
41540094
59812682
24244486
17863152
17423474
70276698
78642193
79067587
67271520
20916821
52822234
31783318
48439327
55196348
73586575
70263730
16859537
23107500
70592213
25060250
26713434
67187914
78821202
69629363
63053566
69923190
77420953
56134057
17931033
61571111
21065540
15265416
19664302
66479785
53322604
52444865
30966867
53937006
49407659
30799705
42099203
14757430
40838649
48467750
48113771
37900239
40251776
30497643
17424488
33632582
10669377
65412562
34586038
23513232
74069235
44419858
36980966
43209010
34382488
68221629
53494672
50289490
69601478
17915359
45540841
56150365
71433470
76054290
44505733
19149177
25147719
62944081
26151704
63136696
72054670
39070383
50514772
36411650
68973198
42730143
63430592
74220559
71860957
55311685
23806216
28094059
65815165
20445047
45986565
14811789
75271093
38216786
35966090
76464767
37373485
42902668
16295472
34633065
16110857
11010223
43046976
12130506
39106547
78642400
11920826
72810100
38513851
17363874
49856974
64299456
66637136
12571823
13073399
63861848
33306731
44131182
47486316
17394806
64302016
17076326
24208284
14036367
58347944
67194220
29335820
24038616
57172760
78445875
45410298
22081393
75787891
68157543
61444143
75001692
79608373
73785421
75581924
79973718
28356951
34949954
57213164
63998112
14901322
75220909
16061876
11889340
43390341
28737833
11977356
50071847
47442801
40563368
76840915
74532867
73884325
51172984
60684064
43309713
42443173
67097310
61197404
22148444
25283247
10656177
22732479
77550587
44330823
52533590
47477167
48208252
72267930
15324631
43597041
45315609
68180683
72141560
72264729
38939360
78176099
43510233
55235015
29886002
59574186
22335720
70108082
31722084
63902588
43270833
64068063
35475438
25995999
45421102
34240342
35703617
76186586
17440638
22639068
46302621
10347714
16282422
37385371
34229456
65740899
59628285
49838221
32927652
43037011
34774941
75376810
19269959
42383977
41569812
76464450
44422655
29662280
50931753
52220994
74699054
27659079
55944500
12060736
53271327
43614442
75550009
16404713
11216594
31441089
25802551
45287526
51421430
76551657
32536181
72902091
36463646
78830356
34147273
30596081
46098100
51872725
17318869
28468100
33822070
61662651
61545716
25478855
43499243
76010944
33226165
17702629
45337981
30526699
61907471
50414539
34646216
17509674
46906681
24065821
19040798
33908918
31803999
44748325
39591273
40576290
57551986
53457893
72721265
62696526
37936450
18826002
51064390
46060706
21581415
48491920
12270265
33184680
59747961
28550865
79030476
72692398
51190133
34590352
21907287
52903538
10884099
66284485
30672182
38543665
55486092
65470076
13050648
51726191
53795740
19481901
40106767
22502434
17802481
24834477
46587445
29052697
15030470
32058661
48445691
42051254
22367216
78948081
14178068
30712738
10478582
59076450
75789172
33774515
54261616
76829416
54424722
39064496
77059326
19479909
26152827
65438867
62803219
77177182
67243624
12676565
73883009
26965420
60507545
41501733
60529299
45894659
12140360
62061948
59644527
29784721
70733321
76107571
33322728
35217839
12409768
35022971
21667388
35354143
17911233
45266745
21680773
62147981
75854359
12881682
47891181
71579762
31912803
54843569
47658154
47974641
15949586
78611525
59103208
49718328
71774827
32570819
37153933
43495410
42439926
23603254
44345899
14423131
74873555
12595596
13514839
75569036
46708574
37044697
45228874
31339696
25273173
17055693
60419164
39162612
30804220
43490617
51693208
12402241
24525609
63950409
19344629
52781465
76997223
72986516
59704263
71025829
41981214
73038203
30058654
70378662
58803631
66973541
48456989
79967198
21628161
61329174
46759901
30052381
51876243
59302741
57334757
18865755
44673180
19385361
40490453
19175175
12527880
50347292
64762960
21562070
56362753
47553137
77476864
35031691
57833904
58454750
68355914
38405829
67879239
61191181
77033002
17023321
20270894
73983577
52054008
28410751
61385438
47101831
26723477
25674158
40018079
70635689
15293967
16428698
73999305
45394953
48792434
73265135
60657388
46818566
41986674
74182609
74689966
20263859
10426936
78202715
44771729
40073265
58640567
25288224
33838826
32951248
68501465
45272467
58041799
18474116
76709102
73140137
26149134
20822461
34912093
46152001
29263431
62727331
45425883
77439693
12023134
31418233
37665995
71643522
76370531
69953662
54986587
61247600
67103493
54526673
44434015
22730978
41043864
19424803
39588077
70246606
25896296
60200948
79642357
37324458
63761701
73334409
72031943
23964605
51596177
40422291
33628350
37203411
60461095
61472558
59845405
39117477
48704380
15357479
59114391
48007856
50666989
30596427
22002798
35192068
78608563
77828139
52761192
75883885
58033746
10915049
41574823
68491561
19739510
70025149
66289229
68290257
71731937
45462845
49019723
69880559
51215374
61115453
59159675
36901636
28924821
43984976
40962593
40561995
52685550
49729179
12968274
44369028
61830285
66011683
54874202
44261468
70302872
61844270
58428110
23418913
53808465
31867363
60220465
73679455
43842996
19080950
57877179
59793177
31270795
36816736
16319631
13605191
19525933
24945294
32910993
33808128
13646525
15881423
49024265
51314599
26131063
33725852
45940090
55613597
16818833
71640887
53662245
36337234
70077723
73993710
37622813
25682719
10823583
66907735
63062880
55655748
23755909
12751074
63362505
49476841
21454352
21030658
15376997
46664676
41032285
29402046
71503825
23976056
66243744
72102623
38269927
52883110
14405250
25457481
77686735
61271947
21238546
54187428
11069389
61003416
52065239
67362212
70444815
61021541
29241975
44906634
41112683
64989261
43477063
72556829
44865448
64901484
73097389
55902121
48737826
63263779
79685236
70953329
42389529
24252768
28497427
72255523
22405212
14665977
66467160
65892744
56779738
66166030
34983786
54829213
66075909
31239518
26785128
36267993
24107405
55141097
26475474
25027180
77517459
16710479
27597870
61525272
38319545
47687396
35522673
35591738
56379594
68415470
27338422
56782063
20795910
34558294
52387131
64127611
60776622
17648761
32166492
44117222
60366403
31592390
68198135
73392817
52265652
30007186
68282034
77379795
18986299
16516744
65487535
62114887
47966231
73760271
23865205
57615035
11869825
62896152
21116790
43539255
48827671
68898746
12155186
34735662
71873851
17909340
70491352
21558722
57621571
31222561
74860700
60365953
27924706
72678562
43687758
12949537
50743373
73203085
68908814
32993000
20682259
11562980
29487657
51032264
71917486
61266741
37897781
18598583
79096434
24864830
25811992
69978501
40752942
28471606
22373768
52003383
11475049
67494064
58475508
40966040
22467330
40915999
39373946
57572686
51027876
67649985
43695989
39111791
20070353
27961522
58149409
48889635
57282763
51339536
66434911
55611987
41832371
77299534
42745960
79803969
64786793
51998890
69317115
41186897
44518496
53296092
57224375
19957060
21046082
70159743
26816947
38924625
71660191
28743619
12524528
77418122
47034778
12585401
61668030
34459350
78516560
28000347
53199092
63096240
43737723
47138745
56165622
36616611
38555844
35251692
59226358
64876971
30089868
67932823
51490120
39346525
38268978
50456031
12614856
31785873
70550662
46222668
12898881
74539920
47338635
61343310
57069589
55644306
29769916
41010375
78812047
32320663
61100626
64444118
25450489
72289851
47695400
16533427
22154026
62526442
38805066
51461173
58018950
47063073
18345982
74061977
17390046
77273190
47949913
65707518
33293655
75050041
26626410
33595790
39126836
35299183
66537093
12891490
56592965
20526280
54882282
68617306
43656202
22579892
43367385
40307617
65123416
33635769
61383373
72022743
57060289
63537530
15944217
56853520
20232730
53166802
36451928
16825191
46279146
22404362
52882103
66860419
39711692
56444525
71042129
68865062
35304370
76956953
53547977
67504731
55159469
10369750
24940025
43487995
51597470
23550588
60156001
76373324
79018101
64566223
66330193
38876038
55834504
18049869
22219745
23004069
20991253
22355327
59688232
73446083
77888117
47301683
13591112
66183010
15939476
33025793
41649397
60106054
53917675
46212646
19901065
58528692
74793765
40297350
63194646
53515013
43850662
28586999
21585226
28495780
33457547
62819847
38101753
61413076
78884247
21037357
38862651
34310910
76320788
31829272
58330180
79231870
47808294
43162858
71735389
15075781
69840439
23336112
34353464
14695912
45818841
10372509
46142743
39558643
15781009
39508161
71464813
39309670
46125912
23562051
18338163
43759033
66468815
21998177
64805704
78265890
46074482
10102654
51169733
23039998
28601971
79561485
78527596
20662543
74695426
57438807
58734744
59564327
14332982
26785030
21436264
20295890
27593887
62892636
77867683
70483472
59526784
57629985
79359583
68020123
12965983
18229033
54567554
58602010
23343212
72256384
69754752
43316128
61236769
60832554
26044831
67484887
58429415
12755452
48661658
44971976
43597891
59261082
29879806
10092337
64807678
40538521
77656406
40801782
38221075
59321486
31286761
55445621
39955083
36545744
17725740
12215694
69023279
71719295
25288925
56748192
60340427
33855780
58826990
35498213
13204476
32851292
21141435
48708515
32114453
69575764
53522795
59481968
40769773
37053676
48774943
37442259
41576195
74553568
71302982
45982374
77930207
10428603
27428849
21053598
57729277
37698105
45752676
44049997
59992182
18200567
66812261
72307757
71432629
61465662
27296674
22359184
53645194
11410501
37914185
58987075
66634285
59057197
55677911
69192530
14265760
40587277
32758854
41089749
75831636
66172572
77982241
55975792
43999961
17937582
13842519
48289203
73938173
61884745
59844293
38896935
71737503
33970951
38304868
60712965
10729789
63617142
73882111
32598475
72535411
10873057
34321705
27457669
49026832
56193283
76479876
40345487
20392866
71283272
19611576
44560918
20734215
12616162
17667111
63141891
53778826
49109888
23503146
74450131
77578452
47467969
20247572
10292590
63641149
20505158
12517109
48851060
10654827
23776222
38299936
51310116
22542732
62284938
31993129
33271368
43580933
24219704
66735283
45898761
15007880
59252751
42868529
31177714
61828373
23172378
73175516
57512825
73360298
21607788
76325539
37835439
69587297
41767387
31612555
50697314
43637951
18777280
45621453
17303171
32918999
44149799
19733214
46946795
19369688
35841561
21646537
57898173
45382032
26596741
18948481
29030089
76486594
32666527
74152026
56905143
30830303
76908492
15192285
37076895
31765462
59225269
50479925
74610368
28793580
16002077
53705987
49668076
40711107
72911176
79730922
49555830
25301847
19172574
43732299
38074751
12572935
19760088
55025474
50923269
32632098
21344070
34816547
76127584
61667614
13316195
71005849
32159140
58934609
21645002
31696986
78472270
36743843
45504737
13058815
79890406
51837612
22228759
60307065
78352411
58062617
72680680
74698495
30639249
57419063
24102416
43138683
62301753
36342488
64472639
55137471
74871947
28796788
28783514
27207279
44178620
35611310
71109683
55305759
75559498
64177723
38497457
15592242
63762362
70366583
38659309
40256703
58522275
19114082
30503834
58910367
15220407
78577113
38023130
27344690
43695400
11897758
56490592
46994370
54697882
46688552
51967477
29030026
27359268
49330044
76609756
77996832
27856660
13304232
18827169
73777935
60300512
32213616
55421710
45567173
18566114
62904452
39753195
56710938
25417224
67200235
37563916
33300213
58845033
23908369
23995040
54878884
19697898
15730268
68324892
64204359
67920950
21157330
31582866
14196367
33225554
53562284
17466770
70481250
35987350
33302150
58468758
72754290
61614274
18868036
12247462
45666745
21771881
64816415
13591455
68010569
21128420
26663160
34372675
57774259
66648810
50278107
49649152
55357744
73222247
33524541
31444263
56210892
36642642
14649281
69939471
57949332
76482258
59370709
61324023
59949820
13204478
24450553
53923098
51701769
31731649
22111198
45237028
68999484
12541840
51858340
68551570
34467436
67351422
51720849
56296182
19120403
43800363
50769262
48863607
52012431
39099200
25400295
52589863
64238401
26311454
30080292
49489596
14488841
54659798
64182958
17107751
43660740
58284633
47908744
26706734
48488622
55530848
26462027
56055250
21749847
22642034
66147662
61061159
43353669
15478208
15297080
69431694
79066458
56549080
40521106
60930110
19893945
44825775
12584942
79710958
45753704
51604843
45170857
58531374
25361855
16616098
11649273
65398212
78357498
56526037
40568549
72301871
78703019
57114324
44933242
49330721
15757601
25253920
25509044
68725616
69673283
19013392
40791740
74497162
63152816
57058929
65546907
68799184
70888607
13766985
75546842
30623237
33194313
73979681
36005053
50897274
27187342
33984886
48071123
59699689
67378933
56010320
28780089
69318645
13891092
32507263
35325647
24688157
50341512
78260604
40217643
52006253
67811764
19782608
60866240
68002578
61119890
50131738
14182343
46505770
63969135
60463401
56316564
37506769
23877826
59295788
63419728
38091533
78027737
39003041
54023247
49174854
16389996
55363247
70094697
75564595
28147053
29518023
15857729
46078976
23351967
24469972
74025841
68382427
50003446
40451981
57601661
44962264
72931443
72416175
55282413
16382851
19939658
28628345
78506448
57757866
32454679
59534058
65329269
64966697
33354047
61552776
57163282
14623152
11506311
23361654
47100188
73562803
65087310
41007072
63308069
21856542
75966722
75042929
43922973
66672872
15079847
24106273
53639981
71343603
64527491
73942466
51783623
54331747
63785035
51985207
23061937
19782917
75187961
59300643
78546552
49959992
21749337
44269528
43819493
11864466
35983963
13222834
26999115
40374162
53453506
59949080
27808711
18109807
28702794
61784303
26550423
22382744
22220408
29740421
70578921
52403173
69000655
59856030
76249661
13023523
35056150
55269802
73472853
58673146
63415229
68870545
31502498
48434678
28443478
34013303
74035538
31778016
67219989
19329085
28650084
67009011
53346255
70091383
12184961
29590294
43606162
50771506
17280293
45110270
42901694
15738762
39935544
34090077
17763899
53076458
37609624
46907731
23403312
77967985
16891787
43252903
61471639
36035161
47419645
51300784
67272269
30555086
23662672
76789377
34914032
44250408
60620760
71084255
39595666
68822352
47257744
12715140
37637806
10243659
28715084
75309867
75121003
54505681
13810365
62456204
46098461
60899541
21504454
37503586
15639999
47779496
73408863
67988621
44211926
62333934
28925101
33814968
13711841
68396933
34681161
30948035
26967935
74838503
59215602
28878015
54927996
20827106
28554455
30567037
68591528
25040075
79524276
10011905
64432551
33513474
28774049
70882543
43025581
23866189
58705749
46778664
62178710
44198816
54535123
35162805
55585493
26458644
31732352
78817310
64423129
64715454
20664388
30711510
12891009
56486346
13145337
16145519
65042086
61349584
39674193
12489054
31048808
16265249
58690715
75889402
69192080
37750175
74067832
27698134
18298533
77213432
54799403
56062717
13420811
67054201
20418329
33316401
56982638
54640362
59447929
34848642
43422714
30083340
76392750
71191368
79653060
13063839
73699014
35124999
63713179
26011699
38483936
15327542
35630511
12112843
75818144
74823955
73238475
51291753
61919374
34462758
15335912
65480227
36254330
47654712
44441772
47846624
75331429
77972372
11955776
79268858
56454036
73188264
29834937
17872157
31973781
60000530
12784091
52789339
34588418
62735136
37424959
45793061
18740342
67805345
17041727
11098954
58434944
33542317
32650478
75129966
72437110
71371037
61318294
65261633
43799971
75124578
62948980
32215624
39950407
65551906
11699978
42398356
57887510
17620875
14756168
38073599
49542889
18868599
18609374
55329614
55676647
28688479
75062805
61114313
10738089
51411144
48502744
13720590
25164045
62890672
22034366
20277557
13387466
71497346
47351275
51577296
64677398
66604007
53649030
33363797
75141284
51690307
20253526
58040135
28814170
13490246
62170143
76818876
14415252
39879156
78777228
71544299
39670715
41976500
25710061
72791665
73478091
72030895
25325607
57249474
36781195
35997080
68533328
27235210
26711578
10852302
12401852
14735561
70688275
16226222
70545895
58277646
15966965
54003467
51427311
19734093
61506089
43727592
50339304
78057942
42077790
78245109
17233857
39059260
62241531
71629695
17898380
76846625
67907814
13275411
47122819
31697608
56231582
68736771
57450250
15022619
15454953
34896926
57565655
22416054
48603012
48490291
41334935
41473301
34487279
73487421
20120305
72886015
57618355
71145878
17339022
19982668
43135623
30513985
19250083
60298208
70122163
10930706
75480106
57858490
24741448
15935261
61030630
56357361
13416290
61502168
66407786
31303648
26397860
43189193
27831016
69792366
62915427
71806112
24919184
76344786
71690354
56756420
25878039
30822521
35474407
59491413
42711697
78221857
52327708
24532081
15173778
31349477
33026613
47954728
71068417
46551387
46873634
74737937
66313579
68402504
10921751
44226386
31087286
79012948
76108184
77368652
18395617
14217635
34030209
39218618
45983501
74330142
10282452
49863109
60739540
79751162
37321766
60152871
75585934
18286689
48467756
65215031
74115655
30475652
49596635
66192601
58917591
52646228
48034426
29386295
73720068
51946866
42531829
45663840
32577865
43742468
52503300
33782023
79593241
42201970
68183397
50010476
79625970
57247150
53875137
50223656
56624341
46018871
25483292
20436298
49390838
26457908
23650116
50955205
57001608
49148048
76159725
34516725
79357031
73341869
30797797
15440074
32611307
15105066
57731913
68257908
28211706
42929176
29181657
52400792
58271273
71750016
16322406
15066532
71159830
50204756
47469788
17676270
27062481
64216193
61027475
76519741
50343056
22213686
55660554
17343813
67178450
64343215
45031155
72956732
75448864
65383854
46772150
54538149
59828171
55529250
64531446
59510193
46455875
68809032
13713060
32332675
49357589
66468221
53321116
10701860
65461994
24288475
70090645
66956576
74646358
77561381
24659046
78076532
76565449
68333169
43497298
73578158
64456958
37268758
66668250
57384150
26033753
69811256
67089060
28932644
58946746
70198449
46122031
47057191
73759978
74420307
63948311
47643980
77164659
14096352
37853594
50013922
25253580
45983358
38997788
26152661
72715819
75904758
38090832
21802005
56335283
40318315
50941889
21565627
70647530
56872456
38482172
13368536
66418642
29516916
67748518
28751417
14385230
63276776
31700279
41493722
33840507
37984024
14270163
30254835
46659760
56634241
31803637
76748373
78414908
27936906
78157026
18269736
26908212
67175051
54014174
13887240
29144790
16205161
79199639
29377517
50069509
72615021
17139311
58945277
79307026
74864660
15668355
14336416
11787170
52784868
79188397
12511707
59309392
51922287
49817004
68667175
71110193
30971467
72799884
38219112
48800412
57163875
78600890
25384174
73743819
63954835
65875911
26961089
31763481
71213965
79538921
63107043
25515272
78662756
66601658
49094728
26646921
45874758
31523220
57174508
41975556
61284156
28375774
30841889
41277045
42058265
79428981
18839289
34267747
35684202
41239728
11941032
45126707
26089667
59406099
28892201
62715627
59843078
57094163
19546498
59881475
72311317
44498459
69680482
70198338
67374842
45235924
76722526
15553311
52264200
38061312
15163253
66544967
12117503
40542213
62134671
76723897
19244877
57084103
53799698
14342390
57271422
59998046
15150712
27522647
66121811
47119707
68759688
20152269
59981330
53595654
45216515
14201596
20713469
33894727
73781435
52581727
46081104
39944903
76633820
33663817
57310850
49536136
21211511
34117607
27544629
65049120
70117374
60517464
15178463
57121118
38173728
72036193
56553547
55902115
68085549
21175024
58382368
28793486
27782432
40626856
36097269
57374789
55658680
15897799
69553208
13897723
65784806
14346725
22593854
68807301
77046194
21598938
60736822
32462267
56103315
18180336
40049220
75163571
78192796
65829102
66019008
22063766
66035557
47006348
59523871
67283361
22101354
25511166
33880064
77181727
70969702
43708759
73463211
42833944
20535195
46614866
14452397
68755790
61110752
11022419
24282640
73822676
21658373
60066491
78610818
67640690
47701370
36379312
26068140
27758805
66109335
12287742
14080696
21434502
50210436
61538943
50933429
29679175
41972437
65256079
65139309
35242263
65491847
70440111
57062035
76073046
62221371
60148219
61136053
60669264
41345703
20900711
42918508
68779813
48943358
32930385
11659021
74421596
57451174
47202393
42021104
20659620
48452683
23686544
38234646
57919861
20816527
31433996
14168843
52686147
23308954
58684741
15676162
64525498
12613677
62466279
76329628
72653965
55375529
74989802
10117892
11153175
23486953
32000793
79560332
49272758
65738114
77250372
58968274
10618191
37927216
32335974
78585585
49534169
17030555
47333339
79761228
49457854
42721417
47748758
74121816
24865850
23637596
55151366
50755654
69565695
40808383
60106137
41581201
14605426
31308054
16036893
26060492
66996473
11817485
28883944
49879723
72166047
61154914
15292152
65116040
57040492
79710566
48501624
24057271
43573157
11285959
60092021
24980498
52214972
61116959
59181694
18829886
44578751
32036649
27091078
49621059
52312435
35316446
54299773
18813913
52231478
48665204
11194167
44148800
20494951
49578305
57514580
10480657
64344479
79277232
37281325
23079174
21249334
26017024
38983453
35693468
69502328
45534431
30829766
12860583
58296635
20303497
51171898
68736037
64029749
44684508
67459668
48256044
13197397
53121837
78428041
71511469
49409221
22426323
56243056
60054477
71023078
32286234
70204910
28735276
64165381
32885619
46452657
15141359
27985595
30228561
49170201
33128875
42268932
41874037
34815822
28246376
19141819
33458206
53345460
32685930
29227111
53045801
38063717
24724886
73899428
69237672
18815040
46593263
71429627
39383551
25433435
50977533
46173097
16396758
73818076
16823348
11530940
40071850
74528839
68573292
24260755
58440753
40873489
53772116
16015508
54882175
28151525
73269102
53653281
12205545
10108423
64781454
79117556
56599591
46127801
74256990
66700685
63413913
40420116
60689411
31422835
46628387
62413730
45043355
56634433
19798833
67556849
10266147
31799227
26365745
12083591
56865544
17634282
52488295
77745494
15283600
29795591
35408983
22060222
57771653
14458417
15004947
78362702
74820499
69451732
52767622
72474697
24470252
19297505
69499784
35917073
21994490
56153675
72274433
49796580
16098460
61755388
42014005
19089396
31587830
79323169
54007560
18647304
46978534
20378656
72893660
72712928
42730299
47243583
17192193
26657027
24218087
37988075
37551559
52626475
78553656
25485205
58940514
65965456
44035900
38629596
37612616
15097560
52581228
29325995
61961584
40122937
15404495
45162083
20250063
65885316
41648526
70077674
57613965
27392964
68623457
50407549
11716331
41298981
56368567
76002330
79529659
58688725
70457195
47225173
21949927
31893550
58976214
11344774
55952741
54233072
14692645
34285247
46329213
20026272
30545970
71901743
66451536
47152905
63313662
75900975
44810710
21868891
52092958
63898255
76911458
69286805
40369342
51591423
31875774
49582990
32692468
33660176
50911645
40446339
26949565
55215814
79409962
17664052
18712500
45524783
26444406
43249176
27128328
39812804
35654023
21464837
51708628
52526587
49916574
78576765
75975511
64001601
18252465
14263439
72272800
21073043
32267131
54311940
42041797
56015832
76265261
40284846
29331330
22312136
76533572
10090239
20417717
16897746
13976066
40899682
11371051
31301088
16062867
75156769
25821045
40096261
23005989
64795473
34516091
55753176
73400068
18120762
74668079
62928661
74419638
69586772
32941234
30735160
33822976
35822384
50372013
19439723
25120337
50933318
46013993
10512382
20507870
55386923
79324841
63735191
18374327
54200755
12655094
76948279
45032824
45941005
56001229
56526969
17281598
56964640
34874824
70647741
43079527
74826938
17113619
62229169
17115855
37734773
50497557
15448892
12579526
14413661
47672039
32000437
31816885
22620466
77336355
69212152
38730834
31235082
12398919
22067732
21991517
52535407
36184660
34747105
11369634
22206303
52836723
45707751
74896553
72257804
26945087
68225480
79054652
38962377
40049025
76280458
61583974
28788074
23908521
68210506
48091112
63623279
19826292
30465190
50547581
21205411
54546507
51747311
50645243
44976482
31736990
25002077
49921813
29500184
66421794
37206754
28057666
35920270
16184107
61080991
57786414
21755262
70782169
34251945
35507518
45662642
36930904
39603468
60960763
51833266
25253943
61897710
43953612
59851598
68486370
55281363
54390446
41999984
62536127
61892494
69894565
41248844
12366677
11852172
27922063
49225034
59782466
35288539
72226889
46284654
78329560
37252192
10255731
49124597
20131898
13219469
38517909
49632785
64445804
79140962
42547785
69681641
42812403
27617735
45412346
13985929
25293805
47925525
30443247
61387220
51953919
39954173
75293011
70074839
13489038
74087449
29681381
23277138
37227117
72396267
63066975
25143510
10640255
75164388
55049392
39263225
41030761
28692075
55274519
58496038
53271293
19976981
77678416
35815103
35610531
21861517
66085731
31366462
11064156
34330037
72877492
56120972
79689863
61049667
47353260
30787851
37762501
58746243
40924575
37083449
64289546
50147846
34221281
65908968
25158005
73808551
33125820
70493597
49415604
72055886
52332809
53322959
45875495
11635090
24041069
35932671
36390435
40353605
77429492
23484561
28922928
62631817
54306242
67088420
76579625
54032463
42393760
25793438
39635504
28177819
24200370
50933736
58896635
34486555
72710448
10003112
21812563
47981299
35200864
36347009
47223744
56893094
60348631
64313023
12950434
41131495
64070381
17030747
66121591
75407151
41363073
43293525
78234086
71872390
18936556
54790469
33393523
23978199
31819210
39854040
12476278
32064723
17627265
70102143
24980159
47367730
50166276
51877631
31399760
75563005
45135356
37375838
73737836
47788817
13666380
12919664
27184737
65418704
27393621
31344257
18355377
22445945
21223777
22906097
27481670
79825016
32443559
54543222
10485070
11309949
27625915
22719707
59474017
33063662
68177147
53329299
60179657
73532960
24347397
69697594
22116847
49910249
48803746
78978586
22883142
45447842
77377117
55180817
33579029
35806273
50270573
31298201
21230661
56196180
50338132
63383779
29308465
13092918
72170987
55107623
34361604
46108383
14382513
47740109
23603213
79831248
20597095
57188754
41416388
31018359
41314996
62792403
53339261
14740045
72627677
12706879
66582355
40474574
79261723
66243535
57287910
33681872
55414288
62799331
10445516
52977356
27607158
45097625
67699051
65507110
42461633
33434378
54528152
69844445
20742116
13629977
16530137
16193611
73282062
15698858
36239213
33368244
61446785
28586254
71014012
43653351
60778549
64290254
12288833
22485484
35954476
71119161
62394768
31175850
68254289
29887882
68924530
27431633
50389720
53542984
68793967
48651733
47781386
37106859
17905307
43286322
22966577
57511381
68456559
46132487
43773670
17185327
54392722
56938949
35805292
71082548
56483705
68322982
10081399
61639444
76860421
20562972
52440051
18250822
30681423
35165323
53577767
37568784
60925447
67309578
46469591
57020954
11801967
15197329
43212968
38301928
28546380
18150294
21360360
65549228
51946719
24652161
33933815
49344416
43398522
28787986
14200166
76242469
42115962
73510274
20709390
46934090
50519374
31979366
75046091
15734036
54015079
31023008
76005340
22072336
45128172
16634815
23640636
23649740
72555852
58916473
49040267
64257675
15980922
20446308
19089345
17299290
52904160
15071835
24116662
11786099
27870335
60461383
71781277
20885034
13573315
20333049
75410543
67965158
71614250
64560044
19258803
37091398
73921714
73086614
24359148
38514305
11116815
34267230
69485817
15500298
22608830
29081123
71113370
78469981
67289361
70361002
63208590
52004561
48780517
38014005
24031762
17603766
34631414
29040727
75191443
77416762
68329954
62468162
26310083
68178589
37267444
43467019
12612707
71565056
42346117
24763575
43212767
27889377
62620463
38643739
55582280
38252334
46542620
18651096
31233077
28383741
56990872
14953636
12515067
43570567
76454790
16194886
37110578
47036324
31165300
20075531
70897411
63995523
22040037
70969169
35050738
49385000
79926589
24885901
46179901
63603598
68878010
40176295
24083512
43187186
64262084
14323654
25855108
64233347
61529346
75592856
24014743
27047985
77540405
23858680
53329281
42302023
51907805
26315771
54331863
22085697
39197042
24508347
52123785
20286306
64612910
18940016
13237185
52000911
60008978
26458145
42322586
14159110
41248939
60102050
71383608
16973852
77632495
15968449
42327196
62316302
44459819
25032509
34103669
36997674
17239040
57607700
25300481
46037181
46245901
35323707
25064404
39057451
44348789
21198006
33765192
34371985
78390576
53668164
43584520
26797806
22341561
42522870
42895887
53764230
12605619
45702826
24549244
63825231
21581051
45260560
15472320
51797570
37710383
69888500
46394462
71266107
62879264
16762888
71648565
20682917
39392426
24191495
71743801
68507091
57677733
25633724
14874121
19823351
11775228
34557551
72447115
52228395
48690836
16445775
21306425
43699317
20696600
18713696
15083245
22343055
79522263
13565326
53482858
25888630
31294874
52513182
32008624
24303152
46782446
41583340
78659205
32264661
58690977
62132621
11048280
11525893
58315154
60445498
44184416
65627826
14018639
40018977
63525067
60175251
25307304
63355850
14151979
19879552
26779255
68447107
79870631
41239143
59647283
52320206
45179102
49029751
59886315
71210530
28803882
13467583
73723464
30293285
75004641
64900774
14963458
71794281
12545554
67523687
79229455
65797324
19413140
75695056
75000274
62735111
77427683
13792899
78735610
53401177
20481829
36359556
29414719
62228219
64094785
24774775
38895783
34490850
72991346
21578942
70307310
23926681
68210887
71599398
59305453
16423253
54589507
66816089
10056742
12350220
63478390
26110472
15840973
42273685
50111059
36178793
57837447
63800865
50945415
15766499
53260184
46810024
67437278
63111936
53322210
76651385
42084441
64304930
79707061
41209485
78940151
39275420
52629663
74579062
60160738
60722435
49765677
77548769
17348275
28495990
44819806
28208362
28318116
12557004
48176828
15233579
42440732
41704980
31762219
52325461
32074796
70442883
71046150
64488367
26785301
63245631
71582424
59944807
52068772
17900717
22460502
10615831
49477159
36481110
14087830
50876918
19120891
65340514
45890894
25911445
23088512
45798782
34719910
30437318
37815510
26325259
40185248
36737660
53511517
56955763
52394184
38173560
19915700
27256193
16486220
76505638
74002102
35629314
41894603
65627031
32364631
27795118
32809309
64415778
23200851
45554194
43358866
22492972
74839502
38939398
13572835
47912918
13790614
50470197
23057792
29720279
24585560
52005440
54402948
36771143
46774542
20061770
64633464
23315768
77028370
45803400
74154343
64836769
18922046
57718424
15809525
68867018
76137921
65259775
51880905
42730435
18724897
56238951
32112925
51963354
22954455
21288589
68181433
70509771
75575330
68188533
32356208
38954351
79252926
52912709
65067031
11554174
28930755
67220874
64072775
58793439
20132230
20290369
71248777
75607146
55136064
17918587
51181940
29506983
13811015
23580011
26639583
25919030
25042328
56871395
61845225
61937259
42790060
73247556
75823632
11277119
60119373
65075063
14604401
24442992
10605194
10982311
18165131
61496399
55506531
30165572
12272514
28406183
24988025
17304224
10365139
25680091
45057475
31392709
18182040
57803432
52199940
79675673
51413892
71831963
17260968
48953097
47335312
17569650
44496947
27256636
10618352
57807356
12879078
69240442
77918278
26784086
28612826
69961828
71200635
75462761
13403391
59281398
44005917
68072320
14165847
20194228
64051112
11772176
36892925
65600457
74397931
66234398
76645671
35113471
50625136
74521611
44061339
23722616
23687487
32435081
26256826
61520824
51884574
75729282
71514692
12806018
40873821
53480027
57970248
64915711
24605133
14957402
43419702
43117393
35936557
69476816
33220000
58658444
27203304
62182946
69144103
78613298
55515083
57381080
44923246
27849915
26141144
64250362
55706096
53922190
73094362
43338522
49522895
17056740
47133319
42532853
77632314
57796272
44517855
51149637
22880136
44572705
53230568
65567412
77665327
61722368
12838469
36814062
68822571
30154778
39617783
39153400
48377075
75823669
34064261
37890959
74182948
65197731
63902308
70282422
73927365
77638483
27081374
37796615
70138844
61665307
79830745
17553616
25013731
56045812
77431095
46945715
67544966
51036924
12878301
58110302
33870516
59262001
13848865
72043567
11972437
34002500
49544483
54101235
55833682
29931116
55104773
49155075
53970279
27647371
12178241
33911977
67789763
67101749
16979437
75945225
32978763
64166125
14809977
31813544
49307602
34941858
66676116
11181369
53381950
56130676
65806551
20792930
70058883
34953936
34015553
19460388
33825394
59582274
51235445
24817635
44379172
61795633
17602181
14376515
27344084
66460896
74330568
21970192
17367102
56987367
73806733
78364120
39160718
71896022
17203906
65973283
78150349
56814343
60910554
21772721
46965899
26745864
19091876
14218244
22983237
34356145
55883522
17164174
21773504
39890054
19153837
75697652
55996334
17947415
32346270
33089423
42889016
45581748
44939196
14608193
27155354
19631093
67843256
40626402
51946137
12859221
66428045
68931838
24397758
31958089
43192724
12073692
62534862
36828479
11821960
65921260
74182710
74193902
17908024
42578510
25366143
56493957
37310346
13965857
28987619
37814759
42576266
57228599
20386231
54258151
42973464
54457442
29212801
46816640
29772087
36068697
47465614
50083227
71442257
70615995
14651407
45244424
32989503
29128576
52488623
11050998
27414940
34628505
40240421
50680074
76995255
30142280
64541616
36153560
55538585
67945964
57403869
74969464
60717460
51730835
64529293
12279586
48212699
48686203
42560281
51990391
66605209
13469360
65643790
59703876
40049332
66249347
15575085
46325647
70987434
74500694
63097936
67909795
19190631
76665212
33298640
34895531
34641405
42627026
50113783
66279214
32661287
44607748
17778661
12543838
13334112
11933238
41592598
67572907
52946737
43232982
17265510
50074796
64057044
10488748
75465823
29251872
25459809
15343892
32469261
20543184
78563666
60117520
67303051
27274088
19971458
11907942
11138829
70777081
38097016
60186161
36697866
58812993
42369155
65545011
68829796
23847452
74942942
18003739
33161864
31624518
42662849
15999191
34050879
34473397
72980007
20025003
37873166
23970814
40664613
46971855
20832857
13781440
44475326
47266455
18717195
52464599
47330845
46494697
46751708
50358123
68124132
78921837
13892805
43457257
50295235
40155031
37094044
31903817
76862922
49890111
54161314
60990907
73716540
22403522
38596558
10583842
35171241
17294169
40407031
30410393
15290258
73894366
66675336
52193687
37263244
62573816
58826193
32265837
24041752
12287687
62711746
73827943
22798887
69101714
44033956
66764069
75784484
52573753
62032072
18801174
16031708
38516827
16801806
31543745
77978363
49542032
77653676
28001633
63815609
63297881
17166071
48621761
10740928
48102416
70823298
50486353
44827902
29825236
50255058
41855712
22186433
64414221
11075285
40465994
23126011
52417701
40829122
48103607
69022578
69430241
18190012
69757264
31656753
40430393
38681645
17413504
67788220
30024230
55083360
59454771
10427152
18263733
36482514
33843815
13420310
16527745
33739737
75020207
51191316
49448805
21164727
20281882
41904675
77980537
71979250
35826723
44068022
57316163
11628862
17297690
25808410
65433557
35400145
43155684
59764029
58896113
58174607
28297103
77507368
53115876
40164745
17611358
48171157
60786546
19629157
46944723
49659141
57286781
15613999
69265007
37217714
16873567
50059691
54411887
11243473
28932989
15708273
27118046
29853790
70335538
55386122
45238926
18394243
51940883
24458769
16615656
45909350
60389315
75773272
71787015
74742969
10542497
20964795
26162625
15904531
50686560
46721480
65912336
23137666
50695188
67809175
41759721
47959910
65800749
79432153
10982333
13367427
38119581
27263451
73031022
79093456
52898749
67789163
42419857
42366183
66865552
10608721
17974861
66834546
10879186
39987714
71652266
60214504
40739586
18508190
62658799
46263728
31376532
62540109
24438315
15388953
25778723
53994431
30340605
78437213
25565627
64900227
13755153
61127908
52374442
40713463
20933277
68642749
78731636
65665128
20820110
16056662
77349529
38359561
34132985
39058091
10571685
13484396
79338913
41368407
33527335
12991764
27368971
49201821
69431490
30472527
12249954
78772051
42627088
74558512
12835130
79385469
46195920
43357168
65871091
43540737
51705909
46365766
72961619
42544194
18748935
11285955
25046581
16868793
22630740
70413133
67247895
58108720
65496615
61177068
66068792
27793486
72492583
59431391
15887421
62841837
41034125
50537123
28276484
68921093
19553937
63386624
56458120
77037795
43737966
25143694
59099236
60368358
15215019
77875904
71297941
45416332
50905621
52077502
14307321
41626007
34246783
34427138
25461527
44277411
61183895
15173362
57452985
75043362
41374591
68485727
28674362
67214815
24547646
44065184
39327178
30406318
47046939
49343662
72650544
50679940
51061479
54573366
25450493
51229876
12034929
65957928
78480294
29573635
23647475
36849930
78530691
14203705
55502844
40879010
71790687
44086592
75923491
36822101
76315278
55557616
29305482
70614737
46321983
46581881
25038257
25931294
27573561
12259962
69711873
67850190
39844085
47969431
22556489
27620402
59879639
73079405
67372295
65198260
32820744
12163354
36355223
13122982
30906389
68731398
29125807
20582645
45750374
22646372
44275162
65404870
24324381
72577884
43597067
11908562
41418705
12526949
12193382
36388399
58901760
59202888
18791020
14645142
70182888
42597519
56986846
38284462
13012722
30703899
11406185
73253906
72149809
64005014
61816438
45681060
72025365
54584904
67810099
30916439
62247173
70500741
22966170
74631857
29277823
54616819
16141207
61227205
39124898
20557364
23845480
43230740
51393430
42024067
55328638
16351729
30519047
13137638
65931689
78120052
58705625
33132802
30002005
47184165
69389985
57343612
28302750
74636559
78523842
44918802
42736159
17957696
57409622
53242449
39162718
67045431
46979105
61242087
12055112
37909749
15862251
34345752
24856101
11694002
10774492
68912343
15393478
24816762
48308055
44232975
17566435
40021700
17587290
57348911
19028231
29916535
41209156
48205406
37493669
74652640
63689225
54192681
69356130
44728768
62356915
72431531
62056278
42021263
37531527
57459490
78063451
74970431
64189284
41365079
15231239
55729709
26353269
15010156
32895706
69703071
32013328
35654681
27644674
21555799
19081602
76076539
67255854
23766494
46455364
31243852
22445601
11219096
63870075
46667822
64108088
36747441
74717934
50927159
28430396
43074068
72304395
39974667
30466128
58877742
47211316
32122947
13832400
76579217
79035946
35239996
26148319
37105753
44554717
49555840
12077720
75458076
25210477
52889789
18014336
19119459
57431115
61111094
26185772
43618229
54043447
21438307
42800906
16705460
42898312
48357671
16882759
62056710
30038389
43821537
77980240
59650610
65952449
19068304
27710723
61247057
41627460
21453129
79701277
54706103
51314729
51201876
50086010
42733373
43010178
78090044
65138739
11585037
36757043
48531498
62656134
79575985
36175489
19030003
32380207
38811616
43136467
51286315
37570589
30948129
34059486
41795242
13285341
54459781
77604971
32113899
29742954
50299143
55731477
54205185
65589174
76097780
39229731
12227720
18914096
55139940
70159837
26638637
27068979
69283337
68028904
64271525
52219185
49800003
53665548
35868963
43092489
37481480
55094615
68407295
36558282
42350405
64179269
24769615
78579566
51681810
72987307
33526178
67437385
71570117
56003384
47989018
25965156
19893110
42254298
24874057
40358049
69463755
50897915
71307144
75117182
29751864
37915114
38526387
22514102
41503355
29757284
44423178
44001698
37762332
69971065
30456011
24933079
24444866
10880990
41257181
26770468
26498309
19426523
78340682
34653934
59576118
52719225
51111669
42844613
71687734
17291080
69361515
78190293
47247325
62547234
26305641
31889030
34171240
35813665
38627581
72741529
19505271
12574580
11006825
73092467
10297939
21816605
56606095
62049793
25243041
22366714
45759255
38881840
24621005
31049153
14561595
55379513
79689486
22996684
61966993
54944950
66476594
57999683
24517631
69911615
49201058
47323390
31089592
53725832
14088706
53157002
35462057
66199663
36177117
11733420
36307199
64292251
19398590
45523698
76269655
37785377
54410826
34133088
74039456
62460999
27037896
66662701
11258450
24432090
39500107
12678057
31598445
10148611
10759429
12226168
29380971
25447587
42711502
55006482
77293879
60282675
18323203
22581054
39366583
49237669
11637225
38048499
12439688
44632914
27686970
60440276
71117773
67164450
12913392
63182525
46663048
35040771
24253555
15563628
36073406
56265255
75635286
71028873
19835654
45552923
38194583
13180563
33034155
19997088
56131284
45698168
22427930
43734009
60529134
29923406
25137205
44305851
45765640
41330485
51477085
35055816
49194077
71549599
20642623
15216984
38512314
54883385
30075952
71823933
32057174
13472268
25032525
53598234
40707894
68747733
32048540
70874503
67525055
52872421
49443330
31167054
34129670
41626633
27273088
43984494
54364324
10888718
11581242
52685716
34931856
20643128
34642880
31666951
21837518
11336528
61942648
47223835
79249189
17008187
64309243
73104766
44906808
18544806
61140203
54388241
17010353
54610758
45242589
37924895
77973505
40548500
17218671
48594523
67397461
52212597
66141850
34676512
46089377
49091035
39751036
30285641
13774332
32305294
22364902
60825949
10939666
56375616
51065854
73266048
26547625
27638728
62416981
25035541
58700330
24899854
72979600
56654716
72173925
79853549
55850719
69190227
51806482
23818375
40155950
75589974
47904140
43880798
14325777
51108398
14000804
39979144
61815355
55527090
62815213
61098209
31413776
13078893
51423805
13938083
62365383
19078225
69942762
46988702
18853911
24165109
38016056
56469518
64863624
68559828
11059765
43162800
24311366
63968550
63205814
14967382
33518718
32433705
24279096
29942565
23212247
70983923
14619330
41671363
31144394
73721248
39378689
63744100
36751091
35543043
38699802
66322713
44695429
49380881
47118697
21453901
16566570
30639439
70651349
67512556
56364605
59455298
22601696
64280105
70724301
73356203
33128161
48487741
70772545
39415762
26323391
17208730
42359744
10044750
60709023
41333300
48234486
61658798
25561017
17539086
41399145
69058253
41872331
33969330
23320781
57757019
60553836
27901333
13581817
15802758
78255688
75007850
10764305
43994329
27066518
69758921
59372009
30398085
66298298
33825118
46287647
72277884
42155489
43605117
27219899
18983819
59390057
79155265
52093596
44069596
33918719
79729219
29136389
28271069
47295335
63035463
19767365
39329462
64613965
28571876
12854190
73025605
34975320
37299759
79994143
29784708
32588664
65543264
39075936
43442302
38133372
78312694
10548974
19308434
53971509
46791752
36917702
68086872
25936397
50034959
30696970
30260582
49320777
63839093
25557340
41807769
25843373
78530481
46327842
71615304
76770545
61374077
69387790
42199519
21234811
48229399
47016597
25720806
38560271
18097335
31842262
11225875
79304395
77539954
60613084
24495248
55309724
33393680
57015177
22144869
27998197
15016000
37597473
61048927
29503362
15194925
78119857
72020143
58948443
15537328
18635249
71303717
18140460
26815326
64311519
25317234
27091918
17688075
14777727
46205574
73205036
58207261
35373289
27630471
58350172
69952675
18850074
15975570
36659317
14200158
30812343
16111368
40037657
74974784
64735265
62955123
18489241
24056688
62888176
28833047
64628549
20756526
15532916
32887584
57374849
48751709
66487765
78309489
54904774
74930628
74274950
42352020
40450419
26704676
40345441
30328252
65458354
35828501
24365181
19116629
18564751
28356051
28705122
75017670
68801099
31489173
24102661
63933430
29198337
34799838
51831065
76355991
67943524
47737449
47662209
68571522
47442307
34104201
40597867
35012130
55722974
55918806
40075393
11857456
30072900
61905877
32239189
47868054
56868794
19188263
39421646
68770319
75142879
40504306
79533287
35905877
44027187
59927122
41028364
79777899
35049706
13135322
22020674
44969130
72412069
15599471
70003340
76672165
46081745
54267282
39917788
19386140
44317344
22778891
28481825
73868117
10975019
34652856
30377447
18289492
28856546
68831116
78261319
25906142
69668235
18421037
35844674
66813256
54820428
41965828
31888765
64541266
32411264
31413584
42502295
38736233
24496825
37844537
56106946
17957125
50286760
64363076
47214386
66513808
39956421
55956937
27194065
48804269
77788112
65326117
44591217
36740587
43387014
28641487
77041399
52192375
17437311
41481864
37494503
29774976
66681123
77850001
43984854
65805156
76915352
17977106
39871385
70489373
63746145
78655142
41283681
23055126
29798089
13387785
62078136
26116710
30848021
25607752
31700366
57625655
17632748
76510080
13074376
51674725
75850703
10904875
50407630
39413517
70638598
47607510
20912912
47205088
10481251
30309821
18811313
75134492
39755172
19519306
65193932
21664917
15032037
12328492
27221886
47860693
52143029
32687722
69453795
43656300
51524319
31432127
20868506
45132536
28741783
61772522
10799241
28990795
25226440
44734821
77740684
76614343
54262474
55162906
60324845
67363514
52798550
62638075
73841932
20446020
32687672
37272132
38190702
71066938
40363361
36757594
50855953
62158619
28730069
10468211
57941437
50699024
68866146
40859841
40707335
56581824
41869068
47510293
13858924
19187567
56037747
28484665
11114617
46181347
75677683
49676864
36456459
68677045
10710614
67819657
25609507
63319195
73584930
37632596
57271727
48689645
34730381
47417614
21728557
35221294
31211615
65423927
64122035
20229181
41960931
72198165
17875893
48850770
15352225
15166142
19903353
72842226
42992179
64417142
73593237
61731200
66439692
36036888
25563020
55873195
78743051
32166579
38076869
28122873
46402554
17960732
72750071
78126471
35784513
35673126
14399684
50327861
79809183
73770263
28625037
62839560
30773907
61567213
47857445
59595529
75442323
13497093
23952953
72979794
48529428
53161011
64775324
21947312
26621810
77459923
15332298
26513627
43947992
41674152
29263239
11597083
61800223
36554638
48991954
48339749
77487489
18355372
25742968
75651691
19040521
22567075
70616080
28428799
76562756
15210855
51337818
13985217
76062504
72393494
42729190
50709308
27686067
68126067
26261345
14579015
64534071
45367735
19436144
60049593
29843910
79221679
43971423
19517098
21101650
12862648
57431643
49598969
55340695
18193891
45674967
30162523
50072270
50158127
46483742
77849336
71986074
48495253
48630388
13037009
59581427
69328659
34606155
75849875
74579585
58106305
34391459
10088417
31500191
78903742
64213217
10418322
39906609
22128325
56764074
66860396
56667043
36282914
39068394
40037497
23791998
40065227
72531210
24062019
46065328
45441800
49542157
20128476
49298944
34537777
13062107
69867035
12489569
78253467
18487016
29444305
54342800
75296405
34195602
35546326
58168503
42507188
67669690
73088753
32191836
41316779
50923801
72888299
76519877
28928594
28986248
13440556
38598842
39462822
66005767
43284674
78408967
74690708
42524515
65999515
40067217
13332357
42632946
31476324
29619858
38803053
18458965
41344117
14821423
56147222
43287475
15219150
65855771
31710881
53942925
38394218
72056331
10382777
67418674
41203791
35240780
28473207
46134415
24278595
73728254
76510456
23087422
45714165
76060713
73103388
18789439
26578983
35684233
26626015
62932449
77070707
48164388
66615909
29380211
56233941
43074736
69274628
60771786
58916178
34903214
40981836
60280647
68303855
46468641
23887649
11561414
50058852
37922895
76264452
41189383
40517327
34160089
15942438
61502647
56043576
44961814
30147025
21812314
13707405
66756835
41240414
31100108
33048771
55515219
64178371
22040646
74943017
73797767
46944183
26566941
44903385
67173387
21235473
15407116
42118565
33646738
37324099
49159386
38390410
42172795
53972933
60920694
79953218
45605370
67041175
58542139
49062421
28417641
77858494
64947206
39493829
55017608
45965084
22413627
27721129
79701759
55183506
40048153
26895705
33002417
19573067
31602134
69439183
39373530
29222952
48302941
18292347
56129889
34457750
11325456
69299724
60914894
55935078
44054415
14090699
30013205
35799064
23477558
68487184
27654632
39196638
60747517
55037234
21492817
22496030
73334845
65048292
35337567
24569371
73336479
29223811
69864912
25402497
11782068
63762181
60624446
31285846
79604586
50407604
57813915
54577180
42911874
20234446
21280927
36435013
47559492
28164615
63912618
78813967
45733261
20652801
62947857
65562677
25175766
50122250
17218195
68454391
18323639
39465424
69539413
11743866
76578584
25021043
62784947
69260495
12136095
22019055
70787767
47989382
74806062
19876249
60052894
29193108
35345097
77057121
11800243
49670713
40992095
37400505
38134187
70665112
60312608
71056809
45637511
15084978
73262804
53970875
60632241
39511729
54822454
78855509
77691482
63207321
50084227
21495788
65236993
68529527
44543633
11697094
77941508
61840372
41005668
39207416
66282915
66447910
26632052
34534905
27549733
54828195
61623427
15489529
38151634
42719312
32621940
71772913
43667128
25101273
23688661
70714493
46250830
12200170
70936223
20203280
78733335
79346304
17654139
53640177
71784379
28955287
21370132
74395845
71741127
25372253
75766442
78303145
73013779
17202368
24233442
77615937
76908415
30289227
25113970
55750616
17258673
71463819
75169498
62351123
51386321
23052794
36291639
66738505
43632607
56961251
35777289
26995380
79130338
40067725
50126452
69465616
19405769
20646722
73819340
38514562
69609769
25568718
10918094
44572238
41197102
43209012
77678982
71058030
10131064
37118994
68078780
59954115
25496892
61491778
25782339
65195114
27040967
20405003
16935848
39760463
28304348
67650525
29429624
60455264
78979361
15755288
44197181
59801546
67745970
59502145
48256531
60589955
11208041
28377229
43075778
12512991
75429631
34968031
33365367
40265176
55238491
40690868
62729248
51639749
51525940
14164054
70822037
24312523
26715638
42472997
28108598
79832430
64512423
77541563
52908669
41443663
67638033
47068645
40891925
66509431
78020852
42866564
33015242
35041205
32656387
78223708
45428312
54581092
61508870
28367899
75950645
45317259
17888467
30920702
32180030
69267194
34105326
19634418
55574023
56024356
22054819
70927940
39246536
30234835
18853236
17355847
63736156
29696137
30418926
29138219
44784301
45211332
37290471
32145320
31891953
38799084
49757560
37940290
30289904
23564429
12188604
19676500
62141781
56512422
35424291
36771208
67500475
30871044
37761872
54939537
37462104
38943211
40795535
42195526
38535166
74953204
23259740
26696367
15551280
12477169
14841451
29715093
48729164
36567630
12340022
43533836
52400281
77546939
75034207
68786883
15657389
19148290
76613836
28442314
71104614
30960413
78758627
71081621
54625721
60724818
30811707
33111419
70759057
42036714
73477729
68082559
33207246
46208236
71508297
24253001
45470725
23665052
14450783
26339505
46427569
41658047
12503571
68441275
27303350
36240093
39268895
30072735
68240592
37463152
40374632
60448853
65004917
17855378
34983518
62826182
70956646
46881559
13119546
58044667
41811665
30652495
28757393
40296431
73511049
66960217
41646414
12557678
15463213
69755797
28270181
66564582
54915384
72128933
72727291
11407989
42633737
69462173
53179791
56239615
26209502
12870501
57593800
61028221
76784437
28919172
53261722
11764718
24141211
57203301
74980690
14153824
74309707
33224795
49832323
30177601
36233835
70456934
27140905
57858314
34664512
49740719
60405135
61733323
73288744
30050791
49208789
13448299
61265904
48339367
37464185
49780967
23449839
46691798
60209572
46345139
19479194
17891742
28566099
71084605
62852087
69466399
54171834
24539366
62123986
44279866
31609352
10054559
48463428
76174733
48577432
57355148
28384674
53044364
35258365
35400865
60438719
19240463
13596584
51659376
55064674
10972528
71432957
66615080
43883973
78254173
52447537
70511738
44421014
53809340
19041807
68495411
65776713
38528320
46699136
79416685
59726188
50608555
54923964
74670515
39398154
37131793
54418388
75465704
79576854
69906429
10007431
58909551
78939755
46849552
67462624
35947303
12435531
36579352
41213095
45391674
67448292
30265033
22614516
27920392
55707020
36320391
61133142
35958632
58424666
62908489
17041607
62287461
33389598
51269879
39245798
76552906
61008856
27715204
77191009
31935013
69438130
37099295
21372904
55861918
74207263
15909477
45290254
43847982
61621476
41439666
69690989
20175439
18160273
36748077
20204591
64286060
67675688
41267222
10327523
48763981
65203678
24153059
17487681
56671841
32592646
26276164
76235791
69286224
17945508
56937209
28603827
17068049
20552910
33703101
74200416
60222509
30427479
45989445
14445232
65575726
44953710
16775855
62189821
51913301
26747023
48989593
61552413
51187834
12850963
58351060
73363748
49370336
35854384
25769884
10002639
57270478
72029603
76679106
65578350
52377080
67863113
66533666
58353110
37735419
70206612
52687485
29940632
32055904
14140169
30730432
13953556
73809979
70680509
33291237
58245980
11646978
15280266
54590742
29294093
17682958
40132590
32004790
12837319
44042235
37553388
34162389
18164268
39590803
37079641
12841125
50927473
20002658
61312761
35549169
79226860
16509297
43785778
52445855
51262282
72152890
74011285
43087357
19385745
56751863
57199321
17472102
60392117
47747211
44261787
24252127
32653790
24347478
48993042
69321303
13128534
36216005
62438787
27782710
56047862
68684861
55256462
35349524
35445932
31342879
33347365
31059356
36042140
22030374
72726050
14049959
60982249
18242097
76403495
22998233
70538990
23252703
25677178
53888744
71955776
79494682
69807169
26860025
26450239
67081786
70247877
57921288
77918177
63635158
71935709
62423566
55795950
28506859
67996956
74344667
58297740
59191765
30644083
34227610
75471448
46644885
76552364
44022551
20055374
74880621
11640765
66354956
38079229
38242565
69411643
44055177
40132406
24665487
47599478
15215570
37273877
43409034
27349274
21407560
15372940
21505841
79502436
39286513
57769854
16196669
55689420
74616816
77615881
16700323
16182020
66539498
18535774
15892027
74873831
54686746
52048188
55277269
72185546
27934315
44724465
12445663
22191557
16697578
11782546
34220549
58874415
23843358
21750826
71384589
12458366
38956712
57754488
46760321
15306957
67951980
72078223
64193440
68704565
31078526
32691821
74122299
66881806
16748186
62444061
27861411
29002458
73215196
57709876
20742993
32426342
64313005
17989578
69754199
59384961
71426057
34058873
12183961
51695461
61016727
40481446
57090216
27072942
79541032
63955258
16369418
44441447
46692373
10787777
69282182
40608065
72285609
74252619
77704783
31304079
51776664
65855545
10018576
58826933
64450122
18769475
73799261
53777048
55125074
65377029
35836227
57377823
58020015
42781695
64219678
53779812
79453078
35388519
48013832
29154391
57828066
31683556
68735993
48601511
14222155
22139802
24264274
34115468
38318689
25724931
46869693
60346927
53877086
71770927
25889242
61003303
29453683
59238951
22026999
77168135
66610631
57799756
11581549
21698928
65631994
12018127
73386614
30969559
36617216
40594785
13513828
34715844
43884603
58963561
55989132
61284592
50231758
13557971
74360282
19486171
35281350
31219135
73773635
23081070
43320300
50403800
28284579
19592790
53872890
69907352
12293094
50584464
78712542
48825721
36850336
24052076
66962374
62020854
57302174
17508730
29236399
66287038
19682655
45321618
72175432
51849817
58495522
14905050
41480917
44380394
75016329
13307052
60307561
36061996
48980706
39000007
41958015
53381237
46916027
34005158
52607808
24149511
27547815
49817100
48931231
68776845
72930805
37142866
40697927
37596888
39489060
74491703
24784918
75388805
11382346
34710237
47129310
54997147
71375604
29130613
35920014
19859701
65155201
29045586
13974173
57911177
61176836
56713039
77629779
18401130
60872263
22687991
50274368
10407944
65863993
37959316
64096152
49589135
19684070
38340776
65416997
61658539
12163353
15362433
71061119
79541471
62206376
31356175
56784864
50511110
30434073
43109591
36295449
41477855
47466393
65951557
24541299
66163937
25728978
15301875
54891315
71312742
21793093
31655016
62681274
15596862
63529598
35002764
19062300
48884955
76264091
22253674
66845125
27126495
23335494
36414084
23625913
48756304
31108178
53039902
10766594
77456927
42338218
61457623
78075285
37952975
10124166
38743951
52375849
73702753
51561096
18340012
20407856
45588207
40175189
32376017
14249468
32948523
57638559
78487024
61783511
42181944
75647357
26465617
54385077
42296198
44413010
12688376
11227208
28944830
67345425
39853025
41455410
52330465
33236216
58340779
10711060
24757736
38214900
37128660
67947486
21764787
15772704
67496399
60098615
10131114
59917724
69222244
34117820
26433519
72500707
57361855
73758250
44570255
57953571
41103683
12114509
55535351
18115958
43640081
76630529
48078885
33078466
52367180
71321243
35942900
58438772
23398460
36030701
59222001
33071410
44738812
60619688
17256728
70094234
19142399
17740222
78048425
44080605
65248932
43758580
58417357
47736903
34960097
56328392
75964351
48082120
77317832
15695908
59131706
48762705
30322665
26862475
48150958
57891666
47934576
68542683
13579399
31505985
21305340
46495286
32234607
51293061
42472794
21017960
73529285
21230478
34258284
46648668
62921014
26354480
35011406
69322244
75450142
37952758
30345238
43000633
15488623
13125979
39718821
30779610
48479597
66889983
43791365
58538838
53821441
45956483
33526195
57542286
50064632
56443211
42976188
40006255
16723498
32384319
69539127
55699681
32226943
73371473
77121193
63360435
42952779
24721563
34712813
59661833
58404095
43873203
15600804
13541784
38669881
17013791
10013780
46614059
68254737
64908881
13558588
57307991
57710647
58152670
67727936
47618004
56898856
50415078
39417209
23406556
51896611
46859182
42472715
43138908
15019991
47809442
10018627
12897097
55218183
43193680
49009614
70823088
30093683
42410233
66511351
16991409
59497783
11213307
57788899
52243969
15402549
24789584
41674216
79739529
17707906
23907096
57338261
19260730
38314370
71520826
25674281
52303838
67521589
31143087
26197591
54961128
14090251
69568722
60165821
17146852
78611683
31220883
41493704
64843437
48448168
63717111
66845630
69361499
11917441
24448985
60096484
36227500
77672491
29487300
43222229
51139445
42991412
69897706
66272504
66441974
56656873
56573471
56695954
72423825
51124650
53335660
41063180
18806815
79177146
68459695
17659687
60979432
14711949
49388923
42379927
51361795
22315520
73376261
62716836
33406477
45303108
24055974
50956267
43919810
29824356
25220432
56018005
38123643
14452737
39717109
61358602
37281298
38071351
69105613
70287947
27038558
70369611
71842189
32769616
50026572
45704212
18942203
70781627
55948374
22028168
25613342
39902699
29829554
79321866
66143382
74129754
13405567
34500202
12864459
50399750
29338477
19980014
47055065
18961262
43193789
18470035
37043511
33945873
76337595
13035587
43968026
60803932
74212118
16468439
53001179
47478037
46037334
23415752
52465813
12572863
32182914
23980027
57347158
28637508
79764659
45988600
73759441
79017627
59075804
16892222
23103024
32136145
21576485
35396990
60404608
45596496
51112919
11002866
14060395
16932800
63135388
59362539
10509767
22428975
25688884
32185307
53505235
42582685
59928070
44329337
44357698
69568814
10811315
50600240
34303473
25273461
18208331
13976601
14205191
23095323
62554620
76409408
30520385
30703478
48588556
14274779
32794065
51948325
23839230
43009892
34927935
65397713
15628809
71544876
26503095
65162970
39938043
70765606
34333623
62123401
53797846
67976134
69061021
18118738
66665390
53558334
66823957
17252222
62144747
44090229
75701511
40844628
76387562
24883723
73323699
53963782
25555959
37908120
34977564
64269043
52053911
35113242
76117183
16224176
10427448
13443866
78713233
40329493
77165975
71819996
29950348
22306743
17825016
17200328
42455723
61074669
30688967
66769289
25739226
13247263
39885148
34666254
37462204
34299716
23647851
66973965
24465457
59780545
43387710
37310899
16943289
36691945
43468492
67263354
38051417
42667945
20659655
67738257
33098036
57712799
57025149
52567640
62267122
38283456
33029181
13478482
48294828
70117889
49125919
26623640
47660729
33311819
76052140
67039156
54430789
69643975
11835470
61971547
63808700
49115417
32054406
33777278
22680705
53168055
46113209
75744315
62978619
67611175
38797737
64539982
45389838
67735034
21890686
60261981
66085682
20696651
56787391
46417719
34305898
30829553
61757089
59011952
16445063
24605507
26715244
44043188
65378089
30561104
17997375
57505290
37875053
53115984
39713261
11197956
71752198
57566856
34627120
77942011
53094613
16950545
59781490
68080550
73041471
41566477
19259069
33155432
79430939
20399650
51241032
55382494
66264825
38610424
14516312
62111592
57006449
69320152
72602119
13461818
37124814
33182304
65482245
68568519
38334317
65462104
21890160
78845332
43867281
76203203
32161159
14669782
28347256
18440452
60327433
13669900
72763642
48755665
59541260
29307516
62955597
26575949
10076278
77413861
75894575
16017520
60389634
37889632
51873659
10091657
21768251
17524030
33023920
30769974
33668150
26866120
74733414
30910148
40805501
28584541
57309824
10054624
62850838
71355307
79434073
54104534
77564046
45062792
59306455
63633548
16629548
54380523
77504531
48304124
19076832
72358623
12468545
24959146
55735271
17981061
48752496
26897765
14869136
74354779
69954305
71928015
19516153
13688215
66457205
14218855
67244547
22594245
55804389
12904098
69615271
51614109
24847182
59362415
25380726
12116498
15322507
62133212
62636610
70568402
16842717
37746551
33092748
78592120
32641359
72229631
79881750
51231255
37705113
41244379
21338350
75991080
48110883
40431945
54425309
75866079
70164984
64301126
10335553
65506540
10637997
70787900
46510682
23485439
51971618
39998195
10459280
16739876
74967015
70440893
26011032
79409490
44889125
60677036
40308973
74577535
61475669
50557964
61409946
24647328
59027242
53570349
25817925
42642055
46895847
35671879
75459646
73631636
37352684
29193896
75313827
28457693
56757072
49910379
27234609
71423718
67958705
21492695
67279790
17950394
30330232
29909252
47920110
10364529
69909271
73091650
44248007
68695101
12881634
69530404
53381860
12537078
73461101
42528972
15534883
47541924
33522881
26763746
31873065
55394382
72095954
18108212
30558374
74569196
45643125
53182006
14861514
25111675
63229629
55597146
77538070
27060416
33883981
39341023
25382582
43871653
37278567
12668028
59405085
64394788
61725391
32172640
60804204
25115441
56917306
74986665
42980337
29348266
60395028
29350292
55081908
14961399
67389170
24601464
12712976
31613934
38019170
15700502
47102666
48650095
19004341
35037650
17967482
71970712
14598581
10210931
34774020
78577259
58236005
19670172
53728940
54971204
60766106
67424720
34108017
55253759
39057966
10194540
28339843
37153638
11074087
57650345
17505443
42326231
70852182
39830247
66128601
13205268
70117162
78537966
28277388
71121622
47442732
47945035
71378601
21437530
52518425
54936579
77631182
45151621
77289695
42700372
23143230
37929115
43895672
54710195
56097829
32049344
19999994
37894304
34392977
40847446
33899718
71363775
66981790
74358225
38385171
74256256
23070954
66631045
38605370
38198345
73735110
21666917
14669813
58872609
70018767
71052524
13833887
68748160
77055930
72012141
17873577
69025182
44354070
30799168
11254053
72648780
13805245
17034824
55019316
15027703
21401262
76837227
68784938
77760828
18788360
68425711
69239016
71581281
67496690
12840894
33338212
47910885
31938520
27531495
21417592
78253592
68503464
50293691
31283694
36288558
47704808
35902208
17923768
66055695
35508975
77520630
36439501
37811717
71067611
68708004
50169870
16063836
27809145
78830149
58619223
14349319
19178158
48499965
59654507
66921985
63197177
47297614
71104293
55936644
12863171
50692278
73288878
58458962
22521877
79008251
70830095
58391727
71850780
52342145
41697182
14169251
61370307
77498253
79592956
33735884
21173125
18663237
29470657
78667048
64944561
33841814
32914715
26859419
54097985
34675268
53731682
68515140
67420791
67711688
64877867
13238950
73119644
65601742
35226109
61067922
72698859
17814977
25217277
11690640
23831149
37754310
77210140
75433042
75957888
11197793
25339629
30173337
66231774
46159623
43323072
17837069
67073240
54996205
10260058
48082666
69408847
32094341
44082547
47574509
47599243
41572125
43946860
11257066
36440090
79294547
79827502
77082497
72328394
71576001
31992936
68227828
45395367
30010954
25949989
41160736
61729984
79681611
29515085
68330252
16001959
36524679
46744674
67120327
43448392
46418744
64235963
65066719
36256364
50270585
10209048
29468160
27998034
41741072
38594299
37367498
22294300
75613031
42143049
16103511
18846233
63654939
67302893
50658419
14059365
44027790
29434858
18380230
10955453
57928603
11408242
59710299
34711068
69497903
42214844
46161988
75066167
41418482
65934805
55655999
45271318
42436316
24756972
62196065
41867065
31503668
48438718
49681368
18228717
46393582
30228738
27232473
74486014
46028323
19471032
30850365
55139152
25203287
41270728
13953773
42142799
71809925
16628068
44815636
44364060
16262935
38888019
25100112
46012284
49127299
66246565
56330836
61852812
33903928
19045279
71295324
10572726
71677216
40603802
71026006
25962811
40745464
12384091
41449941
14150213
78804029
39221507
12902486
10808616
19918669
48262193
52181119
52882943
49862761
43632171
71646148
41254926
55482216
54299489
56705512
36651082
64831691
33370081
71441905
18973699
33988819
55806581
13220324
14230893
61468782
64443088
30450977
29929589
78303450
70287371
51624922
67406191
56582368
55573106
12404831
23208044
12670768
40615265
20138887
24567646
59279731
75920222
15527451
23021017
13832857
44482038
63970836
27186230
38229913
71411422
31493489
28223769
12326702
51639978
79236773
13512651
34484895
69776417
23373783
12988902
65045485
23820785
57767728
11018110
64657446
49387657
70445852
19239541
59390631
16462349
71881491
45458298
20121332
75300582
66479014
62877872
22031245
34153943
50078629
62923997
21299569
15383684
40422345
49209172
78988745
35162498
60317947
55434196
72053480
60629969
28370338
62343949
40657929
32853647
21411622
66133739
13786815
16949550
75086282
40787360
70240945
34559298
32661228
18936464
27597927
76973953
29699362
17863737
14301593
16980027
18454776
30343508
69378913
49543666
66996855
43252493
60263021
42561000
70665250
53183866
57920194
79531207
30227668
12985144
15904692
53872349
57887396
28866193
66848776
70233928
52902936
29988219
13907129
50653263
10400968
39167897
51155396
11453029
65177011
19640965
71814555
36761125
76930955
60014839
24741277
57642846
11267463
48068147
66189161
28665389
62481536
79032813
61900296
40938839
67364977
57523435
47983864
73269954
21459406
78475691
12692727
71131079
21232664
55120799
43836814
29123182
75740223
74716746
25488709
79306088
41529807
15673447
67265533
53665837
41596584
37787627
11144794
51573991
62802669
16334305
46715110
28615951
16394756
57987351
57714322
34659066
78692288
12710615
55091772
34690764
32482727
44025161
67613710
63519074
58906136
67213197
33105651
19641093
73136697
25192369
52012164
39033272
41422704
20232736
46723874
77798283
16044036
59494376
28275180
15533638
35650695
45129537
76097538
62557411
24878461
41704762
42278671
19235984
12434221
79161871
47255081
18341428
29691519
33297940
18318643
54422068
19568396
74650233
66290339
78587898
10125062
50859921
46850508
28597440
32068983
52024199
16816300
40702175
60136502
61850220
21306084
36926827
43284943
49706356
57320013
51867762
53571007
31675807
61631048
63107627
50213993
45507764
64840011
47591278
19942717
54307314
67106663
77408776
73719065
40039710
48357578
70145339
38276160
78573889
78011370
23888360
20727384
36956639
52803880
11419428
44534307
58909524
47230275
70444361
24732210
17741143
34872466
52146951
19203482
41262679
37660780
60010277
30418098
70836104
50816542
54043780
27208884
77283298
11980113
78799379
33921908
38865496
67754102
42461698
12174040
18163913
45696714
65072073
56444304
56976182
47302695
31900367
18247344
21359981
29167916
65632944
51916725
16037364
54666885
18662155
46974642
69776464
12432262
63445461
57616465
69342901
76669726
15967544
78940152
19409508
45215056
45319651
63185987
24288207
10175013
33682401
25814140
57527099
26556431
59913032
11038016
18621701
41054666
60383671
47813982
39531308
72979723
65208440
46397183
22421119
25781406
22868083
34642673
61074437
20188896
40332723
56145965
51641053
21348808
62548629
74280670
38171853
58318404
31683333
61984065
51736421
75178861
44608025
53761068
42301106
31012385
39900141
34352103
67131376
23309617
70593540
54215603
66940559
17964472
32769029
61671297
62803904
43761342
18267709
26524426
22696061
31005173
44209288
17357831
38372367
12259895
63699323
33729716
55601534
63466330
27312781
39948848
17262513
21092466
70930653
10934528
28337096
20342205
76067959
62835660
71119978
22197183
46390996
10400439
15739039
79937510
32441888
65025005
79739790
57155476
24864047
32910288
62534821
11877339
20913092
72483092
39655333
78587655
14252179
25957072
18558316
59044410
50679199
62710226
12283180
47203941
31041722
53869554
23935732
71421248
75799340
70938883
10611282
62551373
38616673
29513366
41374870
19809902
50258653
51112642
11976527
13859620
34845993
25617401
63420777
75520635
31088800
51255292
45977096
49732069
79826323
78035961
72765133
27319578
37094528
56736843
24637475
25442732
46308655
64475990
75409676
79752933
76949933
32960979
69493626
19767765
72232169
20374768
79692412
37968097
52570926
11802265
76851254
38606314
41705561
13159877
25355420
74644932
31979165
73881922
67183109
61264491
18832016
40561219
76717059
38063054
17891355
41547718
49011670
76626840
66506458
55163436
37212833
25630561
18254602
68322636
76470314
13783550
24330804
58088973
12822742
68960351
18104165
63347121
12632672
72022818
55593411
74289110
49686780
68844573
56066719
70152103
59446637
30240935
70407943
66414586
20948380
26017807
52542811
33976476
24809695
26007449
28600994
17536280
55957054
41716969
64885866
37251258
52797061
21670317
42097149
51434054
73283361
32813812
18601668
39371374
69741519
44254438
77209601
27745442
37205665
40800816
35714990
15564427
10659998
41391435
73170718
67423910
29265438
52183826
76636983
42745581
36308116
36935375
38541091
77407075
25264176
71744263
56740915
17373181
29318277
32450663
43788149
16291413
67639971
56687324
39526338
66534434
78172957
31237526
56366979
63147732
36276654
16742812
53218273
55734350
37940044
65175137
32571312
73893826
18280001
20834518
78797976
31143058
16716904
79392917
43891301
65656528
71967525
16930509
32124974
57759180
47164312
32699607
63757967
57492541
76245637
44027283
61028963
20497424
38699388
43499873
73071397
73861809
42691419
71930459
28420139
32293915
43321657
11741278
20554345
14971183
69735599
36417535
42546580
53850620
33251731
33531879
10932901
67646662
13117632
71438921
27255280
72105513
56840686
47227655
70620356
44724168
42126734
11189344
28126745
48781604
78721259
39002714
22456444
70564237
48250331
54946364
67440610
75014330
33138619
66408305
72585581
65126297
39648070
18823475
33604118
44791056
27273597
71680570
54474995
18630248
35332649
68002865
28200305
49220729
22886267
20072043
78037239
36183138
48827535
33232266
25082501
59132239
28472711
73215753
60057809
43613950
23840351
70150120
54109503
31584575
46522743
32632233
68730837
10015471
15207655
34467609
78456479
48695451
37227662
19713284
31157225
56308678
70460715
69231299
75920713
44790082
45452024
52451662
67040170
66249923
50139563
76838017
14353299
48483779
19465296
17513965
25932345
58679688
33402067
26717156
56122053
46753496
13264762
48487360
21803305
74384422
55327370
10381200
44355362
47592644
40688951
70173949
52739522
14010077
70788319
19132872
30171074
62421782
17505691
18479748
49389358
29391515
54484370
57581370
45081676
48466533
10352909
67033965
51341796
68730923
42012306
52900908
17978273
72034728
69788604
10937460
23796001
46835890
59204004
48104789
66112423
73299995
59889702
18913894
11506580
44541099
24738469
13888634
36143117
41063446
63804792
32652595
66264469
52981789
57374926
23196709
68103553
75615587
44847866
19048214
53313942
30601146
12946514
44037379
67172041
46430928
77448087
10259841
13766288
33165875
69724916
72450872
40466524
69629711
64835257
19120934
21917545
48023619
62868648
13202277
15968011
79133580
66627744
60245500
55265539
45147284
29267215
15838310
43601695
44217353
14932126
29278722
59591060
47461824
53937922
27900804
15128564
37712498
10355254
64258480
15712526
50192569
77881616
31809796
79423930
52517899
21685478
36575300
78345424
16429441
67475823
12562019
76114621
31383602
28820741
18656370
68181282
22218818
25882565
49940452
16604005
70088672
41101931
37754479
37082945
46999016
77209856
72393228
65987265
18385535
13890535
21460724
25178088
60528881
38163607
18551719
17901641
66777428
24974292
16660355
50070812
75390200
47615618
23129374
64068803
16665140
23442846
68768036
32951281
67290085
30212314
43886411
50336520
62097914
64142501
23741445
62962384
77089286
66162194
71674557
25755653
20753294
50164290
72027652
35993484
56894032
47808339
59123362
23352359
15716692
62093105
38724343
78341299
37886492
70522774
41143544
69123429
70991091
71448646
69035904
13554753
68214734
29589159
27154342
59658221
69098237
17994967
55000343
69077239
41904579
29748429
35622745
30396368
75458589
60529790
58344789
13257868
22673175
35838898
58363620
43953539
77505094
57325876
57902142
53581562
64501693
74155063
14936993
34220123
45284685
22120039
35948344
33803913
61563112
59073109
19730548
69707267
54039076
20278972
22252590
55789087
53505866
50711771
42248926
13035674
24740555
17530312
49651678
24526958
50869596
78943451
71120768
27826663
46932485
21235800
79409983
39207340
62938523
44265143
38712342
46005643
31449539
22294332
77404820
40391904
76822813
74143955
27458166
10012457
41229061
15950913
23494150
76848604
10778140
34824793
55043050
14949354
64135516
69152965
23570626
14538528
67082825
58111984
45064066
31357305
19761234
21437248
46985072
78817768
16351132
61787427
37616542
51028256
28327920
26990944
71885336
63633620
10699512
17196380
59204496
62355081
53026384
55402835
15641491
29551625
51485455
15923270
17414212
15351635
10695695
15942296
63770006
31109276
33752850
35895856
30590829
28404236
39847237
22740499
22374748
31571058
32286446
37920360
25803039
26633900
57158873
72099677
52570740
10251882
30036466
66503857
69015599
38647914
15196579
78668865
65446592
68514150
42898224
74874330
72684090
14138136
16963054
34323393
29806151
30445405
10104662
23211750
50997031
43906934
10863010
59233441
38309816
18009615
72131412
50160194
60094493
40529588
27044778
62033077
27948202
60952222
62393686
17834425
32786837
58393508
45496535
13295865
51978963
55408649
53378816
37383300
33894345
74523385
31234662
67558205
46697841
20621695
43186035
49973064
31750055
68139936
48498416
78096157
75724645
39721003
11532412
23362967
33265294
67859372
34748745
55459792
52591006
32766525
17474102
21762998
61948693
72826795
58038658
10032953
22609488
50157879
72839356
56648527
15608853
40134290
18925038
25518075
57603656
35744896
10766306
58628230
49623094
59930838
10516561
39580980
75528800
57296875
70808621
50383461
64525325
44837319
73999966
31474388
76933427
16703508
72981420
53704875
20253952
14259762
53539729
66470522
26490218
49547192
61430914
10558973
15674820
66761998
23999990
52187923
35006404
46474665
70354048
48374919
34912745
40852904
30812699
72211803
26584744
10449221
23753254
48265757
39943136
34458904
62993858
73504231
49981378
69596894
40549603
45047364
57137456
57337193
20794089
32477337
50212430
69370259
11297943
33415232
21322299
76829841
22644811
55282504
22316872
77655591
45805725
74639364
70282442
16895993
38840075
20820500
38289661
37385401
49925179
48940455
41054354
44485589
76481562
30289473
60157810
66562244
22835736
15693948
47046352
41653882
58041105
65556177
50925263
68343676
43716461
68013070
33187849
15914981
38563602
56528732
48670074
25916091
41167398
28568744
53222727
68795852
10551307
12389654
50196485
41784233
29228547
14229876
21351617
79844296
22292729
19583918
56405480
59663649
58304944
41207934
44506838
40157644
65305590
52212429
55880003
19046815
16784450
18365934
76965895
59144190
68773872
70197579
51818233
30336192
51287861
31622085
55745136
25220814
10977920
23817198
63841039
20841442
76621784
41446872
12520855
31360878
28389678
69052505
77075557
70721129
62128730
27778706
61410697
24754907
18937529
74959556
42497228
61986276
29765743
34043846
28409642
17143628
58068874
36594570
27466946
66255419
11061396
58190411
27673567
40901371
62841587
12644884
48999128
17458920
36153409
47623548
70623083
10692643
79786201
68375873
55464230
23395178
38095911
60439773
20955850
69809882
40620164
11580130
70299674
16948969
12888763
16448141
27549770
48837336
26545985
41175064
16921745
48719932
66830828
57028145
45734552
36174584
74148520
50851871
15187498
65953242
20073891
43559878
59104788
56841030
23763023
63827289
51460565
57974922
20607602
65409595
65924647
62859840
33837718
38870155
52182087
14345070
38074661
46983417
28090051
72991663
56738671
40809990
63554496
69391804
27431319
79937659
57226854
48586282
65202417
69759472
73555049
58147847
11107009
23838385
62415316
28796157
61209871
51433158
73570900
43496015
39662897
42448212
48550877
61460048
26599583
20839979
32074063
18122683
25170085
44857283
39340035
74890967
60163917
76952326
12394334
79869566
79544799
72582221
57192946
24367070
57267957
58699345
42105146
43309426
55941677
35288768
26547736
54482867
38817172
40396078
69075800
66248646
75803904
72120200
51000409
13425015
72540025
43575950
46861308
72627172
15804737
41993022
23074517
45474491
20482745
47010599
18073325
75952405
49950107
23752724
35743110
33118779
12337613
27498783
39586115
36288061
35130626
37467580
26677890
36828357
72082815
12205645
24406708
67666668
29973249
35979725
63528351
19457322
56010454
58686609
40795980
70456350
70137545
36552885
31004368
64878194
42835012
38069710
63693564
19269912
40257220
28196261
41633287
38352266
61144626
21314052
78033701
37566393
32961673
37780912
78113353
38030315
27151386
57015777
27422636
11484502
41058886
78835598
61179780
75558217
54397201
76692497
40194842
75203218
35554897
77436480
23958429
41005107
77235655
20921520
59347285
26143875
46528215
22657247
76051803
19074493
74195361
15673447
18720107
21461295
54857717
59619720
37686649
36692886
79910048
29133104
31564637
74115971
36816448
23288367
43826110
32682220
33713827
13387093
15042563
25141114
35456405
44564190
31407735
42964492
15347384
71515650
78636397
38553449
55794317
38819412
55487285
31443497
71174912
50695738
13255170
37959451
23716366
40410692
69705006
19647068
41573836
38158944
44296647
55480529
11964577
78155918
68891573
60489125
24825739
66202271
65218031
44188730
20838980
17946349
22840756
31109056
53298836
37601221
72350362
55284653
58514572
26634773
69574681
24662103
29358545
40118805
17873513
35740829
33766372
41552604
58672335
20567260
18993609
72592109
79763628
79041479
41054565
35178886
78301307
21308982
36923184
51979377
77444440
48614553
45931439
74634595
11383005
41931572
59071380
60935988
75340938
72944809
74807490
10225634
36592400
71957326
44302318
79242290
64456067
66425717
77748341
75453978
14319268
12606201
37419627
34963893
33434204
64129199
58765762
15453382
16793566
35301015
36333807
23632938
58388175
55590706
69544818
11239524
24067414
63183002
77472330
11433146
20809938
16936301
50770442
20328191
78088739
30918999
18295186
63447804
55802290
27944461
71228819
45865791
67179524
63677242
58063257
42367315
33391220
62379282
40797185
64729308
34872833
25390339
14731012
39576570
54723808
32986214
51798469
61608360
39244832
47412381
79486905
74042780
14766534
32160483
49388201
67254225
10234391
77921116
60760657
27442944
49077567
22584458
43677779
52236554
57018056
61324006
29878234
15132680
35498684
44673882
31746745
24214317
77895504
35010934
73396852
56284391
47719581
63153465
57625818
25759964
14197564
69392906
16216501
68725747
77094191
61263761
22423527
15240821
62865280
19419685
60043630
35169221
78602234
34278640
15363265
68716494
65788095
74956711
31835880
71692282
58887118
52843553
51122741
69409818
11098441
15232101
60926812
18170640
15361305
56881430
16170445
74468205
46413566
46559694
74234119
35881809
76293355
23141208
34162635
29652620
19582083
56703882
54924020
23914039
71789930
46937944
45680323
10484261
12817871
42995877
25843497
42120581
66393749
12372662
59340312
65120170
34108754
11487323
26385184
73068967
18124928
61626202
70135687
59806939
78684375
60364120
74826784
73272431
39242679
20832853
19461106
66266374
23666035
32472972
44642126
64441412
65779154
32219283
19142686
59659260
32847007
46566588
23358701
59689987
35733665
26483306
36319504
53594737
46447149
26119749
79736784
68846657
36968755
41043372
61315767
79902435
61765837
62915731
67054636
18575062
30330315
16603745
71255997
27517391
67913257
22193945
56505268
51409718
44651738
34145705
49262875
62336762
67068446
40495965
28871715
41552418
10121389
34581716
52560960
61540329
71928729
69460566
36051851
58346673
49717402
53728562
32069917
75026332
77514155
38782872
49538316
49552600
71724287
27173953
56742815
41368506
11798703
66647018
33852750
12640674
70902235
54056559
67494531
29267871
51649974
68244108
22296803
50966310
24053632
56868684
13713255
23814928
26175101
33495910
27037082
38924082
17022317
68736577
66499966
52685304
44301702
41297399
16083436
68408624
58194081
74155207
53077665
37535122
53782578
76443037
71862988
53946227
57077873
18867954
57810655
47620108
40934120
26550626
56857851
41075266
29750321
19232642
53779988
71643403
13966671
24734644
13447523
68683022
48350800
17192789
32575887
17603787
48945919
38196024
24937678
36361915
58741865
29068131
10184964
54735011
54725222
44264952
59330750
61010693
22776662
44926838
49322952
37554832
59441059
56220313
26879140
55713924
50614412
34633392
55367467
50997078
25928953
62891786
60508799
12486689
67574722
14820689
34055864
71289544
24558978
37710066
20925401
57286292
11834978
60188152
39460982
64241164
39276696
29873083
34886267
51885915
54177383
34542019
72921672
21559790
46919560
48353623
77513106
76986788
23701502
46869508
49481001
18223172
68390733
67896886
15208275
17112826
52655164
29542098
74547033
30695913
46011503
77911801
44119585
50665655
57232392
13678292
67404588
60062752
48253411
60934926
12281618
55305479
55784166
19894078
13745135
31876430
78426795
24499792
17351162
46778150
56700488
39377602
65591643
44325140
72838720
18966982
26028057
35357480
68790584
46145755
33524243
20597189
39548232
72467031
16647886
36983278
26925576
18200491
36113778
39340219
46485950
69504847
58040019
31135820
10740470
17446062
78811573
71480786
72239612
15855284
33119601
13196842
63187752
55148072
78469145
24394157
61356053
21144051
56175555
64484734
39631539
58743291
30752835
24228996
21240322
76939673
37056660
46159177
67414052
75076677
55598109
69016893
65225336
39155355
26423667
46142733
11072133
17991094
58352460
44412496
76208489
69269920
71698659
75426129
63294189
65391285
50775363
47156108
66393242
13184465
12278262
16741515
61996284
54689271
65268751
27864871
14910624
45983503
74709245
59264580
76349298
74733971
23456117
65299886
30473449
55565475
32155991
11802282
29645839
73321954
28089498
53513885
27975698
29951238
34508698
19706318
21347587
29328284
19037255
42481237
64927852
52959296
45287580
55283468
79745961
71461105
73117068
16955078
44878356
68502754
44829576
47146486
62128670
73345621
26189630
66438952
32020909
60690023
78697679
70708170
52778844
69875391
70112737
38305365
18922247
32564662
34802990
66225610
70594180
54106526
68235850
20810236
75940163
46179559
31646271
28090476
67581942
38292235
12913505
23169929
18379654
26661484
14166553
42307583
69456116
15437344
47382996
61402068
27715714
48130519
64738220
28025565
43076764
12090038
78062491
52073703
27034021
16274082
78284111
64932738
13494822
24130581
78112333
65920914
53171976
48875771
35155244
32159831
40969353
61873398
21027666
30057265
41349920
42439660
72252925
31953574
59536802
11301536
73416788
71609715
52156124
41762159
79726089
73316080
24202478
50324062
77576492
35362037
22736832
71802872
43359830
75923702
52349601
77147222
54370403
18626277
73093964
18714100
72984354
28354526
60417335
66209989
66194870
10348695
60224305
16906595
70208246
28332816
45948380
67696467
64529836
48886056
74170407
41735411
54371682
68470754
66143464
18574238
77769844
42585241
55889238
39519735
10195512
54482610
50160930
78918053
20558081
57000485
46381444
58535437
11000057
48996600
50815460
73266735
42132613
63435075
25172590
37717478
34262978
17401994
20325418
39655936
77412743
64249793
19602206
28670855
23961124
76382158
62038016
63398663
64693033
13317431
79286437
17330638
61737457
36262964
35325696
56786202
74201504
48679034
63084999
68728098
21418561
66068573
43506593
63917721
29005917
63279605
25810284
71578696
60606621
13689871
43104105
34138420
40057088
34004211
23378764
15793606
36126630
61204503
75265062
48242275
34862646
15426956
19641015
53107779
65509061
25197258
55312714
39152144
10474775
32934616
19514361
43829602
72069599
18965784
68210511
47753045
64494446
13360767
72156594
65335162
72407938
11668389
63062448
38066346
70774435
74520040
36861470
60182749
15335129
66226100
23311843
45162234
75442690
54525569
61524526
21940153
60696980
70404257
78827427
53688130
20629414
43024139
25175672
17585804
30628691
66562539
28452972
48443482
77135248
12784286
45052863
10717348
76016065
62440814
28640401
52268008
52042198
30182916
36904564
75669453
39512709
78921496
56165990
58369013
10168462
68360597
59126683
40593837
13514597
32183993
19010053
65761458
50586735
66391280
50505779
13520545
55321400
72257183
33682376
70985862
70080445
42063407
76561013
15414397
27069217
65517628
43112103
17469229
11584271
28026591
66856905
26478679
47920383
58948411
76637689
36138206
79970617
44504858
74453023
71709716
74253534
36132504
61900302
31778915
69579001
74380369
63023488
43065702
55697225
10827835
49134942
41408243
74683456
51584375
10390926
13958253
55812567
24332555
19413246
17182500
54309241
41736340
58036527
25944253
25240066
57825354
64404481
47205196
66486018
20735630
68960339
63473058
63156172
29127504
19214769
19538542
13881822
27774574
27287575
31880657
53989684
59194050
21664847
78254253
23597303
64856788
31704538
33509022
33121326
74464948
49452685
34378959
48940268
23663126
74384819
45842731
77426192
57054968
78353969
52328024
37751276
11567402
30490578
58969276
36760288
45164994
46359177
19029083
63562061
50315224
24093101
27165824
79560877
34005876
41847018
21459929
26037393
50437239
21594168
31601842
11308143
36825620
68809775
24737804
19869073
47828714
10613566
25179231
28133106
57809607
45531790
43849282
65140719
37340881
68525841
44084156
35590307
57437530
29288744
22360031
66563322
35076110
64153341
46708661
22474146
10577889
43645059
28260134
73101362
37747502
13524051
60292580
26468958
76219098
21710574
35480453
48037591
37123087
11810167
62210992
72278534
48047024
32733465
64964403
38113216
44180024
21868861
16588618
52991881
45334788
41837926
22753143
75663687
65665630
25221862
67615720
41950977
46724157
71793367
53078141
49242681
21039204
11374787
68098271
15859877
47414754
61061098
61161229
68439228
