61950498
58830430
12393881
59879509
60106591
67132283
58901070
29204925
70014149
25845450
62043193
57484815
77411910
70036582
77683927
60719793
59987013
43771251
39687534
72083261
58579555
74798412
74918069
56646240
33939807
54967783
43378976
63335680
65678036
49656832
16307924
41529900
79249864
78661839
42656091
69050605
16882288
18510064
72130327
22031738
33663191
73810540
12847843
79026935
55325696
79693222
33327746
44967951
60933913
71858806
29035629
47748917
13813900
33091388
67536531
76835282
22331707
43302360
41662734
35523502
67232143
26215376
25498115
70978032
57688094
67193467
47703227
30058666
13509159
59320415
49548701
31752894
34634283
72830619
40453901
50092237
65838454
35076919
32024508
49631599
48893481
34852742
51036152
13079235
65173918
32818629
13511003
21085870
51602105
54029975
53264830
47645755
48182654
18934638
18166841
19946486
17540707
66707381
69935910
37549493
34779818
71145875
25580499
14087850
24695124
53561160
59527450
77829467
55504152
24421330
63044404
28460180
10338865
50256025
50931808
31634778
77806128
33934856
31128991
50618561
61146554
39748639
55559918
71842258
27582957
38484579
43717514
53800438
62699485
77152801
29700949
37709690
12061854
54342132
34815804
58749268
36201891
30584345
19500117
38573119
26603334
15138985
75693878
69729740
13383226
26531538
24604904
21795004
69382991
78966980
74474088
73718843
49086056
34918868
53338378
50575767
16553830
56038375
21262641
74932048
44828418
78932326
31152127
49857243
50610153
76732792
38659568
34332387
46821722
61078759
76732640
25673546
40206996
26676037
23150588
16173426
23396921
41544091
31535056
10343853
72244139
10995549
29006451
67367287
45880344
66553414
42804836
38635253
46431066
70919159
61142361
26137804
22475479
27366093
52426808
71498568
70323391
16261150
49943872
79874652
73584748
13151877
25035072
59181018
21434640
17213506
53584799
31049190
12338016
60428276
64624908
13277782
10598348
73642209
59981605
26099453
11014940
66471289
10433724
41933471
41740177
20454316
76173972
74900851
39296474
18861126
43767700
68103068
18121119
11419468
50947312
17975866
24264679
68311539
47100039
54546925
16688261
78783673
27734824
27120377
13010808
70733646
60936046
73958091
34947423
21291717
50260091
26335002
32131913
60829965
56364988
28586050
78925335
52471092
24077417
76358310
14363051
45328872
19527645
47372012
19100871
70654144
78561486
12579854
41168177
50921081
73780101
53833921
78942148
15167014
30312159
77938204
29439580
61930583
25673389
37731998
36233239
39773174
60767229
34854414
60959051
38122771
65862760
27369963
16919049
30509638
47845624
69217739
24194479
34182670
38856454
65722666
50665211
26646897
19215922
36117702
49718394
75622586
47960812
51540648
52874419
30537508
37866950
23361116
77465212
73083568
33513752
53881306
47193366
15496080
75914438
29873431
46634054
48760284
70161339
49743195
25295817
55395249
66103748
62445005
77159975
41506821
13755803
14346120
48144005
53513803
40705782
46764897
67333888
54286138
45220348
12460245
37900113
78516589
12965731
33775797
74260184
46023955
58846742
48744736
77307687
14015876
74437758
25916910
39098280
14995314
36462416
73321330
54014845
74246865
22193242
37833886
17844867
62325431
74841269
47910907
36820703
65365468
69680079
17259851
64383420
50814086
32303868
56092837
50677090
61163698
70135796
43869679
28880861
52303222
77134821
40281749
40905632
38832455
49453860
57161752
33833013
79679604
44673689
39547029
23311983
15226861
49861339
35531208
47014390
38960303
78633074
63030057
39636340
24590650
52213300
28000551
71241861
70022915
57060212
12174774
77710077
12769367
52964932
26229617
36210805
68119174
40803031
49904139
11465794
22666186
69584362
61325584
72405632
28714603
32823984
39693254
56895991
57547306
60149743
53031575
49598802
23289764
76523096
45374142
20302007
59802697
79622720
37475356
48492748
53320952
56377867
13221943
70708297
18650980
44186584
10046343
54040931
13558502
45427257
72613526
74263434
60368987
26988084
50507842
13158913
13008498
37368760
58185933
56079456
34265839
57166702
70325073
46195676
23041665
52185502
69306612
11898352
45651371
14317054
61957217
25521717
13714633
63797835
22480158
73682002
56417570
76264091
14524235
15706272
55238580
62543097
56452054
34945648
48434009
74542284
10130134
11853470
56078755
31115374
19336322
43620701
62430606
65456741
25805633
40607065
31011646
79838282
59277445
42188147
70436100
12713668
74557526
25300907
23499535
16895302
33964565
10301806
24444950
10916035
52184362
33416104
17133982
32372880
17491720
12586842
60469381
14382405
51575871
61668311
18423095
38910609
71935007
34010735
17774767
40369308
78940703
24440779
53079405
67165576
74777414
47451277
57594634
37558034
30754876
68522432
60811798
25313511
13699940
51604923
61118398
47433217
58836643
71964542
59947960
41478721
38836884
73779293
43210103
68640855
54041153
74425637
14690389
78525404
71096525
23085463
32849921
37783020
40216637
57609814
45554358
23477195
30768178
57202192
68899941
54915930
40159664
65459311
39266580
78016359
28122462
32331751
58235936
21905895
34499752
74750123
34578297
22322303
24620810
63440474
40977254
30940713
36763275
34281360
52250727
68023001
52812987
69478603
23318931
51121361
56756082
30866225
58832768
51605114
59529141
36241539
69462870
48715270
54854617
17484027
44423960
38322974
31825212
21761415
66953412
56919758
73728867
16833478
75494573
23161595
51352851
28676987
78245213
21112124
62464101
72104029
79922374
49380576
46459751
79830648
48817821
24732604
44380172
64889143
20643982
27682967
46635611
13793501
67941062
52044091
58621577
16166034
34236161
11479056
41057116
78600244
47381232
71797827
78081194
50791257
71064304
55441723
75792407
53653218
74970859
36701975
31281516
57747098
31327990
53676370
42106595
51791490
36919717
36953672
11596744
77630185
52415333
34059987
12019590
70508617
59061524
20733976
59257552
45552667
72937907
55550582
51218849
23423486
13552104
61321598
10671118
78838407
39136497
72768644
25492168
71814904
47683501
41038400
77216240
15875945
25581413
43725982
60677544
61191858
71197918
21789040
69668972
40414744
26211928
60476160
13520597
64030035
66761364
55052328
76629792
38322172
75818867
59706531
61282012
33791983
41068318
10155582
72913715
28977205
43233268
18723155
71377698
65007085
32621750
42565973
29525996
72687246
66158360
79594054
13404851
18762198
14129236
23263726
16027859
78612462
26355968
45646333
55890575
52038682
32515499
68261595
25319497
58821299
75537884
45764170
67751418
76398199
70923354
54503426
41360957
53005534
43683092
32836512
43832389
74885106
19131669
13842252
36323115
61732701
11512503
15850686
54726886
19031846
42851462
56538893
43620057
49546769
40354872
63333626
26875379
61024754
54654193
38826309
21101519
32428575
15529473
69899502
66488650
38146546
31153169
39476533
30067554
76303779
17301477
23814347
32527804
47945054
53281268
20292259
59399261
12400705
62968268
77514457
20610083
11627867
69668445
31872589
40461565
13719671
50598661
39548303
15354772
36457117
59450628
68487689
44257391
79954750
37395258
18358027
50433983
45856250
63913896
78627655
79471003
54775423
31777786
65233982
70496372
24644767
24745617
53889972
28159471
26205432
57624522
47471804
59669041
60217227
52387443
70721601
32453886
46876170
18084476
34751704
30928831
55867812
11941272
39888187
25420856
43121354
32721802
43156034
23262759
55696820
49718740
29529186
15762075
67458005
21187058
26742189
52357521
28629142
53655452
11845869
74840809
28288685
77018496
55511823
31815357
76148069
22601679
51214162
33546255
31729988
48398298
56558415
51540404
32597034
20291999
46003306
24048534
53671443
66001244
23947847
52266396
17183505
78049988
78143755
25249929
52305646
14451876
38954192
15922435
20780191
14777520
43160039
61825598
40984130
52334782
35830081
45017537
48251878
21471661
43753689
15507619
14150289
24594966
50546380
74032747
50431744
16185478
59849455
44163412
71571983
56801711
50806314
77693362
64277185
75396006
43571624
71903885
36477513
64693871
53728113
30691296
45689057
46584347
22033923
65039813
26506197
59652227
29650353
18834820
10700460
44087667
36380490
60039322
36583425
10327605
71446773
16171591
18527870
78195286
29800014
11552588
22544252
58314445
77633920
55917146
17074208
50244661
16727991
53237572
38673389
41169107
68119359
55075942
63356567
62087726
33934026
77589997
37736986
77134857
59277606
65164361
17837805
62586034
79882162
64974525
43237170
36376731
31134243
16890403
36385228
62372998
61297856
72228424
39011578
33039963
73134755
64414408
78533277
26341730
25359278
64738266
38111644
31276158
43504772
46498496
23257330
20031556
22378972
41995831
62626960
78097918
66505138
41170940
59599706
37394696
44565669
13201274
13734412
47432665
51976628
34117110
31719008
11425529
54911339
56698616
75407105
37937019
56351719
16879020
38847533
45524654
21972174
77721716
36410912
44605480
69954550
67488090
26724078
42757522
31233407
18719398
39335686
28489953
75922081
10109530
13627435
51674692
43389635
78774086
51538095
45913986
44609825
73844156
38834727
77977453
29849903
12563808
24865994
58425041
27033869
57276853
68665147
28794988
11365750
52477822
42972098
37670952
24616141
19744868
53997619
36115758
48573587
26387552
20902598
75060541
21306424
63269266
54800101
10563667
65348252
74163857
79494692
62454419
65858501
64546864
36904101
25115603
34558741
42916712
31120103
15432319
28710459
65225966
34211676
47541825
54760312
13930847
61700866
61232797
63863186
60966537
34620120
65802285
14433042
38702843
67128554
42744965
57389173
54392977
29060472
37074517
72536376
76779869
22628827
33964066
44038071
24813767
48926452
63575943
78313108
55656540
17434788
51706668
66366076
47440573
73440484
20920566
76592387
65716181
43163820
69936350
72754188
46971780
16034298
64896254
74371878
36780689
46751606
64392103
21012509
30505919
36684106
20401460
12870567
39865615
11864572
43361980
40097573
47095281
31416944
69712811
34310414
73324510
36459196
76751725
25172515
24661488
47365898
23043653
44678121
25682972
75363662
50529775
74660683
53947855
49709733
23693945
23003208
52741269
69039456
31260121
72802541
71301983
14654247
78240490
78720126
74715560
56928806
17476196
52457258
58622010
40407517
74364919
38527304
17627562
11554229
28635237
25167822
71872869
72292021
25873757
23650268
55178539
75532296
10340521
22369052
43352526
54873808
32434617
47966567
21400638
55107710
11551461
73551285
74049693
46521273
62967096
78213173
68276593
52125405
74147890
27688334
69580750
39741715
21610935
12832792
41470344
24562581
63137484
52075044
62839035
32600219
41872653
62893060
40965771
28722722
16402878
27065385
27695146
78707219
59564769
64191990
23792731
18444871
12683554
13618088
49848569
42962575
52254085
42523283
56492618
60004359
26193755
56985229
76052737
52263573
30430164
69641797
33022769
46193047
32766004
74515514
23039607
44446616
28797230
47801847
71605556
22656318
22770497
24497138
62526104
47259934
29262557
14169539
78363142
63037889
77548033
77906560
56703691
16294106
10462221
15754967
76057809
31376328
40137553
41266356
47165508
47436207
20230690
53762423
59728941
32466120
22767903
49821095
27108618
32587309
65722287
55077170
79504700
69666954
61111960
10449107
73432432
27181814
58320619
59094835
56389378
45590746
39478818
27832694
56944423
61560670
62982228
20537490
44829837
26906212
51477309
62572377
51999658
41340785
24873761
19052011
78741574
15635206
16604992
22164430
65315854
51774243
41921383
65655391
74208429
33620300
43123860
26397488
23727398
16690085
64979347
51965395
41313725
44731219
78090678
26970644
50699947
43303130
65125699
60748990
76789467
65842229
68339046
65942963
45165084
58462047
40371234
72456785
60024562
32054122
57427343
68410257
45989434
51753829
16789848
78538401
46337027
57449796
17716340
71213566
46235725
16537664
43301717
69937172
10319820
75551068
67391994
53856456
35383648
55642325
38370595
36803951
40774172
75655432
48135447
29295634
68359904
43204893
60875577
34999591
46058355
77263171
13758650
75551309
28757401
72177941
61047841
37599328
77565836
30877878
68327445
25782652
34850003
11144724
43043297
35009840
16580613
42222618
71533821
34497520
78319817
16037043
50049519
73280642
60294700
46868702
37350694
13202578
58036581
52793363
37898069
15640134
30925813
59184899
30359176
65754904
29794391
47094368
61620351
57833802
67263789
49778983
32863698
79887009
10647908
63387776
54422258
66298709
69716142
25807255
71309212
63472500
28369095
47911893
72057174
31410956
11194943
53423387
19725149
21031881
53345288
76047369
25243850
70418949
29708176
15291427
67292720
41621316
73444678
37540988
35827863
17839538
48783122
42910794
17273538
18104814
31094370
57559800
29094538
44355783
27443612
54408950
10545287
58474844
51134159
24721607
40132935
28810540
19066756
49663549
15888932
43090192
42462925
52357477
23286547
20332189
30826549
62012704
59442878
59171590
26611183
51122664
28931066
55663558
65285958
65499946
55651258
79457774
69949876
61520831
25636455
55820409
76191390
29457652
63962002
18630980
71727920
73460075
12985926
36364146
77637748
10501195
41774078
37749074
66455500
47382746
40730400
54408460
10981196
77919820
71635683
64589092
66111560
74069456
13096802
24456830
49569459
63290280
49996005
10289279
20667509
42460454
17199333
48637126
32006279
32213281
52943560
69640858
11367839
58016239
39243306
32329262
39620948
43720976
49529781
38519423
21178421
60562524
41771018
20544847
12572613
50564970
56795370
17447737
62260669
74426666
45669252
55565282
37498691
39411938
72279145
43248588
47343148
34531264
69979198
39152632
67241802
29979970
28888524
49626783
13161967
27701809
16304470
49775027
53739378
43005637
15641838
35543204
31432111
31341218
60612683
63246367
33997858
45926526
36571119
42680847
19189238
31765555
49360261
49129753
29553297
55196772
22683060
68092056
35761244
51112225
45562895
16801380
44830685
28618582
10316539
12260259
21706695
11698638
66311905
51773355
78056057
77182452
57797146
62338407
77073313
13764862
30228759
44521606
16565315
22473650
42526562
58926451
27623303
70657047
28489909
53210883
69515706
65749677
38262749
64968418
45079913
16981388
22980298
51774098
45172240
65214023
40388331
10301913
32344189
15892471
26150460
62752126
77925725
26029543
46110895
78683567
75268898
18779511
54589420
59897888
74857699
72904933
68868228
21464639
17775428
71169993
58824697
33032465
15652025
51941345
66322564
66976584
35605046
62041860
33611332
64221433
12105320
54824409
26360832
36874675
58928865
26563993
13775455
61855173
69666771
47045778
79406303
35843921
34333316
64590517
29710392
74825037
33561395
44988272
72667252
47834377
10432759
75625080
72799441
18856755
56581599
38476136
13560874
50157636
46441278
77073781
26494183
56476036
21790510
44269603
20928803
10416104
44238190
18999619
48094530
77186020
43665990
60759438
16746374
49919969
33495596
28488939
48473577
39186962
25101998
63924592
33539098
11734532
79128948
33838957
25478861
23278127
30331935
58868375
43021418
44903174
71800798
16882192
28146584
62913340
33780934
30397474
63492599
42408019
38773581
73886577
34433847
40140893
69952631
44099429
69671592
31140248
50876705
38847495
70830519
62690259
53999318
70026826
74080744
41765842
76317334
58428228
35204532
36582896
47676529
62539153
75185218
61192938
18905584
47616839
22380087
63687207
40754518
48478968
29561395
62711575
26909990
37170619
69126234
19995627
61340927
15797020
34769865
69882249
38884683
16170572
43320556
71257242
19572718
31460744
61415028
10678533
11546215
60119193
76287631
59160982
23966031
59563548
34745018
67750163
47447067
18442293
36230945
74020983
35441315
10657994
76316745
32439282
53871410
50916953
19019871
61884988
18365868
27555659
59998618
11785848
26272661
44155662
37424707
68638727
12076020
63336751
51221025
27811824
35855190
36401336
64472740
16812633
75133891
13303333
58395976
56765155
53361354
12091731
59691326
76430319
36263461
47382242
13756106
35448133
57541540
16704184
72334200
19570235
39759956
55586369
71925734
14400680
47822104
62053223
49315049
40527913
61858402
75528208
29264889
52039230
48094080
40028516
22918725
63408949
27627493
69529780
25981573
40527551
49003223
76937888
52164001
65393185
47326743
76562676
57159704
70377887
47810999
18553565
35622534
19743279
30618933
70660168
27238401
31257057
64104341
71670847
22874672
75959987
21683220
52613429
55420754
27052537
58697029
12516969
60219277
40901861
71813133
34674028
31646551
21136431
17127678
76612150
66170077
70455363
65150029
48672821
45263589
53568804
12834175
25241129
39571831
18541387
65268675
53718819
72819384
52504397
31424275
70927957
67791777
54909490
17933296
13322412
19861880
45422237
19858736
20325599
47180443
76884396
48432528
66795789
23204851
56788745
10090061
58603876
55533397
19068834
57675762
48195748
23657383
20685189
76371225
16897498
42245107
55796247
77112825
78192822
47051094
44358792
37497577
43304381
31182830
55789585
70956466
53235652
60666362
37851883
27016229
70699916
45079240
62930432
72414603
32757248
48137734
45134835
31465078
73825604
52686246
58373791
14007856
63377643
26841806
68157933
55607086
51987122
61322986
66488404
71480153
67087863
38215042
70096202
25408738
56119016
34189130
41362142
29373232
77883560
29845343
26355256
66603341
76353983
54664171
68878024
79294415
73274438
49145485
15275399
66490010
58901876
31132337
20778810
72477058
26775834
41468577
64451961
15109732
18442791
18841586
73109205
30183464
67780498
72747936
38176641
19435662
52772301
14347239
40770805
69662448
37270950
13286291
50634624
68093896
61206920
52740970
70633138
42640742
57835918
46268627
40438629
71009704
29214557
45820462
53433625
76597941
59188549
16850470
57093957
39168602
49512621
37441091
26282454
25486108
63298627
55779303
37232453
34377741
21096305
27439148
71214574
38658274
76594582
29614931
30612719
19363815
35415036
72334092
60551827
28020304
47528054
69434303
20677555
21772714
51419537
57518547
25221563
45111290
28098153
23920546
59960898
49264546
48686172
68400264
18426807
74385129
71753966
56222053
76555462
53865070
14250974
54626225
15524070
11720521
59409113
39139414
22623623
64774738
25830300
57098164
14951941
61636859
74737421
56730291
67723139
78679353
20445147
41327809
65234241
23826429
50513960
21818783
33215748
27133133
33144697
45840028
42161445
36885445
40369777
16773249
29686809
17724862
70803088
64636090
65069918
52480697
14623039
33817777
33429844
67877657
30007363
11967409
56739706
45539346
43077447
25506321
22397935
17383359
11353144
51871504
61754042
18855509
48975630
35582617
22440077
34311929
47046253
67730267
63874358
30224912
46464072
65582827
37652731
24294697
74362387
14143872
77566600
76055534
35763607
71942671
55256455
10402010
69469995
42071150
49592133
56910018
19755415
61193861
20320800
47360047
69694018
79166849
70068647
29431479
32776023
33781396
24932177
22427554
63557962
10280522
26794434
67397435
39767870
22232570
28459177
30284893
47949480
12768915
42785416
61596490
53789901
74141329
14719339
78856126
39212359
64346695
56861787
13112903
18096711
35239952
78872562
24449029
67304408
32380038
46539644
25615829
73409755
11858353
44219505
39248909
19052981
66217837
62025833
12042920
55007705
16651657
63114927
74397097
24256630
16088842
32571516
55261453
76821405
64058216
55294907
56136906
64768814
35601062
13392569
35991663
71069273
29556952
19245326
76336252
29237470
66396797
36621329
41235567
79723346
65318526
31996996
64172078
58502761
25888016
24728358
50720314
60396550
46415604
60113208
15157066
30176033
32841140
11749953
74379579
24922957
67038154
37163229
20703591
71109098
13565916
15295325
41082077
26159113
33917521
50935590
77142607
72912492
62183899
18671080
48273233
50350463
66632904
52008789
39710089
19346282
31624204
64853935
76706540
19487196
30912935
74391287
34856161
66985929
25463649
59309398
15728890
53908242
28697555
23947443
67348275
66108368
44544747
69260029
66438465
34954664
15381557
35789715
58914613
51987905
34180059
12105489
69846502
57580975
45596238
74540526
43046503
57480578
63187090
67019260
28374033
40601181
64039890
22507446
63915404
31897431
45390225
10722531
57658951
42365738
76980901
61785955
10382885
78048508
44898204
27955464
39826115
73841383
41354256
25656181
39783716
74683303
63075087
43094538
56132474
27665889
78227783
10137596
25680513
58164598
23407834
11885228
49232426
71247490
73645120
42337471
75939733
72865583
62216951
55567414
28521717
58694198
36448212
44132542
35692032
55120474
50802332
13346144
52971820
36999315
76831440
71814052
65202085
53988464
55590985
45750620
13360301
37819067
61007071
18670988
79126523
73802995
59878077
41317137
39064010
34617321
39378612
27527185
42437810
66570536
26623460
31246944
30974274
19780681
23232107
26636417
33543092
61899288
56879979
50021659
69716324
59776953
10145846
18061674
37169580
70974303
47325816
53340831
35652457
26951784
32820601
17839289
59945616
42697757
53280100
18960239
44762013
51646425
60491978
44728885
22539278
64188491
22410863
61052643
33793473
42540966
21083675
41200160
38060849
32787515
35116999
33766343
12517755
76914545
45243349
51284042
66261274
62915830
68992102
10289906
34775847
68651058
42963043
17839094
74573161
17855125
68490382
58354567
35692124
43613481
44301350
43115133
57120674
28913448
26250317
61842655
69166534
29108395
17405920
13969306
25957440
50107073
39658438
36595783
65708606
62560876
72818334
63151433
13968024
46970231
18292748
13859735
76595374
78871858
24207523
17375770
63668393
45253827
56458949
21101565
62142430
33084532
36282978
42230164
58553870
51949604
17097900
32074265
51920505
20962097
48775714
19221881
24985543
69299699
21632650
50399703
32800637
51657909
17914973
46855936
59533027
65869729
41561272
36193459
79497496
47106361
33285250
26606585
45023555
78556240
43436325
58732420
55036731
32632818
33747856
18902328
34917790
13848795
14444063
11792148
77281245
14471106
78901728
43965175
28235789
16292101
53089092
31450788
43092003
43613259
22942445
44175446
15895245
48668202
58218921
13009660
53949371
64771176
30177229
23071430
11845712
49746935
63335735
10798883
43106000
11833733
32400539
67497142
23313102
78845056
10269334
20458339
70993973
41599913
60745295
41224753
41304455
42864931
60936675
59542301
13871945
50886945
25017963
23205547
28914462
58166242
68945633
68289861
27342048
20211802
65986699
66932908
41531016
67742848
50318340
43246261
12364007
37527577
44856969
33407548
22923431
33632427
44021643
37794421
63432770
23920849
42340365
11367091
78660958
54883412
32816111
23984037
55943571
64779667
76401207
55773668
48047853
20204701
66054772
45629352
53285318
79406414
28937934
20159353
62538263
16566034
38881936
55032636
59621141
37488969
68911956
18882392
62345861
37376476
11263178
39369738
23059834
11517397
67876859
79004792
21122832
33687217
20479015
73383894
49082865
43614860
76086743
78053753
62298575
59336285
47103080
21710270
19688422
15012585
62762812
35550810
13544592
15012529
26862456
51643398
18654202
12105570
27543380
13800592
55646242
16294611
29881156
56953224
45516374
77237393
26120028
19404234
48842543
30648470
29633545
65019301
55295231
58455764
35576310
40599795
41208372
64381293
52274867
43966163
40565092
14633000
10206511
34554283
21199270
54094094
35961454
76425739
14603252
17970529
20833927
55013115
41852277
28691172
33261021
62538460
57897984
52236669
71920335
65037225
24706718
53155833
79834653
64038026
75483088
70594602
27394508
65533782
49211642
16663889
46173547
54672665
61148049
17143124
28975784
75814441
11988896
13922474
46328957
51973129
64281682
36797712
69527841
56242037
21409905
55786529
79724370
21952919
38991608
79525574
14076064
32674191
49309846
16165809
75539900
74692494
65023085
17631310
13836695
10243709
14677329
40350659
15709646
54965387
23261050
71136706
18742947
23745601
56660853
53297160
49613643
36175802
13256126
12787533
71043952
14545225
38693377
27519131
35062543
33571230
70847307
14373178
54796790
67225499
19991665
34046923
68996864
29709825
25946305
58835032
78615653
64871023
28285990
71881874
79193598
49544889
43526032
59011790
52246184
36882785
67792260
21039988
58880662
10643780
43316989
66705801
65616323
59019019
35256814
61089801
70044091
31403774
47805169
24066188
13932138
68146984
41897113
69154731
10077049
15182377
45106304
70581557
41805503
67821415
51985622
30088465
50730715
48551315
56629824
48948927
24254923
31217498
65583423
30771434
34008588
41192536
55461445
10286776
46402213
62172981
66718068
64470466
51944952
61286141
57455438
59368474
28265686
52034832
59638521
37386875
19102912
52541506
73465305
25353551
41098155
41469032
44130552
78685965
73665625
40604122
22014136
65855760
24588547
34382032
28151264
41956176
53622346
47257910
60258259
22738651
47421227
78848670
23484652
18763663
69806814
19102300
38344396
68017942
52078349
34803073
23317049
22945904
40113047
27757988
38950515
33038761
67116177
71273548
61327244
23232745
28402972
75963611
35691186
21941542
61462791
50146103
72634392
19981018
38095923
78072243
79092230
41073759
71510612
33858001
50379713
60651117
51014404
31848489
53333881
74517541
40825694
61161771
44525079
13348798
31902331
67055456
56427019
20265790
20352371
38242774
62097571
52535241
21246747
25363843
20374670
35947613
66954555
53203097
39706342
31369903
73229905
79955104
58451910
67747159
34150141
51664453
69158846
48987056
42056519
18654932
44509864
54255954
23903398
41075596
64228148
75340646
67967579
27119819
31995439
13979752
14961708
26756359
55851941
13734626
14010859
43038693
10650369
79959174
36834302
74970344
67903839
75306687
32017419
33826185
71935458
14956739
56281025
76988315
44070122
35135214
40591053
57488641
37397153
25289747
64658862
63429119
34106473
26763840
74119768
17759456
22045910
79384443
79249019
32003051
58285056
76146885
57506743
39007126
23282869
27698178
58846587
59609210
20321541
46445422
72377488
50138651
34359702
54482280
41429519
38792985
47594621
44219936
69223225
74367535
13526032
52756965
75363002
34781965
25208913
25168660
69911334
34228655
71156947
22038651
55295749
55703226
36105925
66731558
74594104
76215349
43060313
68173072
55756274
17263355
61442900
39925446
72980651
51665363
29965122
57713848
34726186
67395517
29559228
26398429
53630858
30614988
79875063
39225573
78696565
62572737
47269101
64037233
69200944
44913939
63377265
60967773
79413646
64541249
15037341
58582659
51687359
74009357
21652921
53102986
64254394
69720791
62420397
61628059
64873958
79985379
55868235
46692513
44154789
51824126
24979919
63671255
48880000
30950719
26431986
29268048
52469928
51550740
33730158
61114177
12074075
10662553
14389986
33712219
43189756
23183737
66151776
58558161
11820584
72081723
59266056
32169440
13177562
38521800
31231005
50169268
15183227
73595215
57399602
47011241
54965997
43414696
53188850
64100037
55017546
76278893
22152535
45137338
21686111
37602200
71460361
12005632
73981154
70569357
69878804
43308406
52399475
26266277
38902144
70570359
29134951
47161515
44407391
48692544
50413164
76195512
22632575
73794423
29556908
36208315
79981761
22387038
36285614
70722413
18610162
34799257
65753096
44010930
42701831
40370045
52018598
75779491
48980198
20070602
13762288
15506359
59637944
25854463
40733412
35412345
39322886
21451235
57181752
11537240
61264055
52560028
57024781
23752390
29469836
79735824
74175203
61440499
21636860
23525192
30793917
29108883
37363161
75202355
21388312
16771773
65527696
68366758
38583664
28955002
58356361
21346618
68684377
31062716
14906041
25491371
43614320
66878331
72285206
12645965
29502335
38364156
66064590
18087892
47648786
29527231
59909283
66158418
37273386
35915929
69437731
62654469
72036388
11697352
40522239
63508155
17768540
71092159
47470897
60522163
47925520
44911035
74488524
22358837
17332345
25425161
10116888
44612241
62312826
48853433
60366069
76142451
75947855
64336343
18369238
68943114
57385220
16029331
17258332
53267920
56832793
23867470
54539540
60264750
22792226
57878635
32062225
50380158
30859035
59235877
35875662
58355585
31141538
53109504
24940589
76307390
41060268
42449720
26658029
56085088
64016133
58053692
20326676
56077833
52137477
79085441
60753840
78014486
19950069
14084584
58103383
22360374
75928740
53921435
65452333
61764862
34653594
20312340
76831577
38577196
15105277
26607234
72846138
11964806
13476669
52720352
72591705
43949629
67724755
16548112
22598788
33201726
18989181
62459014
39362147
75463094
46016706
52772996
31416720
78641849
65945190
54231491
13835635
16645531
58754353
55040489
29705410
57477881
51374366
60941284
68385675
61258371
46031965
62323045
32171904
77951919
30011923
27634833
64963909
71400752
10223819
58976784
12813620
66827029
51214545
37771913
30523799
77354835
12307723
66786179
36728361
31239172
66529817
63276387
31569466
74895058
38895223
57753367
56446302
73642804
78109885
72663603
11065272
44548106
72910572
58669557
68601564
78703330
58742591
28286924
33227598
38180435
24916174
73244609
45522979
22877297
16934859
78760871
29022357
54780929
20127901
21964739
40612404
44310036
50026184
55566791
24947565
39844443
33790913
26916890
41840906
25424557
50155261
55419039
49247263
73801798
56867093
14416717
59093525
73663680
48238018
46116338
35697420
23217141
57546693
73649185
38650464
22597904
16018354
45628930
69699669
23675703
49982076
51350461
19216686
42726475
46356628
72975079
76457356
32514384
68673759
31989468
39147709
74144925
52608397
70080564
79200905
10534983
75055134
61181522
33201142
10632338
43471860
24756543
76382705
55134585
34964851
22219830
72265608
11325562
51036672
74884137
31255004
61346096
45234658
60689122
29866653
29895586
28308670
13738086
53038634
66838431
76769476
17002363
15332129
54741534
51896045
32361952
68739331
57605059
55037975
60666906
44572412
36897727
31217432
52858349
51977634
41763931
73640778
35973768
44739891
79900818
36372198
23958389
21217492
10772446
49299305
79053784
16768219
33214169
40967131
44018256
76685744
72924768
17162039
39940001
61727574
63516445
23839379
51594326
35816722
23671404
12647107
57262347
15497724
66309966
56647508
30118640
72919876
44762270
52397613
67235745
49363839
48440872
15422062
14754646
50499757
12441754
56347946
61136244
29738054
17768364
32167313
77911416
24388243
45953593
15149657
13216165
29507652
33322360
13205517
76827416
16414319
21633288
78476626
65997875
45180263
59649799
57064591
43977095
27687830
30449864
52622687
15080308
41426285
18432657
28910763
13130510
79405172
31726734
60780024
11087766
60154944
59748949
71569905
67144096
37153932
35315699
19426877
24366904
17257519
59120170
57797058
73240190
72979400
55692264
75432275
31118276
36236135
68725356
54714820
12664131
32964132
43387408
41278747
66520773
55491433
75659311
15657653
31391395
14364190
36384320
63160186
69103902
75083932
14098104
59009643
53918496
73748873
58845029
66767294
52185544
77203691
76808159
64500192
71977857
46102765
59704577
61946106
29908553
28667237
31456257
50799976
55933372
16195433
67990439
71104664
22329764
73122641
19824433
65176263
15192502
38504291
62979528
33828365
62097277
35516706
64343685
17800878
74474518
53868413
52077632
59987642
22773049
47401790
64960392
29641901
44270350
16794455
60104756
52257071
18290119
37601371
43115519
67263017
66404624
16103586
75702302
29435917
54281338
41168503
57210285
62680286
18017723
34539838
49305109
67814913
52200057
57964166
32879022
57280426
79961503
13919760
48284159
37714166
36435853
15632080
20811039
76810675
76650612
61140070
63944067
57363037
51367005
34660670
45177760
16197888
65181920
48710243
57920703
51830015
18785118
43806116
41811965
22212102
35250929
38358595
60237560
75330392
13486127
31843416
67324790
51225962
71087639
65032676
44258208
57273549
21513842
31842532
21353722
37193605
31994386
31101913
22200255
37713421
23765968
74511302
25659376
68426213
42407175
51247633
52915571
46269115
63566023
31947998
68278430
76750619
76970020
43102956
39320654
44657859
37312674
46721505
56073379
52787269
24731907
45642160
12631389
41232678
45860753
62330555
58722261
44733276
24137110
14937795
38711769
49807238
21804428
16126722
67756071
56818515
48052402
70466134
10368549
38463347
28685639
34371045
54551143
39026631
32140009
54283766
65443369
48640718
40480205
44190392
19368511
34161215
29037521
13000474
76300104
69640102
38699969
18632929
47119669
53387371
17966242
75767754
40761834
46587677
11716655
77601523
11438130
14679177
57803163
17868987
59266061
50565822
21713508
76084526
28308086
68391351
27518469
45546622
17702749
15106578
18078525
13920511
51167792
60680141
70466756
77844446
11278521
76517719
30707442
56892553
29173742
38314892
61485475
24293887
33829448
41705465
29785845
20970101
69152910
22306256
51521965
62935912
57694639
37902017
13508227
41850498
79590274
18978756
42437487
12160413
39785405
46634970
73845433
51432749
74335165
47734606
36670507
76932456
27115051
33606034
34135339
78922378
41201851
34661735
66845034
57110287
28222047
51686757
77567112
63005096
36167589
23951300
16196514
50329172
25666282
79491975
20177788
21622107
58213149
31197718
33941657
44068622
60983538
52361672
24502105
39925442
54423311
52831967
72598261
78679485
22735267
61119547
11185749
57127931
72763219
23718786
70311203
72276704
32233816
26220530
76689647
12454264
13199822
18332211
56056543
22363183
54325739
73965558
65798258
63131269
48268677
59689829
53662457
17640769
31407655
30488902
68741210
32053437
76634235
57929935
48930606
60840846
33958075
49398493
41641154
11166513
63395420
32368196
39066925
13850117
39372295
51708779
70249180
49804288
42888766
26439584
74949809
34436472
37392575
65146223
38480048
56213267
11286844
60596462
28147199
33611670
20132358
17440542
33073851
69793895
76904729
37141585
29209013
53633392
15663970
74835417
53168005
23656427
47566446
56571016
25922187
68862351
27886708
12619526
14430082
19189314
54387621
70529921
14060003
19186452
12070778
79652201
56228526
68125683
70387421
53834639
75775585
79638791
14198247
78828323
10626052
24222804
57615525
15382870
52120722
77285757
43837978
79459938
31394312
71570064
33353950
21477931
71332780
45831895
35982761
55728306
69245812
63716434
59092025
21497913
20485636
27419363
58880318
59173422
52914584
75382771
72194807
41027378
53238123
55203291
78708937
72141891
44246048
65240503
61946617
77209272
20309392
66609488
61008872
40474649
71997701
77753202
23239385
65822015
73027255
64550504
67167136
67955870
67630598
20304981
27409412
32609316
37651584
20069701
15017134
60794269
62275643
38521239
53080990
54139803
28280364
79270915
24157500
62254246
38993524
42284168
57228693
32940661
41027471
78232452
57014283
26649907
13977369
68088974
53984570
65447462
10886040
28504046
78043766
65357716
14618300
57096934
63963960
55508490
74617618
37895882
69711960
44444288
28138956
70962465
66493494
18370030
30471314
70569802
42596439
69116649
64553454
42509053
60366877
20772070
54502525
30414584
12885359
73708367
24156595
19075341
30367158
75827312
68977184
68927573
29838673
54045510
36146699
55929914
28118480
19093796
16658155
52222162
17777359
66317976
53638322
36581611
77770310
55263785
71326151
73443535
33464775
37542909
48329808
26437642
35357676
30171285
53556875
33956250
59757499
76697029
36576821
20774424
52744305
28532499
54928756
73001565
68506650
29462451
30005103
69059566
38984151
25169839
47382760
63578918
12621993
17972701
29150124
26317387
12138306
70464298
51791079
48943782
53546875
18587187
79018099
49138446
42854034
78460261
15049138
79911214
56235448
66559635
29945235
42275681
33241828
24688331
38875652
27174207
61195004
33262822
43056019
71074087
37324783
71658560
59455473
25039827
21829587
23503278
78764261
31504792
46975143
43215773
62208155
74045172
23445270
39652050
57511256
16474711
45779803
31525788
46867051
70565823
69369058
58308465
20625488
15286090
57816319
51393286
71895513
45931990
60778652
14245990
52372833
44415163
43775157
67338516
25765049
55247920
29557923
12745268
43401806
75060349
40581440
25278757
73188889
14717771
15087442
40298510
22322164
65315844
21899137
55271154
39274445
13123432
14201980
70854720
27960012
77306299
37789919
58146529
60125367
18973941
22657139
11485430
28865848
33122994
74360574
59243238
33644101
14254948
41283635
36939476
35376794
62039751
62677726
64891945
63179983
31052637
33228567
55674028
45202259
37208262
26307462
52373007
77395129
46247608
21221417
52004621
30666935
68342630
50809657
36924084
58781485
77836763
22361946
19018630
41232254
37288363
22753119
53897435
30147333
45009212
43213335
58513096
49703425
48657741
53717554
24479325
26761462
75754595
61118957
62491518
72351977
77326149
60865578
22779127
68949713
41769907
66426253
25541946
19158195
15093876
41768932
18496423
29006019
47403990
37465847
52297529
52560739
13294218
54821252
44026114
36491790
52375041
72765816
43951925
41261613
79036670
64199677
25015208
14816157
75121835
24709021
34593738
67126448
54145826
47359808
75032862
79835443
51203310
43971726
75554059
51239111
72227898
43200734
61377049
50531889
60259419
65222040
15030823
38224031
15982154
51907644
26984675
24423284
67625032
37696264
23104606
23619986
31076648
60005075
10109573
36448762
41165802
63583703
20890222
74113407
71643669
57710377
16123255
70157171
52678412
24787191
47910707
43248151
26038524
77305426
20115825
27898458
77091200
17657427
77896087
63751853
10764407
32598610
50972096
11097597
38851202
45650654
59763460
70043161
15413723
66404150
15706901
73579684
63193684
58513528
14995484
50683333
60755067
22332576
44230904
60028061
16358561
36586756
35100427
66037963
52331442
19972628
61040825
30469695
23929820
48869125
50856547
24931888
65572175
77340993
13724102
54652865
66237142
36181726
59101455
77842800
20113011
27668176
10202459
34188812
71469754
73206149
47414667
55960732
63439820
28721659
23564185
61371279
13791065
52647199
69638515
69831548
53517700
51301434
62284403
27631234
52851678
42619652
77163629
20196824
15306794
40590979
45876458
32821366
58860008
79817069
20265461
11538497
34156155
61804598
18060435
18357298
43000786
31155768
33910525
42014898
37318220
17019344
30131770
18429172
18091259
45231259
59240004
61596187
66744076
27363973
13309161
34946312
69348508
45583653
67121856
13255351
65333661
71883487
14819158
47470950
19251220
45280055
59807118
27728270
45946592
22198474
34278103
74901935
17751870
57604628
58888523
45663956
27413454
12706197
46290559
30182683
66990948
29919851
56764705
26449852
78463590
46732355
29136715
56078375
52907358
31278912
33817088
76379662
38236556
41643062
10031935
37262222
60449387
41629743
71856984
23106574
61034820
73105494
43040462
50169275
27647692
22269489
37417831
71701685
18607894
79897915
15029685
46900025
24202319
53496879
52942124
28807410
77054118
75433939
53536744
34303540
51577443
29496775
55021954
55693117
25329031
40700765
10898733
51737321
18993012
20416960
68035797
25323232
73541822
71676797
26966144
62495852
48974724
46218914
34085884
29255692
27959217
32883002
64395460
40100737
31458690
31875603
71076353
50170281
30856876
64009311
21602415
46392723
63678762
74567518
10970208
47567511
68543187
30168991
71165177
42766849
21995289
50513877
17794773
15643018
48736062
68920800
39315947
38110457
42602011
42251433
16670139
71775869
29384893
17308102
35785278
46812152
17995370
46037830
19065286
16420700
67829371
38640400
30396883
26480609
44921652
20945459
42993743
62115670
57838399
71622759
32694112
77882375
50945400
45317656
21816046
34656416
55010472
66766112
42514232
37330408
29246303
28236124
63016383
42908885
36321273
30394080
52846331
53561012
78306309
27789863
58645782
55880436
15793913
22720609
61006117
72547343
44512713
19358282
39689368
10582523
48349884
66181208
37907387
71366972
11484831
26386987
57643694
71753433
30153147
56999587
37221988
50418295
18285088
77023757
75544377
55026674
72880167
22414068
20395052
75737145
39023115
38415501
36349733
27729423
59209193
61340732
28387386
16616032
10918862
58575599
58622402
60985098
60591498
35491215
10439709
56029681
72788344
36039419
34027361
73344521
31232719
30510151
70019677
30025974
19239929
75690478
56067902
38493464
71088598
76558442
49289236
67986319
19739907
35225645
75894021
36747700
59405119
75765347
56804731
15754851
34320062
58515205
15995453
23995168
35609743
64165861
10980084
42924509
45748358
38884371
36347130
48560318
33189831
50540671
45365794
71012097
10282536
61517339
44095587
35005896
62822373
24594432
43943450
24590786
69409574
45419848
44763547
37890132
56440940
74189335
70107831
39882967
72191740
13629317
18940474
77571262
33518755
23186568
56234887
50273261
77913167
57577806
43929537
71219732
35904990
78716712
30660144
72676706
48005251
41162048
32511369
34580445
16460127
49463490
49852872
60241936
40212846
37506114
45919322
55282100
34327586
64926339
55342019
47583216
27876362
22962347
23553339
35809900
47286853
74074742
64588605
70172258
59604596
47850527
72858029
48434921
74562661
47828938
13130737
25008599
28598594
42032385
73240108
67060648
29134943
54005151
30613993
13845377
33147017
36453674
21679094
77216484
62040301
57452918
20585922
65421171
78572513
61874257
35378016
34022459
73006469
72671116
51593364
37834681
72359671
15340640
36797979
58325751
72124741
77506311
10793953
24613561
54950439
48546517
72747584
21017659
65531510
22060172
53606201
31116580
29493385
34393889
22471716
56033091
55309985
17194472
20340759
55721352
43159063
51429027
32058247
52501501
71697640
27607260
77899834
65707739
20653394
79492592
18368055
44050402
18877959
11256744
15132149
79612525
13770911
63083728
37159458
75634658
26552739
41788504
70640961
29302557
79598102
68770440
46130003
17953224
44756810
33656138
43548701
64336177
39038272
11592986
58951745
48723645
61483098
50965691
68705831
11031310
23112326
36736934
43122288
57975138
28155014
74079499
20940281
19977766
52011375
30831560
74702271
22824160
15053195
61874429
75061921
47966229
50020881
23047686
30696812
74494671
58434747
29683375
67691826
53538275
28180179
21036923
43043936
62870739
71162805
23453737
27272469
37936806
56419222
33737135
18436336
72480759
21470752
21790376
28531997
50545763
26939576
51486062
34494653
79196117
10037432
41182818
41824199
57470561
28116219
62803541
59009918
37979247
65849135
54390950
49049358
73287544
65440160
40630887
25834086
23990033
66534294
74442354
43307678
39378049
50804252
47920314
57110831
57713451
20188171
15524435
11394660
33354402
71159720
16096822
79789166
60834029
46701418
60088998
53820250
63171874
35807475
76975559
37340376
58889812
36575267
34224396
57770797
42389986
25807277
29366755
27317742
39843629
24710857
14202308
23745950
22445207
39211901
68227824
15588456
65383536
36247191
42230271
72577025
33921384
18713796
79366901
43783857
69263977
22331702
16266639
33881302
27235805
79774661
68374499
26408019
41876085
62469913
71020277
13918090
23393136
77628973
24570019
25203905
78754109
78557466
65720828
70843595
38322281
24430469
50871515
71628187
20654040
56988548
38089786
37264974
74406635
26102956
31914113
25438768
41834824
61569243
60237113
78280989
66829329
23904093
76331755
43994931
21833520
49467421
78504612
25559230
13498768
45466139
14823427
52160941
47907725
30114431
12214156
37189232
68422517
10188722
64883877
68837529
56849297
17046257
13401861
65803304
27893041
22232239
10822551
29821910
19188140
13512391
55661177
16038455
11179180
16754566
28341676
48779172
61772308
62523933
55376388
49647748
78153614
74561893
74869687
59192305
23707138
56967433
15405810
78014654
62863319
27698201
20470945
44709959
37533755
27084612
79413731
19103722
20477307
77262013
36826464
63812732
18443173
27880945
73873123
39805283
16545073
62543895
14619418
16128593
76370993
49644164
23902543
37943329
55793824
69235313
18854320
15315960
65334673
30475511
71961430
75046053
62547281
58859741
60308630
14563074
63062327
75991159
44756007
40886071
14357077
53222014
24674473
44706666
12232450
43120952
35363245
74081661
26411003
13884091
73671198
76420003
41462785
56019653
55358461
38019372
48676443
19888992
30110843
26658072
32509607
12897041
37650413
47609057
10168183
61666955
62792855
68828020
50972458
70292127
24980721
36170064
70525538
78928546
74048008
16974729
49278144
65877050
38861924
37778517
53314441
66697964
68621416
60394116
36108133
15311091
39903675
24623040
60502782
37050011
61293010
64198781
20109568
26577052
55960370
45965599
30435853
75506568
31044655
10433296
68039470
54345863
57083116
53385178
34098189
29193723
40366821
25638468
78918107
61153552
53865508
73556971
72300370
52634315
65145794
50902521
66641987
61036846
23167214
66775626
47154833
67745791
77155689
58852819
62184019
26333866
58975953
46113946
28552388
70628373
25910817
21851178
19151948
41933299
29294687
79325527
54449915
65147023
57380093
58676038
45870987
37791670
36111365
44181159
28538330
73836940
27916484
37424919
69459529
49155898
11413549
13190623
35944520
17213173
70172092
48928327
71075405
48770909
66775552
60616382
16905165
40776611
23240464
60484153
76931349
11079193
11211330
46689726
42778250
14568767
36543717
42478751
38811465
41826185
70823659
67248821
15561270
14882670
55054294
13579729
79435682
70360464
21629176
63129200
35699110
11456309
53359843
78520564
50517031
75042819
43206847
59155759
60870725
63752734
14527105
50533720
11123112
63508463
10755002
10905772
12143124
48314378
75340183
21464241
24727255
31813780
16700419
19241319
21868540
39923758
10343995
22809431
55719254
45197106
63278233
35071102
59626170
43602905
33573036
50119714
67715455
56935891
79781241
75478426
48466134
58508665
31066959
30243614
40930277
44577951
23243957
28866544
66726998
65726367
21108750
76701415
11840438
11707816
40001191
37215594
30560816
78792277
44922742
18984357
16343926
19635873
23957248
50572071
10694031
24030039
33661485
26883095
39865711
75345113
21983782
50877073
58761512
60814627
28372247
27507612
20129941
33927541
15581450
59359923
26677460
78978937
62378503
78967546
42887632
43580517
56911199
79931545
11935363
74165652
26963570
71196192
79806736
29325879
24758515
11330131
79078045
42272248
27042948
70247813
17562363
72772279
10710787
18055564
72687433
40525017
13607229
73654445
48909769
50360999
64012130
65968901
55559570
53279985
26136334
69470392
72296340
66313394
24829843
53647209
32248705
70727020
61445791
21955566
74578907
15776119
53977859
78486914
48335855
25757576
21895065
19645887
42920081
63637079
30731738
29707905
75839919
46622799
63233086
23497706
61973335
50358051
33115454
54450302
21116313
19483484
50198698
73609472
78878088
61832090
39191238
34360820
77748098
32333057
19954683
59579849
16602320
76913021
48505849
17916177
70111848
37562862
10770243
28482535
25758632
39853098
24589684
63428665
79690781
62392838
25403327
15940082
24205378
54424063
70494926
43454436
22051976
17884054
29630645
13409787
44612448
57846099
77182279
43120496
41227361
33996510
44338728
24100797
54380721
29092136
60014307
72966129
17997008
38435467
79728332
61040842
59570765
29907931
34912562
44046039
36820532
43670365
74247780
52083445
12777629
24752322
68166692
70862680
36153789
27908845
48596892
32428530
79243649
44561625
76493938
43258182
59754641
57508986
43392359
72490650
30441083
64363189
56617079
25930080
31066967
73126334
50226211
39984091
22480316
19178463
68959520
56460489
18802184
67308696
68240908
65555374
24419321
38902788
23130014
32125921
76179698
53507629
45964144
32004074
54636292
36794260
20600026
54115303
23699836
10952747
40694205
72765650
60154825
77874619
17059358
30643186
77699075
37949790
70633992
77488857
76586956
70293863
53031740
54708680
41051166
11023831
29346686
31677100
27609720
30831590
44308393
72160026
30423353
50998084
67951713
42123592
79528299
10795329
41987224
43448706
73939654
39758491
39568392
66749578
56806133
54277115
52812838
44762844
24161418
37346722
61650286
37673668
78964933
16407864
52126754
70716765
32976165
73721207
75394004
21852578
20554524
42861271
63601192
50618249
60784339
61326163
57353049
56701396
43559276
17063702
74594605
19277579
70182601
58860294
76206524
60598631
56700569
41137255
12916844
71627046
29143306
74915903
18168425
55797385
56673368
72555258
59726226
64082002
11642249
70953096
39974516
26712395
51911915
35615081
61837443
12143963
40030597
57420957
10325531
49806780
25075404
10625846
10676131
79736393
11840841
70335203
56077561
58087957
14599945
37335495
30337654
71642062
61063645
23567496
46900764
12972352
61475775
54536094
55719406
34245191
19704314
20039957
14325611
21673401
19058804
32758606
55836094
40823228
68353771
46483082
16118841
65587013
13214864
44817965
52513592
42551462
34221113
24533112
23492360
71394862
25569942
70297926
68568249
43874627
53673880
14008902
56234830
45260075
24076300
69528978
65921547
16835055
36786863
14983456
66396750
78625060
10901498
14022488
22004980
10023802
65587249
38775155
69665992
18886978
70908810
24157715
45332331
52182391
19670755
50307426
79076321
67165859
47892095
45101098
31991940
59200867
60630664
32007261
77358776
40522812
32704588
71435569
46227665
46967329
41727188
18195500
47057366
68693475
73610312
25672305
59556527
69432129
75345652
48099966
74579575
64144163
51583902
66439319
61509652
18865887
57511805
20715549
45448440
47538367
65755390
62407668
28626598
38931968
39487529
39506517
71633021
22898050
74507826
51875875
68268746
67272281
70124033
61119132
78697128
49407083
71367395
52763583
73390265
18510986
56219142
60794316
51789628
25382621
47285184
24441862
48735168
41083065
46722479
68116061
52354567
73859184
10022642
47329667
60417287
62112985
62766223
59500772
28986401
61849434
13144766
49534981
50682217
48098951
56593762
54625946
50325409
60466843
18850590
52183824
24534377
12531435
35545142
25016712
57117277
59422136
48066053
75546125
21084213
34527684
76706917
68382445
28091811
33798462
49780138
18256604
65197389
48660965
48345622
27278650
72841680
41807664
13212726
49245642
20383093
18990406
63314046
26025708
40280551
34859719
15055196
71385606
20203000
53908682
13680673
21552730
60188949
59831234
21695281
66576687
56161014
20680901
10710712
64148504
30644417
15846073
51950228
78997198
61001143
44734638
20729130
59249550
74510639
70823357
79386309
32280578
29252389
74555862
28501876
53199532
11678718
20769985
58205638
20615568
26080966
31845856
55014595
54801812
30345553
63656682
65003003
70258831
63337838
76729861
66751031
38184831
67449772
70306361
74838555
62679824
62582051
57015435
70340785
65635427
68513703
72698625
37767267
32580075
24998741
41363272
58676456
40749414
51803770
13849318
17239208
19166769
54307270
38075285
55297207
30767877
19961729
61603517
72243297
43781212
63900263
41330938
31921140
78916275
68979706
30043705
79612530
49552587
68584817
46110111
19424684
54152404
28249850
79135042
52169445
65868614
58775800
41481512
40146156
40868124
74874726
43600526
45404262
57727033
70184109
69007249
53700841
21782469
53738645
73867958
55910901
59442413
64483316
59254110
56070592
57325253
69453920
15532656
60894521
14194420
43900309
52580574
67439126
46029319
42472178
62049722
59641968
24782098
19024082
58593156
43759128
14497175
65493233
44713883
20549846
15905037
58239354
36411845
16023135
17853092
58545033
49197762
59966886
68892317
76875267
29190316
49115397
41218703
20032858
77047700
40536896
53998231
73523549
18141372
20746747
39377778
60665904
39659144
32395748
20581763
20216028
28857438
75629311
67988844
36385960
68273240
24610473
20942217
11628211
33795631
44541034
78484812
13346840
46415332
65803491
39765975
24047822
33770806
19235553
33649101
51750555
42779292
29459921
20269305
36187231
17340103
76037869
37625255
61724333
20317369
38613856
28077623
62512395
70136548
37793645
55242968
75761147
11231823
51110246
36950068
37446707
56923643
28357610
22743393
27028323
62264788
11631994
71655364
55049268
18165460
50522753
51579956
24057262
16086514
29684916
57556024
10863201
27126424
71350946
45101340
15530571
75333590
55225295
51461525
43561474
38604197
63890836
42005810
41567127
23032799
71048032
20541995
10189624
66234898
12070689
29289730
53247178
56622651
79140105
75123585
77096474
31247624
72058086
79897888
73327781
50303160
77753730
69370783
17660492
41309204
37734953
77067459
41993171
79848058
30803801
50078124
19437347
50103759
22158642
67862861
52997843
66183396
10172993
77063082
49393475
10635785
38791797
36908619
29140993
64212584
54077419
48246673
58402706
40759918
73055576
61716591
44751365
42210458
22496398
52494110
66056747
20569429
31500297
30063124
19247158
64665054
43575550
18344121
66613846
62118463
58867437
73414665
22889648
46573930
78270833
32792321
76766599
46609426
68755902
35404025
13059993
74583075
30171124
25975724
19913328
39010205
73745172
67000339
71823065
47020343
76105095
72111458
18395380
46739518
48813816
32959846
14574001
38572955
57756941
58918347
36693127
39348230
70808196
23027694
47100011
35971445
34049105
14336874
66683881
24113289
60697457
52649017
68517312
52215611
35215379
49608732
36646730
37795672
10252385
54688384
53694582
67062174
68884901
27812757
26698112
33751417
10419063
20410071
73168945
54169635
54440828
79734561
46718856
60554989
24006099
29469187
31980478
67920644
13914411
13357223
31322531
19809466
45845824
56502609
76254195
62926569
52196242
46279391
44051064
64801437
62026137
21337602
30730016
17602078
64142574
50656595
14557137
17940885
50024510
37415861
22555442
14927824
54027128
35974915
69201784
50513316
35398726
14151794
50579134
68111367
13433719
24422864
31821427
25026102
79331823
47898418
13019700
20131244
75726962
61080794
13231553
33400127
35686603
12492514
42071860
41751570
40834531
38860074
26388958
66508857
75068748
15875956
75658346
79788518
24707514
53449389
16367683
40619943
54627691
46759160
35944546
65705908
47294477
61802728
69898247
23540268
78827995
38397762
26549197
44078802
67745658
59072467
35488523
16558894
23676340
11565404
69213833
61022836
79860397
71951604
10855352
12618251
73372318
37447425
63210864
40379392
58663576
53586099
23596056
46836962
57938114
67654993
12414710
55073296
30417477
37209385
57792286
39048432
31230043
41380492
35140730
44130137
47102322
59598159
57152094
39895436
74718724
33986699
24509542
71685674
31021532
37090244
37604234
52267016
56348053
11624837
47801753
52609906
39350669
78722722
21159604
58708086
53223564
64907146
48107221
52844468
54151048
79571772
75342682
37413661
31557281
68436384
44754041
52090728
14147804
69540672
55354451
30349449
11241724
17809810
66183802
46187263
69064660
31151727
15999797
49638529
56713386
75369232
28157902
47262069
67786275
33103608
27463015
30541303
63789980
47946937
42335854
79840052
52745413
27865668
76976633
28203706
42830468
65899852
13403121
55026761
19101746
15369251
74621839
40227160
63672539
24334379
33503115
72389081
26431683
51035926
12502247
79652861
32402845
67755343
24492577
10421723
23491888
69948459
54664232
25089862
70117796
21302838
10938310
31423793
36662511
39539174
31900308
70962337
66184240
46085240
55003802
38812193
76605585
11792946
73948171
42466901
75578290
65673255
26941205
21429353
12157211
20843182
61231031
57243167
17863700
71119385
40748301
21552590
46809474
26824043
35703942
18893990
78391096
57191616
51408792
35852446
55494409
42157137
37320396
20717127
18017032
79963385
47167200
45603426
37387410
15430045
72961710
24837247
49425113
63133824
57679137
15451165
58589312
65461754
39102737
74952992
74040840
64076038
51845533
41088716
32555259
26343781
46749156
59972425
75895245
68070462
64898794
78150212
17419171
13970850
17778989
11151916
57712854
70415492
55118107
20589609
16390174
22281350
10615171
27300843
71526399
27865759
71516315
48298086
56720755
58111745
16402167
27473483
16824917
49694741
65220991
73858811
46569199
10752598
71031809
71481665
53816688
34393874
77229827
68616539
50521831
61235368
57197086
78017790
24932629
37419471
20005652
20789032
61086296
78203380
79262600
69385886
36144290
71497256
67767959
41065485
11693532
37288093
24934371
74663430
32163558
62713506
19137475
18220545
46078099
63404206
32693131
63486695
15681303
17975784
61172502
39669833
55455712
76455191
59436209
57615379
24073390
15525625
10880890
19033542
71183274
55881390
59700436
15356842
42321183
77048147
76197279
61011801
39821690
35911001
56792993
24813489
27580567
39838555
18257410
27436425
60811614
42157491
74086321
65809133
37425081
21701171
44090620
60727078
28493492
64748345
55602825
24162329
69362780
43266492
26512844
76265575
14945272
73424225
18694895
78887111
13357663
47736957
34224254
66254028
26609305
79701349
23081320
49802930
18883330
59684033
60726287
29708105
39616897
42494029
75477111
27234070
18193339
15884102
67031084
22785966
52463053
70800932
69493255
43106820
56318358
47990504
50091248
62066914
25469312
14489542
51905646
43704062
56666867
55974427
58156842
37484080
28185124
37757320
31158613
67149462
74952720
15083640
26024472
69217867
75654170
70732947
42160214
24828963
74046831
13612700
71753588
30874041
12471797
78238987
56255773
32508603
60680164
51797843
52573562
28630833
18577306
78290309
63047336
28179238
40063446
16574392
65050287
12013702
36957355
71114684
66782258
58736341
52316847
35743358
60458667
11004711
52382526
49830167
55700657
61826084
56446442
58078595
34348297
12686946
76298095
14741546
65147112
76169408
59253353
33763083
61376257
69251118
62199037
21953591
65296399
17686033
65161372
43513653
59187341
63797945
67147810
11565832
52026763
50804049
75125002
36526234
56016177
11246049
16383635
66612748
64815022
77810276
62216843
79575016
62022019
73463719
74292242
36963381
71827840
20549900
75040883
24663320
58424033
68555472
34650969
65648318
71112713
35126390
34599918
10075229
28561842
18569419
14820393
64258677
23704693
42170263
37482676
71832372
61576181
78643049
63863204
18364106
29776197
57435342
18016406
32705381
17749424
68974854
28378594
17692432
49475859
25186747
67530789
21475262
23184637
72961343
51679332
57906898
53558175
28667366
37506152
39420811
74427640
24421588
71916751
14411542
37783897
37428878
35653348
73357986
25381116
49024288
78858380
31681061
79859953
36576964
27822544
70384617
67330233
27465933
58733920
63242630
17988838
35420191
20162487
49352571
78532211
50683079
39189811
41903502
42092023
75445997
23054033
78974163
72014208
47739708
43022812
61956051
13417509
18174788
74861443
21032416
67165145
51815539
29762644
37965755
29737395
40239099
46136789
30608928
34375737
47505156
17523584
57468082
66940386
23362531
32102251
40901212
74400278
57920398
58305661
11044184
23978038
23249099
23148154
47942742
39183992
46136247
79423333
35343572
36686374
47947723
20795975
67137076
34918097
10979173
22738274
32145043
10163824
55266242
63718483
13981181
28739851
19290199
19002728
47954189
70896691
27547725
42851093
48471299
74356078
78450618
18646305
39560057
71563361
33584849
71435111
27371166
20636009
62343779
72986281
52073597
17530882
69999828
42863203
35764105
21122070
23699147
59563110
19801484
15483386
22245856
64796527
22509659
71564884
47124959
23998278
12694574
79636761
19644767
33647349
15205778
36655728
78962670
23305963
75190576
25267294
31609413
16828212
66002655
65834874
60255699
75816130
23501726
52793270
20688614
26859294
50652482
53794809
73582299
21069615
68552295
73562465
69042890
59798864
79541809
46288614
49844274
30831565
10752919
41055090
53221937
10881742
22426700
53003076
75122333
39892233
25862745
40072474
32750427
78177171
17733259
51117405
46167728
50887987
22607748
11192121
27574116
42606087
43499615
18142450
53741189
17601039
65458805
30201747
59326823
75688378
73670154
70362238
28678239
55240733
55757848
29774513
61931912
12586396
56515005
65801102
37422994
74928802
44982540
60962575
17972702
45613218
62044559
29927217
68005821
14758918
50159382
38828258
74056766
63995669
19772239
77624024
20016492
46672769
65800299
15239903
27925733
39479392
57669427
54191044
50945258
21928846
42618849
42677483
27168602
34999771
42807806
52554843
43608258
16109533
69928448
71726266
25755378
66226028
65634193
54327024
67893655
36068259
37639858
29393959
64597289
25886863
21883652
71034885
64885917
70301236
44108999
19697663
71973354
60775224
10970389
55053021
30593209
34183269
74048071
51061783
53520841
67658414
27924759
79980506
30052904
46985374
28754772
16807318
44363403
21722487
18126692
18180554
69069380
18978098
16838943
33019228
74042663
30722045
63939117
28457662
25670242
55838581
10989233
60050995
60122243
30153625
49123612
61253611
64182807
72143026
76237630
37491583
72582253
40719841
49557085
13180616
28311802
71355589
45245134
55775840
54070135
25320873
72717742
66425650
23979414
23576580
57832265
63517276
45476002
34146537
73261847
74114068
45918825
39780458
31378209
19500818
20331547
19251185
79367472
34169811
64819384
79176640
77184584
78825749
42871415
55639861
74757999
44994241
31600426
56644816
66127652
17966782
45393586
51372231
57216682
76276669
55399255
18990700
64682814
30431517
11723881
79851225
70693994
11598055
20523186
75477885
40334245
33614974
11119467
41215971
12460264
66988414
66713519
29836811
63642731
28735470
73334398
79460426
63264503
67974500
34247634
13620735
45739069
51355184
65740899
16002933
32398871
52410747
45507424
66939676
78736605
21955939
16060396
24549893
64486510
54403896
43927058
32662625
18314120
79863069
37428945
19292980
18591419
79866556
78276651
20935222
47585226
46619194
77050728
53150505
54861436
18608154
55013722
21950977
62481942
63302797
37715591
54451367
35678747
31994051
63479589
70958335
17781527
26258472
22341905
22029488
13534233
59505530
19005965
42675834
49069813
61631370
47131431
32865600
14825783
23111817
62819270
75595191
44531008
50901211
20412684
63330361
68601880
51169705
28267064
60388516
72583480
41471421
51635714
48412054
40810266
31140966
23324094
54866052
56791296
32470549
65033879
60593594
32198734
59661645
45649169
55419608
54985877
19174534
53234777
72593236
64753459
70698800
23501122
11263496
55151091
63349102
62585625
55175759
63021935
56067442
63205635
68356402
49544969
75679989
79223971
39980263
44163077
78274382
19380818
78035074
22468692
34691913
74378219
53069686
49405136
48886583
19526684
11102368
59769070
38660429
36555145
77759100
16195689
63824614
63665574
58491085
41279278
23213525
56479323
68282952
38006086
70150359
12108452
48209146
65008456
78015167
58512699
77433174
59034648
70613494
34603629
12304754
31096597
22210090
55613691
61444421
40261422
10911060
35192701
47429815
74665649
70483319
74011496
35852519
45326047
70860926
41409602
77984464
35382918
25270217
16781832
37432048
31617079
64248313
23329145
44408080
19811986
41364927
47383352
59931301
21606738
78016048
56875749
54264587
45786022
71918047
76862672
21160095
59549499
16290578
17345160
55568829
17338097
46268519
59029556
18820498
52302015
24721817
76839808
18283850
36937250
68538060
43632331
40908484
22527442
11751454
38842714
10589247
34923183
44291026
48722644
18843133
10474037
37747048
18072256
23884494
15137933
48683294
44404979
68067961
46472511
17346008
77991986
28996918
32887801
18186894
58700869
48137024
73714536
11954237
77608832
63202280
35789249
19551087
62762274
52893293
31841898
32199837
28530086
41900553
42815275
43074748
61414184
68248571
44453576
44373963
56507195
38099608
68601464
30296811
61741174
68827831
65942292
46726070
53471399
79861013
31211161
47502907
11599289
73111647
19873899
50948480
33955741
51344784
27716375
54812885
66804166
13726581
47925781
49218490
36946340
53649185
24886256
50752056
70817683
59828368
79166515
16614275
42302014
70423412
21009361
71026267
19457713
79745935
55954282
73617607
77034001
12613237
70541007
63384477
50148065
55782493
43976238
41783448
55625045
61020735
35149083
48443494
79506720
52893775
78705783
67634851
79433992
17013965
66435510
44082111
54006644
49815001
60897635
11233801
45298392
17398173
62172785
32219914
40877425
72428556
23679544
19538019
73231343
71057445
39456922
39010639
45921033
27786229
45673524
38278938
64196742
47792882
28861649
51152012
20738475
79280339
72178293
20904091
18923031
67954667
66099477
76253113
43564046
36679023
35231939
43473007
59560866
57404846
27762392
13069259
73693429
63042305
48354015
21028286
54561653
29846602
69786876
42235412
14680213
10892284
39506912
52865523
19536206
66422292
65853313
33373698
48313804
21320765
13758734
30614085
40528456
10226280
79164145
56727912
35254980
54453228
58039592
32864082
26846816
60828394
67198500
46944076
15844206
20851335
76572799
14891690
48909736
69254551
76300654
70735252
42402989
78731077
57095247
30230363
48933347
71038502
68030798
79882622
38687153
16758656
24363324
64102530
37606252
47812145
39358524
46772109
59105496
49130726
76579206
12220039
60939435
75683590
71501175
64628376
25128537
71302979
11006271
51967472
65499153
62327171
62811664
19695790
59196917
62331728
78070700
17185922
61232730
70614288
51379701
62352806
55944825
62191850
57120367
43939043
23358863
54608228
60816885
11887004
77678790
77035832
37290956
14351462
43100642
72894072
37257268
25008601
36069336
68259604
44315655
66283322
34264723
42648146
19860534
75859045
62003601
22049005
73424596
28474389
76110858
47007535
71651774
74226842
77913857
15951202
64221758
13903134
11055222
34214687
22135308
77081296
39538778
76272119
66675396
17365515
40048385
51853865
66312622
59376565
55471206
18847374
74239087
17540128
41744706
73799998
71985513
49786927
71979713
28626496
70870691
72444266
46100609
74567328
66793436
18735227
27836970
78947811
40266199
61498250
49437085
62524937
16775268
61985754
60007642
42233849
77470965
11762293
23771714
38160620
76574191
34340262
31507842
16124325
76221097
63673944
45518476
71075031
50409911
37240936
14768954
77453482
32514408
69742282
20384184
42583646
10274101
11806542
71799092
55374115
56310269
23641852
17926496
11806198
11785038
21048352
67635103
39123798
17880377
68014333
75816345
39338111
59070652
53438447
48755908
49364892
79683963
36595688
40100962
34840562
17899938
49521587
14487213
22760120
47725640
37812586
44745359
73689348
17461869
62975225
31770009
40251833
11463508
12004638
38437018
16590069
42326992
70402762
16617180
12305569
76676850
26920505
16023280
75473817
65826668
29683965
22637924
44159812
14372978
29838534
33283434
79284288
24106818
68013356
50826050
68681925
49769822
52334517
30731674
37251278
52688900
19690818
74501170
72359256
44100719
15344016
53554285
61272506
62419286
39891193
51299721
20363958
15739801
78082435
79472026
33238625
24264957
62169596
66875153
29886470
10898444
60092293
79350306
22862942
66378089
79335555
75663660
71120071
18120805
29795530
17166417
23042129
16408587
42924880
40824867
14234588
63143311
17610477
39324013
68432847
51892078
46863861
46754131
22742983
70261213
10521509
41946140
79542348
41671376
30267751
58852688
46484552
48044533
68986004
35575297
69176208
32609799
16376597
75642647
33714585
31759548
29250187
42383926
41221053
21631390
16480603
50796698
11018664
41616653
62091641
23188393
70453159
39687821
10725603
38044890
19408906
38663998
37446064
30086153
32842108
46280804
23788516
56724406
18763897
31601943
78271741
23685184
71348124
62772121
79707712
12625580
11525264
58846280
44801638
11823294
53443606
34541505
20250705
46962907
78885364
74494574
77917642
17528234
40111542
29271223
10181662
35292274
62233042
40720439
13005129
73009095
53731804
72682665
55860721
17358231
24347508
64361797
71603271
75499879
57168489
41822634
52800856
78101194
29660118
47007042
65257461
70453099
74304971
26192229
67448637
44434748
49118492
24172450
37465177
17780490
69102398
19422788
77314231
29037734
48529321
11371207
46669695
29268045
42748154
14308352
31369468
64941566
70237172
50029380
54740797
29361570
74782207
74675563
39959714
77158831
42458609
74172103
14843562
46734057
39144734
50073572
70673366
79749172
66647211
54264839
33376771
11700976
27329982
27069388
41749536
56979349
20984318
49111682
47450272
56860765
53478229
33981085
75479707
25037024
75757270
17588889
62324743
77575140
48115632
19150983
57569748
16300034
35082760
46908536
77420163
46006909
63640855
15377242
70534347
46237154
31885143
34097950
59716986
47807682
11783517
13477381
58522705
77040336
25915241
48159722
47147320
21946221
49140514
55461397
37806607
18701165
44730613
61373287
14694603
19806617
34342348
56380267
16585666
40103071
28028720
20083827
10649188
14178038
25975613
67844325
37736428
69142629
23966671
51340305
36690825
25171807
55067206
14541008
51300776
12439034
15178367
45636743
39023068
65494308
68515263
41600888
30393047
62629391
23345791
67728426
14083455
39264560
71525326
31145891
36736756
27457743
57152954
46898260
18758195
25558183
47356202
20417847
58624208
63261894
54061323
32195882
55056100
36824380
21146454
60184792
72498434
66986307
22919102
41669533
31690592
77097421
51922196
60386048
41243553
39291094
67123202
67473041
41328077
72024553
40111084
44816279
57186690
75623482
25102280
15506583
54919233
69157799
29230171
62054408
53352172
65169382
52476475
58634790
65116093
33939098
32667901
45697040
28824873
14061876
56477204
76302855
57330376
22561529
62440928
58509113
71053763
15245246
38762904
34078688
30836151
50120961
26394444
65452212
26432424
17775510
55639382
11559070
28701761
45404228
52133051
73625293
19574902
18177848
41517218
36666600
19332399
14415655
31595965
78661006
29325319
54676200
44862712
39779369
41359204
53513839
48702260
15603679
13639520
53016425
61296569
10795500
63504210
50986220
35507203
61956056
28918279
11241611
75137239
47120208
65051672
12952090
70982913
55990216
57331257
54768338
13787005
41458224
71745454
64453203
40107256
10322142
54510147
30490975
42218862
62327650
18671139
49371141
21800208
14776785
70120903
53541298
22720464
47163018
44425103
35132388
45728240
48251611
72475126
47839994
78406023
44044184
37593161
15987239
71684162
39171318
22722987
69974339
35704826
55235701
13935476
37996931
61925222
63334225
19545080
55290370
47625170
18848857
76380648
35669086
24444074
39434330
79160912
30355855
12243645
52818073
67767468
79638017
40996544
11685277
49375337
76354243
16147883
53351647
29098171
12540288
62409362
78035491
37917260
35802714
19429842
49165308
29168138
60463353
14689052
73063264
29302862
12445066
54814998
46196249
27400797
69341230
26964461
39106600
40549398
75881699
69813992
48836475
48238852
24893233
64858883
44565824
48765263
65466875
47907385
34808165
53793354
21298112
60978147
79829215
57921888
65479815
17247373
65121087
21018992
62203868
24094360
71357696
12197047
22225002
12701799
44267926
17090347
73248421
65365930
71832457
54420122
10451207
64604523
28941379
39046228
29649620
28740125
32313218
20851283
51116932
32016953
10011329
75424984
36504569
44482831
20193678
14557841
20568323
23609780
53664495
11421908
16438730
46589171
77049397
15828931
63094979
54880631
74880696
67529508
14902053
72941480
72977027
21474796
18028779
36361513
73845130
79339701
54817381
14419749
47180669
74768787
57276697
65550079
15967947
50999693
34377777
57137402
66413720
72971318
46486578
46902505
34818278
11401817
55024388
65809557
56463562
38184348
25704307
16855082
20662136
29508258
58008006
56715741
48260573
40781108
63332077
40054486
61206283
24475289
67378418
39985678
13807078
68738606
42031715
59274956
20176606
12458556
35528687
27739025
47062075
62185912
43270631
45217832
34212194
74866073
16805227
58836438
37602866
11740998
25827658
10211378
10773255
22751135
64041294
75864490
71158292
20491793
70188409
74742092
56334776
46865727
59519951
37497473
78885081
60280924
28051243
60503258
71920028
38190213
59541363
79925242
20857944
56997626
70937063
54081585
27579983
50236045
20227781
42109194
17982490
17916110
44175293
43503668
60087503
33608465
74733410
13094707
49682583
67574498
49320966
36398989
12592206
46665628
63787669
71208678
10027683
27671310
62245986
56770099
78077132
20858106
69440565
41842739
59983463
23094271
68315907
59963270
21258249
62928270
72310864
22983439
16718714
41359964
26596212
39330123
65514113
65798709
79902901
23460808
37033230
12728547
53082790
36618217
78356657
53024466
65674621
36154572
43779454
64015020
56248889
74277173
25663901
34017758
48395443
74144122
42154217
20694440
23958657
73340091
29298688
59843313
61178917
39535419
23739759
72663486
66199010
78027994
75482274
66138230
42534716
79367548
23749851
67534007
47546562
41450280
25530782
15804980
79989939
18430683
51538248
25924954
11601967
34628904
29075099
38804383
46540770
78675398
45383252
42213669
13180679
72667843
16619951
49191647
52134724
17144633
19429445
33288092
47385542
64291180
49973312
67659712
61221648
10602389
26542307
12834845
56770669
66565472
49421843
19190595
41399201
31999564
44592263
37747651
55710267
26682518
72657619
63800702
12061684
52105879
50996826
55799748
41080763
64911196
14609945
60545484
16784084
45895680
29056322
43623153
40283087
40808716
58886046
33615383
55338094
15269887
49938894
44454020
26434261
55561429
45358602
10440265
25878433
56564586
42903573
22000928
23760199
58310192
70639207
24140268
66305860
35741790
58999941
22987388
76462480
22535247
74770843
50595208
67463922
73126139
41392193
25369619
70626565
63652716
56872511
39566451
26977516
79430521
20803202
58192928
18559546
15238926
23431863
27938499
66634694
36454382
74061123
54684221
70444182
30584973
44357637
20239264
62930289
63805308
66196834
63454850
18356535
73002403
65956108
45696212
73713697
23270058
67081499
43016503
33112909
65402193
13065106
48654546
43500338
79577570
24405404
18452479
78610853
68732155
42254732
63680228
34805555
10900428
32257127
22075384
50889000
53140899
78380126
32049616
41548144
72479776
13533921
67260945
11252456
74918144
36718114
28642866
66695160
55772427
15155854
61888003
14672183
70035552
79920476
49714693
67748812
73830955
74018688
63099704
55148186
55539157
73660030
23989857
63551452
18806813
58887470
51266556
18428713
24484465
15568818
31439245
13190007
39893814
59868500
74098726
19955553
79567314
21362798
67953763
71652659
37467124
26796749
33771462
57058195
77899245
46271285
64936056
23988446
58220766
38347726
63136829
50991991
76170548
65543339
28609496
29918884
75828748
43968531
12190890
11801128
19098435
33842540
58010926
49634865
67130995
14484127
28164730
35167583
27271861
54620198
34276948
24671545
35053417
17402300
23735021
72014563
36810055
58371524
61005697
66034548
25955046
56034642
24118894
61443580
76042886
75259671
37695668
17757462
22548420
39395425
48496463
67537834
64625341
70657002
31143088
16687337
39436848
63437517
40323574
33587744
64228024
20746536
63252471
59699191
24920451
60082164
61438424
43683699
70070950
32065250
38554734
37594587
30125577
72888918
46202048
53900928
41421101
78063641
43465729
28297939
40241257
79851515
62232990
65567278
52864006
76166087
28724319
74059338
21584815
61309912
10161235
78385128
55857336
53737565
35205623
56411776
36635089
26149447
79704220
20120935
14204181
79166047
44179773
70643746
56358722
70434686
44078798
21617377
39893393
58089901
31979582
29670573
25384934
67882355
21212305
30354919
25380446
36050702
72746087
63602425
11212699
62348458
58590624
13619847
62101743
38241556
26101275
45014355
48812332
12418819
18201507
50201452
19115212
55814195
26971389
24580774
59575120
55580125
75964719
51382152
35612240
10052050
40893339
78500240
13450786
10326000
30034234
75191570
26800689
78580651
73417783
74455466
25146953
23697802
65201945
18691187
62508307
22923472
76458068
30683072
60737279
56993017
13640606
31766996
57861629
61287120
22554773
43986019
30124026
51427399
12504558
75641479
74467451
70683790
67005530
36397982
76274039
53362046
14518333
15398852
16282535
22116548
21214006
23756167
50073030
52460245
20808101
59528630
27642427
75708637
64210370
15033982
41635538
36598215
35034110
64704676
50360986
18419852
39314949
36992192
13604893
14223690
37195571
45080158
52837455
60586382
20746756
49330318
47814272
34486158
70525027
62689851
38041909
31875527
25849844
49713306
56542330
75920737
72241339
79326913
71507245
31029333
31962530
19808425
21861142
71440412
65799324
19222712
71402320
47096369
68514826
70075714
55783873
41382866
76287131
76702631
62719850
10133761
71506123
58039356
60397416
39482827
39489009
41602584
60431838
37221904
12253743
32018383
63461537
61056367
58352498
35981283
55939507
17508802
57446603
44135863
23079993
19745260
62837082
70180068
22268662
44577816
57117024
42835326
40402353
70782038
56842011
12513666
21521059
26617719
20003883
53701291
70707268
49752822
43004212
70371852
26122795
25475781
60142130
51078629
61145157
41111898
58803517
44496255
42531642
63103842
50044711
76852995
31041873
42919558
12503178
75377991
65886074
14441663
36900095
52366840
28916613
57725285
61955166
61648968
60008782
51937748
17515501
26007195
47027940
21987001
40989538
26944296
20366197
20616531
16945130
11508816
26445860
61999355
37727968
43916395
13780433
36111070
71282245
31200519
72303364
55594677
39855874
12859427
70829565
19821773
42568070
77343427
55364797
23324462
78236567
53983311
22321157
68755480
54325833
34011370
10927272
40529488
36205371
21984904
51166521
24557777
34587952
65870909
54222111
65081204
24182039
64236837
30232642
26395918
39205528
21325672
20679811
38779180
33555430
26722543
56655440
55766579
58204254
23088208
64296762
45088618
46666469
66247754
53012882
62648770
16697427
58738007
21986247
47464924
41536951
45448001
33002902
15587215
43922631
63562248
20502474
39791983
35569899
47461388
12033443
49053392
35539420
64655993
69662016
71652179
14212861
42405301
68932880
77980416
52849225
72438673
39516390
62030802
15406557
75188262
71106509
54515268
24664367
15463172
11421143
16461703
20522770
17318963
44625351
70643207
21606070
56776275
71781113
58721128
30295626
51530926
61251051
63164834
42606194
32042802
31208425
32748367
59303429
51708424
66652327
34997877
24952883
32589605
46926223
73619021
32954384
33884126
29483907
72165867
75881313
47752962
25096071
22316852
64307286
75002599
52544739
56090690
13311563
33544747
70157606
13429670
41122560
71584450
22281902
65151560
12853685
48380680
62519707
15928828
36814850
26890722
12444334
29815005
33374517
18856505
23542962
59366733
40850863
73466316
33455670
22253308
67390000
18985495
34369286
76197363
32782251
62482421
38900053
33726141
28756661
45467375
10332765
15323075
61544682
32422386
58432807
68564169
25889492
50694858
56509812
22018171
26341219
77697234
37755913
61550222
50536876
37293876
55886971
59276166
68524573
43331277
24188772
39279976
22872053
55873306
40256312
16271844
63680559
58298750
66726301
22608721
18232194
21316187
32930717
23165012
60391408
49710419
34703700
64611846
62748039
40854101
59625685
53877822
12997439
22842465
53369724
26399300
30345392
76201208
75228133
48204169
62960264
24229691
25774303
29667588
62621986
19705610
61636521
28724442
77227645
34249660
75528398
37435686
43399633
11017815
52384667
55200086
11036362
53065679
27130275
20285910
28134597
20426557
13907031
76996197
39428233
52977307
64106022
34409594
28611435
70841789
18819050
42852005
12488026
51458367
19883256
62270189
37377807
41731265
18752324
75076372
30821563
10018921
35082257
21934297
41226579
78434600
15796180
52664237
19012960
28551974
34896936
15666562
71217204
45865207
68646889
26330847
36833187
70177584
26726836
72984496
62480722
20201957
12384640
25590361
65163821
46863805
44269761
68196629
37315428
11355225
48652121
34122895
61525360
41514363
11677874
14643355
43725043
52131864
30059658
33072556
18243028
15190825
75894212
26189550
68804827
48478852
76594323
33639652
59716518
40668703
27210238
40721235
37923854
55063581
64794373
77132477
59415103
61823157
42403462
13288442
42088508
53011539
14409631
76069515
41001572
45793068
75191626
34328402
12190218
24430944
11032455
25701447
49804129
17782733
27428897
78134188
54032960
20528200
75784201
69595485
49518250
57314768
65275530
44996439
40953696
58133856
15895413
12440894
16443023
79860545
40635016
21627603
49395385
40307839
73909481
54089804
34112716
76354500
32990567
57704755
59298863
11221728
48861719
20649078
59832668
31122552
29783473
38392538
50475328
72298883
54791522
64667254
45159290
59525945
12488568
11306383
21304073
48395846
18305065
44792491
47091245
67216848
34639688
45273081
55406665
28075619
79553566
74551812
10561783
24591377
58371077
60533737
65741822
19225243
69361819
69395257
49553218
17344899
56736231
49377584
77082111
28767977
62476255
54682588
46591072
57643457
48234425
16127584
61651560
41142271
13313680
63069169
51748303
57596609
61458933
40031491
62106655
74252988
68686777
15442803
71525812
70860932
11577190
63022221
62990815
25424980
76907213
38901135
32753842
21686656
76214417
57915297
56511321
48567868
57978595
16683802
70659314
65199835
18038810
19638293
64745108
75448567
50365593
51511064
40324759
28913291
52878306
34884427
50956494
67170911
79434646
39388154
69333925
69624862
19817515
23143195
40139979
43945411
23125051
26296407
44903177
13621093
79054820
54999196
14000570
15753876
52331710
76132781
77644413
77015784
48204014
71682087
60526038
39130755
78760020
44434601
71590390
41979369
11362279
27959431
22248136
14007873
24311059
56628673
55856835
27406646
59218893
24767599
15889329
49918708
66585130
31288385
26770934
43796705
70048712
45786390
15512555
18472635
36389416
55684898
56447729
28807137
63457964
49926384
44415496
67143053
44381292
17846257
25917623
29380078
56923098
16505226
54360605
16772850
27460390
36795361
77844210
51495959
13196495
74784279
23540892
31755339
25758524
58013415
39295160
42637238
16229375
28354582
45537476
31306062
12887639
46712036
13133219
59388794
33343035
50815055
39095409
10678387
52777580
13965782
18222530
44108396
50713283
19440687
57480681
72205727
52884087
77142263
13158712
76647462
66624031
69439043
34963051
41563853
77257381
72757430
32638762
41921733
42620835
33072872
15207445
74947658
55972330
21672478
14659508
37159924
69490618
57129184
10198727
60191544
70711045
71368088
72840417
74000392
25323550
38842386
78027504
76672704
56286551
67647393
75091468
70253498
71619288
53367158
17646027
60895204
24670821
73587055
32253061
29791695
42616853
58189165
41479577
52530488
40972569
44507881
31286036
11833144
41877902
38291942
21544226
36898134
44650331
61721048
28947059
22396505
63427949
28357160
23513823
61015321
18460797
50170835
52591919
41371514
16941974
31119044
63973268
74280752
60334301
18910243
61705936
48822228
42999294
74586200
17579735
10200029
63892905
41832253
17072724
38235397
10127956
47435527
10165927
73479433
10683294
26015353
26142109
36573746
54983715
11330491
51287811
49310938
11592163
60541284
73162906
17834926
60890629
22224465
21168023
44856134
57459627
64488973
11274764
79763737
38603690
49148074
35489920
19360863
65597745
31913079
75353787
47937976
35481606
60502799
66618576
17372826
44430695
27910382
78943438
11382166
79331224
63785994
18276408
75765716
20294025
27291976
78055039
28216303
37612317
25636172
38505989
75309032
71205485
64922007
61872852
59090918
11432278
74632710
52560652
77827637
56398539
65721057
15281742
30536785
19135158
66231864
47406754
33590427
55361833
43416182
43879139
53257204
35985782
46981782
29546224
68725539
45599228
27020937
67354637
40900500
78314354
31126987
20213565
21204210
40303538
24796645
18792359
78938985
18481108
12196048
32279026
35740651
26152833
42347088
51248254
60409485
47606413
46919851
40079185
50936487
61862250
72631744
26828271
35896827
77193782
45407165
22716439
42376092
39245371
24245493
37914557
31433485
19676770
50569642
41617287
35609742
43217039
48991486
42734986
66195099
15764465
33924005
68903107
49645730
51251461
75475437
19040544
24922463
34753773
45244133
64037858
24434783
22479373
72213778
78192855
12659316
15849421
54704407
17168778
45960142
38015593
61553196
12460233
26569598
55581304
28067960
44142677
77633157
70074202
38413843
11727039
12215632
53590144
46557668
30982972
31857230
43475245
41096379
41502890
63091755
37635457
60602577
52538716
14466582
53258289
21116861
33528948
62542812
34812602
38113035
63591997
40155379
73526091
19613469
53922269
45748723
71699688
34570313
22598067
28317987
35770324
49211309
69468410
17876290
17933120
54558225
66726401
34191591
35366659
54987986
22811731
72923696
28617204
30143750
67670854
28724122
29000724
62794914
58422367
35741219
55809392
33760973
21566462
71512495
31312685
11276831
58079494
44350409
22268598
34257275
53377331
36905100
49960267
73936308
31696585
18528690
65842745
74811162
35256454
43774897
65402838
16903851
42502307
51170016
32042788
34891827
22762492
67100140
34080420
61142753
15059815
43038803
50698931
44481151
74071452
13177796
18180171
43903782
56852596
39209292
17475566
45753609
46965411
56862955
72245540
34171719
58841539
27617564
69984357
24243396
54276501
34669896
38774344
54926704
12018672
35930793
16053802
13847520
61327869
60230666
52668706
28009777
29002046
62606981
78541215
61602698
72966826
37784460
38996802
58015683
50276168
23816049
36442970
22580866
35470415
30063175
47032249
67066354
57218074
41176213
63794886
50074973
49860629
68292170
16380565
36101710
64084916
47887037
29885648
58958846
21538152
21933189
52448488
57863820
56580445
65075568
74337797
73231030
29876766
32941586
16072987
22779068
69782865
78679765
39796109
51926567
49873519
62928727
68298217
48930109
55533837
68322482
26333501
55732546
43748068
64193791
30705120
29306440
50731426
65488962
26407923
60781092
44044965
79567365
67277177
30140094
38267000
69615496
30252323
44658838
79938254
37268725
78692462
64183726
70863227
52867949
40972807
40151081
24788902
53881280
57104499
18212011
65245452
67726477
11100409
19516598
77814602
19178013
19933749
34503641
55462557
56130804
25645341
67307407
75773987
24273361
66578536
77142427
30857298
57660087
27154320
79523620
13325920
75080899
66908767
44128827
45886346
61928793
75162577
72293887
57467380
52279099
54851051
25192736
65704041
56012161
43726291
64141442
52074391
31746720
31749359
28780944
73528751
71316896
13491414
62310757
60440155
36107986
62353642
44967148
32829374
62927524
13834581
39488654
36639695
29016457
11534105
13008304
46026869
19532688
64811553
63902165
68036730
51564291
14400838
56678366
39250642
10979761
16539389
34030421
65993154
50902358
60179671
63411284
40350975
22876227
74774093
30211601
64385675
61779237
24909737
30561679
13808834
29861346
34141564
51322042
40818254
56107791
45005897
20162459
54482021
15803118
74547919
41792531
25472109
10394490
57169250
13707046
21365918
36007375
33678614
16651152
38173162
67726370
67004438
10110996
38905746
69398255
31664535
53507847
57227906
18440993
52944588
73754101
38142137
12072031
22342292
77439913
64144281
52725847
56409671
78635281
49462603
78386919
19064567
30825191
63395819
18310637
21244477
11627879
67152696
62419927
46420113
74929184
26281734
43867820
62618731
14783004
60087333
72817021
72150552
50004752
76776642
23132409
51680885
25063088
54163033
42692985
77955112
24783218
55695484
20207967
19771217
31017899
78841892
52575742
49699243
16602608
35096374
40324807
30751105
61970551
27064563
19190036
32916408
36771290
33777046
34983312
36217927
10813545
74530670
39026479
67949752
24507563
46100054
23918004
44257207
74751131
28963974
37782785
14900800
51507971
37935239
62733821
53812144
13627857
25480630
68106788
40884247
32988283
68670184
16214183
61170059
17278911
62690189
54761754
28582732
64028024
28617829
57809645
64046013
57826754
57765579
69364849
11151454
48027174
73181387
17728921
69208272
22159339
33220490
66694816
40508840
68742823
35143555
68366687
59830154
36295520
25111665
41820804
14591903
19987129
74378522
38642983
37918280
16388817
38685062
23644052
64391746
32208351
37493897
12855647
41353567
50329987
15650588
55499380
41783166
23561010
15283182
70053893
51319964
70469242
77528083
15606569
50436589
61937733
13786847
38504296
19095976
65163132
18322418
26384440
49158755
24747711
26027652
38350535
38609932
39733480
70177955
69004050
41849886
59164031
55668700
35170284
10094832
10418497
27237727
17667961
12544516
79374200
26442718
63458188
43504085
50376767
42007970
63128598
68942543
67497694
26382863
52954873
29080315
43454614
57547272
10545714
75985824
42226765
11965873
36956069
77438891
75059160
33545399
76085718
26921971
43988846
49065991
48631393
19500586
77062407
50900620
13734912
56305820
72208689
65747876
74768256
14884036
46302529
68350587
36529290
39100905
78776108
63479116
53715330
10738633
45054019
70555021
34226190
38580689
64444774
16241819
36942924
29818487
78149058
59738137
69849219
72749531
72938383
14823126
48134145
76632776
35231962
50173228
33903541
49745429
50848619
22134984
10667519
25486181
47357821
40301111
79220089
43820142
60674886
77567343
20811979
69276180
38692394
73588134
54912617
36711465
59083436
17099101
77925008
52000574
41974019
61959582
52414173
30424323
41699283
68002215
31961063
47173236
52551407
35661742
79351217
46485014
35322277
14296399
52701460
43703795
56085400
20912880
22865571
69898538
41988813
23355856
16641179
41520812
25831912
23826999
15982222
57023768
20854602
17042204
37743400
26049683
13426706
58109914
41658817
53535234
74205185
28757559
67660803
60311339
66732539
22924334
14137564
57073768
63868649
58104656
27379019
63501687
40244187
29429423
52917109
47574686
32997468
60863360
40663805
17674074
10409055
23177274
20139274
32551028
67695458
53252609
78124461
10555776
74622846
57610310
74999918
37748754
53112238
11777792
79600738
56692497
64888048
40968927
60325258
44084243
43521671
57268059
65517908
56275333
35370089
44644738
49121729
12474723
55109447
59565721
76835375
23033095
34476610
41908036
66738301
15669878
10871453
38394394
20217770
26247940
66993535
40250291
41831537
38534719
40164843
20976195
40196678
26420342
14456488
31666629
29462828
62594459
52548222
55173266
58771596
29879643
31741322
45943156
56948097
23699830
18095975
65554135
17924477
52038835
73102710
66081795
32718824
23025259
65969923
67773107
23624078
62175015
29620901
45988328
18521461
48036852
53082359
33022401
44268586
70131143
57054748
45880581
20038536
75969837
28541144
50964638
55142565
17853363
55932946
19075337
15031341
78573522
49106597
50353095
18916397
41261858
54664165
66162943
35225022
79189021
64749084
28313691
15746119
43187529
46955925
45096482
78284329
43915417
48329758
60350422
25361789
37889504
53599319
24870667
44241764
51422122
26914114
55141995
40675543
78976736
27641949
65817213
45356609
53045269
40892746
36298814
22334354
15537654
66146346
14441017
66966453
19668391
54869260
33402951
42635626
22152470
35507130
72228605
47358598
35494887
27861371
67403075
35409524
34917686
52919175
37153183
44191755
57809417
56390915
23759122
67451036
20718022
70567871
25456244
15603978
37578784
28331107
26469529
13580707
36671882
32712928
15695452
47017183
32872003
36749942
18905784
21336826
48774049
13164757
14589573
25617466
72513936
35246551
69604755
44297434
44690422
76108661
24100046
46676406
65059759
78108345
40238121
43505797
16119574
54298787
55937784
52590113
49359517
19914833
53469173
24033495
38015107
50193967
73227352
46084274
11554967
47006381
37925107
24212634
17631454
38065646
