21800210
66213916
46405510
77356332
52849908
75620263
46593347
77864918
52156557
78377704
16592980
20053316
37018677
42483830
52097422
16014755
71643839
10270817
49023773
63157439
26898382
55445762
22476813
20718627
72919592
73286206
27099483
10827838
58780402
19661146
42626358
51704850
50692541
79821703
16786603
11702332
23795528
21374259
69990924
14273778
13015835
52446342
42215630
73544860
70306782
58959140
12587785
15390087
47606459
59061950
63469959
55474583
22461300
59152069
13227361
18871363
46531771
35053123
57727604
73703449
49041285
54444315
33055990
70257492
46103151
78927938
58674207
39321902
65005632
41459851
43250841
70745620
59543775
40083065
54381273
55041525
48275397
58705255
27200408
56525843
44587461
36387916
54827881
35473309
16999964
46010854
31655752
75959000
38775791
67572838
74391541
20936942
50399447
54945362
55364046
32828368
28931189
51219361
16163422
23498795
51734837
38744915
63788241
60575327
27240400
51332423
55313442
60200402
32419498
77141936
30443399
12833149
78805727
22649506
45971811
17997029
50665853
36792343
63515105
17670881
78939707
55365575
63406864
26267695
13121958
70132314
33053406
13105365
27998082
76006403
58120401
50182114
43557779
56716106
18768307
43142842
28141648
56508047
23559308
66557495
10513636
77712414
72059059
38287750
12976333
29192604
75050866
48554151
76601145
17070529
49799885
66625761
22904464
73316483
61612587
46614061
32920133
59606668
54527364
48290640
17882573
35004758
20651556
11839009
20285024
50370543
44107966
10796796
28193708
25041666
70714759
72860288
30091951
69696643
79646780
44344179
64307645
30471342
56953764
18817672
40554050
13410837
10271844
41183693
63025044
63807057
55348342
35845085
51019450
44109726
41258908
17723338
60699519
44943097
59314494
49904650
54243733
23751493
57011295
46505248
49971151
36238278
45024700
35264436
30264028
21146585
61870581
64702870
57028200
30053630
52028998
31136735
27715808
16518152
34393476
66856724
11468015
74869608
23457043
12267079
35612161
12508562
27976584
62053150
34267203
67505334
66554255
78305936
58252098
66442981
75026695
27326231
72741906
60109298
16670294
46511043
44451555
12242591
79501050
25578922
19347601
61197485
52652111
77360992
23939833
19292286
11732258
71844445
65885331
67543441
38112213
22261105
72228142
76016334
62304750
66071069
21603530
68976596
65757788
35929939
22797642
11301909
29688516
69230316
18581977
26876178
73941562
53771981
56150444
26515069
67609978
36775887
63386855
38936165
75694597
44676631
37872986
17467005
19801403
21148036
29677564
32996415
18136760
29469191
24466136
75262725
35108557
17314966
18025104
67224527
19304320
28608515
64805291
67558325
65149395
51795420
45420945
79952666
31916261
53143958
58305991
34876351
18672554
54348698
65992596
64111961
13660964
47473205
75666802
42572761
15547858
42450437
68790945
31470055
76055116
65906859
16794594
10119655
45839299
21710182
11510890
60426357
41647992
56438017
76073412
67999473
74125736
71181442
29799681
69959962
28301176
31378549
55038878
72481253
69040429
62241329
33323284
56726118
55360013
19952749
35660150
16923857
73871267
48558464
53111546
41360540
16635470
22142706
42183138
28914276
40095992
15995709
66918528
60805212
75559991
27132863
71860987
35967827
39781326
22867599
20583124
50065075
24042047
22030226
70336401
13097423
35744372
46606700
57618872
46550203
75918963
23581178
68720585
20644069
41062965
55635229
75689997
67848303
48222255
10071376
70482122
16323116
74194035
32838122
43941758
76960365
63946600
71773150
52224307
16604214
19516618
77198507
59142583
30596294
17774773
36058351
78151903
22086131
49978395
18915304
57453017
76321096
41932193
28805258
52636763
41476859
32239950
45597771
26556557
26845551
77704237
30896447
28901713
35077094
56710152
72015287
71462881
33195493
77411725
75417453
77136338
23656890
53955844
75930508
62250997
51622187
35548272
53633177
22208995
20626444
10270131
78811993
44589155
50647337
10476023
30308780
36987276
31982451
11913878
33287421
19515832
77434402
74800349
63239193
43650192
77620115
10723015
68269250
31012786
17562803
59003182
47108467
75803721
46169925
57532232
11065762
56425491
60518524
24586829
35750434
68722491
66408759
50540299
18103981
42046602
44743731
74049397
29850547
47367976
40762571
66301917
44298329
78927306
17758158
71744616
14002078
20667218
28184175
18459481
77167319
76956959
34561896
28804761
27092819
50645576
70287494
59416323
39726273
65956169
28597847
47663873
64442994
27058709
47881322
13584651
70629681
52001380
29368948
71909576
41694423
37172841
52416132
28981708
50653140
31392657
46592857
49722597
76234838
78234781
11941631
39599405
67173451
51267200
57591328
36437622
71285936
58916044
23630412
10828929
22752876
13277151
37138888
22777051
64997210
17176643
39925316
68414786
78941711
27078096
12044206
50292176
25539146
25137132
74896198
58544126
73139020
51689255
56461761
31262191
78348666
17741505
72573672
68220447
54712916
11416741
32172169
54273283
64126607
66159620
71774276
55957165
14077663
46228383
15497143
44671632
26200128
60229883
38726759
47551826
52131210
12439827
57463771
73710386
14574971
41207728
53463375
33200988
28549642
38068118
23640226
65801956
10523600
49091637
70794548
69831841
35486425
12470817
47818713
44389689
48736218
73463393
15211895
41973407
61416390
37332864
74981539
47345034
79129208
78428602
65548544
54541218
23800398
54382442
74682527
65643199
21044491
61201304
51966476
11717512
21458413
53577116
26468367
66722980
45369028
39345796
13429347
44682073
76362401
44317942
11750186
75792141
56329305
43226306
37099685
21507333
29913387
74398627
68558191
31078443
71238867
43663089
27786884
46956999
45243839
26661163
62999966
56288903
45182070
58473598
16273859
72146689
26982002
35674821
55687005
75841912
32293485
49643090
73723717
66256408
22434800
55575154
11017880
78193529
34471709
34520786
24216824
69006328
66040927
27746499
15867697
74564849
55589861
40139485
76921108
29571674
18065498
12524232
48309840
12376664
43101795
64515063
33706743
43483435
60564005
44800579
58840597
49968960
74627838
45278980
70553710
72196335
32700722
78660412
56167305
46398325
61711741
67389996
69314424
34966439
59303393
28136474
38229217
15715757
35004483
60739572
35540367
66163856
64159174
57187413
26952322
66385010
73594848
12217366
41970895
61939097
72414945
47645836
31200449
75409476
38386221
50924739
25396961
74809103
77145419
57980513
64508701
13614321
57342031
21715940
52504065
41070240
33418114
75118927
51797836
63884731
32930811
65383021
23206563
29817374
35195417
35150810
42211982
34463096
54286931
65288812
34646420
33647352
74601039
76682708
72751494
64473379
27444243
40406942
60249721
10572933
45932894
35637413
32136619
70167582
33609772
52273374
79266732
41414254
68440090
44920163
78859982
32299789
49542407
20877917
69201837
66884322
15910648
27603420
14149327
22764540
56794452
46755693
14669470
49574275
53027357
73557557
60151480
74225916
32061068
59538013
67210626
29262292
45938823
79199486
12874561
19830600
44330861
21079946
22835726
42657466
16666723
58947256
48663578
14609403
12586142
60601722
12771497
25582537
52204837
41333601
53671790
76740368
14267607
29672304
21031674
31681193
68352143
21350620
70516600
64908165
73432938
34505810
39551997
10776569
11222468
58828072
27156564
23228496
13233211
13850086
56205979
44918600
14499213
76681260
24637701
28734451
76286727
64410957
11088104
75721499
29403882
64267729
57950999
35825885
38383668
46514991
58726474
72569630
59157313
22216320
73047717
19290306
55624303
62586265
19680157
63422823
60192496
72387211
11099324
35793384
33224804
65382560
66129326
63148591
38309540
49796785
12253911
47426867
69122759
31952766
74572303
39701295
49927478
68304860
17914396
32166859
58231392
72135329
76339046
38875484
18417073
70968662
77468468
69725131
18545277
67292427
36357047
58165355
10831202
49214243
57102235
43417482
15915394
64002824
67800796
65650452
43785129
69852991
26730257
49844225
34519957
11443077
75668330
38400718
79809457
48860349
58815550
43151662
23019688
42277736
28271480
58102500
76994729
32887223
77806934
64706481
68877143
61156705
35542927
53286202
79602109
56698746
55615333
19752155
16575781
62836841
73766542
32518011
55266254
71022923
72315828
68978618
72673221
46567125
10901307
10141651
37728188
64679451
13199189
60854984
65631906
51157217
16681979
39181818
43075757
46239818
45277941
13872093
72449165
74677659
21159966
65764022
63985227
63408546
41237896
10037900
14510829
35550948
46395861
26288895
25730423
38954427
20055720
51090780
33118003
70336358
23112390
74628201
69400998
54549648
75910580
29163172
13084933
32515356
79795791
10708912
50724110
22265968
18975704
39461730
34823678
70087413
46721290
52951059
73849616
72249995
62589937
79276456
59293514
46987911
68876251
51718975
11925281
38101846
63903087
40387028
66672271
79485617
72344646
55063836
36742031
23679879
73976892
65949634
62296425
44219806
18683373
34325199
76438184
37680939
52277829
34792488
17571933
55890931
53130168
26749962
66718051
54740387
66218415
25692343
62546737
60896166
39922032
79688916
56845115
12814301
40852083
15671130
49347655
45969969
50522689
71328839
15523059
51611398
38074800
24191201
56329504
34862028
32346781
22876492
32003126
40474104
45246176
36744317
36057207
57910527
69191822
30863741
46909093
41685919
30926625
23582631
67169936
79205247
15703758
42342588
15540060
26835244
19087153
54905196
49482465
45554986
27009740
44953236
66476075
68863856
32330979
23179827
55620530
66954096
62773878
33512037
50965469
69325817
43172406
54448313
14459338
75351929
37477558
10223667
49737751
36556415
51331742
44686938
49787271
31969981
67478505
24004541
38295411
44817853
58884754
35991700
10480618
76345792
60005319
36245451
54813459
44348970
10170018
43046054
73858776
70216325
46660137
49704813
79412772
36568135
53263943
39456725
76553499
46050846
72915659
74784866
54681432
34694728
47892250
69342290
66892965
51443500
61539109
13090299
67404792
41028671
57425636
29601589
67728802
46483824
27006388
59601528
58694017
36223177
31907497
40383321
43839897
20264691
27756099
70337118
12144679
65979592
18402214
17913498
12542260
27843313
47277722
30943137
18407431
38144637
30302379
12273504
48981477
64933970
49590904
58788792
49291973
24818534
57944404
68441462
67949032
60641681
25852853
19166474
17592575
49169316
13012788
66789530
33667688
33106315
67027841
67389230
67037056
24844934
39527801
21503414
22616013
35607751
56755700
77775380
35532824
40301983
79593734
40465516
60654940
73813547
65958259
60975643
67359365
43825072
70178442
14404363
70990812
25876770
47881526
33652217
19599544
75571748
63188587
50624765
79322401
26837065
35954176
66479004
26441140
42421937
34119804
40431355
63722965
36358477
45231909
71365626
65460890
59188093
28569663
55433236
51219244
78256013
54401400
29839237
30548067
64851182
20112746
11050351
19862092
50730500
20108379
41296831
78019100
73205571
26846524
20107784
40758918
66292419
32978363
67238483
64146179
29574968
36249539
48966523
56220993
10329521
70914627
51882490
13413034
22006215
68206411
14538823
30098003
10245962
25317082
65861927
68138240
56146889
45015489
64726215
73760706
57429205
51448891
57601672
78757810
52323067
32835537
36206379
47615740
34891461
32530889
25913197
62984679
52311462
26723930
33189577
29100685
66152846
59166544
19840343
77293547
16515401
66449832
28194320
48972891
64434430
72875641
50098846
55883729
26604061
77217874
61862004
75176481
43945821
33596251
35292422
76310579
53733465
41100385
65236736
24076654
74294415
57505558
14139053
36736278
37765241
36999146
40581355
69246788
58342390
76420970
40064390
38292582
76700509
36289318
31452102
50136207
47840325
16955242
47888331
37557623
57181702
36514623
49963429
22197804
44400308
35558002
34371648
15831944
45951928
74684869
59424269
77202234
25817863
25319008
40751902
28626740
30809001
22222755
48344681
47476299
23258727
21276354
47582086
51733513
49982359
63515708
22789877
37520694
28642291
25231942
11075342
58721587
56904449
75201117
67868137
14414937
76789905
21089867
76948062
35663885
50890964
40315761
73026542
15484949
77919050
60993568
55282198
11956442
32136112
68987780
15416982
38017924
39188119
47909020
69887439
76741762
37071439
35451149
18308398
46962362
75050551
72921521
36108229
40971473
10559114
59287455
37406500
10156365
44167091
14986202
35511526
43919674
35888143
56344513
75960971
49740323
70365717
56619484
63521556
72940438
72725391
51516877
71886637
44746333
27394097
16427222
78362793
10431238
42737263
17790599
53576253
28906552
28869476
16726157
10609320
22310519
48339585
15274306
54859711
62459635
45180940
28774384
39637681
72040549
16106185
59421095
51102262
20217143
27469134
51315061
31796448
18792518
41387612
58638226
33969298
32932252
13957138
60964904
36585124
21644456
12243550
16923812
59745146
73758349
57600381
27524589
25064754
72345531
17361092
59830085
25140112
65006324
14887026
14354771
17404964
36216765
30774874
17581833
72470954
58779968
27743488
45617623
72882766
68733581
60766296
37736368
24117912
36619428
40150407
16753308
57260122
78516806
36033097
30015923
64209452
40876584
35721807
63099258
34374973
55647497
27908844
56947725
79769653
31771372
40289994
17906699
17369152
73969644
37787992
16427865
52816043
48060122
25712401
21235266
38568579
63909720
20916411
31113475
18462187
31128967
16811721
36165460
28382550
34899759
71935456
24939658
61532193
13536331
10263068
64871234
19562458
14503042
63608301
59673535
53244081
16980807
38755010
37078222
76334656
79076598
29965319
75731308
67656289
10132056
47498212
47030258
12864540
30843299
67170404
36065043
73132010
20937044
41290951
60096284
67510874
69449122
76359005
41941999
33710336
32188954
54772671
61609912
75017926
28460468
17767052
46733858
63919974
38822506
16300409
51950701
38104143
54282407
33063921
76689905
10734782
14402885
23991631
12426521
30071588
32487940
52355900
70017938
76716384
51337543
19787408
49657014
21623044
51737347
15094196
53540807
23375077
72034224
56793353
72292903
27537745
40416578
25506140
19620774
60648370
21656066
45646532
73878293
67372434
47296307
36883667
31180206
44022500
64090937
66141937
17005877
29408462
67421537
47943730
47732995
56054553
73626419
41882392
66502228
46321684
70563391
60511589
71191632
57845215
72910302
52632474
47769323
78493796
78498568
26724817
49888828
73312181
43065671
36827719
35987450
62089721
78018956
20858363
18709270
47369492
42406318
15981002
23791453
36999685
19915066
14245692
48677534
77291816
57880348
25444895
35877993
18388961
12264522
37759688
63340114
77061378
13057071
29349586
67635941
25534646
40132533
35396258
78549051
46991973
49053622
61062585
53964376
78768798
41382936
20360735
58770187
68503048
72409657
63229496
47086429
37682017
38725505
64033509
50337851
38532049
25249636
54765888
26490206
37398081
17960762
10517040
29080777
69431132
46721319
49928677
25040180
19297014
30589429
32934781
32655115
67911506
33956358
64745182
56130108
15674344
26954174
15736116
54109104
17755558
49503947
14987139
34579684
19039056
63418072
51052334
73438323
47284453
53691974
42895640
10300792
24259561
70637576
39353591
40855462
70294281
68581878
64549554
30277771
27550266
26930302
76707431
75334843
19264626
56234038
25869925
47081213
13041307
29471378
73482719
67803139
51077082
74298796
44219191
70190127
71026101
68265969
24384351
20586465
62969156
56384881
10231096
63433286
51734887
62150070
78947448
50873908
55299132
37491143
29398155
56409005
33141775
44285184
42160873
43340515
17137886
50241240
65016514
53131684
74943359
29995875
23116662
20811928
72817074
22631833
61322107
28280985
47175107
64169428
17488287
35841955
14494991
48806319
57211830
68156214
39247516
31791012
41843125
60677475
37491345
62606742
76843493
56899677
61005054
72720363
68396799
76877978
35104285
69047008
59442824
31376276
79812065
47000172
28318780
61432399
28569902
66204135
27076616
29164336
27589700
23075568
38010351
28676019
38247135
35467908
35453977
21488171
40739965
70477583
73655965
69423183
34693479
39820541
37170429
64604297
56044569
52795438
73261592
78854511
14979690
57276898
45768329
26250878
16084405
45145209
30544215
54159049
27200385
74743675
20404541
35164379
45719064
55375112
74532833
59699423
35572529
78839846
46729260
57144619
47405639
61679237
59838485
59692869
74348033
72307335
69770695
23190835
53788984
50798078
67593898
77931576
15947403
65732791
41398432
46239730
13731135
56767224
48412343
63983738
13936946
72752773
31208100
73216085
29478074
60285333
28967066
65185952
43356506
43982847
68900593
59344018
35333086
58529775
20512467
42037795
68040905
40443970
44662265
69821592
18731985
14351230
56016981
68457638
57904598
35579173
35861867
57517905
38118169
26266525
21708615
56458486
78115909
63582534
28253810
66639696
23269094
56547036
19590471
43751894
75344484
42415159
40131172
11620238
16662816
43137715
59603186
19468532
48058655
70646592
37328256
55145267
11200940
18729874
58453762
77261486
70973389
68022113
49253769
48267159
31717540
22729681
56242831
34211760
22234746
41068311
35955583
78350598
30858044
33742387
70952692
13961043
46497286
11515833
71478408
70730141
46691690
23931748
35790518
73402528
57606605
51206699
11061196
23283804
22077985
39665410
37798332
73412768
15447893
11931206
15577111
12065224
57109035
66944607
61353337
15583428
18025696
63840115
33511660
60640068
73550386
67910076
12461964
54191414
79411398
27676350
36186916
59329545
22165000
65589541
20781093
28342898
65818091
59408509
30532304
49668822
21823970
51939035
22409404
26094511
50065924
30340862
73464913
20473521
73260733
58974430
27748877
37829801
65256750
18451646
11543429
71869790
69340629
48305524
31123019
12673165
32029507
75060689
72583481
41419483
16575894
27088553
25659543
20783282
29312422
54741341
49428730
10671264
74772032
44410702
50206166
32800827
69231460
49956963
54109033
27938284
70819157
45271685
27116603
35245749
31399563
50930411
36631575
21737491
54199985
61818551
13325759
68706198
63999847
18283930
45523271
34090772
11179668
64155821
12194057
59557217
11041887
64026607
53249576
38909336
59835641
31087494
35745293
33824662
72258280
69402591
43361077
54812014
16405002
55527033
63997495
32702435
23817695
29386557
36256318
71188850
16186712
75724715
34218558
63667467
10551133
35020422
50089341
74932535
53487136
10283605
61895565
12356512
72232142
49007753
73382254
73361560
73600105
18978780
75291420
50718514
53980601
60992625
12196424
54196315
20381009
75804792
56044905
14560460
38205081
34954859
16304188
58921348
64755464
76075772
45292999
44432261
14641047
12886633
47518087
34854361
22347583
46929771
76650814
68702335
32647832
21846941
36699197
14836930
70464969
35512072
36307678
34685355
17602908
23018759
77603429
19738957
78876408
50721162
60564885
71457911
46756570
51872034
31271486
66295963
19035368
35326865
78743303
38211636
31661418
23997590
11516388
67400138
13794755
20837951
53767866
42324982
11415872
60889237
19246239
62928661
74165141
65504064
48127631
45426940
56814445
20829653
73840144
56820248
67919939
14052605
64749019
23086412
51868642
66841621
48102057
45715364
72960422
18652138
38296007
77706428
58001130
24537464
18455444
59160829
76225105
12576233
13647012
13795805
39821642
68130622
62285351
63653001
34887786
68293318
70027393
10292365
21720359
57829777
20686843
67460240
68993786
57353031
13253882
60446825
67998844
17173834
34000639
67097045
29548632
51465389
29618601
36861579
15450680
47190947
40618124
37363531
61575546
34447935
35120680
19114090
48087153
34880453
71258772
72423757
38410295
18576238
20889263
28716233
56955620
47861170
26459544
53488662
10849859
71921730
45007034
44884657
53452020
67800262
18611711
51957157
18105223
32611534
57498445
58525075
10439054
21996373
31897540
70423479
53223562
76747748
34453644
33104809
44061929
26476613
19736649
43024910
64061029
71323986
79782725
45516499
65526225
29886995
14323640
26069958
75445927
14973557
61873804
54019176
17627602
57045035
38100040
77692331
25342193
15823877
25873358
62711335
33515407
19462132
25408236
68386828
69303081
53323820
17680551
26370362
62218209
32685277
50826634
76634560
31584089
23083106
78638254
19085174
47642155
22297272
44058447
34691255
74413331
61630506
71321024
57879922
65765187
39163921
71874464
10956593
68438535
47144688
77639887
64035321
27798184
34258050
17685733
42984205
26095396
77508299
70902108
24740711
58020986
43801658
75334974
10502956
72828462
53973645
30864767
66560178
79024052
43365089
52131864
18137674
63919781
30847978
62718046
70583229
45884676
28822586
68132088
18737644
31723942
27333156
22316078
44960703
72196551
56757196
31373556
18307912
24563622
33812222
20492220
44375239
72512025
46350444
49007348
24481407
25283806
49741694
41055523
30187646
75426033
63504633
63389404
24601234
59785980
58397496
74757580
73162919
22748305
73366726
67377532
12031304
38625441
38701360
71152853
59816921
22536325
33562090
74718448
10333316
41434777
50353101
49950463
25698489
71012420
14896680
63029662
22170241
57226708
60488544
78425194
11026705
20023047
39364301
77466401
51859134
56769843
35446850
66588888
74257157
69392566
74340468
17475333
55147017
65661989
14069496
51299622
61944920
20371622
50794843
40434689
71970745
53069605
50589167
44172164
72609469
74046996
34974040
54249914
76033180
69742819
25421935
59795824
74625644
54547174
28443524
68765142
75497534
21766582
27046661
48499673
38394234
47598083
45470968
17005715
21063277
77921837
17805988
25395359
28409200
65580012
32895355
46294539
70498027
39764215
25856098
41751369
68887147
61751291
49217757
18504424
53118493
43727431
10385041
59951745
43412155
71346110
58108078
58632280
68905102
23044923
45519425
13315305
47573687
33205178
44898327
23040219
26487897
12924700
28500819
64573958
63207590
21769344
27022338
10633480
23152064
14503146
51820317
56660579
35343389
34744656
29504319
36227708
42067993
17661893
20580991
22289752
33433392
22914642
60907077
34930407
64230268
34107694
13245002
20968230
52423387
28752717
10971094
64982003
67515310
57673682
74790759
28169728
19357700
53032203
31954789
20839436
24216385
35323334
55334328
35476730
60638788
67476399
23848288
51561878
79716636
64477057
56708796
61386378
71953533
15734537
24551281
73387715
48473002
40241035
57232233
28740412
24545798
38096944
47177931
58400354
43379159
54130732
60406695
24490212
69836656
40018805
35752903
29068421
53224549
49486185
18888476
58081382
73521494
69947344
54596908
56663634
51318512
23049775
33168112
10860473
63278587
25895374
12848287
79758103
49801149
24321679
79132570
43912972
38094242
77540056
19689761
22573755
77478358
22509936
29470586
74632142
59633013
46407827
31389838
49688575
52951626
69142625
69770909
53475993
61633312
14117007
54496600
24616423
66111000
78168260
71029550
55741645
42495642
14568085
12952503
33578556
48851475
30110038
20437317
20243235
15524345
33495669
29676571
34076860
27374673
43426095
74517905
26655967
43751549
13274974
77659477
28172167
18383053
45534936
52501584
24388042
60656119
78841580
20580088
24821634
29289365
61955933
52901696
39024960
58823688
46093392
31548245
69287905
66668925
65201047
37331707
68601309
56146737
36236966
16880298
50163052
43215783
49271398
38185496
33925012
45909911
62184458
24460843
55115871
78376060
70807374
47590406
61851693
59997557
34127946
11461948
63033564
20305609
55601719
67236139
43113376
39362651
71378867
21873187
31861880
21385478
65838059
59984131
11001845
20249559
71993741
33333598
46796685
68395112
59642032
24443033
67055206
61368623
72996455
40504071
49671403
62382420
13296619
58607126
28184785
74010828
23574598
17203441
74263979
79411308
67893637
66683580
17991891
64942229
14112851
68742271
49657685
31545273
64922213
13578063
32363994
40444347
77781948
17545145
30606251
46756412
43496321
60456661
17236227
59160512
38026389
76755662
64537939
61689617
79776845
40465166
55938898
33208112
74962415
40188550
71610925
41528037
31724760
47847906
78027097
69740617
24214559
13122741
41264274
35044787
47954467
78180698
76743662
61677926
63348702
56854191
36522922
68482190
25606222
58258539
32347146
41719468
19940049
47319656
20983339
18329671
45123870
36870930
59748845
72733248
45556539
63749266
53541047
41294405
19199523
65608620
31610552
70518647
55197373
43599181
19769209
60495284
43351629
57031217
72100627
11874956
79144762
72011244
24945505
27983391
74383867
18566064
60316412
21558716
37329613
67320105
78396326
21594251
47169452
66750500
68152874
27414018
59625284
61134334
68621396
74145795
56726288
31685686
30099348
42928742
68018849
54496780
20785331
48472246
31240405
41036992
13869466
47544521
47691237
28632170
10986514
52636763
15484762
69318023
63378028
14711103
68724908
10127529
25514063
44437026
36473940
75369300
12887618
27089467
26224911
33020680
13069444
26012941
27737650
75649118
48846227
65687480
31862026
78721512
11565054
60580098
22424389
78343265
26848951
42021311
23452070
66847747
13708689
22563578
15776878
27295278
29583933
58857379
47511086
78190460
10869359
46820802
39643317
27173023
23919459
16848388
32111490
17761542
77960179
39670681
68015570
61764844
32181067
48662924
72021797
66857572
26729826
24372629
65142068
16535601
47866854
63081889
52700788
16495076
13322486
19955128
13221398
33902118
53793438
73115754
69481644
57373788
57860137
40339823
28920265
33967332
48818511
25632219
62298934
53137017
30527392
42231238
62560455
29794679
57446501
55025295
24281621
17684412
61203615
10938072
37072151
13185335
43321027
31077048
72905749
25127247
34045889
54577678
32240219
55157910
58619453
62735936
44653896
71979327
38415890
78426726
21455275
55839742
27455613
31424342
16979038
76857544
77996048
66917295
40649116
72884324
58391943
19704647
39776648
36060994
57216210
32187027
40435286
12145998
40527193
27091060
41214513
47209061
11149121
56690974
45516540
20153621
25467209
60005809
47442176
23646337
62940486
21121282
47899208
14898998
69465109
28412263
34851491
42098895
35114161
36367275
35529446
69265526
73426901
11214413
65799267
40054503
52446104
56622842
66414199
46343987
16080901
23376993
56957302
46441851
10609565
19490138
13172768
17216427
62873499
61757557
51834835
36173325
39791488
67259915
60633414
55098510
28160027
64809589
66535810
43610434
31416805
37202668
43327481
58251735
13621659
76954425
46159606
12232151
29976576
35367706
54982684
18409731
79372117
52183015
39048842
24431666
46433022
70962871
24453873
28163657
49286368
23350709
53042221
31011743
16061337
28541594
26460167
67747577
46762869
77814669
53672049
14536631
24884409
57550538
78638475
33309191
25953203
48613429
69558231
29669202
53018416
42176818
16349958
53765818
45802594
60671083
39065823
36430408
77907627
51347265
46122381
39782727
58534890
11111645
74969171
49036736
33594375
37222337
26644744
34635195
47590942
68525499
73551737
31038031
58310197
38025589
45441835
36981875
31690589
58214519
65297063
16602705
20763672
54846930
27456288
28967740
60809983
17657381
29754949
25808664
67784333
29583938
79746096
44978347
17473414
51270952
49696580
61753456
70582521
42960882
24567600
38971206
76887197
68669765
12221079
29773857
32669460
63742243
56981524
16619366
20425896
19341377
10149744
34082696
28494754
15263131
38425869
15024869
18130289
63157432
34237523
71570968
70802877
54316271
69525531
53004600
58416453
66620698
22229673
56812571
75096791
22996675
49125530
12605690
32013694
28874872
79154713
24013091
27474448
13910968
53331389
68909038
28672598
72321106
47771033
20079837
44926424
22839035
61163166
15437929
54626425
23829237
25439364
76038802
71479215
17182076
43144098
21377687
48651427
53155692
55265059
26252135
15006978
79611740
68165909
53542962
44744421
53491614
46266131
63111188
61934915
65205030
65062304
39375137
13703189
70714481
41819574
68699155
45496216
43848870
14918710
74792179
60603802
55429485
18765661
56222083
24217709
49880916
44602087
78502379
65121972
72939546
12027637
38349174
24403660
68513880
41881482
27707394
31710136
11794572
44013535
45121520
65420161
73254310
40000206
32186038
47352653
15165909
73520540
20870199
20397460
37479859
18888542
57347867
43362796
35676476
77089235
44441423
64025186
59819045
15039388
17746477
12400450
35287182
46262286
39189061
69238826
12077688
43166502
79747556
45651464
53666192
15884359
75245239
27249363
11164025
42043127
61178171
21287013
68215876
79900014
49264193
40363952
20196291
15634931
67811588
72480153
27961638
54816968
10942892
15013292
62618203
16852729
74784193
64047692
41169367
57206941
47558497
32388128
34256209
36229835
19069583
38389641
78385807
64348194
23277391
28210324
45074289
14837929
14271877
79454432
15640123
60629313
75196870
20772279
78976336
65357483
18232676
26943058
51529267
73478687
38048800
61511714
75545240
31194073
47706805
27343947
10532579
79451791
37909168
24808416
16602923
28706672
20783023
69539697
77958165
43677690
79498239
67108189
62941263
74624373
74783081
31100229
41948124
15140843
68150875
45418316
25976241
26374528
74919303
10453618
45525017
28447851
38696364
36845755
32056525
47950288
16161086
18098994
28667110
42183245
74339086
64403172
71710861
78878914
64404014
35031829
23519571
76113990
11917550
14648893
44591442
43451719
22811104
20145971
24766181
14235333
15568480
68894750
48174459
58298864
20803775
73705438
65417302
21780590
41003764
19300385
30526153
59974770
59521230
14267434
75664450
60283986
69604122
46585400
33966383
58252120
38512965
78204894
72936109
16318916
57324447
27027724
76142008
59356040
57649450
22836608
60740356
57242776
63633434
75245918
37877229
52282959
35926728
10681143
55935473
27662154
78710654
10655625
36141917
64511120
57054361
63746183
37931028
49368398
33195445
19359929
27361212
32592488
57917022
59980474
69150904
59557834
50833978
60301878
19161127
30043147
18601240
48827670
28196816
58637423
57297804
39807659
43829220
36533210
34027202
51960923
60491336
67862737
60720916
78786199
10597956
57505704
37543959
55336543
69390927
26569697
31115127
24581503
18680300
36004120
18738167
67926596
55760710
64019506
51528163
61657071
23899750
40155874
31363882
72503824
24539051
56677621
63674371
23016415
36579386
78813976
51302391
71363770
40098626
76127125
37960193
24970896
18700236
67779838
29061812
70087166
38065160
35125592
78771555
69172730
19563845
11246504
56644216
40306700
25358906
50071635
20389728
60257705
25324208
55005349
11318751
18279861
11163780
46938956
69303947
38286020
22813045
21195014
16835931
10883794
62815022
66144859
19093452
10080413
39406359
37205740
14448315
38255683
75551301
15767288
11025860
66297705
52180027
14048218
73810741
30542398
39373960
44630107
24145168
65752276
39152491
25328496
54205883
23432477
72151461
39415224
22331899
36863164
77856228
67194733
56631078
73064260
60761205
26572466
62368546
30878672
72014753
34579322
79657935
60262933
51852949
58574046
10021267
15577159
35613138
29541424
65010273
70344825
34346697
43416268
78703085
49151826
23149630
64058011
12602046
76628791
13347603
38349682
62049934
55268200
26170048
24899722
74282373
36114224
66857940
70963150
65566653
60651987
44486503
12082735
24236759
50132926
26923598
51427530
34172092
46329413
65971619
15251980
74917858
10586484
59173996
69667448
73004901
47062922
38082297
16978950
79123491
13075450
61046222
34779105
76838825
41367403
17488591
20933670
57787850
22450977
51681725
53461371
62443993
19119077
14428091
42749024
56557483
18610245
75904324
70137324
40305686
60340614
57071178
72942489
47452534
16734524
55948103
47643631
29648344
23344197
79843646
53897570
37573550
77282544
46837351
32422017
20382198
16900084
49952175
52725178
10630672
56332333
20047535
48228878
74383231
70865147
45109407
16762485
13652367
76222468
69813683
70663362
20062326
74111068
42431290
68603207
23034488
76529215
69722259
24325199
55746146
31346351
26502787
43763233
30072755
33630162
29611067
51011164
11945397
66021735
10089308
11417805
14686799
62199976
29567305
63193812
41881423
12470589
64795227
68361490
45608767
25914430
30884827
19344079
23616770
68220806
45230493
53472252
42662225
78126148
15634331
79346203
52275174
14814787
22095977
68888597
15817936
47471513
72247792
48915895
22695559
14408588
66372487
55885331
78407667
14324906
66606774
26034734
31895480
21668902
58666618
11634372
58507346
46501618
66866594
38553949
23815805
65792173
43218186
64124835
55970865
32345326
44521839
21958633
16776656
71708678
15334188
39754820
19595310
10166725
62119883
63254611
75756133
21980800
50726544
58287621
78630502
18142894
16635626
59734968
14149152
77980501
21501514
41103519
45470809
53035937
65654176
54720714
52365310
55168720
15580676
47427309
10885447
63640108
57321680
42873569
28421425
47016946
16947643
53990745
68640729
70895983
54786435
65733223
18422181
47679838
47277943
73857668
31240406
20018715
18419878
71189284
28785460
45604692
72567733
13421618
75702544
78743244
11861078
66476510
77503438
18404290
14029142
52501584
45982548
20413617
13054881
63730910
75399738
37753127
44752838
35757904
43794513
46972165
54302688
39573471
73360031
61548470
38443007
64551993
31359586
57253958
39492891
54850678
27013719
49556691
22695150
60483616
41857179
60939761
31464735
42842538
79175490
66471894
70158480
16836740
32551018
76277021
23366288
26701024
24213754
18375497
47987813
22577769
62229750
70193649
18686251
46204626
75246928
75328651
18625758
57016384
71824781
36940016
75293896
21264842
11749673
21113823
41444741
50212005
43148964
45386869
21099351
65949339
11087965
23632866
65140130
14217223
70346949
77065404
11394678
44660715
61378460
71973071
16130003
58698070
25627416
56563834
15262474
54928190
39267834
20703179
40779894
78996881
72098181
69130753
54548469
77604050
49106311
66997831
74316774
73462786
43699802
52614050
63710621
54393743
26153180
46065388
55159797
22588998
45173433
73654233
37137575
40124079
54528034
57625819
42794672
60038548
14021242
52110574
27747501
14574591
56392505
65918720
10328293
62028646
73995291
15765610
26535652
57603116
59520979
12928758
15598093
14245549
33114364
73020114
54796918
28600607
62327380
14919591
76363611
67534474
23279426
53114189
73366040
38864051
60777444
23563893
24945703
37070693
60232365
64421047
41504815
54614102
30452634
52070540
31652674
10978855
67249479
26979110
58449536
72317872
77546249
38557293
59912814
33175993
46322294
75187533
30831762
63198486
22470987
17582386
78529217
35883312
72203641
70858793
48657366
15481434
31671126
39462810
77468737
43092483
41175070
32683867
20036969
79153810
63555035
43340577
61229682
73193077
27551465
20480566
29671081
11897787
30881417
34266424
72534252
40460505
27113795
40726646
28237444
41946621
20674142
65002803
17926005
42339636
62143972
16450065
26878244
16601452
28683668
56791940
21691903
33545165
57675829
24278256
40443453
48400709
42424512
21428607
65181073
32611872
11063507
76015720
67963395
74252472
70310951
73235143
73441330
28443815
50158578
34336796
40850355
14728630
77012794
58952367
71278535
22376610
66268949
31926883
14286104
11176667
11297054
33832690
42871638
34303512
71812179
47004992
33546686
36802272
76844692
59737895
33992900
21172593
16917964
30306048
55088202
13866724
48495458
62991672
54438495
37319729
40961481
74529173
36722058
21958579
64127312
76872201
78580614
17599117
50628782
21950923
61266288
24923346
54995634
74303603
61922353
47273474
48531461
18772219
57850075
52845569
46970756
69080568
51820655
11411570
21333208
66244058
32526820
54363098
22828527
33619075
59493565
77636191
13443481
50918865
28507336
40416655
32664270
73210123
38022160
71392651
22530362
65905371
17684876
35129799
56019327
19404626
32612263
29633561
78654762
43666935
18484561
46870834
71955054
49721608
28727667
43548904
28771691
56345892
12773360
56990599
56235959
15394950
21225377
60157525
38939691
14570912
28603648
78198550
76995924
26915219
74297678
57106923
78404616
40362699
10039514
14245103
59027060
78256262
29012119
64644225
43194332
31352953
19332136
23936630
54282113
51250695
51667220
31594890
42248546
73055801
42354059
24103944
44771536
64758621
49867763
17220955
54262620
25760006
78734006
17669657
45333069
31098302
45492680
61905836
43349459
35996393
63399375
62654951
71459706
56874869
28267493
75619763
70125056
43503831
15053298
11535521
49667121
62024832
59686144
64955919
65005138
73129969
19148167
60024205
41940737
58639449
65259198
32385128
79699210
46252306
67065430
62077942
27954971
55842822
54624462
46789599
70374802
35203618
57634916
67194904
48449237
11234185
58788274
68313466
59108394
67313275
69950639
12569039
44412670
10118919
43527830
25996590
29995487
55953494
14323657
25687889
69297330
31294204
57819672
35274702
44806539
41993307
36917431
10868550
71456559
15591949
26990833
75621108
19565184
34206044
28560080
34149119
79465785
34494959
63955384
22073782
30427366
69619133
17859333
30462768
29845120
10832078
16077641
38181054
26513039
17421444
24684418
12534234
11955977
14040840
39198201
68970212
54334660
46318180
21645726
35903928
15431545
45056072
35540048
48767257
74725229
15298443
40543395
59002610
27970178
16578462
71551645
32106326
54696641
63580026
42334069
16110210
78021644
55479962
55992072
21139600
78415578
20634099
76071350
21841767
49872487
33385708
26014216
46144677
63544304
37993319
46379912
11179050
12376371
62634876
48651340
73422214
48643931
54868420
69298856
16351287
13966079
23562710
23689629
34614255
49503120
30425322
74641268
31104512
54069264
10834601
67801512
66724461
72896355
36505028
26258648
16530487
51994089
28302121
57007863
51726944
10081593
66355127
36690960
57508898
25129027
32435692
71246696
77529285
60013189
79307468
78712812
22756143
53875478
15902491
67131987
73119659
17393732
76203211
59927087
59597836
49963982
33569646
37888039
61715298
23081521
36130809
70763976
61733776
28336826
52583925
79959170
50723588
62943044
71983405
29575573
46465219
43895298
60748779
54073381
32324791
78859461
27894203
79058477
43944313
64741966
48283059
28966798
38764371
27349950
51057143
49763511
28289540
74899444
70486395
39822824
24698587
37403999
32313229
17211419
16418094
66196016
42378983
38539546
59526038
57526357
43613843
13896321
65777571
30415177
38814867
16341101
71447151
13887353
50458564
68268553
63622172
35480115
28326891
58109350
68923668
40083157
73140104
43392454
64740668
42739218
51849624
39594348
79909768
50151252
46451077
41617424
68285047
17161446
65646156
49247506
72247444
49859868
19188714
12493557
68650504
12420352
64339892
15194782
55133174
73271373
59988373
72529707
75191890
51669106
56458653
36324436
18306168
56189620
58577189
23947973
41259358
51655900
13658734
63359525
25575696
22592758
50118186
34086703
77311407
11973205
30629669
59710462
64636269
76636470
69018305
21442498
68462365
19484924
35698156
36129760
36980491
69653466
29053129
22305789
49840767
53181659
59908854
50703951
76557215
56588155
42464783
58666719
77935519
63639224
63751328
40096200
50688446
35725040
28629378
44561642
25315168
34189072
39303508
74088354
21697416
55925633
61014742
54266829
26409291
14583955
37783718
39104208
36331997
16988057
70472157
44387069
30974959
12622971
44532968
43256247
54415815
53464499
79085606
69936101
27666785
35335658
41435600
26688726
33152581
12650405
79303088
78244366
53774761
38394615
12354975
73119040
45679945
13012704
69045821
65558426
26027210
70214981
17949860
58153267
51010139
50463945
50978657
29856411
77073711
51166661
46146417
66006256
52985337
27014222
55066577
72008789
45805082
76022918
37781333
50120556
39005740
37100330
40110269
59117660
54697975
48821705
44353113
56505739
29425304
76235510
44789632
66426601
61011480
78282221
54208907
23709871
73210320
78236418
44580959
42608766
14710570
44418308
38514413
44195476
14541873
19575773
52535408
41386235
69648829
61372955
51856502
66966756
57434606
11278479
44827667
72609642
46614009
57929339
74392959
34746300
35353821
15287627
34431406
63553760
44126653
62856151
20483379
70343505
63717635
36770670
59724234
11818790
47648070
78480261
44723992
70735020
74572416
40722955
47653269
10426461
24928600
72920082
61757449
41561924
73184187
79729286
14440340
46513435
78845496
12508298
45117373
73214292
38083038
15657145
46567030
24067906
30330172
67918504
43521244
76994192
11778662
52026189
41856120
20690625
77237907
68729281
29842275
70841390
10626053
37920313
32455782
19121734
77828724
49917884
11410946
11435906
45830837
76832419
71105167
62270197
39449968
42629638
78084928
64173595
14598469
12598999
38813473
63319969
79120467
41606213
10262018
12179537
39221684
17378014
53589713
31922565
56491708
44349699
63003356
29770472
51892396
74061108
30111011
46003280
63481194
12000851
74432339
51874272
22206067
60471925
53433809
56907644
58769729
27239030
60622121
21163903
33063447
77979588
42622934
39320818
25539199
58777764
56249595
76752152
22331087
56451867
13554509
27206464
55639256
49262075
64669330
36973302
25590432
19894050
23453090
51784953
56871944
60344369
63736944
47085041
23648886
14478923
52630269
29818395
23872879
30937331
22677548
26771213
47420751
64447589
38613900
49724510
79710843
68274239
40190863
12549691
14988410
30517274
76176985
70523287
12237151
71180761
47495571
51111195
23091079
24311312
79421168
11501235
62648779
47944302
65033415
41391608
64353611
32747815
19764157
23497035
36226304
17011301
11235501
19077792
14914417
40230174
45344826
36872066
24974738
55271743
37761492
55959977
74578370
74700194
62287853
29919662
39541973
16674152
68960736
13673125
28367484
12736629
18472078
35054814
51559686
36903400
35912193
24725163
71465148
49007351
14222866
68353961
76149421
65140505
29180910
78065512
24535141
72946725
64339545
14167475
79650056
66368583
74112435
11765298
55733963
40808687
46075796
28269593
22032722
31666812
34947082
43319179
65997857
35702178
73232154
68810700
62583836
69668411
43236498
48435492
58838757
67997609
25970885
34344001
52141490
62155084
68035864
74928817
18648244
75568121
34347130
76612174
50723877
26251176
74975298
46169104
23708248
66402988
56147124
62829545
56037123
37701774
74270282
25982558
39029205
74316948
68685221
73067503
71958490
53821698
54279787
74655997
65343569
11073638
74255714
18443830
74585795
18830787
59297354
40958523
47083229
62050562
61144037
59702496
49416681
76984887
27561044
18215396
35032329
62302949
69232933
17815644
54426996
67024214
45736638
50636663
48976226
15678779
28420323
44979282
45079774
59157474
34241048
53129174
37643808
74286808
78942048
38671902
64847929
62981661
67993433
55426100
11181130
58771321
22125719
53645133
67499061
11147125
64511690
15495863
65633526
77886580
64555675
24596766
30945720
45909736
50437249
37270849
62047027
78008015
52047274
79851001
75382700
11871272
57553005
15096397
63482232
29608441
20629580
64010852
45838578
35139180
34003648
25270615
55937559
70910305
79464768
27759938
59432697
52176134
57334079
11778721
62105281
31299988
43164230
78000667
14389449
33014877
47720504
15497393
20384351
74749888
71975814
50395167
77051940
48152712
11580189
76792004
73003407
47314222
57594006
39977126
31167865
73536011
63112564
35252448
22952934
45662194
23140100
49350628
70519481
78019592
14510743
74572980
36832134
17717217
48816326
48411324
67873606
63020793
32066568
46514325
79628469
21124708
59353538
74207172
33615340
29213787
15730728
47768468
21933971
76441622
34769658
47933466
15944508
57026118
52505435
18051866
19142951
12998545
55038772
50955180
42461170
72329432
67038642
56249468
77823174
44755056
11360003
14684399
19379066
33882743
77358861
51293399
62940431
73275217
54949412
75494061
33769745
79284076
62164603
20888383
41673153
76208000
78289409
15536434
61861757
31470608
73363460
39095426
74184153
12969472
11578652
53909309
29050213
66225732
77980526
56696519
48583338
31272911
66091749
43059996
10641074
72236480
71837279
48073507
46285069
32177828
45920861
59223523
61088926
36968625
66128195
42175884
33484127
46663063
34219837
63296596
37654507
60574731
75536514
68195988
77000353
45211214
59464824
70767821
74005740
46129998
14687354
67693715
75034300
78415951
33003250
15790852
64315242
36193996
12082428
75693073
44336711
22067321
28569241
17074296
43053524
27720333
30449195
73184888
70284519
57975471
39963513
35227333
30394947
54237890
39017681
67195145
27599743
67234235
36676261
76980219
63247220
13081341
37758897
75427147
59065291
10066709
51436423
52362101
38079002
11899240
20725563
38160372
20897535
27925679
66060935
62427274
15117744
68693013
53825782
75854390
47293205
36755564
25181994
45577360
43053436
19787790
63712715
76364439
19934821
43431424
19573902
22695478
20936433
51598037
37056516
48166713
18434743
54072010
63483146
59067621
21080314
43125508
22679870
42871912
38446207
59135313
36488760
48570401
12030318
27128125
11065759
67958072
12820747
25722243
21395951
24828762
18220770
68281075
35570004
58408853
14952431
33985156
74299841
51202110
12041264
30233636
62998954
20011740
46071848
47961463
73572884
44334029
66721384
73716908
71190163
20771326
58455248
76133762
32905783
57319150
45188316
44882684
20225666
11970312
44116864
68616503
46153476
58280698
42391579
31258436
78419572
54044478
58934694
66026545
15344466
40262732
78745354
19452253
56145396
21110118
21832781
33610550
26819946
64716160
20612446
25106497
70606259
45165905
44330552
55952449
63913345
47138655
21657332
30294429
77902612
59534809
68158111
13566973
54372878
67396884
25158946
53956275
25914607
54444375
29542473
43869664
42409561
70154272
70550320
13378219
21933937
52887412
75897809
49140601
12087759
44571191
53012685
14214629
50156710
38472040
23450097
59557391
61438954
12793101
48734807
19203907
21865018
36075683
57349214
23696565
25830137
54100029
47386172
60502281
63434077
54938882
49717500
20234489
26484549
61542708
67102841
71287159
19624855
39766100
66049490
16630052
38693607
10908106
42212265
35910965
75788857
19476205
54782248
60145985
13952818
33388232
36086218
35187054
69394445
10225421
53346394
42234026
56451212
53550147
65734314
51587383
37980712
47659551
63768997
59428837
39708212
34123076
77935872
43800827
16569026
75888341
67234387
69531171
70719909
60666418
42151453
47786178
22935055
77240350
36432621
27329509
46652730
50014605
52571670
42970419
30688995
55983952
39587206
52577119
69618114
53481440
14696186
79885187
72768630
78208977
32782077
15377202
48171218
39674674
39831810
66111872
51557444
47201494
19129175
35766868
65133914
68167983
52019001
42172891
55056011
74631032
54287456
15706899
33750302
38285395
63267672
68707394
27162232
51653722
31926757
23453667
25223962
64929232
53490377
73699442
59426442
62818128
31098521
17013140
24276483
24582917
32257819
36596926
26088012
23306989
66951118
39712242
48913300
70037651
15395392
57642842
22755760
20162505
65476685
40802636
39190888
58527475
34411916
64583724
25120719
72867995
69498143
60118719
73467061
23118389
39185469
20005260
32014930
45886020
79339125
73954847
67830851
68878439
23236382
54040983
69029722
27504476
12575585
39982309
74521021
25683280
47331588
41825432
45714431
68989416
15966564
46933306
74845494
52209786
32890286
71352941
74950394
49601499
57803230
59136517
23024077
60896578
45023828
68336099
48731464
72677022
13074096
22798440
69667093
63119375
36769854
61480927
26298612
55624789
41025294
66302425
19987447
12562718
11387945
57854049
75992573
61400567
17221271
76197164
41858013
50217616
23954251
73622056
43768574
58627197
41486276
43370039
21720053
60478370
11749021
63696525
43711666
56733335
54515665
28312193
60088288
69752157
57574176
30204983
45409548
47070321
46031877
22750176
55643420
23785957
17012263
29113164
45719874
20292591
21357462
50242091
25264554
27920077
60618819
22731959
40318436
26085319
65179027
79535623
34012017
43363787
56158137
73210682
34258753
70316231
78596544
50705950
29256739
46837715
68519787
37768279
77821293
58527999
55074912
65005507
41985823
73975324
22512054
18045294
67443416
61421273
75128131
63677445
62588463
65477734
69965333
43535775
51663218
56676824
31446707
13224983
11413357
19625188
32302280
26968502
56730276
16825785
30675776
52153533
50711904
15243095
36331318
10335011
69374987
40585290
64683892
20111546
35885114
60945684
37679334
73926098
31532135
56134058
42214273
38142869
43274027
21581249
39620553
19127911
70350487
52950974
42817483
53951425
13382588
33015610
44847542
18239817
51400823
76732780
28837062
42609082
63080416
24101978
61347059
62091105
32703577
58889093
28235223
36861140
44549083
32983994
48566517
54180590
26953530
60020694
63626338
45984852
59368441
65909157
12662469
71446067
78293298
26297363
36938456
68740917
55997521
21545586
71216948
77025527
68222995
12308614
41151169
14923892
36022090
34523185
64253870
34247530
24090966
77630211
34185954
65571313
18095133
63612885
39091793
46258094
74049084
78233537
66154191
48832286
45131187
52199236
25752497
53953919
66556758
26635224
24203665
22210327
36576490
33966052
52926893
53912049
19057420
74333046
56464966
50246875
58615909
66211945
12558489
24081022
39081154
10865484
58564340
74333106
11020782
60723766
58336291
36287372
72203788
66213688
77265857
60951770
30589885
11690787
77478143
31819640
31198836
37497050
11440011
35356936
66366646
57804594
74565513
15740442
45078588
62475586
51442933
67804117
19742890
55983164
58279496
43697364
77110195
13593151
57508049
25874375
25930946
79770133
23084330
53114368
60595685
64459104
34132219
67369142
36544496
18706720
69909534
67520998
59358309
25289532
59783355
15654303
15215577
71750136
24703159
20844553
16141661
16965372
44397734
64506547
20984778
59597301
49265875
70955826
63139016
37743237
75734054
42538557
79895137
38046687
64690920
14466018
12861835
54884750
64236131
15458929
67865029
32478190
47053082
70581488
26203999
73792055
54462204
25726316
49504907
54022547
60435651
60302918
27340867
14610245
18877554
77619968
41462435
54912052
23273927
49211435
62387772
32365024
76662477
43548494
62546646
58804429
35046794
40286318
55925197
52891913
10195217
47057819
79462076
29599539
20009160
19735131
27295964
54410931
78549258
28081832
46656819
55178395
28068183
55232010
70779583
35018386
56204186
73110317
69793829
37662888
61503357
15955458
26257850
62061129
13787205
15546665
63334291
50833722
27682167
16234785
48398162
33415505
45100544
48967175
21296364
38535735
42104392
44694744
49175260
71786005
19724793
45811940
23984467
52919412
33011316
72095065
31559307
28246349
27697681
28725981
21059284
14535457
60926717
58044472
78458346
64049216
69633464
66830274
72530685
65417486
56339811
63947433
78794529
45770789
76122740
52577939
25289002
34113922
49181796
63510329
41362835
48864344
75812940
74478141
48758506
35724644
63890889
19581733
56000629
18604469
30489848
55057901
57550652
17606935
71045833
46818252
79407095
78280648
62966506
12897318
29483504
22266252
53450457
41884832
53458128
46342281
55281746
49274534
72383361
17279810
75220019
73114819
34992361
64415663
67514410
39797218
29772978
34852683
75576458
27039652
76590408
64950037
23053959
78178823
16869334
71533855
12949109
51529343
45762352
46722106
32622571
37528839
71132874
78278483
46176386
10452290
35948584
67917474
75821820
50599346
14801471
55187476
31856968
35766599
71582140
23237497
60549121
24167226
15094795
76431361
33890969
19570589
70789542
18543412
35056904
33795985
22461133
16162565
28391647
40422994
54851118
48990918
61591375
30212647
55621373
15189098
60619229
37986811
70782759
33692133
49333967
46888706
31030681
22453891
36542464
12222796
42560845
79461872
66032932
14654648
76592727
32927216
17644690
11231599
55264267
23548308
73384122
62597791
22492963
18075383
72662941
55034522
15788598
71269063
58687870
23856003
71974881
22460625
24294824
28563084
62352340
48901266
51696899
35384883
47911381
40324096
70571375
48902061
26313799
22823168
23958331
16031429
25981301
34595803
18956916
35415018
48940245
39659651
44391120
17648762
31543252
63812798
26501165
41556891
56689428
61065568
20138929
46223715
13557221
53517224
61464731
37402851
34013544
39249074
22045192
64829654
78818830
22598066
34735702
29430170
17781891
48939167
75795018
23443085
22334109
28026348
30520548
27670856
41144480
32077572
75966903
27980941
16598130
63693615
47102963
55928965
10234030
50202972
54935593
59037858
32234709
22194784
45236698
20120015
14440861
22576260
11023061
12911065
63782002
18737859
68942666
75464775
19517161
23031722
79085819
25957356
76916469
51279316
51088017
39600652
58504256
66180201
21443686
23444723
53413082
25331671
11354122
65715737
19437929
50972999
66962039
19730956
50671508
22602000
38386527
43927514
22435786
79587166
57043605
47133031
78396851
71039136
49833039
40716625
77502143
51169959
76106375
49130631
10412796
44416246
77208384
33166198
72198801
46235938
47929660
69064344
59324300
72620065
30455734
26788492
40217268
48033890
51982523
49427164
73391192
78698764
32268846
70225757
30934120
20256528
61967889
57466821
79182240
11244247
64974376
71311619
44126075
42113078
62225258
70914357
46969701
11004786
30315897
79960506
70582759
47290688
21122756
34802390
46335861
14404229
49328590
35921742
36787384
61399602
58121412
77247259
22878584
36270360
16428980
74942816
29440736
18485958
19068657
34910969
35922591
43362144
26316151
74379655
74412624
68726430
22166921
23860445
22794135
44193083
45926559
10800696
15034153
66429446
71291679
67799151
22404948
37514066
31149808
35162312
36097628
47922710
13676782
50986332
40533114
75087560
77447965
42177923
73315523
79369422
30398782
72621373
23602523
12271575
15864215
26682686
30021378
45145014
58336872
54830591
11816911
41753124
18168368
25715157
60775344
63059584
68908436
20220553
71349967
41790238
63845917
13889112
65450200
19420466
11412703
11413065
54112994
21152733
54303544
76507773
28382130
38265450
72584214
60667109
53639527
38300301
34562788
55239692
41171342
41516953
73694205
27725979
11102391
23849125
62296981
39800877
26195226
33277976
55250213
69724304
28040588
76978586
32312928
47762840
71097972
14005526
60760869
25513035
51810000
43033448
13204634
11573237
72793170
19797651
23880228
35549399
43325855
68409917
47599062
54068051
31929903
11536589
58902223
68152151
33181872
35380889
24365115
53814508
15536848
23011489
75610804
72684149
52542692
14094095
51912615
19184114
23980148
52564670
13126092
78916222
69202302
72279859
18892410
13020073
40241794
78006685
71710722
73433519
58936748
13610040
18027927
67061197
22420954
15758682
35456494
19082388
50661533
59063952
75257162
25710654
64498565
57547822
59209085
67837747
21470777
46202916
25281196
68054943
15114723
11459967
20324743
22241521
22381910
26136859
68277304
40885066
34953358
51071622
74488611
31749856
53040717
12139081
78198776
47890941
39139959
32293998
14734193
17368305
37417274
61884156
42684364
25053069
16235067
72153543
45985430
34507767
41472981
36489926
25538611
38044479
14804030
44654771
14737800
42536224
49163762
79169791
51340054
50166010
13406367
12529999
50668901
38197909
19539470
31968087
68013924
59667995
38421334
29928269
34913390
27236504
72766929
74797847
17838052
34225059
16158639
53717204
65088163
70813208
43696665
68266891
62498485
59442769
37676946
36886414
54203015
25362796
30002620
46072450
32142059
33333861
68445618
41979348
58181881
37066913
65106290
33397524
33460294
67044823
63519250
36259262
78398843
32840491
74883449
24624533
29544606
46494201
38443847
36243236
27490960
24695136
46374866
66598944
45661172
70322311
67717824
48773791
38753747
73551911
77237046
69972420
75924446
51809371
78774813
30302576
50259550
52850053
49849762
13134391
37074446
78629954
48593210
71672016
38617317
16787854
33329458
41059257
63716318
46192945
36174573
57049699
58072368
50923589
46007052
68343676
62622091
40930405
23334233
57055854
30835216
48112039
13825636
62634665
72808063
79625414
19483246
31919361
52344975
30234370
65042609
77937577
42611867
71953326
25378914
60626287
72397282
28704404
39060429
39543204
14945384
53008501
75868384
38127751
59790995
35726763
63074286
17177377
23917536
73712437
49275366
32932597
71338389
23534423
60614334
65429268
65795667
19157550
51691636
75206043
72922541
10157532
55730437
70802880
74360571
56353487
49552248
32050826
17356972
61389543
64429552
43380058
17479976
35857679
45675299
66862686
63838286
60329206
60972866
74730392
79227622
20241401
46443862
19597104
32030041
37829711
25618841
65517805
49587116
41586712
61280802
45905858
76073747
20249566
38515825
68125278
57783628
65904732
57636946
39131987
20073040
18996459
63608312
66671307
47685267
71695956
69073007
71796819
69213440
34991567
46500110
44139571
72952030
58401240
46261090
56074760
63193681
63212936
37672629
70673867
59108110
42823670
18182799
26784022
30478626
44348695
73831059
22120540
37075000
36572057
56452035
54041546
76059362
47406269
66015322
70601696
58835929
36333970
60357603
22904469
65705959
12451921
52289126
25391140
30954408
52188961
73739961
30100237
27360265
66727568
70107313
77760289
73702192
11210308
72616934
49461901
29581164
46343912
57076772
49096261
68230768
57908422
28697477
67166419
39641127
68507398
43881864
42809495
50257381
26439787
48178639
61604896
19005836
41663568
63219125
36145892
62543460
50810691
37385042
49659952
60144639
32103114
19983104
18269685
26829589
69692916
40153001
56956945
33378961
43761407
42347865
64030556
20750395
76068852
63573367
72617494
45936804
34193695
54989633
54143399
51148212
69822333
55602211
32391350
67902053
66191073
29377889
76940465
23832561
46694930
53557627
35621899
36556725
35913987
59411467
45493735
57646060
38815041
37167066
53048260
45306340
49446000
20474238
32333090
20057080
36007616
19185785
27518561
45070302
26673044
12868564
59681091
34239070
48904955
13819484
64291186
41911608
35502819
59177714
25113505
26586046
24610815
22969548
12647691
44069067
10250741
60858600
12150695
62753009
12491181
28769479
20573525
69576793
65842176
61293796
74689514
36109314
10737040
56219323
66999482
52721309
63050244
33859942
62434012
53142369
15703187
29915106
13731561
31682892
33133712
11810003
23632749
60812010
49190810
38166256
66181786
40990139
75877194
57336478
74083686
57301659
24999640
40958297
70111983
74140042
76017284
39076431
39463441
60244876
67523993
23227949
10907720
71948335
23631178
28347328
68556908
38290841
21933967
39846698
21328535
61217334
48958365
44656018
26124369
19887568
59175203
52158208
37888548
24217744
69546167
68347930
47731034
62668256
57321843
20293006
61881203
75088588
56360739
65461378
79966316
21718879
41355877
53851909
57985851
56986709
40034425
43346110
54047303
51035777
58561778
26577351
58026999
76846302
34770381
31840026
64281781
62287968
71909880
39745742
25615196
33053374
54430454
47304364
22368752
13101016
70619556
33911519
64616173
69597723
68988829
27979946
70699878
41001173
54198917
15404512
71423738
30838423
28317833
79480901
28157441
18185325
50636594
62748120
10372878
65336156
10786314
45645564
52249763
19800346
48930274
13448361
35751844
24444590
28815347
13946706
64329922
58180893
71219712
26930297
61518393
42030427
18376419
21327871
25973955
68959711
14986703
57786096
55807601
26989157
66603369
77870607
20250594
42530181
64673077
39374223
70570874
53121584
64026354
52260044
28941351
36463939
74866107
29557875
63781891
57534919
60616801
63840966
24947188
60242828
36098515
55184712
53620177
50355565
73311386
47171344
28120334
42256835
43239609
37790316
54380636
49228769
52484906
57088025
19163002
79677895
41493173
61324783
33349335
45523409
26994769
51095880
51080447
55517261
76439756
36632634
77561267
61918180
59044288
18042066
55558364
70674794
57658009
13330268
49016397
45924327
67857553
18765028
30514876
52167859
62079789
14134462
35011608
42748756
53211716
24534475
39705799
30410345
10313642
38424075
49482502
18895434
53948887
13025375
21930764
53706574
43116901
72589069
71664736
70400814
70017307
62275501
12839492
49705529
21848427
42898834
73852622
15156513
24124401
37469901
14881481
72168372
25938241
65828360
42380991
27289569
73499550
60295045
40759912
54529325
52224472
56307617
37467866
78614180
78404204
25454268
74138801
52621132
50436976
35359809
19802110
57895607
69038372
64582648
12869306
72285465
42808279
50939633
53547030
65672285
28631099
48451092
14704300
46138667
31378278
29848482
18178785
50365809
33792585
48537896
62757120
26512777
21471783
63683874
59239745
58345641
41731486
30663886
72617608
76308729
46932523
70338114
40361913
58758711
47392211
58106925
38742176
58173399
17136159
44301531
43789743
57709955
14711554
34132135
10090948
40553799
27348828
55567242
65729835
54101584
18892025
72067030
47241475
26538673
79409447
38464957
65538253
74865172
17438417
44042588
11212320
76154017
58801218
78990623
28028642
43764899
23142387
35195939
23866423
23416111
78719033
77691269
75259883
18045679
25482309
50946387
39842877
59784033
58927770
61903025
67888495
27126839
67016808
13860251
21029019
79335881
30928583
48971346
63415805
26173683
31918912
53086866
52664047
19408782
69698411
50132027
11066665
17913944
21539901
65135084
56576295
19183914
35926992
10099904
52022804
22661645
30654418
54529217
56875992
56149839
26872407
55853092
64687911
65584936
70529135
41591816
35935229
51572742
38721143
55196725
33790929
21371105
57065488
13132572
50657036
48265250
72304293
59379540
69553154
42427016
39536495
12794249
40272789
50557738
28013920
35024253
23298384
59181704
40993799
57895269
73003771
51413479
22685248
53028865
58284430
76353920
54844509
70541525
39578163
35217850
19626485
51287773
31056171
67322675
73035709
50347725
47626878
71305164
50904684
61680263
24517843
18297396
17466787
70901723
22047119
16512660
24311759
43370139
13242080
43177363
18194664
13882800
60820887
58450936
36781248
69945810
33084202
68279112
25814021
76869493
34771462
61268741
21657408
66564012
46495936
19971340
30491398
76822495
40429251
36653074
30777332
23762050
33433240
19051261
63254872
37071977
16517743
21762120
47876003
12172254
14069494
54877627
53044636
29367571
34216139
44296200
39887783
52047139
59812906
30111437
44906067
36620062
77942207
54082163
78610555
48313549
52451351
47846501
78923909
36422208
39044651
70194210
59422895
51953696
52398081
24521048
59465427
14485419
20129276
10133879
38801410
67505790
28729677
34019907
14277967
19975133
54606114
74692615
10496319
42732900
35000031
75436426
32011205
75301976
12677828
40634861
30190543
43223197
13663153
50120928
32755794
55264611
22541775
23820273
77823550
18481850
34985787
64735418
31383769
19667085
60390967
60516942
42316765
55440056
64190635
18100603
35904122
65633596
53197446
34071724
25029274
46171196
59196554
49352799
41140135
28597738
60045099
36143618
68308220
57914524
59968397
46671312
78170090
18985881
51800155
21953501
50673179
42212430
35676076
50333906
25870344
66355851
43152739
17614359
17359583
77198402
23074338
52995741
21747067
29047580
53495022
22233544
76772235
64897582
71628654
39674236
32117724
14681889
69520483
15926781
75279754
57365084
64165881
68435566
17205933
48301308
26130743
24054386
74600306
35001133
69816549
18865978
59382582
25918393
62877249
79900028
68487407
60011977
74126814
38159498
10793894
47186154
56198550
53360707
36964826
75702526
44509219
23356442
19089317
35067672
21875599
17335618
33888354
66540707
11902309
35523221
55689404
59222708
35255580
26711489
30409902
20679720
68285055
20665206
17085950
64907803
24989115
17806188
30643521
51259983
62524876
40341725
65855493
15640344
42044744
22186226
13890619
70669794
51050899
18316699
17239948
74355524
11623733
52479441
10389379
17687328
52867453
21934245
20629521
44758653
32044356
74198844
32679952
40585504
67745961
36475393
75159054
56181160
76938608
15262818
32149896
17443439
11822995
35167646
79565639
16267825
20024568
30434379
37977615
26910542
47083152
16099819
76214979
51269971
27018437
59153501
25806875
18249151
11484650
29935425
54098824
76911296
59081471
67484830
38004810
30088787
63635570
20043724
53769985
30815573
58889835
47522326
52879747
16161320
73294654
44783742
33993178
36515181
21834663
22326861
20672269
50856742
62280675
53692662
45656471
14543588
38233206
62806351
29383803
18384481
26354230
24866897
41420091
32869439
43179226
21029090
79372560
77277148
78951906
56665225
36163956
37751072
41051167
23498441
79651244
64211109
55882320
74953218
65273021
76253412
71171443
44031091
24571590
63974899
56276206
23227014
43435986
41917175
62074507
67250297
10692171
48683625
55677330
12489494
75873889
32649152
30225412
73140885
24236611
79407315
51910508
60855198
70855046
21046131
18549370
42872261
62294356
54680793
75459078
28283992
44845736
38967086
79636202
33701219
36551075
78667073
25935261
20820153
28852882
25797000
58031421
67566798
58355911
55947009
41302425
35748870
68290164
24650122
69418010
12066302
76834969
50800904
16932054
17044220
48234746
30316313
61540967
25649230
24965937
60652379
61866811
19196102
30209592
76834049
58012176
57777261
74431087
37140039
19010757
46315717
64682856
39311853
74397235
73293032
31667115
19032555
38592100
39670789
33043168
26787854
22655583
69871912
20598849
48627739
13757809
53554517
71071198
76921591
32095424
78985589
65272366
15316569
72697600
57779008
60279854
25987562
45188858
52323692
64649575
29428882
60129729
30584519
66911196
39840010
75641825
69306887
25123599
60453597
74935131
57175964
32624964
74562920
75978360
23580100
51604847
42116997
35795797
48158282
18477493
27736320
19102048
32361040
23850799
58302627
30043602
33416119
73458572
65750802
26425267
11814981
12937938
43619136
12107468
36238445
25226715
37510225
59968064
51991072
61214466
68185989
58405894
56601314
76153678
23239925
17029531
52959841
42651065
69736456
18524141
41615532
68756618
37404905
66967971
67733007
29599523
54127323
66090474
19051291
12457637
57419413
71209463
58914800
10710157
78736702
48378602
70893766
66451616
31428896
71297242
51067565
71451920
39411917
43705607
42456546
61183439
69682861
49413547
41017074
15299745
51407542
78385194
52411038
50547246
68020121
32658819
64717921
72062744
21539268
17070405
25992284
57582132
15788539
10941819
23486549
49691896
35119339
23559516
36967968
48830090
35859730
46608645
42146951
75017924
72525585
55869717
75212572
32370883
60748735
53275473
72454148
68527172
34525861
68425347
31559653
66426104
65846475
60941594
15669479
78554726
70192808
37952853
49826688
50181165
39810145
58339829
52676190
29953371
67050958
76394468
46494119
22000559
17275054
70518172
71728186
11408886
51729758
39466340
62018436
79586143
57802931
41992422
48962994
46619889
41999956
17807566
52997590
25044556
70258823
46655683
42480554
46479211
73259531
17702669
44149763
40073344
65703256
36604206
59455782
38770484
41511713
45458188
26499361
29741570
48747350
73364884
13100577
78418495
43740244
51441076
66943944
41098204
12044074
55984246
71779478
75793458
48604278
58467180
22530895
78601099
61408728
29116958
55114294
33707303
11551991
62386089
58278350
46833358
38171273
76741449
25801774
45326805
63796937
31285474
25620993
41560369
77206763
52910683
64734110
76045713
74129552
26277543
66238853
13959094
10209202
29129454
75838061
12714029
12555013
40049997
11333024
21133781
26678054
48858698
26104606
32928219
50543752
30469679
14159687
45021034
79351673
17070012
75616617
68670952
67733088
45324286
23877417
53079679
75217215
30828285
54720399
65766779
56728307
35932139
70192973
11789954
38261271
52567908
56194590
24271146
47166854
21708312
37356649
52895655
48033270
58730030
38539185
63147407
27105552
28289826
44548931
64953734
67909482
73850553
52475486
66406509
36568773
67602023
59399663
70657784
38494334
12518953
66520913
22052675
20833804
22273870
24182161
37986840
19171592
14675428
71703993
69234333
53749605
51947247
20321532
75427694
30149233
32101434
56611704
42756335
20940130
39373491
27356683
19196628
68297320
11868106
66121057
17384636
39459176
53435611
49853821
20204800
64705534
10960294
58439492
36150407
42865544
12775840
35810666
51362523
54010710
76177358
60064575
54633823
45217554
22401730
68768232
54908813
67277337
30379224
70933093
35846488
77421274
12515259
61456459
23764838
34365040
23946227
49222937
59746199
79499892
78440425
45110117
12080497
70150080
66643820
19690885
30251992
58931751
40195052
20330753
40346590
44950405
29258132
47455074
21940789
54794557
16356555
28871387
68236149
17945239
35475378
33847289
12064516
40438995
66641080
48833032
15140083
43696343
14455303
25794242
50626072
56911348
27780236
23275080
67384677
31284797
28611252
27453803
52590869
16038593
53137530
65993907
37269589
52800340
62339476
10735836
50981626
16221656
13426117
76298013
27938875
27347220
57412118
63101683
38337788
75321548
47892755
31104414
47920546
50917715
54680344
58376583
69236002
79247942
17724014
79637714
59978379
27439921
21416349
70503083
30481616
34660439
52985136
16586134
76379991
62831487
52047971
76846123
55765509
20036769
13222109
25106147
62796038
66839012
25977948
13218921
44945636
10959124
18142050
32801492
14692717
48511467
76563413
20591811
16194622
51212742
69755662
72376806
18929678
42773568
62466510
76707042
32813833
33644506
18542341
55926400
66535536
26235686
59278081
10937764
66823276
38418131
25659228
76745871
22796316
68040745
37504593
27386595
62436065
26788856
17230582
20815515
39205244
45197930
63646698
20713983
29132894
68168948
76634655
35967227
12288549
48635652
74597231
63073152
30682198
35555424
16299238
37984515
57249045
48188965
41976233
46748308
29065643
73326658
56553840
56728286
50166830
45081236
36207355
64356510
36120663
40346893
12759572
34356556
58368693
52006942
55023141
17858756
74967880
39365186
73662478
56772433
18606321
27863580
10696016
73822827
61685215
23262958
63005497
55495432
71110482
53604162
69569183
20665570
17744289
43192203
41594359
71092943
10372964
13346331
39555163
64793861
14048978
75533998
61115114
53320931
48043008
65875827
67739419
62036186
73452039
19292243
44200339
10350810
18787494
20120303
25683012
62378874
29668172
15299387
52645537
15597332
53270426
34610919
22721840
75060006
73486687
20250197
40980200
38433898
71814519
64958254
39678664
63958578
18665223
63498521
33644064
75515564
59594314
38612525
30507751
28078472
73135840
71894404
54235914
23246590
67949706
32183140
76090268
39941261
27250428
61276533
33332379
56515725
58673617
13538261
20987578
46806917
19976007
25247239
56401791
51274408
63768882
76264763
61619122
19686385
21345432
79514948
69544599
44998253
52924251
15890583
58872534
33143942
42510714
18545656
72734340
60649511
19344329
73826528
56872302
44775354
35632326
24935691
31918517
40639693
34969635
22956577
63135927
72654988
42298594
20881384
60458807
40106744
42306934
11613582
14922500
26465607
24042112
76190886
66293827
79045917
34107444
51194784
78322831
73177873
74826203
13424984
30783313
30932395
66119642
42729620
78121992
42127027
78613263
39432317
40443485
28079639
13186077
39291717
75198712
52293648
61499929
55390078
55780676
20088762
28837083
33470836
63308448
46981581
20800174
35925997
58039891
58071795
41100378
39666874
23342830
19280935
23307744
53765325
75552821
12442375
55168347
14484694
24693056
74311351
51731441
62708224
35720254
46087208
62046240
73531212
36029339
29690873
44226453
77043829
35751137
65903876
59226431
35015166
67280878
19440640
76148102
75277548
53927107
34707501
20623062
22369167
53314990
53420395
27908916
72411667
55474817
10637512
56936666
65201012
73016173
26117598
25937228
42647652
46053932
43795061
29456959
48484360
44445712
30698516
65773272
20789759
22861688
58117871
58280989
39211286
37400363
45115826
28439600
50569486
31911550
47223130
11266291
36332990
58183057
25426000
35690511
78426103
26678989
29444462
53037886
32372114
56525148
31896065
59009149
24487846
45142141
62895664
36884253
14347113
79453063
11657119
56889513
46941946
42797132
44826587
27036526
14207882
62500369
29221503
56128519
74009711
43656659
38655663
59937446
18211525
49285952
42484795
67666643
65563258
52103831
40547392
31658258
21241746
35111545
61896750
19519190
36383582
44127676
57589100
27332408
19389483
28846947
56448266
22484244
13873614
48199157
15330065
32030245
66727562
34968395
11497261
26476900
29881786
49178787
62487654
74764138
10415673
63218161
27098245
60552764
24343436
32621260
55892174
29670782
64577183
50433394
47156971
36070536
39917653
17442087
59024669
29285322
50968072
79817576
32453156
60395192
16600129
49616383
26448050
70167900
26578379
38005951
56897197
51724265
20189628
12284705
45117038
74301168
27255677
68162622
60622999
69346924
13670275
72072241
35186188
51652905
28859995
38428229
74254598
72625178
56845896
27278417
77425620
27832240
28450091
36093034
72950547
72368798
46403892
23674813
59481987
27625464
16897270
68366865
45974834
64460128
21321976
42737907
55134264
66811929
21029363
70751459
16204101
63464002
40425528
12450327
40357218
67167540
13619885
22197887
30581527
25007625
16782224
60764267
36320792
56060630
11293966
65868475
45091199
15058225
73380545
68993384
67173607
50494679
29750074
51487539
23798669
41566255
28805760
56722297
44760040
76920861
41276202
58659954
62588600
41605920
55729459
14434689
44065161
78089644
65815178
74974650
70361830
73226020
20218776
43949151
52703620
18813862
40642215
44109648
38148118
77269558
28307882
22106998
66000060
38566249
35861338
24993181
64217836
32799334
50419689
69720864
31401439
77412056
71162789
31356987
76609917
55041578
21775199
26965226
77961117
64476926
42124217
38313412
45920224
69923426
33903698
40497625
36689392
17738207
58122533
75841562
74234957
12528945
72569210
18589666
79265717
22793346
23452245
71958113
74718010
21380456
57061432
73483799
38512253
17145672
23416400
26309297
29190377
23257745
71042815
37568704
13067989
59138198
39525667
15724450
22043245
73032007
46866502
73404856
34561300
72285923
60629545
63412961
18415943
37529581
66086107
72008362
65201898
42357962
14484045
22424785
36720533
57550406
61000850
44139566
58176199
66722143
30787579
61298279
31805502
32161669
66784982
29087535
14557912
54870028
18371993
53181089
69734535
14603350
75288513
32211803
74366048
27516459
32077781
79648252
22150399
49705459
69542315
14870534
40751184
52094133
38769123
27769766
67270143
19528135
60096859
40418722
63686068
20215947
60804395
77484014
66025459
33666418
10760130
40780417
29835984
11809524
41707186
20370109
65428046
61032056
17519702
57052162
58460090
78522718
33002347
33565038
41595701
59264299
55323080
76763515
56060921
40192402
41305213
40296728
32111325
29268911
19996305
20816611
64021684
44563407
15293642
26776762
74504344
71103336
26060326
55959127
74225343
36000734
47102581
23602439
19794460
28995328
71339813
14563203
42800130
43450175
18658032
21825444
26898303
46715206
31373034
38385668
25123495
24137960
13022177
13867209
17599492
22553835
63543395
71254907
46254786
39387631
39680843
10470137
64642557
75743274
61214602
47850549
32104489
11331340
35607751
57175263
63675406
53941306
76379969
59419945
78431272
17244671
28695242
45018806
32338458
27631323
48778440
71954098
76555603
69341047
13578604
19796186
47712374
49607027
68017104
60553256
45999649
32149990
49419250
64265927
72436530
17930825
11881302
53021161
71496979
25061248
12423155
61860708
79733876
71102873
48871253
20816864
18002443
17313051
28132762
76188852
28797432
36051586
76962087
71234530
16178606
45878350
53479324
14095039
19585829
73898013
61968010
63742441
45068128
52486288
21257103
13426924
70444136
25401029
51820147
23439027
18389486
51792007
16757984
43483144
60377987
22246243
15699330
55807145
29511144
31624969
31736792
60476257
32034118
24368975
51109804
63548235
64099531
66726754
18286652
55825326
44622200
44374845
29994799
77669889
32582381
77211647
57085798
67544843
68963029
37635970
38148554
76582425
35936522
58123356
61548009
18569458
30582558
29609563
31206416
62386740
22879235
78003582
26639888
25535548
29810792
43889729
59661197
20008191
17128856
72880904
60468965
26912901
78375338
62031955
18141760
12510112
33411332
43287449
11168802
70883920
25250827
61798279
20804477
53531138
52660711
35099971
64851137
22203529
11847994
77625853
41723656
24458656
20986414
70117269
60620580
78551949
66911712
58130196
61956326
65200430
59078249
34163618
49697422
52415114
45548735
20790612
12999287
55520026
37163592
12562510
70922756
18129147
76688032
49248336
77698880
30444533
26172694
38987090
59676374
72798794
72995820
55869012
67426952
12003359
38386962
60169982
60024441
24448162
17863456
61652004
69249583
20553601
74003016
33626229
63491827
12003145
24234675
23178474
50189781
32662066
56722498
36165582
75053179
20240847
48171219
17443547
14356778
48080611
39303729
16059813
43924473
28217535
72688579
30487680
19163308
58057285
65527519
58273682
36739934
32260970
63278864
45547100
73517027
57210715
21422036
73499324
50400024
12721962
40676138
39023188
77193698
32523326
28300963
26424006
38779732
64489612
32125412
62365601
24778878
77375261
39278878
32043731
71519336
31340861
59948526
31764521
43813216
65212714
12602964
74626697
68921695
43372780
21051465
45216959
64415452
64743879
17016822
39954890
56295793
66941999
65491704
34873811
64054710
23207994
34164606
17629034
44112869
36192871
62382590
64628873
73645832
64342145
53389958
33964814
73199785
35979378
56166911
13429784
57731408
34018732
77771481
10046713
41576308
31553879
28320759
32292374
58611991
79420648
59814990
61752454
44844886
76770800
76563530
11804129
70170638
22967924
75354474
19962140
43361233
31233722
33615565
20572088
67552848
32096597
33768044
18414525
40630732
53689719
63447485
60128494
22553184
47226850
67561081
77801890
66181539
23197966
60602505
60948678
32178091
34166074
34995748
33875640
51871857
54449649
35759347
73337483
11460584
74527862
74732196
60703731
67649112
77626992
68781254
76627224
47367364
53266793
51270909
54330185
39802725
30555471
45656645
68593406
41745334
75228918
14457290
10117259
52739150
76190508
51839169
43671505
52765405
26381553
63396161
13245247
60309705
51855201
36697429
38048106
28557473
22182584
17088142
20908521
39398342
22708431
43833456
62893643
59475522
72077262
21149567
26600461
67730639
54096898
24541011
53954101
58276251
78254720
52486395
57385168
23290912
70608196
13776530
72610264
70184031
27034137
36647326
21184973
67885351
24154485
13056739
36511696
79097905
70693702
44474109
56103608
50520498
36922783
19309680
56582686
77169223
59103243
63544266
28281711
42115753
63947369
49553698
13563817
20064164
44676670
61951576
24264827
51468937
10970537
39995640
73212786
16266187
13902567
18832304
15520203
55375190
75082502
38894687
24141208
29522787
38533696
35911280
22969068
28706303
44433362
48016815
43051871
43719632
26491715
33751671
18680905
16344936
54755760
17426315
48473033
57275918
44467915
27031388
73984891
61611792
31442983
58900397
71236986
59442172
75654443
24198338
33782983
31755185
46248150
62395518
14890102
40091176
60121715
16817200
36433800
39977229
11334897
46791266
33408262
22928292
59989934
19004079
69205031
72234912
58015967
75129289
48118108
14897096
45409255
39316303
18169747
41083536
21243820
42689707
76340419
11749907
49594262
18381706
56036145
29212636
40015870
23237863
74665211
13973930
32621890
27830427
22751192
76281889
75000216
51173405
47859039
78315050
24149936
58632329
31543219
11737889
41750774
20546707
37450237
38684292
36021442
20989837
58260679
57309415
68336402
69396839
41322691
53376957
74407138
11503251
24996160
75097281
70377182
10355284
78107977
21390689
46682884
63859339
19012290
79772609
25101946
26675156
50450725
22413882
21163396
14913868
38461247
51365660
18445666
26630770
56921794
13170178
34711113
13937467
48485079
23022434
77330587
57158453
60776219
26977230
69187202
50379802
46844058
15633427
59074661
30486317
62932519
54735729
67712339
49828215
42703655
46255862
44315910
66506427
39528317
60314258
30611464
31752010
18700844
41439171
38704227
33573839
78656426
57805420
31716531
43670130
63725230
64243355
53827640
65213469
72760512
46780123
52924206
63840965
12416771
23699174
48312196
14005135
72150368
45807457
21088567
35629703
23808621
53030215
26436296
52641755
65691808
76081240
69287665
68815675
25569152
51773439
69541798
12514030
41788137
15549282
68906192
66308202
13059759
52217760
61706850
24849079
45322154
62339510
11464986
18057925
12286717
36672375
53426271
39827779
65507557
31094772
59630155
17615105
46463970
72145114
54409086
78742880
37678322
75935974
63220504
76685720
41287188
35552213
20770816
58738726
40102815
25710198
10435722
22379468
30908153
64730451
30583794
36531582
63584920
68586799
74327543
23964065
64939407
36353645
67609407
76000807
68804170
42985601
34956493
48337597
76521017
33460764
44331471
35565171
38313536
30401075
45618394
42079098
16228685
30931869
31877815
68520722
40278415
76353511
16398918
29327558
78948243
10798139
73518062
13498458
20197869
58240406
36613647
76269626
61249724
49793894
60677235
41236695
12635618
51444272
57547586
65784127
62332382
73324669
70095525
60977813
17618269
12501038
55121761
77133611
57192679
79388959
42493855
59391873
11174560
18202439
77047428
10501046
15261155
50835364
44863716
20154409
76390044
64248387
73503849
54055723
19668831
47949369
27505915
60758888
28709413
45370982
69748774
69952003
33501303
73007863
42057801
52421567
42850600
76208791
73136343
36652474
40606115
18847941
74108267
74369300
74613830
49966933
22172703
54406391
27311282
38163399
18914419
65351675
79137332
53929075
50928372
45077864
36724617
16837254
42187915
28412198
34517805
40375942
47471546
50868135
20803846
25020905
12342033
64290857
39673751
57349380
41644701
37064620
20859043
56386341
59435957
11334231
60669871
63066023
34175084
73255818
74789600
57711992
57569791
74039434
54186926
24993252
53573340
30862636
11127335
38497530
29305157
70737514
28240917
67224370
27415400
59235295
66453122
55720295
38978699
53422941
47158476
39742880
37358586
16443047
63144935
19133050
68591933
72743339
40096957
11487340
48508434
74654325
39237113
37940255
56049606
39356689
48726844
52791308
41583261
20587357
58512213
62714345
65745755
37798935
77582874
73351683
48722307
38336898
17852230
55052644
33572908
11266387
44981305
17006212
79672267
37002921
21218901
74100792
14069630
35862135
42814977
35635588
35817166
15441931
16832218
57900444
15764098
29623195
15776046
12918074
66418826
13611769
30227467
73184188
14362039
68743048
40183553
15443007
20416712
50117332
24486935
41820164
15262319
69219122
46689284
58827048
37368922
79587350
79785758
37320693
18759226
38960220
79711650
11399735
19271344
74480108
19174199
28259575
26092274
34445201
26531583
16715107
46502629
76965276
34346703
17322075
57380669
19155043
71684946
70608823
60316651
32352442
29265331
18944172
44749539
42468676
48282870
79359491
60323834
50667733
42331026
10909234
31678576
79215024
40886362
36989775
18353546
22861604
11757146
32188059
55669376
42481353
33832526
44119081
52225211
36387597
26536548
36505728
29921203
30429713
55424723
59863883
60728684
58949689
28019660
15654462
71851189
12389383
35394348
78358523
53383968
27821918
72829918
18396412
54943819
38690086
75784385
43109791
75139412
69866389
72813922
63095744
58458084
60199448
51696453
52584541
18230386
11829029
33397511
14084144
22663323
30167607
31552819
42063756
10446230
45586928
38970770
18977029
68609318
73651392
66918795
30354337
68832102
21541167
43462734
54743803
64235333
70245215
21810184
51815414
45724585
21256842
74763542
13307018
73747480
25069559
78526367
47001623
70330853
72337764
56868349
76298915
21107277
34766556
12754602
62164982
16009141
35073215
48692172
49150069
54911508
31349769
59986054
73106840
29103515
12974497
41408450
18894674
23562403
78589137
29526648
78629800
51587486
76808989
20773247
61616307
78989701
17761852
68348502
48412408
48014446
61216879
21910020
52133889
12290740
44701415
72911748
16415587
25281887
72472763
20302157
54589454
36426376
65041121
74228258
13488389
32225883
31367601
70336037
35457463
18164001
43867266
49291114
23479428
45604311
16182688
40944607
53821464
78939850
76841281
40490659
40548980
18564886
31673677
19444908
15670355
77139973
42830336
34471448
53482780
70084205
40048727
61405266
47777065
49210092
20229612
36014853
13565360
13082007
77547118
22885854
17653569
66517154
39807498
57909011
40570217
24372094
36608086
67925371
35237722
21446296
35571752
71559109
17773791
67473115
78324208
34742831
20428392
13208281
23969294
30451803
19608390
51847824
23938467
49976309
78521509
18933897
12086554
40993325
16400088
13696110
76360005
26230711
53002381
19976393
54316543
17699043
33468172
39365296
66389029
62127124
47561832
11493543
45320016
28131070
40208371
11049025
73530394
33369538
66316803
54214584
63657534
54629826
65850855
52709586
47934247
49134595
26401313
67976882
61670244
26558606
58905206
44001821
39363549
44543871
43325733
21062868
58159684
21748990
28406465
54822994
27676641
58997442
44344273
71345162
16477878
22226012
41668178
39103654
36426333
53751980
59032131
26143347
27318982
36915478
10829403
32739924
13656077
36808410
72685092
78169560
39674723
66854141
22997780
58774390
79687757
76975473
42289107
67118371
71944796
51704884
44501374
38237226
59871587
44273981
41921483
16275115
70673398
24960342
53386612
50304743
15003604
65595894
52044557
12234856
69093302
46449212
55040492
32777358
60762106
22852977
24806571
38192333
54283922
17668707
29939601
76568550
31368413
39273828
42510757
49154518
12577089
56981139
12239795
18979873
57722275
72620942
38459749
30108634
70158684
63383527
19055120
13593736
51103939
62167596
12300534
31895196
76878730
75988214
57434578
74624447
23746464
55711087
45364003
55723238
79257754
64919284
70400816
31616754
29787157
51219347
10675455
70376119
77719554
36521629
47727519
44665980
70858348
14050509
12042800
51365407
24606044
27231219
36555421
11550423
10967866
41746399
32606686
45841304
43335034
68150550
57738387
35937058
18095081
29923142
44416244
76834744
38959660
34964141
57179313
39482435
45261571
13411375
51951072
68089432
21822694
78806058
57525197
62287345
59239595
32765756
74230730
18012604
56264028
72989165
52288768
63547615
78259899
55241940
53025000
39006105
20183908
76501435
22250311
56127468
55973087
36687738
73441945
15354410
75382111
32524030
24887205
70536258
23406044
47878473
53270701
15390485
45506606
39487473
40438476
63819122
79409375
44514312
44304927
10508663
62295661
14386535
75561038
75363195
27202989
10964303
18339173
56602682
41994511
46027651
29121072
11878461
32856115
49837510
64302634
38491969
42297332
47052234
52775685
55732517
39806208
28008727
50251948
51591468
46557872
66582330
33221926
27011098
56569095
56968054
52837084
32529957
34042015
41350146
39037651
23834932
11305904
78560840
10387689
14940147
58579032
62923863
49907672
67272863
35039093
68820267
45652998
63424827
24767362
66312534
28359552
28631552
58298754
75390123
78979095
68372495
30727947
14216535
31737593
57664506
53612752
15653538
20168913
75950462
27959755
77724365
17531834
33551089
58548905
72998234
49472756
48965127
56464193
38267567
19439807
48773573
71025973
76672605
10077399
36848584
70111174
68773629
56688614
57648744
25020296
40380035
77984953
57329289
49211960
34782589
48077810
79424748
38017148
56698352
23998894
42486637
48927955
57916875
22604906
59065200
25539022
65701379
15180805
34988614
23131924
67731829
50835738
30585637
73876093
69881336
48775580
74523287
48489840
23110240
25931759
55344635
17560947
56777603
46876884
49082007
47949811
75527145
26023229
34196343
35973974
56859478
22188668
73812145
55711006
32703769
78101641
55586673
14495219
31013188
41724289
78717913
47106751
18877101
37522034
52172398
76616558
35471738
50239634
33667572
44198180
71853886
76177402
56713866
25939928
70690051
72664379
55365081
29083100
22440262
79418920
30365970
46874474
42574317
44009217
56678386
37073650
24509305
26716661
68567628
15852532
60382141
50733824
10689182
37505554
20121737
64465371
22653375
62225074
69535110
15933854
24575228
57138187
40485843
64908995
63964251
52810816
44879834
50911319
49567325
76505377
63344613
49028989
47667048
31236657
66757246
66129982
68625291
65546662
68518006
47961461
56821622
22647086
56947339
72782793
36100712
39008715
41223748
48088241
45047741
13462723
10086320
63403335
23079149
54024027
56484346
28021900
13941805
42768685
37599433
70621000
15870535
15912870
44898535
46747888
25003423
27289653
12935795
34161869
69922526
40170790
53927088
74096662
45787972
74624763
15570583
41760427
18261791
17215666
30909337
33443711
12737874
57823027
33570640
43578540
72171402
51347874
50119666
66545197
55549988
68643766
15592155
39685106
75787535
16565072
64238251
28926967
11094912
46335108
38003896
44116439
35355319
24781383
74749440
71543992
61125134
32645923
25008711
10628818
62001286
74736697
23185637
39742740
53543592
25542296
20733643
61996299
34177702
10474545
28055603
37233979
51274940
76127916
27183662
64790457
24162987
57740800
20638924
49005256
30749658
10525294
10922946
43731959
30567143
35201235
63312339
26114162
36503256
28553924
58146752
18338046
32665506
39264362
22119592
16499791
44799098
44288285
72101992
45171503
70050072
38439521
51737143
33152683
25226232
41068772
11444460
25281772
20440093
79674518
77347405
22812244
29849808
31667535
77456014
22980458
74740898
61853309
20876683
12432796
73490885
52914868
71460915
61248636
46765506
66896317
20999894
37866224
26378630
78035884
51222808
57973269
66317823
20847924
41684334
69282177
39736887
25895434
10450833
28654750
18597488
74264364
63302315
40270640
55425942
71046076
17024541
78405464
19914195
38177415
78671573
52814823
14470037
47704183
17985205
13465633
12051850
73565519
16237739
49157549
36168483
76830095
49394302
25220591
30586627
75203706
35007007
42036102
77100948
50635617
48636016
79680320
41861706
55756141
35783399
13570870
75234156
79703142
39906568
14963531
20133683
33098286
13416313
63178319
47337135
47774510
16364594
51403085
76774537
64814694
48440145
62565443
57761336
35854776
43373533
76160555
10411634
30956000
47157579
79169409
65549255
14961632
18268721
38870788
37179356
24446824
62832076
11135207
53566912
53701828
26749161
44607407
15194796
73159169
48803936
45447610
66016362
42494311
74889519
14620561
36862081
27402646
38751579
19052883
11859210
60228903
68345400
22544154
34720402
25625556
15784958
27753292
79121078
70188386
16013368
54061090
30844261
73315066
52638515
77823553
56112519
10258734
45810822
60046743
28990237
52817647
27880906
35398342
11755432
66384115
53770322
44244685
57274848
14019885
60524103
60982752
30340462
10098281
58115011
78702602
64589422
53383929
72244266
54336745
45714962
25041727
49239133
69868220
39700789
21950725
56022652
41591400
11315403
11778548
15497667
15849897
77396935
75168660
47731047
54433058
66871208
22381886
41229522
41362322
62247100
40221058
20235629
35334194
64493238
78932368
73977982
29098314
60908259
24588752
79158259
52078424
74790470
63176742
67975269
66351388
28573444
35964030
45860880
63620133
41688773
71430319
70476511
28912061
15477467
43941541
26614382
38502212
57161940
26203874
40305576
23035433
50311795
61244138
31002757
16736976
43010863
28776704
30584766
42583020
32497219
69039441
61841975
23837775
37216085
25765795
24459327
