44234640
58954525
63416494
31642881
40174914
32003956
26336008
49256473
25627019
42851326
19568302
69517358
13832918
33967381
17895114
41062396
52173000
13096674
77490023
24538823
37415259
37638928
24169973
30117197
65913737
77373298
53179364
28491531
76267636
40844979
41902242
33377130
15044600
78125197
33641768
53927184
54782667
30525859
21773348
31795255
20267089
13609293
68513244
10766170
62941826
63684756
51259533
41258577
53061188
16619587
31475261
78081182
15728022
39380732
26174644
70489290
49300148
62988300
33169973
61491699
46505857
66608635
69423589
24247761
37555105
47742950
33518228
63436563
57843089
40878478
13430082
34638203
77826464
48736976
33272898
70477969
41686650
53397661
26212177
50848200
13564763
11888378
49905412
77452541
59792244
24406003
45410607
55941877
11626809
16866075
45106494
26585126
53289710
64406458
53116406
35433641
26727129
35955949
71271815
69767256
31971502
32614456
75807764
68075580
67277094
28126004
79615676
13641759
48417583
38996112
58744436
22884601
40580192
77750341
29778886
52363674
11545735
53370151
10907328
44640293
53063130
29736628
76905313
62549288
75330246
47858214
71278168
66192631
46580250
46322805
41254100
46979560
55902436
31325105
78816743
61705924
18314281
68179780
60522161
14059690
59954458
63416873
74979854
39365654
31489865
25372623
23423122
61150657
42498851
27249678
72008206
25204453
15034433
46306041
36502096
65271628
63953354
76965045
70519776
58873158
19985227
67036390
73720331
78016234
35581037
27998432
78000220
50353950
12509464
28654664
52391710
75058549
13598574
14527314
73405336
45484761
69917456
79898118
67651573
64060632
33407527
54950008
13146483
41678469
71267875
38585189
27184835
49573881
65420042
33723856
27373959
59792641
27946624
31259900
66357112
60962638
29990309
53626368
12115240
78703949
64604102
45951934
12011679
52291664
76404307
38220671
13011186
51646539
51861676
53718814
32526306
11241909
43506772
24214679
14272022
58498058
49595146
69461441
70805825
69464959
48074777
28367662
56184801
64702086
53238063
62260363
18099332
35031670
30061776
69038745
55738851
29242928
50907176
11838875
73394236
37845621
14656792
63059323
18291521
38902551
12039654
32418073
28200030
65886851
12287234
60094459
79319366
21045792
74943359
53818393
43997341
60239811
67226731
64085596
43046112
20039521
18859514
62811981
27483157
22688140
79622384
51701065
77104115
78677320
45822613
29198662
45691310
41985808
10022287
44835022
61893694
41695172
78955275
11898758
48417179
18406829
58647754
27092009
67840738
43085003
24730827
18330919
70867487
15791274
74057878
10505244
31848161
56856375
23627709
33140028
49382624
23205176
74473737
51042039
23368324
27836005
30000652
24122687
61821799
71728118
39027708
22742666
31720796
22195432
15026605
60899545
70247120
75897486
49826625
20383935
68008754
36441116
30850754
67913040
48208859
46043362
70293895
20399337
12104194
72341316
59992017
78875485
43940947
65150532
44111643
78795984
32656471
25413069
41037278
43844794
48996106
11640471
55142808
24087674
59821506
22668011
54345453
23191331
67616559
33349879
53229120
31659034
33995934
46881522
74149460
74642933
64044132
70560404
35875291
52000259
36820973
15152342
64925737
63685933
31604870
61459951
62092385
76459544
21510595
78526448
25247026
11521189
46348677
47799122
32248635
62024294
77485206
56402591
26899441
54958831
27328135
47164693
43916685
50360214
10447478
74848897
36127560
28548913
61769136
79833316
19879490
39392214
25123183
46768523
61424403
19383643
49498120
43143495
42706386
73173510
48311584
32575346
40183756
54943041
35603654
79913286
72860357
20009665
65553091
31888325
73949141
30313273
45519917
70914486
54021266
20975729
71494912
37178886
20844621
66360902
48534938
16294036
42350911
29007597
34996805
47665576
30993561
65135336
11972833
73874773
12219677
65562141
38791617
11633866
48997681
41189138
35680576
61672828
19506868
56269143
11068809
72300834
30013468
79872887
68248968
23729524
54412750
34583308
60262686
66765818
74282238
38769100
16532797
50845066
16198958
61447946
32364671
64318025
46745208
25015916
39760874
76185901
39631964
25543974
60468887
55152272
24623983
42734589
31523931
58942691
44623474
16313991
33928669
73947902
24349786
74609085
44564125
54075153
45833885
77039860
24909535
29039416
31219089
54554152
78132658
50503665
25809450
16141138
60169822
64028334
33808304
40753216
45686076
28710087
27623446
21385174
73047485
67033229
48352381
66668096
53732856
78872307
34051197
66140684
10250054
53409142
36604044
77376359
38389977
52288270
31289368
78115339
54983576
28048043
57208653
27693230
64194858
30443756
67045989
33057188
32968522
79629442
55068159
64459833
17860621
64197877
11475583
61187881
28314519
31768944
38819566
47601896
69088123
19693892
62559086
18633800
40680346
37157134
36672282
46153785
68133926
33009267
48615146
62159064
73261364
48139315
60850333
42468721
73555866
61448926
44374978
66367188
76411083
67792276
60641056
40216303
20551177
38902966
32824287
47833012
35240314
34731646
13475159
40392441
72563707
41328221
29302804
55007830
20255429
61981853
67112955
75249792
60589230
72567347
39925813
21400484
52562939
43342592
62129920
37619710
76263033
72998054
54571942
31756780
66913652
75130383
39482405
25003243
34729613
38611720
10135051
18946725
52391505
63530888
56151780
28885856
57874645
23754325
59450711
39979437
25242989
35921036
12742155
51457155
38387821
10122703
16015111
45383448
30726599
77922121
23591880
58390637
30932743
45533860
53739809
40374377
69962994
41236434
11519101
36412999
54181562
61552823
50857471
34841408
14496720
53507687
41859531
70282393
21245253
56045456
42829181
26080186
36569592
63811176
16882621
70590331
22670791
29170149
71514280
65285983
10204328
64368210
70697336
42217052
11460582
69554601
23443474
41946019
69843602
58292301
23273566
76714111
71223325
25722984
67346564
40070983
38026426
73379528
13108275
75578408
59319332
69464657
51657230
16735702
72635232
12414019
66419227
57197232
32030080
59684901
31917610
56814035
29751361
56708499
27766226
38111147
71950270
36746290
57117889
74702812
70744578
58388022
69514165
64825483
22885222
30504701
17111287
37076958
68469045
44462364
65818336
77208731
71671444
77062721
11609004
46832333
68421218
64502126
68579275
39090507
43357457
14117152
41026853
11216824
64053674
39705158
67391558
24839415
32127524
61646653
13746166
56482169
52798294
54613884
68404331
65992685
73895601
78084254
75040768
32070303
62508700
45267919
72425475
31412778
60451388
32863501
47568910
24236210
59189312
75031561
49336836
61279945
62102990
60612495
55867106
63007560
45687024
12267211
56239997
24656274
40252426
71980691
15366287
25859478
71379187
13848685
64285597
62812540
48591298
22229757
59385308
38833497
13135887
48404884
11058457
73157032
24346098
30289417
24634617
14089815
57874617
18334015
14596055
47431070
42725326
43810642
77935347
30130295
68413600
36632463
74986396
21613808
44175608
33306682
18561500
29433760
73072830
75400469
78098083
68663460
69808194
51293322
34088185
21969994
32325088
69380083
48503628
20274229
45489016
21906336
76423916
11701149
30670544
73690589
16632145
40909744
22685386
12781834
73462325
69133636
35627516
67727929
48262382
14282828
17102607
10218631
57980660
79939145
74153567
40120546
48839397
57683242
46154200
49031168
79961156
23429007
12778522
55102873
53703480
22286154
33548415
10108500
32615936
57245997
78672264
39043775
42492728
53939883
55927511
49446329
32317514
44923333
47800917
48756601
19327905
70996552
11192718
68623364
11431149
54176210
75383537
53534911
76395628
56675741
70643172
56774304
76059540
38823183
75481868
52384566
28780547
46002826
43503333
43827664
48057709
39399400
46362498
30103976
26146207
32080731
14099277
45140661
71950319
50272410
36536481
39938808
50273049
16924967
20829247
28214084
20399279
70953591
54683401
76429343
27262359
59465875
30888590
60441387
24805398
32894086
34070628
66786540
79903885
48778015
55715721
37403376
69168504
16671201
29676691
36827942
78241545
30197083
76609223
56117636
67478165
53374313
27518400
18788124
76878421
79014806
30372275
58029730
70525011
73977796
41061677
67262811
22664643
29831099
49208769
68480816
62730850
18074578
27659663
10745933
42459899
63237589
16917682
37691606
78002231
79146091
74900309
63134588
17474821
41915358
65260142
22118680
50856753
30489880
60368974
30375917
13312666
40079263
44641420
31600023
53527781
37797363
43287175
36140303
34694937
56068359
51973428
63408241
73437664
28720562
40588334
21877970
27056978
65492203
40902714
60294296
18066825
10424978
19774664
52821373
10565200
57723409
67316890
41252567
35717689
25660005
30272774
78481170
43529503
46713580
75862903
39901516
28640959
47126910
55381793
47490141
25521943
64181993
51774213
66139332
41298798
34604965
33441164
25705940
58840425
51250265
53966771
13118588
20020681
65245183
38588869
18773789
44042978
32926315
71336611
64860145
44578173
69724349
62812907
49911602
33751532
13263978
38366390
51017246
23460671
21217302
65190470
27513898
62111904
50345099
36822019
14242752
27271548
75449140
11108432
69682719
77164067
37973464
75703994
53999251
42612277
53723397
23738062
67181640
16168448
76052432
54721484
31870860
54205800
14446071
62454620
37919749
45888218
70442608
31262877
68330538
50016835
64250410
49616314
65183094
66090814
19938301
43821628
72032085
12974166
18707806
33984004
41093437
24331273
60368805
23462420
33458915
45497953
62349491
27340784
46896261
25112274
30842898
39724934
45831832
44329909
25524215
77092922
76629572
20523749
61693953
33133186
54269914
32811113
44218930
64551602
39477025
20189653
65100405
21104393
71516098
66820179
37637660
24591260
78253706
47866025
65260875
53976729
10153303
11165391
22078993
53580352
52730748
46040556
16779654
56597301
42328569
13408793
76132025
12922953
19225561
53746525
34307574
21618093
56632485
23133982
69447161
25116283
75377388
13904183
12056745
37909764
58172324
36250944
35685270
39094852
58632047
26151941
57852356
61396207
73137128
61000695
76715472
74636897
33111790
51770524
31331257
51205150
23218427
15243842
27937350
13232693
64220049
78134338
68529279
60360214
17166366
44443858
57514893
25180963
68910934
69007007
60312917
45893826
43066466
52383227
50554601
57226537
48467754
55987218
31170559
10149605
59064819
27662742
50297396
42623456
39660207
63388978
79764037
51870855
77632437
77979464
10919893
16284403
31144219
46946343
20187476
43897336
26395599
14714988
49349483
73718065
15897160
12021721
14202225
71407322
46103780
46745904
44305517
53456506
38029978
75784869
10975067
13126181
75101726
33655202
69902399
56359981
55525676
72595758
53560453
50997695
65136094
43553456
60143328
75148437
12731607
78367011
47616376
34108027
22256795
70609441
41058909
37587371
35610943
43106229
57233947
69559264
11848689
65077744
22976557
27684667
60921401
11816218
18850367
44043550
36974508
15806808
77396100
50743986
35464404
21509361
72832805
49736073
35187750
10102231
51532508
72870009
11806457
19857686
38861105
27617038
71552710
37015922
36698074
74880226
61630182
55976119
31052803
50564057
20804887
46114038
24569050
29948488
56776244
36159110
71292053
60001239
12921910
61393723
48811807
15751213
32179095
41558571
73172726
34383427
48856641
28991430
35616727
17785422
26679354
39035360
72423080
39445652
31410110
35545517
11291553
49416070
37656115
42610743
71974535
54254758
34236536
20594418
64114148
63536710
68480535
41069859
28121026
48394982
14726726
63028530
64208757
70615100
40599945
13537898
78962852
45315388
49257322
11736576
36772401
46625154
19237369
17129128
75021608
68609906
44448803
43301117
43307341
43870108
17930112
30408580
11101060
75014540
10918135
19488457
48844854
42640660
48832384
36521324
22241139
75232678
50321798
55404388
57260426
15236050
48635266
27707739
58486384
58509264
71487398
62931117
21126702
11240836
16908091
71178391
23708844
77290226
37172162
38761130
29332980
60887996
26142635
18232838
45254924
51964432
42799497
36355251
42511349
75952528
22295588
43201098
27674001
19532731
37068438
45338143
60054274
24456480
49775539
10348427
58021079
46153108
49466964
16410117
73713840
28294485
51236020
74523998
47223658
19995976
46706772
16434438
12459858
45940160
28952708
72016004
39390781
48725742
41608983
65775779
28577550
15504315
26387611
53390414
59804133
38869187
74340441
44222448
36756089
79288288
74928743
57505830
30330058
51474230
66681185
79756130
42919353
74055575
56325804
49244880
29012074
41177537
25660601
16623966
46712143
75299054
42128429
79781332
60266208
32882694
49587468
26951780
35044005
30356080
21073200
37218656
26769985
32671037
15547548
74304604
39583544
30617606
26459848
75366313
24026228
78508704
66360618
69136952
14552907
10003774
40153135
55558193
12484791
11217467
38043614
49369285
12696875
54060791
44745696
26398774
24955085
52932758
23575681
65287414
58361469
17140406
25864447
41463310
45067141
72094798
64774349
40625191
66612481
19384532
73883903
70589132
66609663
74431265
23771522
12139215
41297917
14462791
15100644
78137078
14947246
67883693
27719761
16250277
29977083
15095873
60757326
68502841
47597637
29208699
72440024
62404988
69401333
15970992
70441229
27242971
75446813
72290299
76574985
62165312
32620541
31573998
50215061
42325543
26619184
79076863
12681560
31725590
78158539
17386251
34622516
77070232
44749446
60646754
66013895
11964107
45720233
29777166
24761199
65198192
73608973
22304682
56514896
42994647
61929874
67848115
70837151
17320265
67088069
19538238
24681240
40308823
53217320
70056505
30177630
16695383
55680142
57295543
58698504
15555136
54706870
59777878
79924908
31864728
57868956
44939632
12547235
26691300
56439972
46218501
71943494
62086165
64858624
71752240
62570666
45620226
56292568
26446089
40045864
16212652
78625391
66239883
35405064
57633990
52886500
69825436
79929538
19141136
28188300
36473606
23448769
78143184
59393271
38466105
15256749
77586584
43865399
72999576
21242119
19701794
35656720
34994792
54881683
68805994
32165011
67432532
57603973
46416952
23790375
44544967
63085410
29847262
13866682
57256819
65929383
51827411
26265893
29948695
27203983
27460630
40867955
32737195
14706484
48685327
58407520
26883334
58948175
43672173
23170700
28825517
76222752
60408162
50177491
73886852
75941982
19953354
20183000
78161279
14184650
74503187
16809587
63977792
65541673
42909146
51863019
26477801
57343985
15635670
41081963
61252385
20394895
36667334
29632122
55681925
21609845
32414936
50984184
20004660
62506857
42100749
22301826
56529360
77942565
36869390
59947379
22788503
32665193
23655131
19011474
36847841
29924416
73739577
39235442
36764453
22636616
40803331
69480622
32235567
66503753
18477524
51535024
77662495
64562728
79906306
75804047
65551820
27202586
44500307
59776198
34676328
11556623
76027835
43064230
47428219
24995659
20338537
75029132
64361627
43747673
24655069
11227159
63522138
11374611
38643815
28418771
48249862
24232965
18349873
39625900
13953716
11966447
76288749
76341736
62438919
24227925
21203701
18661764
47373802
45164886
77346082
39447573
54793416
22106705
15992034
22276140
71855566
58351647
27831740
39007230
62194293
26027335
42132039
27525344
14735407
35075632
25623610
26437439
43716198
72171077
46863318
23281032
47910459
30089333
61476564
70799055
60884202
49424830
71465067
74858135
36729310
61874015
51942506
69194264
46148688
31864929
75285098
37916678
12588557
62787501
15583074
12328641
77394867
19518634
46588932
36647528
64059763
74213175
27877243
35428982
21762253
16258061
11485999
55870809
11829806
15080158
12199678
28889649
38960999
35869090
58504046
77717401
63739877
32550920
25889199
54560432
16191758
35682303
30018738
61603801
72571575
45854132
29600882
61248937
72136295
67267652
52323953
49840437
15240337
30557046
76327252
16905664
69332687
70559649
23666838
69140015
55271892
69427624
78991521
65066018
17615702
59466869
16172277
25771137
60514395
43599836
54351232
45567418
15800066
65561897
67917957
44314584
62235959
75647960
52633163
67528757
40572365
18674636
33594393
61338234
45043890
60782014
22586474
58118421
75285538
51812859
79408485
58014328
47088283
40115840
37093632
77648464
56466677
17609579
11873004
15147612
76231728
11310090
46497546
21311360
35918145
62443345
71697562
16398305
73113231
28563779
31453849
71389922
28814808
40480714
11307215
41055482
14086750
79109918
31779599
37550548
64503849
28182507
56360155
48386994
46434780
27261948
42672538
17254004
21616822
71430534
32308898
16874251
38772191
13870520
61215420
23868476
55033369
73803172
36393489
62437900
72837231
30253782
42811789
61538788
50092986
37303580
17793773
39558451
79133434
18214139
61400295
76127838
15890968
28024033
65919915
19728198
73320951
12029668
44576999
39804296
24270091
68066565
36951534
35245716
50177839
49507652
75752495
55626592
11412215
37924329
55556551
55009265
24542907
15129852
11133633
40258150
20193459
21632294
60339549
26560339
37086310
62935682
49279521
15680587
54071113
54882710
70047638
50945092
23849842
28256283
38372187
23884243
46854852
57582332
18506884
25598053
77897698
22733425
11181160
35723669
73933501
29364187
21774199
22563899
10753825
28773666
66653563
79099257
25593007
71368424
70321979
23451734
29834631
46584242
40508427
44253515
43434367
53979892
55039176
61689808
24119998
34419468
48356557
63001571
27872969
60252226
32352308
51542743
24556118
27160797
77899940
67523723
51037096
51618351
21602620
79778203
63804807
53757765
78073534
30768143
14545706
37776685
31682355
30388686
46907371
63364647
28488453
41099085
68364294
63685569
35103107
42233126
35673567
52143314
78100319
69823859
60401740
27560176
65219673
57874969
36390855
46381521
60427535
34818997
16241839
51583604
48096775
59561169
20126101
15007274
22999838
41276027
20584483
72216271
55338691
45769850
59805393
48471008
45627311
17002339
19155019
77368512
74773446
63233957
78722508
62984946
14359392
39533494
14588707
42841117
12113939
59764736
64537655
31878776
56669383
63589920
18146857
50567199
62983038
11459037
60903934
57291915
68556333
42611748
65410907
42348270
43691761
57960414
79159416
12858165
58918450
54841173
31057446
15295184
37809401
15434611
37548518
58481790
56533018
77850875
67629799
43965911
14769261
78019899
78330345
72396131
53335452
45613040
35249798
69878922
54221854
16790313
59325801
11244500
35415928
58699695
43830762
29359146
44879861
70611527
11528783
78632768
55754807
30402100
59674408
24287077
33575026
40164263
47160556
74312202
59331524
79753410
44098793
34143616
20290280
44012307
22627623
15981391
78698039
63328102
62948599
76268850
66486468
66003557
34226076
47193328
21279375
25319827
56170950
10763410
34590219
67306206
72976132
55470218
67325044
38133862
68980496
50580249
41231929
23194055
31050966
39173763
19150998
43326723
39771093
70576084
36996559
71174532
39468324
65978315
66419127
55966913
78742808
45997710
71622960
54289334
31686496
41920289
63494344
42410480
58779899
55273437
50451687
40944302
63271791
42565805
66880136
36126736
41189318
13608895
28139390
53298012
39917824
51876981
20372009
21407682
34415561
41840616
24316529
42202404
52113561
31975654
18719017
51884581
46573969
71420127
40704395
44591222
18369291
53320256
61826550
53193727
68961522
26069287
41840130
70701903
56094859
75455513
55510082
17375783
53623864
36931848
26397480
54003650
29554107
37430151
32245998
24002932
32330006
34397938
52021300
50811197
61798646
27780553
55035029
75050617
49848190
78429891
49452409
31743129
16499008
34320227
35961596
58139453
12438672
21092092
51619267
35001020
38443821
16529253
22593898
48571361
68370564
61627208
19270915
35386420
34172195
44469379
64156436
48847018
69125549
52291523
46677065
41347757
44614612
49138560
79373522
50457497
77377933
78066026
15221740
57562515
13574877
45525056
11016809
43583556
40483783
13433602
70237067
37941677
45489267
33317219
57459885
27806613
12384755
63264869
33288707
26469524
39803713
60363954
55602600
17993533
71579683
72386598
14200618
62054596
72177576
70640659
51365918
47604288
24745420
45542446
63235519
47300868
26913238
27004582
23008694
78373594
41007836
78128775
77325532
69633410
46572603
29329902
65981036
20681721
14368521
78879953
36760476
38531560
71532462
31613456
19031903
53053222
74831756
51267501
68546128
11977801
36924384
28161223
48686543
56948005
28995850
58969094
31470155
51958701
69100315
10328097
65917152
56537142
71885120
61553406
21754057
55848627
70440072
50631145
10758622
32854877
52751360
19617651
27621680
73748325
62289106
35992352
16789018
19532567
31338903
60358641
55533313
31390233
52260719
31268731
41765276
27383949
19088696
14764344
33136009
24115410
66577983
37074841
40564638
54886368
38878156
60447196
70822498
41795422
44263535
74917965
72825191
36551369
29567329
19158959
28135013
30667201
52309798
22412244
53874490
55718435
71071239
13559653
18392963
70449167
32666116
45956114
76881917
48756734
60127192
17150015
75577865
40355913
60762512
29401726
36790493
56849949
30425317
45870065
57744948
77771798
68753599
67627131
70416817
53781825
10288309
29165199
64321409
35434893
78743014
44376634
52446597
50469264
28147843
29825952
58929123
32440802
65499184
39329351
72475318
45612824
10565153
36235977
40690335
34736680
20973706
60142856
49510690
75351984
58235534
35492931
45237038
46849162
48010041
52503159
25616434
58339819
54159990
20681923
72299053
47622784
30898902
59577143
52414858
45901051
55971562
33866978
22868425
59187679
11877347
26153444
69440655
35771800
52974890
24742133
54463779
79890231
26022224
43932178
12305221
30043343
36298674
49445700
34527335
67073215
74678280
15390908
43552820
17539558
64313339
15401521
65280910
57294247
55722642
58561634
61339178
74515733
78392533
56047184
24018235
48372340
21258915
70807787
32912638
31151434
55086285
48786854
20978560
22789253
58569591
56360705
68488645
40915489
11989859
65132182
24055952
48398384
56162123
50952320
23582452
28704901
46921454
53523510
32718030
24849983
17207550
74785318
61090754
19576423
53603446
25735933
44760834
57463597
21677572
36952211
45864086
64751848
52483333
31270697
39164871
17247829
78760915
59433974
50539423
47810706
49948307
51024301
24822456
57068828
64852685
21442962
67299439
33633411
44769739
47170881
30582446
22419910
13378391
74140759
72270536
34903109
78303118
69455057
59813639
73449229
21412467
27904219
33852677
51711314
43925003
50054073
73367580
59732490
40187112
18772922
46937528
58519127
37782903
21246722
49726885
40408261
40244929
37302903
16885687
46230314
28506429
61957438
20376809
49282040
45658354
15333092
38755596
15384558
16874723
11594611
10887097
50026228
23409280
45080048
54120703
43919190
23692388
27869773
27969700
29094336
16213879
64720365
25163186
71355480
65817685
25733920
53196422
38564764
64013620
68970210
51344015
72347589
18294491
17101495
70920822
56174373
76618711
56433605
11742605
29860309
42390858
13176416
10577989
37697962
19959364
13670105
78264829
47936243
65200280
56422886
37244983
77398192
66519972
57214978
42440865
78408621
29475856
35035667
24285232
59143289
75748671
18587455
49603139
48414932
57250685
22409799
38895672
53892322
14537641
45020411
30033766
19414705
60824097
15589162
73196169
25280310
16969870
66186951
34177347
57733796
65339994
44701995
75690106
20828356
62932441
25591302
51036346
22322707
40236157
76676320
27792354
40074910
17897175
49047955
54986201
21955746
11833030
49584866
34440512
61896580
14523781
21836193
73721628
71652691
63873178
21509795
16277169
29150470
13024829
31794363
27831832
58347233
40947032
70684451
10123712
73910061
50617044
73822848
70947968
70200414
29809567
19849416
38163777
64783443
34536561
11135891
71667965
46840026
44826254
72077409
55894146
26717122
79718750
19636584
52380266
30461996
12040562
74264207
54017898
74949795
74831259
60963241
72851209
27914384
29143829
58812847
20211546
42259941
78366353
55514118
10334852
75955121
32262196
53831728
34426378
77722740
46655235
75634365
20532259
73123428
16404353
52461930
74028235
20091969
58490097
36979212
55895530
42351749
22084859
23082237
63886433
43989225
19939903
47487501
14281325
56650197
60371289
19938240
41617812
47225884
38852526
30981127
53647255
19008689
43178165
70542266
49954268
70083845
11745465
73617418
66170481
30387532
33985180
25934276
49005552
42254354
63643745
45889163
53545821
57488185
12556813
12228959
19673056
60916287
76291381
25893984
62550571
73433883
43352531
58502773
69297743
32768532
60459656
75636372
10746513
17184678
64623130
73113550
65183437
68272840
45171693
24640073
30850436
71365464
20962693
17154085
18965481
62871951
33724091
25775432
55369585
63080750
68207759
74351257
19472431
58977512
45663234
62929299
47956920
43490498
51776374
66757689
20974841
72557245
56934024
21425392
54316488
47342378
62480398
60914324
12717913
56286211
57730834
22129635
66640217
33215175
35245892
10230592
68730245
74015266
76485548
57479066
25266005
69987083
76085927
42083379
22381593
14418311
44019883
30850206
18383098
70610738
19494131
45334095
43457259
63032483
59844028
56644361
29264450
20195180
71680604
27948888
14257786
49855047
19629817
79121145
78783565
63743694
48820016
36878956
44183379
51779019
11696588
71446429
53742014
24086295
75172745
15939441
33436931
53043050
77869549
48284565
53007338
33474713
30575661
61528574
39017457
24189307
72788669
69811502
46398813
13396774
38485044
55156808
42232207
37636696
63073139
37178972
12893742
23600448
56997473
66262985
39696231
74937472
77966048
42720563
12195803
20406231
25433670
54486597
28794388
33652475
15727142
77585560
13372393
45094136
23758343
28481968
67076816
32324595
72921436
18381103
58326287
70235529
26299536
64381308
62264687
53144244
40982331
23541045
22311946
34490867
60372961
33296583
14874549
55614354
68399889
50005876
20380694
46861424
16929628
39805724
41140855
50039074
44832354
77105144
65760173
10299619
11358484
79891339
52259168
46816905
72572496
23124750
28805676
50273090
14774805
14315668
78056163
65319579
40737264
37641015
49579323
58279291
59911223
17451551
24989977
71350868
29351324
55449928
38841703
22722724
63263018
57947484
59020080
10080919
64624013
51984156
71742280
74967916
74984428
32889113
29628473
63085839
63799279
54468143
16794404
22036991
62665822
72604355
75813403
53258205
57951322
28622740
15356691
50149113
17985809
46684849
30033611
22801786
17525413
79912566
52725113
58539411
15329886
77423883
23857146
64296408
57809318
48005820
52092808
41579952
79503950
31084719
28245035
23308732
79639456
52072114
36490455
56243543
34310004
68930801
67774868
12108059
12208179
20598929
33202852
55555253
66241938
70072511
62945998
40470356
11071718
55901063
23518465
47442852
48938373
79624660
14756177
52524266
11417300
30438848
10387838
36561947
49560609
71578418
21305640
67385778
71471105
65001756
46761537
20811886
75015963
18311443
17418670
19225609
31303505
33818806
42295221
69602462
34742301
68602190
74170593
29883137
59114581
78226901
78005915
34765599
45313978
10211684
38161131
16617587
39000276
73850816
30169612
39958956
45690768
72934346
72282570
48876010
63935545
52970634
45594579
74505490
66892818
56775571
39292586
27886305
44727198
78153108
72465115
76721398
45745544
50763932
28892655
78407558
33226419
61477954
73889642
25800269
27248901
77667341
52706671
57835695
23405298
43440692
41690944
27808099
55657023
33891081
38756862
77549381
20640872
68640329
54441493
56708123
28347973
30439435
36123564
36282422
36344604
63700946
55998312
26983115
25272913
22566391
15710855
18593332
62731707
18232778
65095708
28529251
26541633
29980187
54410365
13388020
62569324
41300026
54377347
73047737
78246180
30168346
12712356
14316185
76865165
29979972
67666100
60531853
27250524
35442184
69870852
24778902
34136016
22483128
41988868
35468601
40150572
26554423
37018938
74114363
40724195
15593582
58092770
44707511
48940356
60981790
65845168
52870293
43840498
34827543
29517959
68005751
22338270
34886763
20049514
71474118
78113916
33997679
39375976
23868518
15429780
50688077
52670245
77400035
43899264
46775019
60003613
20708200
49643931
73355559
34697903
59359196
47727438
22164105
70066317
32042413
51060736
35859928
52465975
56661989
71236857
42612019
20638019
47331693
13841135
50166699
22816421
54146759
39962138
39782802
44983545
38236822
54748532
29419372
19198449
62919823
40134800
61667568
62743474
64027986
32740623
79706334
11331963
74376522
35149677
22734059
47369071
18661183
46910288
30295781
46557455
59116353
43046271
45724360
40693027
66747119
63556909
22237774
51470058
73532919
40701159
50440088
58644083
43401530
33738337
41864561
41439675
74149476
44434775
16052301
70042967
49565662
28094726
70847825
55893775
66869735
61090586
67784277
75002541
37352891
71965288
14945430
41096581
53565016
71690416
27437759
37623590
20723085
56703419
25290662
76243298
48202629
54048315
50526698
43454431
53855033
49047354
22639440
79106488
34139516
50457482
50517985
44394386
67384586
19072828
45995973
79217346
60353280
52228508
50545698
73162121
57189950
15041271
31156265
42499919
62987263
57332013
55553257
47443703
51959581
19027964
12506094
24498271
22317932
63263432
69846980
13866885
44476868
72429490
59373224
17015920
66194048
77216101
34500448
53869593
64610996
48887365
57691685
78065598
51688164
51282593
26952941
77514493
50603320
49992803
59619971
72360783
63454269
25580806
76565764
68182703
74133038
25475344
24967424
64371831
18240649
16228180
73010868
35895030
42856190
15555177
51376488
11936648
39791214
64299614
39404639
18399047
23302619
55967942
23335393
79282135
41613767
58275657
27389058
70026042
38891159
68585829
41747737
45417031
33851068
12561299
28861591
51002534
24760752
43943886
39401765
59319495
38012216
31670733
33783349
18051087
63251428
36881475
44234127
69621608
47663155
73340746
75852662
19809521
67871871
52729504
66012054
74823594
39739850
30968162
66445441
70706439
19609679
29137033
60019419
29469772
55727898
67744014
17757650
19972291
47311798
25787902
31201237
19874989
21601112
26350835
11083961
55525322
11487136
75027288
70496670
24365221
41797959
35354472
50628579
76674044
76208104
69032640
22455832
24537319
68592417
21291162
44630970
65298537
53215831
39341079
68661654
23012926
70798604
10297951
74140256
40812135
48619213
78985933
45197131
26282188
76883659
51990873
27358024
66577138
71065490
50261899
63445436
64025947
77359530
55809449
21860222
21406845
51216211
25211639
79435327
60268364
52906269
35621580
46944268
18023318
58200158
20645922
54332618
13115566
70282896
50385607
51158452
78724511
53317494
52153292
76012515
32981096
78624400
37061922
33433134
58299769
51307476
49340263
31482716
60737813
42810765
19837408
27573966
69283609
15299366
20684945
57391188
63608509
73057677
63144059
53519527
26738190
28019487
39450851
76494516
56296063
17212850
36802412
28554144
23807513
54159837
10786977
53257883
59771292
22974899
73516286
16343242
69007770
38755569
16374110
43277668
35961582
33363433
12383935
32443099
42184804
22965169
45746820
77705951
47490635
77590640
29970116
60891428
37924259
23872436
77446135
50271876
33179999
45738011
60404078
70746126
74552057
39768002
63133872
41502925
46607211
55059195
62838217
41477454
61700769
41730179
56637099
54501206
45905407
67119414
20888716
75662402
56146242
68471789
76938235
16796571
25048928
63086394
61439980
40678129
27895110
75641092
58923314
10962880
30288978
71435000
16594680
63051059
12518393
34842672
24744359
52571649
54228382
51338587
29393330
27113509
39834060
43449484
70829745
77989306
50559701
52502977
44762153
66827914
16319005
32392945
58399871
76936831
33590423
62318624
46951395
37361580
69172050
68353992
29404229
69473118
21144455
42135770
15030054
74228297
59535411
75941365
40784411
25115733
40591078
76771984
58232795
69026684
60915987
19930492
54770484
72816451
17985037
40648044
52419547
41361917
37653466
15547329
36564754
17756374
17071864
47682300
41308156
11560158
47458294
51365596
59127213
62082108
57285123
67564739
26213823
19183012
78494936
44580742
17738299
44555195
56298423
67363240
42868050
40815413
52930399
38555992
46436200
55539770
17845530
47153745
65313658
66261306
73076929
57916207
47152509
18350095
16039746
76118584
22487720
37137830
57027988
18689091
30076239
60851046
38523776
78243965
32930297
26012307
17835329
61339307
59193364
55744861
45747136
33035669
64321892
58442131
69022781
75286924
40690882
79766255
44946677
67312211
49001166
26183085
51098800
22878063
17816832
54741206
49366636
24205403
70349948
15957125
37790248
29890674
29359765
69467429
15934709
60791923
40375464
50984746
66072921
74466220
25591306
57329591
46939768
78683635
26971094
23916782
43697395
65826302
50212007
71804814
28888619
12045067
53007974
46112922
16191260
65409157
66842972
72515847
50503362
10870053
33104655
25446045
17423896
52225922
53060203
54482441
44445161
45322600
39179578
25085201
47322424
33549993
46746296
62546988
46236470
64068069
62033430
75366276
14882774
56481253
43591174
34561678
12893092
31650893
39808603
38982339
33673330
20802933
45938953
62490132
76824941
42915643
57266218
30547493
51738507
65212429
57306320
43305413
50024249
56506293
42335840
67359439
39059424
35504836
22510537
41922953
56696252
29075745
33178927
33200433
25941403
27422668
37334377
76835433
47168137
37846724
52193827
70858443
15558413
20617236
22700293
58363961
21183422
41219756
12891476
14070255
46696389
67564714
74718196
72473580
64340147
55721129
29506219
29291667
75648056
28645017
31292746
68985053
60621962
77614018
11532104
25713881
26181254
23865613
32452702
31229346
28113622
19416956
27568226
35497980
76158443
23434379
73513369
69721232
60008622
50742237
70902008
16605146
21075538
34952118
22175357
38186139
40537521
34417092
72889871
62520664
14083138
65239063
71087882
48844405
55752931
45802917
21986838
31399083
47875271
34009980
63668907
10901630
78359655
52428953
47766721
71123241
63248527
74349435
22147808
62310366
64354052
29451111
44987492
39998368
54364633
47258483
16694783
15168613
79055303
76824704
49404874
74171830
70368685
46743064
60225309
76348331
64140843
40058403
72778991
47970509
55526988
57072826
70137978
59134241
74506761
55530720
46890586
20687899
39162969
46734140
35991611
54645241
50680287
60112592
73391367
73019612
59802077
66597129
45638932
67573725
30402065
13732396
13213694
36041489
27246199
31813851
29142839
76439135
19476360
15692910
64079070
36560797
43695726
18711676
78993612
35943042
30146532
28282936
65506203
41761685
12987611
41837909
13092806
22496131
60989200
35347801
78691836
12207050
61555251
36061242
69750851
28089538
43951292
15209235
32154031
60154077
43689788
70234793
45365311
23556561
79791871
69395965
35914416
13926802
61885547
15129963
29674724
44488925
65794045
37592749
52957759
78894499
43242587
59893518
57436168
16625588
48583998
55778891
46320232
62367130
58654061
23114769
16395527
78761246
45474035
29828676
67030475
63242171
72009608
21115999
76557224
68763706
72819137
27741051
27907740
68476358
42248265
77325232
63385210
61813301
74728360
17959520
51425406
79350550
46947553
63996785
69071856
66108412
43776410
34122691
24284240
62180490
24864526
21356222
40006712
28966489
12930462
72742211
50030283
27174766
33568288
36064421
40124845
43918330
34971775
16904894
62188533
51791208
22869988
59585710
37440612
56421403
28128358
50673623
73641110
50761931
54963061
22374288
55638162
63848147
68237380
76556862
76359955
32916954
27774959
14950745
59306631
79408155
65714557
77833456
36269350
44543058
78984278
19840567
67315166
76923739
58177939
63283006
31270159
72338712
53203030
66253658
12628550
61816231
41424424
71589300
14726789
12959225
54431554
13016861
17216020
15922380
68344256
77975889
12736070
26990289
33491987
22767408
49361115
35695073
71071067
12954713
53496914
34460945
11001236
33636578
57885048
13663941
40302644
35648570
30021742
26468249
76818882
10566157
20039921
59615684
33824663
60985885
76389856
29101550
49690676
36926907
35643369
40403970
42475974
59131049
21375721
31978381
19904681
71201823
58934855
53883666
42841596
13160223
77660976
69825337
26971725
79985241
55291118
41864523
19953193
10816988
45609918
45367547
66734272
36890213
29701698
58012805
28293655
29621231
15210074
10894879
48711786
33938446
34774144
32256748
26971527
39064819
50375375
67917886
55648355
23068816
70765906
71094778
60691387
78683197
58879804
27613015
35537051
71002136
35550449
54392514
49492659
38426350
59570886
63464724
17072455
19247389
19025190
70708595
20135211
23140496
54387487
26476469
46999522
77911703
40327610
23839591
46014984
78862455
40078114
29032711
18205670
68492789
79235944
14314588
66544262
10717525
49796232
73527711
11615818
24616182
75983079
18288564
63291773
59399443
10795028
32866320
17848360
41216783
38659649
64206552
73990119
19986327
48534614
71148778
50555336
22601179
50221663
19300545
31852035
13371372
48150041
19208553
29768954
35228649
11162561
40587897
50913975
13633245
35996359
65651435
32935769
57873968
14255975
68209997
34366918
12478129
76714428
65895068
41289952
37253731
19629189
75039810
18800754
45122282
66846248
13647160
37030906
22294499
46336795
14000309
42431823
46017014
45432009
40722208
47474215
74599488
14347242
67360832
37062007
49354302
42110574
42552309
20604551
64300166
36747252
30045671
33604623
76866477
60129980
45085967
23150310
14052110
49168158
78033537
41062082
64214403
56438268
33884031
22871099
64958077
50515487
24315946
68204945
40987757
34412113
24529420
26620946
71114803
36568968
59488434
69498048
42061345
24087705
41861466
61432924
79908531
11361463
71568211
47135417
19414453
17089886
30459175
48551389
38373854
11151355
60109053
12164398
36190442
48082738
75219293
36169789
55997915
18652561
64386269
48222919
50603540
52764620
69727363
38956740
26717771
45731181
38510323
67406515
58765275
68988904
48715190
28557348
52687685
23262759
39278351
37631444
31418956
38249824
72045555
49576485
20954925
26394195
19380720
76272271
69624869
58103461
50040448
19824236
42159873
71752757
53237792
70003552
76645372
10767416
79797648
51469808
37513620
44808237
39861030
22630588
30526815
56524839
63287545
36677932
62185354
17601633
75627869
60759420
16955027
63346641
77140785
31870879
30022498
77847411
50585141
11086074
77060837
47142892
37939812
61359176
30738883
70037922
76986983
13571252
19563275
72641709
30133842
70238587
16970840
11054957
55052162
18278982
10953993
47755856
42341737
72845848
14750643
10054848
45070369
15605050
63387828
65798156
75582851
16645367
54957188
75121340
67594615
51146798
26361763
25729266
64611457
58067709
66798698
69248332
16260809
61852921
25420658
45839058
68486684
54001855
65586757
43419069
31369397
77404236
46565975
38868059
62921495
79306059
62182778
52561492
37684340
11820186
59967606
39177076
70639268
36689628
34556535
22779587
52949739
62499386
69862976
65636736
26370613
61306418
77347651
30803144
48597273
43317023
10004475
50347605
16585069
59120501
74893819
44446688
63687492
78800955
26436090
56252011
70969621
64475213
72003014
38404382
60074890
43190130
71918244
57892726
24731309
25965141
17951578
69044330
37702014
38978074
63249826
36510998
39156538
25630536
20208272
44430323
22573808
18662039
65265323
32423172
26593540
21969196
13918040
50254871
31353313
43821616
72488138
28480653
33033537
34762444
28564603
14538921
60070501
28539594
20358795
79510449
60457168
35247667
22966055
32507615
12763412
71665887
10309262
18873097
31942182
41356275
50792041
76946570
53988878
59248311
40976605
77027559
21797164
43326912
20669691
58239708
64547742
39054602
49140709
23488057
59380885
52157155
57649381
66480899
54514794
40491983
39038073
33834836
14517188
31918851
66898308
13647546
28877878
14415002
37863889
71351658
60125757
41812449
18106789
56358212
76345894
45892825
59092235
25802458
65908774
13375854
49504119
20686815
52499625
32013421
55598465
22910167
78646588
25362745
52760958
75401218
17806936
77123803
26866552
50769849
33102767
44862937
34443646
73573733
20691778
24117341
46080327
17671631
14522481
32825366
69663046
25661141
26723805
56928976
40054724
62680047
42547258
54521268
24543961
21146746
28238635
11315951
12507291
53399390
43891500
79412666
47571907
62421940
51130762
26415977
43811829
77689571
28078156
48599754
27760563
65376630
59357809
21117173
19010384
30210606
16986916
47790279
57356872
30315341
30801862
43533465
76847215
20438790
61084734
16266665
66187892
62272532
34420403
47328084
50624643
12339417
21635478
37174384
11934210
44103642
37188890
22362899
77162422
22933023
67976203
38035219
46179095
76668968
54664149
35417604
41722047
74306497
15727987
36191969
22913467
34746797
51505564
62037904
35469959
73102029
58670583
79667853
17560692
18741065
54904037
20587812
34657032
60404138
20495839
74892248
20042507
69652614
62752708
26407114
53898783
42902980
73688858
45714549
14327904
64361492
19438007
33525011
53201218
47183468
15435835
40563950
69625425
32840821
69790419
37097249
27393883
30865168
52321454
23053465
30738000
32434073
13729293
15393825
37335168
20966082
33330899
57475005
46240696
40477312
46788896
63592898
63310628
16084298
31474688
32535213
61969950
76313082
45018186
70042383
58022873
18029552
74677767
67550266
43491414
10164729
29304734
26692085
36096178
77500115
77877570
28143244
14126757
69389702
26967499
71464258
61090199
44989726
72981420
51894696
34756852
60518906
33664044
55296748
13742657
33165429
72316936
43612903
51795464
71035253
46472129
26422546
21818218
79204701
45814144
25845678
36403266
77092773
32174824
44870764
78297631
23654246
46310664
79958135
50925897
25123306
59096017
70363156
77882562
22488065
49857473
64010738
14804031
10067924
68707666
69217945
32536024
57398168
44806387
12768039
47109328
65366268
76814444
79795704
69753674
36121495
30455498
57483180
58480593
56129522
63878358
14700350
14188511
45583861
71383543
53265621
71698419
32895637
29198641
13511141
28286802
75456381
25359747
37225760
43913942
47926027
28709927
36381804
63508080
71337798
26681893
72822530
72721245
14232400
36243932
40792075
36496048
34443238
62993285
18885139
27194976
46761589
41555322
20274724
60775612
69707059
75627014
10374808
75867417
65511907
53994720
72863790
68191691
66287634
45394686
51837409
58640755
53271658
53556577
17450958
26623803
25812577
37226693
68879368
10418280
71818559
32435893
49146218
55196468
19815870
73960413
15686250
23719695
50287716
54244126
48372173
20563155
56347550
27567936
58804998
28466151
38318084
70217753
71865307
71483694
76954133
34360951
10869271
69577805
21836444
34638310
57955129
11264714
77230319
32776698
32771765
10309062
71226819
64818395
52518146
75884555
23858663
51319018
56749942
22224739
75141056
75374473
26179310
66554530
52509232
36992673
12759203
78113223
21527072
43553267
29336537
40240206
25228472
57851200
45728014
40693920
69137294
18433219
38461623
19285602
17181608
42188580
26797932
45147996
45513560
46903281
22574099
48190098
25215025
73210465
31263127
30374138
61717201
61568719
46794660
21971651
10105709
24697401
67339212
57847150
51453618
57855901
64295330
52776010
17228963
46072874
62512021
56213228
77895962
63290639
58845867
21264394
62570892
73290788
15722242
63398193
36691737
35820710
59006756
33670334
71521446
17060957
11515210
40594254
43609951
73166092
52028167
18298559
42895280
30656775
67014206
51345267
47087196
71292519
46635616
53344103
35074911
75770089
34339929
13643167
35018320
46316033
72333603
69408834
76876286
14657938
18211766
57198812
21332233
39493843
64603515
14585110
62200499
14403672
22095430
15520446
20267595
51707922
53324671
25917097
41927979
55264131
36680664
12401447
19286684
37239565
15768620
18375639
49103097
51550813
64314942
67530690
25149097
66763341
52455626
27069552
46978610
56828268
21571371
22936076
21630718
50652538
56618650
47152590
19089804
29714630
48924672
73103060
35543715
31512553
25325658
36760797
28265466
21351847
10859627
71390567
65441521
35963980
46856918
44349555
40359494
67581034
32363973
57763006
56730339
78088848
26855118
40436561
58492266
63457184
51942923
49217171
45815805
18411461
27853699
46181380
34453638
22872500
59706162
19118742
73848725
73980098
59214094
70954198
44918261
19765991
50714344
57991994
44285345
63490624
38587125
49970294
46343400
78723909
51845810
62295412
76825207
61199729
67391559
35885349
61448081
55123600
36285028
41911262
28536403
46377216
46589763
37171223
22317455
19793835
60764891
24096585
15603603
15362092
32347146
52739850
10011901
51270368
11672162
43663575
26701199
31868222
73523903
54532625
64551699
41396149
36469002
65099212
62571307
48618601
38030854
67708160
53495481
55198827
72911589
18026576
69851979
70463206
32890199
61934566
79026829
20370577
32517066
24269781
42503451
11838719
41545285
63697254
75200459
40020179
13930783
46001069
11003647
64647679
57081090
42484896
11894801
22620206
43561856
16382012
16700676
78826814
43542394
21583788
58992180
48968885
30400143
22758313
43427038
42681099
29569597
73198310
45163294
13927828
65628992
13625303
55208321
74641511
57020093
28382976
66956278
58919833
43098788
32008425
34677162
26013868
37230194
13428224
25164442
66452691
68129343
69254717
51243632
74841274
56591665
67214481
10199903
74403124
34287514
74748642
24095631
74428506
23785012
61207713
66830621
22263797
13605026
14992288
33969722
18751300
70156463
57878318
49416281
61750168
29294935
58325426
24065095
41595895
14799653
60749637
28786167
28746411
34341032
11594462
50684464
50658805
58374625
51802114
40152018
59975478
37065556
48514267
71158021
38808073
17424262
65007946
50231011
25122747
37357717
46889848
75860053
60409011
25754906
16210269
36526534
14438901
31984975
33445412
30358998
35377567
76710732
69311893
79331203
19988944
54870974
40672314
15787046
26761886
42687888
25248781
22588242
56199580
76764800
35744749
16508816
70987912
62610735
62631626
76964448
24536186
33778650
18112042
76098141
26740381
24208610
53564558
10400840
48123906
47011374
55193976
56469986
46417096
76133864
75845808
10420148
51397465
17683112
14836365
68519567
33219887
22490434
52631522
50627380
79456988
51475543
16869737
61634294
36580734
69290136
79652712
73865291
64491666
53387870
49765376
28054037
12558680
41472605
16177406
17494959
38969937
48791987
21465632
24736081
15594896
49018811
62358961
32967263
38269486
32344079
40011481
16997584
19744233
63086846
76268208
26050050
11933565
34787119
30519736
20660491
42553044
48801507
41336698
12288245
21134576
75934425
63537730
53352517
50784557
27292722
76424337
45577474
29220321
48825404
50913893
68196893
69527034
52691785
57554769
71270597
22768819
49492941
65683236
62841411
11488539
50819680
40280854
76357054
46511783
53640090
21093872
25710956
20595790
43478496
13687564
71806671
47045354
52543015
74530576
75893732
23123749
73830314
13731703
42321933
42299095
34826397
36597330
41013485
42401391
39897083
19143109
64266274
18599040
28304530
16860853
68979898
11213533
50976181
56072262
63091920
53582907
20573425
51687875
49710695
36416269
20465544
54891253
29293056
47640818
54005860
39261280
44021521
48004442
17904111
32478364
63109040
12887298
12868524
76663759
66679699
37208970
21090598
25427700
15308515
66236558
44793161
76214559
76067157
33208187
35618152
36499769
47980714
12362327
74062620
26236836
65812038
53174071
40606561
24149339
26319715
28727449
60357576
14051820
47470171
60465122
78604189
37886711
60898236
31544722
66366236
17280616
71736422
62196314
71140118
53934923
69405126
49021528
30341637
63121951
34084770
23172431
64554314
14886304
18375275
51326745
17783704
54686632
15408180
10470965
76418327
49554439
39703981
10207574
23589935
77974281
12358981
25175711
30032285
58029458
35440046
39996786
45009420
26860865
73083411
71882276
52658694
46195942
70857103
20150224
10667629
45832141
71050789
77769015
78685490
36251244
41506648
18648119
77817781
70260909
13740686
50368032
41047929
58215627
13978682
60824918
20506047
20463837
28059893
24451504
25688620
62669606
73721913
42995259
26939614
59281395
45203832
77694482
38603424
35237060
15132091
35480327
77102954
75778076
60248000
12205513
54169111
34026591
67848392
77695509
49562349
66103408
56680299
76396448
45469052
62441306
14993843
46258562
17748682
27912997
18165574
76445835
59493062
67859081
22195380
36602157
68639656
46318724
67601184
62643240
46177035
51288858
53765484
59279095
62842723
68493881
26310447
49191378
70674745
27756881
58873359
22983048
10763245
18745381
14388110
55162221
28362086
53204645
18031855
67006792
76956891
77621586
67637749
33628678
64597816
42173704
71885733
54427180
73375976
58538851
39932990
46043207
71739489
16747303
10035339
60871830
44450119
54958631
20072774
60976652
17062075
23250400
72031334
24086924
39407782
67683076
38596992
30047814
79870810
52485673
73306980
23893318
75022986
20751631
60543908
60019622
73185748
35933396
75442000
44608279
54887549
36440250
49952787
52052576
21186862
51224169
53014583
45402936
50790791
21409379
62371443
74845570
34300090
48100581
27280172
33513087
42444830
46248852
14232827
18589836
54962011
37926129
16748790
75337353
50953901
66936222
35157438
30026687
24888519
61420555
36299994
31514905
66985482
11671188
42411016
48361395
16906352
31118397
35268160
15672830
18932472
41569747
28826755
12727222
11938072
53221434
20615346
43547348
25318348
79625328
77341485
35899206
66779043
79685144
21882739
27865308
19422346
58635989
17196226
35658197
14362625
33558790
69846636
57050021
23298348
61519553
38949436
18260607
59424235
76599514
46679165
39708789
42118503
27106147
25528745
77526565
69837837
19268747
77159864
41580716
20621705
37942792
48279421
66619198
73045544
51830244
72485603
12361533
76556886
30560050
35243178
48057377
29299363
16918673
25032397
75154240
41379176
45985108
61573461
60662897
70788371
28142340
70526859
76786380
56442106
39836922
52888449
25983677
46106026
30414314
16721780
59123647
31187922
23593982
66856504
34358806
37306166
61167659
46561062
58547140
63914071
67980373
49883261
44619186
41578312
79931246
21647343
11566016
54160291
58866820
76467707
15418847
15284603
12763991
69662073
76305408
65144436
29355041
66470186
63989293
26605026
64139406
53701279
67688454
24424755
25853995
60443491
30292555
37818229
78859038
28963069
19562088
28694750
23390746
61661633
57921693
45680882
56893213
44829173
52716519
45029142
74418848
16075850
42870709
42956003
75509548
73774944
75802776
26907039
57089053
56907246
48464292
78924992
26443717
16253700
20249325
38550695
47078503
22493325
19063077
18389971
41152830
65215354
36197159
21798152
77168126
49735282
34894365
76380387
69627627
77081240
56135792
50443112
20043814
54096028
28835125
30048949
46764770
31157872
53057874
57864815
40481073
68842848
60734094
65078931
75023102
26149087
35706920
47429420
10106402
39692399
70185081
26820327
69676297
20029570
14352845
19145636
37047271
79584158
70518948
31375710
41830951
20477555
27155314
54230718
70641282
63627806
77994756
66568322
33176180
24469419
43103134
54691208
20211567
76437996
33417616
26705642
63585280
21097359
36072464
57268606
44220852
61696860
30093896
75755141
17082781
33648923
31611062
33273900
27984356
70879531
23574947
75850273
15248548
10553873
79160619
31650702
61808235
53822704
43526934
53838530
74380370
11733050
28400367
61222061
30757199
11758201
36433423
28381573
75847212
26864008
67578220
65577292
34568243
27018388
19918915
78176890
26679713
33598604
14693811
62617097
58891788
42890542
26690484
48291613
10212506
14666864
38090992
79930561
70310759
63037644
33049686
66516386
76194769
25638215
30675136
79412883
56560479
17570226
62412480
51875385
45772488
20145244
22519195
31553227
73843642
37598211
76667101
27817055
62417432
39992778
39229907
19797120
11313743
20455307
23200943
53411159
31632004
38773883
11870075
13794226
12744210
69761747
37510063
71616566
34357037
14505596
58578716
39973923
49991523
18593238
45590789
35908203
37233962
67467574
45914494
50980318
37523633
28186020
58083331
23466315
39546658
15628716
22423284
71605816
64148426
40939314
23466095
41423479
21202394
11260326
17532491
50377243
39315020
76927000
14526131
42877754
46011617
78120522
68993438
50618483
38822485
53519819
24313417
21269301
24119162
58597201
18839041
26812556
32257348
73390942
54582239
64070727
46550397
48511217
12175142
73226735
65061216
15587747
49790386
43983274
15297046
28583211
30565533
32352917
13019711
21301239
55589581
53400767
64546054
26023248
38606241
37405435
43657314
53433598
52782511
69129945
59312156
44857877
79608009
31280997
17643005
48439330
79949558
33474545
67372155
74840722
16598318
34967043
34739175
44173869
69665833
36145087
77163598
19839853
43867387
43142514
14201898
34553947
53352471
21504404
61662678
34793819
74056699
65203608
19690337
60733205
62427637
44490188
38577464
65804625
51261278
29649742
63610839
36326440
60039362
65022566
22232492
34040729
77165725
53426581
36140304
65570409
44553126
51028734
57051825
12541918
35018071
78154708
67163608
61540366
53221205
39122473
74004845
41514922
75623615
51429519
35707040
68316443
50782101
66667172
63510963
40514049
79539684
61018993
22121530
57108906
29109436
52530926
79647705
74954880
30175087
53479260
45729901
41495634
63536212
38528545
11261785
42785483
51831889
26656929
58282799
26528064
48456378
40322612
22031103
16360901
19774856
39550386
77273279
52552560
23941841
78558766
72881635
27470800
23092442
77890885
75627422
41141973
34923313
12747280
36645767
78703616
47393647
35970812
11365558
18180700
41018070
13687901
32320604
51933778
15351180
63278717
48275694
51129960
51209171
48806257
67998897
68506743
13674655
44080993
14583478
27224281
27621132
42509812
22636472
59498630
40580685
16873394
72096865
54291420
63311651
69714663
60150290
30602728
21859685
64068268
47604606
64223883
21597631
40099573
56515547
74144224
13426983
66012889
32009832
45057577
40898738
79463248
70574004
27853657
61143518
30858950
27133581
46564619
42927893
34142415
24070504
71563856
74193051
32497518
65142295
40172349
18319695
52499010
70238433
72836448
60369347
43586328
54440413
24862513
44797595
28464499
18565291
20559563
28953641
23971878
49163861
45462194
19694581
56024174
66573265
45682154
74159760
79969925
61694245
67924432
40458269
18184500
66617858
53693306
20041457
57931474
26778662
78019020
41370622
54434545
75137520
69492360
77394161
32650704
71525110
44707261
46433038
18410574
16022592
59811829
39561527
43188965
27177051
11620533
25613045
14298264
42967576
18720620
73870079
45062327
29745967
63156046
63954457
71552313
19481143
71313979
73688162
19718872
41645736
38684837
75547615
36846834
67678848
55959050
37907250
51006281
29071043
64936272
27871713
67719467
60950578
53955570
31452642
30258359
57621426
58029831
36698896
35553554
64620587
22750305
63397402
36817415
54326085
26066465
44639396
31691089
42983854
69734266
16145458
75300714
19528210
68053946
74300228
31240622
16668180
67514890
17212895
39885659
59638162
17124443
29198499
73741956
23332996
36442984
75660988
58163922
13977533
38145356
56419325
24586168
41410354
37367812
61095475
47814527
61679410
11987935
53598246
11471278
34090248
47046304
73505314
77810601
16840540
32600170
52299552
56304232
12836396
60849455
56192563
20381856
64613841
70136266
16917874
46738258
26434490
31996281
67749856
51532753
44678661
23038697
27503289
45311393
41457019
12596813
34287314
46508403
21896999
40497824
29303589
60619282
28842016
21370052
17934079
38377295
60082386
21958868
69909360
37928586
77033690
48206711
48660176
47437667
32746481
39190511
52679220
60838271
13664614
54473625
56313504
74569612
22532616
23677216
35658013
24003104
46421578
74752530
10660551
46842703
23682587
45851679
28875435
27699317
37532972
15798680
36776287
40735284
38417444
43273965
59966128
76616511
28482771
41206782
27860137
62343212
30267867
33654285
10791691
39238794
22787636
25239094
37568790
55604977
43374408
58509295
51126175
66197701
47193955
74934657
56430265
13019291
29530757
12979561
31863922
60132933
19010568
15165305
32190707
79960897
22692312
25252409
43886253
77333437
46914503
39456014
19893817
72077273
20938492
23430750
64352917
75464144
38457336
24104120
45668246
76642960
46412511
40203349
15529609
11544258
68505836
34192995
68047105
59314671
45345844
74363667
46959246
57238223
21013749
74903384
43345843
45044748
46164914
25221776
65016826
55042255
42346076
39416762
20516921
48776065
51521357
66245360
27634173
24024416
74832336
54764688
65772552
50174511
54630796
68502771
15997128
37847268
39219133
14962474
64678681
67419168
13592718
42592775
62568965
29083062
32473291
14955253
77779869
16671870
51037365
49573406
66342776
17363011
11866605
36490957
49018952
60948074
50860135
46504370
20957057
12815356
21385865
76496612
52512928
35665906
33349444
30726239
61410800
59627689
53907460
30242861
61678012
36163439
48974574
67257375
19177451
18926429
24932166
38823577
58997783
49336212
21249069
55725316
65405448
61822867
50432486
27608209
39921720
71716145
73991351
25629575
35479467
76869080
71434637
24094662
78257152
57130263
20322437
78611049
14438092
58428499
67160508
59856797
67109331
64514110
33348663
10563323
29159108
33054824
44068498
44997856
65866357
70361305
15122403
71280246
77834289
74490494
54588854
30032626
60596973
76354845
43239961
12150132
76836480
69734974
28074332
62840008
31664868
68593359
51054986
22824518
26065171
73206695
23914594
14256490
73019330
54688032
23574046
43829349
25598044
32023843
60843131
12213508
71798670
72189582
72432957
73504684
39953051
63779668
74535469
41770580
38665019
53874920
14072308
37562097
69448539
54572967
29180520
71194843
61228444
12519010
50208053
79648819
77934859
10051558
56755923
36841293
73942308
21696729
63362617
69325451
12949257
76804385
77896238
75671329
28770959
48832130
75246225
26330050
58602061
15079283
77790851
15388480
66423504
71998701
72455488
71562673
65465158
50583393
49208003
25223052
19982193
70209407
59105541
12972747
48243380
44295064
36498919
43900142
74973351
49417691
39604675
51195161
64740760
47834876
40031551
52323906
27946087
17751593
72842740
63697683
72916124
65190756
37906398
52909741
40798716
16721511
42481115
50904699
36157228
54750948
51126988
42480933
75832584
60529500
60750327
45493818
69837526
78162366
45048354
30113130
51629269
71005284
61350614
26867884
30644428
71259135
67701612
44348819
73103032
22689455
59701504
62462263
48679593
73343851
67972054
78686289
52410378
56852287
37668054
69207193
47957988
47404461
78305073
49134427
48171683
23430411
36032667
14024368
38661388
37460310
24835518
45726348
26280261
21089371
16307719
15135861
33120720
55708624
70600045
44402467
63002141
17319296
70481178
61130649
56073402
11547491
66136936
35442095
70258514
11988826
50535027
22476196
22094991
54837015
39369587
64910647
74790841
65256513
30946071
31483842
51304374
70665330
57953139
32888853
49386436
33596883
58819211
38768841
28006416
76117957
18906060
52848514
27224330
36903762
11180523
41731444
21316545
46758839
60057264
22922608
23621692
43293593
54974973
25147887
12959697
70470290
73387462
62519199
30132989
79481733
55254068
34760772
21058225
23954909
36565378
22267139
21097447
56881313
17569845
67933131
17054523
52662373
67570214
11662063
42152342
54183059
58314132
46051768
27415431
28991428
12672074
37495960
62727078
27536213
70200170
66578186
22120589
52502557
38822927
42251527
65726244
52004928
73089284
22910178
59736034
49658431
75567813
63562577
74538726
72036864
43646095
41790818
70725278
28584506
31668418
66563868
62601850
27676234
22794102
39969611
11610626
23408109
69432334
68463279
51624860
37889885
49279638
77769095
35252047
23597591
52339778
15821561
33187809
16336478
39795865
74023783
32995156
51380908
13716322
34346445
36389668
39940135
43022231
29374531
47601847
53809268
10127271
66953262
38579517
34177714
78484590
32460912
72425784
13303132
47143209
17807437
14026549
40147604
26182607
57083713
38351223
18966300
32088087
10878923
38448723
68065593
29145720
34397350
23302824
21690896
58529322
52577910
21518254
34678994
72239421
77392530
27373605
63733646
41460251
77632220
11906471
71912616
23512728
11869700
57417099
28964968
19349161
18714134
37494246
70358483
12283726
54090742
70590727
43774344
79329791
61187821
10485129
21819657
47336050
20648225
35811951
52534104
19904834
67963489
31326647
20127592
56264484
57503233
70344632
65687975
16192453
46275109
26933158
26222252
26903517
14771973
19165558
64603476
28711823
36881166
25930741
41402743
10585594
18599584
62652731
66408965
56056324
67110233
21772819
48159702
26026042
33651590
77106875
66868306
12319195
35374595
38316174
51679086
34382044
32234383
33503625
24776849
11925639
20832060
69316345
22391809
54112110
16047348
25408442
74867269
45384637
63758887
25941421
25538071
30234748
18429146
35524538
11465702
27478733
61262991
64660661
15209880
33576061
20964571
26361026
29880212
74417519
71721272
59780815
56280064
19241525
17859845
79689912
78691238
68836702
48572320
67429851
44037452
75055727
41198320
10286480
67176398
25114435
42119375
46805453
20921788
35108514
54267541
34628445
26775137
28517396
24309565
43501851
52603621
38102499
43195292
23812168
28516177
16395980
61764312
25240287
50149974
35743475
32831886
12245101
47967147
30070517
12185458
12011529
12348409
11039902
69094482
67005343
74448008
69284444
16383913
23674998
17695288
67332847
22590488
14527196
60957972
32063087
41551746
76391147
77476433
31581987
55624949
17078886
63926868
37737826
15452707
62858296
24691392
78154944
58197422
57072869
16559781
42880937
59021034
72593352
48021570
61070743
32717516
38300597
65346448
26632465
13713997
77977317
28454079
16572815
36760980
61515190
20128854
28330877
49507605
32646876
73390729
64832175
69744775
54903571
70730313
44016286
22982120
26296041
26729013
12329584
10925604
40718475
52491690
42408242
59529890
55519540
11858009
63602814
41856147
47915136
31276482
63139046
47409682
32118515
43278610
37437254
19376363
11209181
39602083
52712149
45798437
27612191
40886585
49705086
22361681
30750914
23586226
66988424
36171063
50332837
22173674
16103263
73550063
22372717
78704717
16332453
16689890
79870874
56424273
23444431
78914229
10883165
47351869
34976495
31973696
29862919
56399137
74027453
14201177
76133144
65747561
73443744
74632845
19396301
16461814
62570126
63357311
67320623
56110445
21577366
32857497
27532291
74263131
36653577
30077129
59228072
45652247
25068647
36965326
69755684
52057660
77499429
58148454
47931492
74723349
11260140
46666705
53754678
26553440
59901998
23359492
35281138
18842420
74426677
56209827
63879816
20355986
65188311
48893337
24893690
44753271
16416009
71464152
41633228
40074467
52133505
30819559
14758761
50533170
68616912
43222396
44947362
19968472
68761779
35943946
53124409
71189091
53295779
34448859
39995561
43334675
54360899
48904885
52000941
73442760
44970616
20452270
12264084
55546736
60837403
61218502
20127290
75745450
56841740
11028052
21918739
66619153
55898754
45111974
41623599
75136984
50721691
40559206
58607530
63594459
31596542
58460037
43670451
35161483
39007640
32959261
55599213
56231630
63811398
44464786
39161068
21258741
25545923
61158901
23960352
54134381
38508139
13737796
45184938
57680492
22063649
57005119
37669718
41304925
67637848
62741539
58258726
21787401
40200745
32684520
44210835
44005453
23356920
15541704
42586848
49682733
64546387
70020664
30844053
70817582
43662501
66788918
70414689
27787948
51943876
78046845
64454084
48465468
72072472
26093732
52151321
42143317
64196700
37802230
31627848
25708265
39619114
25128938
56485301
54136515
13251814
36342224
74810199
57336005
78489544
68306607
15961294
46615200
42079077
76871208
26781344
40305820
76155636
15283700
58583223
41390534
62948842
25722142
17232322
30939605
26489356
52838990
31835844
71420886
79777583
75039544
62629978
45751453
72400758
46176182
34726612
14210945
70972116
12191121
34855973
20085916
23712289
34907221
48367281
16354908
42313775
30955393
78737804
50713935
57995440
69305204
48961402
12020849
49012365
42409106
70045776
35788493
72835275
70908852
13464422
78630346
40236159
62151598
51637217
56589782
14615945
60689985
36158507
73475748
20978286
20623641
58330458
28303894
51983156
27973036
61911525
20551800
12589826
78858410
34169456
65191590
37893088
17816191
18120758
14183334
60331621
78655576
40507292
41577006
69463047
48449387
26692918
58896971
43974579
42384667
38844424
38495754
38812338
31889031
40685085
70148044
43918601
60065485
12147406
66394554
19931236
48128507
36025756
32001880
45617191
14394039
66450414
49328249
16493933
47450869
71358324
38142849
75743110
35737183
11115730
37793988
79503999
51510045
73358308
32684433
24948933
64415162
50216290
55995319
55164254
33662429
25398441
33051694
59543921
34381066
33663859
79823622
48928309
64216713
22618327
26872990
42221158
19606912
35340243
75763433
32553342
50656441
37298509
56506714
60262554
24137607
38893460
36823526
11692944
32153550
25825772
52541514
18287679
72123661
46046644
66424882
37337475
27525222
28205116
57163441
38648958
73641142
38066524
19426616
35746715
16299788
31245546
24629628
14480595
63027973
42561787
24737411
59789252
37835894
69535000
34701377
15334419
12754299
67963026
60423525
35634327
68825495
14325774
46630608
57611062
22647986
75293863
40423448
75667675
38367353
28915453
22577407
78912844
62009091
11681820
75020540
17414003
36206181
61894088
61715094
52798950
60104525
42849744
59215394
15038300
36135042
27620849
32224969
19098447
67764554
31056466
12445067
28968152
35080108
58636249
42022268
36736494
32483114
28219740
54790057
25268928
36661677
15134480
10005936
19937447
42106825
38884160
73878389
75989629
59249933
35787139
33880007
41671390
66843634
52352733
18712401
16100904
48337763
21331620
69645202
29176275
19691482
12266895
42587018
40569955
43048800
71278350
22316294
29992424
77288199
57526487
31889796
28754250
15265299
38176422
25843051
78572463
28308594
79334704
38924336
41669948
65575347
37820719
50450595
12124301
77763458
32329053
33587356
10593081
69992403
69224985
60374041
58198453
72401610
20151070
68791026
74228119
43404134
25491545
37274198
39559782
24433614
21494470
74939859
21618828
70023626
25657415
45877576
57828732
36156325
50596008
64664335
26277141
78406076
20786696
57631753
45237532
43471748
77388694
22340700
78743540
58930206
27028662
49121207
49513411
10612831
12189690
52535610
63363058
58979172
43846432
26968416
17421493
49484577
76642783
25620954
16187150
77655226
57243171
34127358
67620427
74299378
43877298
26414667
78217866
75724234
34143870
74037774
70701209
61034764
79981001
19636269
28351401
47604162
76201877
47832450
18556740
45855930
59099006
60607906
13445623
29617773
24010789
23727846
73031957
18870613
49246719
70312446
72595870
11195593
33704657
18655230
16695108
29224501
52343395
38489811
13692151
65885633
17438858
21443528
16752510
33211052
69283654
25588766
41668477
18744876
30988132
63004924
19083181
31807840
58514191
75697051
11554894
45344130
19068143
26358942
50959338
69151780
64204047
78631542
21166777
10442272
59580437
46089760
34895081
55153534
66790079
78586712
11083122
74360531
35945359
71810945
24644978
55608337
70497519
47576479
71991658
38003220
23167670
47785241
14449903
73549198
54379168
40502002
16403017
26616952
59235535
78528239
51854941
16143555
63912553
29073605
42384166
38035575
15991297
75572405
10059817
41337011
39047056
36351682
59029564
34535522
51386252
54758836
65646862
26438757
45567155
57216125
34863749
77233711
57470066
44288469
19971247
22607049
10473939
75236709
64869531
21994565
57407203
68565964
24885780
69647128
60350437
60300204
15436324
52099415
10676229
45771654
69724584
40257127
57340775
35276756
42171365
51714122
59262205
66353695
21355309
55392216
56264265
27064444
57486135
73365863
55978834
75432545
38301416
77334076
45908095
37750193
48191925
72557136
20581123
16330138
63160443
32727781
55672435
52350417
55280419
39172966
44411976
22031610
18525855
25807069
11574490
56787483
60455443
21780171
21996603
78288521
18190842
18395958
44705608
18588516
27787929
63168889
57329051
28700431
63377839
10941613
59779793
52803518
73584247
76412535
24564823
19392071
69041022
25597866
12112154
50889084
44108878
56133079
15476770
20555804
32825174
35670087
48074961
24829471
10675963
67570303
58905798
72146656
34128889
24550192
15000676
48441704
57477801
28643021
42054843
42593580
36889139
18211359
28626392
61290675
43353073
50552327
79685863
41833575
65160470
12562508
36613607
51459887
50039817
45304853
71886930
70605751
39702263
23136661
10469956
12914830
58399402
77756966
21759935
61569269
54587124
76569437
20706241
64498013
39489721
29439159
41732256
54714017
33227179
69879179
79653722
24157704
29602867
40845419
69558033
35492578
55437703
48737627
43479518
25452721
73197026
16978355
68166871
67141721
23388646
29676698
66597556
15203787
38007398
46747898
74500704
68619237
31711578
79925573
49665317
52630332
46026933
39850922
77414888
38532593
18444031
75955558
47247152
46380290
20434816
54459545
48107388
47385319
15881048
49419905
28696084
41238771
76379830
19201270
71985124
68462344
50309311
30220761
32315793
51395213
44963058
57992262
50806221
18409745
11690175
38627310
18114717
58058534
18260519
34734059
68670151
20754607
53982006
24325436
31909226
26055388
75854153
67527432
77335862
59862128
72627130
45734680
17838127
77790457
32226250
61552638
74572371
74630911
72300544
72836662
53824702
77119753
56275382
37042818
41288560
72169487
14345134
60766590
39565052
71153594
75901763
53650892
74452679
35064835
23455133
17637114
59726924
71977533
60228703
24789814
79736105
12814774
33006383
69764802
46721761
75046231
41651373
36761198
76772419
11064232
57648110
39656332
32824342
18692439
78210154
72756164
53788847
35067821
40650823
76891934
62481249
69363943
26177004
54938673
46731081
53621764
68882119
61581218
10370496
59771711
67089588
54103813
78431990
72416010
62272924
10469582
40860406
17829370
31364563
53267029
39885368
53613561
33353491
47964186
65472092
46757339
60888163
31837136
57577150
52608346
29458234
19685779
72658380
25937899
58575758
72617376
36714598
47704967
22556572
32416634
18170892
36393429
20882287
59196898
56801779
15160964
52135851
46879132
65755509
28682852
10387767
28739658
51986255
13164751
40710869
16470346
33966152
16201763
67264267
79422519
52053424
66285862
33218193
51996924
18462941
22280706
52036268
70522038
39159263
11654265
69423133
14901206
45812003
64780470
75600601
74016922
78417460
40545853
58644244
36551793
26433513
78368414
63678384
79681191
71757015
46912674
25595650
12368223
25096614
28867474
66606229
27752364
34185230
14404908
43643438
79796334
24058623
19840712
37385922
67882898
12762309
15444834
44508867
18603066
38693555
74275640
78276631
26202609
63095646
34866853
62490602
42828046
22182041
38293254
67066591
43964239
57522313
24202327
72859822
41539309
52670557
34857050
17380856
59339797
15440587
72060421
47852008
74245497
60766932
60979903
12124416
19292207
22453242
40224386
57813874
54950878
77430242
15190722
48431540
52817675
33211572
47076806
28297622
60396632
17325419
28279804
74670410
47024554
50755231
43057716
30681205
32882577
79774225
66218243
59188271
16714697
29797161
65381529
43326503
12314620
64451522
34328485
56841278
36851101
67599103
36558320
13882556
42096212
61514109
10167689
57170090
31318725
26776685
12778605
26951198
72437987
62990001
11490376
12117230
51360610
34646093
73208488
29449951
30782580
28521327
74205077
39384704
14686396
26648487
74157077
14854554
51891790
38546338
48635589
66428974
41976887
71972908
47965473
27029761
37170740
65529412
14448911
72797777
54131377
10569838
43051578
56561206
31889529
52406038
34082777
44399651
31774820
49613215
77415896
17115938
15931830
16107385
36640389
14751967
69671636
26078242
46942325
63987548
10242277
18166560
36772272
72508536
51401461
64364511
53613885
43564213
11844941
18243038
56838894
48295314
45977673
19807047
60879385
24933813
29778202
27278356
39978074
68842724
51316316
58313359
43007081
30433077
18741417
12386594
68479839
54254158
37083272
71404862
17268805
62046387
27892805
70785312
17569855
22110285
33857235
76289087
38118006
14721234
52965778
65639864
24803928
42372100
48575094
67935754
15835045
36632127
52362482
78929109
52935957
12631764
11482932
30681332
48265589
18096061
73212308
77939284
29069145
73862732
33457349
75448800
30384229
29955131
34821714
16960511
18057481
56655762
79491985
14556277
53021763
16654608
27866110
28052159
67283700
65002169
48580091
52772315
56226056
64465852
20960263
71901779
28635415
72396619
48781323
64845781
57066094
11293249
26798016
53971261
75509100
51284838
53944467
74310563
18323866
43932535
36732833
61148312
25732266
27583027
13042180
14011552
24710997
44466985
38946517
10346686
78648026
39547209
37864505
38548925
57626778
14740637
70978685
54568987
26321644
47051530
44034320
19472676
73332391
14584499
54801721
45243556
47023848
48665324
11623560
57627441
48456332
42472791
67159578
53972295
21238702
19880870
36054240
74536312
76682429
19719430
54606421
20838971
69398974
38635493
50198224
66076739
17519732
18539823
47807193
35428839
62572314
68168477
53237690
56355335
59701107
52017596
49004357
22210764
38603282
57412986
18367710
21702595
15493529
67004148
67357623
41095380
49039897
77649447
79145265
56771956
34820201
37027021
52271071
58431584
45844715
52572673
76945366
30960879
65190651
77164700
68649886
79037499
49096022
38720273
23702844
24835676
51596526
13971490
16398903
15005574
39977873
51668856
39724128
46333347
25120044
68393740
25823071
54218975
61387370
36004579
17695754
13395749
55817896
77407146
31310176
55514338
68625019
28114200
76804607
61973765
10890657
31049813
40894526
77005527
12996095
11520709
15074206
30798421
45690195
58834389
34360269
52258288
66765437
68161266
37894299
55187414
11207930
79030449
15409140
60246217
33534701
78147613
44936704
13637888
28305630
75085317
61673666
24780579
52216063
69688035
16459605
51982761
57026898
61589803
77438532
59437607
28015152
14146907
55184602
70645509
35415529
33834391
29224921
12731588
53681437
18201730
78707703
54350289
42986575
10339769
72981744
31212835
61312420
14785344
17791181
36970052
75735006
48973960
43488410
59804255
16656035
71370824
53430960
21429738
51296251
34664891
21547348
11834927
32172137
10421875
16406843
72157017
28443073
16409555
37599986
38451928
75500886
28632602
63130588
40328061
37185421
14235520
10239719
15599830
16882276
21742632
74521619
75260532
70734869
18065317
38363736
71734015
59279040
75761662
14270421
72174538
48001486
52392448
63710028
23035034
34426528
41575307
79682888
68795564
73005995
24087857
60278788
66469538
32320547
23163879
30125549
27392830
63597941
58357957
59831524
63101447
21934240
46011430
73362997
48006730
79167356
41163100
77124087
52674263
65839069
33359229
29943530
78880773
19690693
23070898
15614779
49354704
48232290
37834416
56376350
55969750
18896486
22128688
63962409
60182384
60814450
68250703
61610259
72648626
36660325
11388611
12437163
65844101
43634831
17168014
17260116
67394835
74274456
56687937
79424809
30802469
20328020
58100712
22624549
51779307
71815665
29737524
54076651
74106520
75767280
56971625
21457462
42849558
49364074
75319358
77701936
50697911
66806061
15453004
31951315
69962320
68575862
23257187
62355195
26390091
15752157
11598404
28277731
65470595
44188759
61779376
77858922
11346219
61607952
47286893
12910524
43973758
30441378
15156869
76981808
30653946
31258549
11713912
48758262
14573340
46278007
23276196
28670866
62176678
54572912
45801761
40984126
46725018
43555745
46929017
11333958
36606895
40260896
41891783
79903106
75113082
30626949
31572634
21550371
72664622
23542481
48112727
36349727
32829747
23057824
49879686
12189890
54585434
27801271
26199266
13119111
26764774
56851705
46623218
54960950
50938505
29329881
48248640
38170233
59172499
41151650
20740434
29107033
68864621
24692323
36768288
29236230
43992135
48020802
59157820
65054130
52913334
11205208
63209217
53464795
75213289
44550137
65639018
34689666
28120158
29155725
30069170
11500483
68729140
56757556
42606127
79608977
59796979
37600552
47434620
76323974
76298689
78651968
68396766
54414300
40757760
35461397
48298287
68005024
18296217
76765851
20457471
60234793
23616484
22342485
47753720
50361788
50653093
65404418
50533931
15341478
33946882
13810945
71476797
54632513
77963913
62570253
55615028
46110547
51054651
41033414
53771567
51324661
66769005
46139892
16990608
75004332
26471063
11959971
27911805
40938779
73588600
19964264
76045589
17667085
26498637
49417458
77619689
50891673
53776969
26409955
62342657
57051867
55294111
45945282
71100057
58159070
49047073
18507128
40849181
67988714
47470617
63491219
57854724
68137238
33344177
68781492
63411983
73782547
46745203
41411248
56557650
21525202
51729313
40308626
11017605
58256132
31038544
17824383
69249472
62294368
28955065
43324652
72445907
36934354
63288550
11665818
28174060
34079891
16177945
21755778
28753963
38617139
71191423
53380566
14924791
49752326
38297247
42841147
35627147
19628669
55335295
30575664
27716954
51297258
23099592
46559478
25906480
58905900
72200326
43594266
60185292
68670302
75522907
79723300
25105715
51265283
55936026
76491813
10902973
14586325
76957527
34825372
26793556
51527498
38255608
56489650
64889201
49238226
39052569
79589932
49183294
39980964
37939947
26208114
28081678
20632268
69963932
52643070
42234026
79185285
30918478
63966622
77455367
62792687
73324174
55964008
18125841
79218510
70252632
57013906
25925951
51696230
74934431
21431482
55126775
69652736
40027231
77216227
23685100
16238624
79022695
73095264
26667073
44825401
31798318
42755452
15607750
70511202
57580123
61674236
70135176
68984165
51864660
72819237
57749963
11489242
32428542
18705827
72442381
61921144
69764152
32887696
33194832
45336865
21779433
59214747
19330199
36153915
20104509
40992572
33724818
72415542
29069433
64083801
53232079
18566927
15423122
62196993
56080245
71627189
72540753
22692161
51944772
75006290
45632591
25369453
38330076
56447279
29562182
42047442
72823338
43406636
10688833
42723187
56794164
40020019
34904556
20418871
41534688
22989230
60339135
70782544
79240585
29601886
44419589
71929046
68540005
24354282
78825544
11661922
13358707
56805925
16492503
70581554
43275586
42466709
23764101
31360949
41679811
25189699
64674624
20120391
43673559
51729377
48091041
21311265
19490756
29830772
78819191
15137691
78783436
59826399
42063730
58116452
39823910
57955634
26808776
32114705
20777157
56445631
30818500
79420182
32103287
36298857
54546475
22670354
67718281
52924959
30932036
10435641
77961783
37598277
51418734
65047466
27248576
76827742
64719220
74048628
24317534
50242393
50862052
31173796
60587231
68827063
37177560
17542158
35788397
20265207
64411562
23004345
52140291
58172359
30940930
46631791
45974180
54709050
52973883
20267074
78058056
78847569
69594772
59458106
45668607
35594880
47772545
17159430
42320174
49137282
49033840
39769381
56864516
51569543
56909346
43004194
35956267
54336034
49082908
29093484
53974763
47888583
79886770
45538571
48066182
68487141
23405910
25693878
77750146
27746606
35143839
69699131
50227063
76548930
76813443
72937893
30790467
73133549
15633834
29421588
16761009
28901865
38096070
63245649
78871308
73665935
72854310
72675505
66860466
16825026
63813979
51963926
73963411
19995770
65330415
74327187
15896114
74400680
74551704
39944436
70689729
25178554
22385793
50378085
54129214
48253464
62417032
78048197
53666478
28457630
25949322
29892681
70345329
24997187
32459403
70131787
73621743
49191267
48619810
46172560
25526913
34044986
45818918
37374903
50686563
54601798
66779630
76251622
52609429
61672403
63690168
40940247
19194057
45063701
38318590
76908404
73279640
12625313
47623437
67480953
14639272
76587610
74527601
42500191
11176388
66990876
60672922
55301884
76542214
46623675
45545149
72867430
29366525
68415609
20755087
39563340
23798979
57864450
62421151
58064289
38125660
73144291
19169364
36049766
24387073
13895104
21306730
63810525
21961039
45437922
70056036
63198361
66686929
69884225
73272145
67246066
52378723
17545321
70260249
19921517
17898358
37282833
11036465
64671819
77467105
53622383
69167582
63577209
71756859
44661756
53269704
44727260
20893171
48492334
61821358
46112583
39231953
31304908
21912881
79845779
56780342
37242513
34248733
72779568
50207811
64468166
21737350
68645713
65282038
45998138
59228835
19264474
36690874
51166331
22114049
79213186
15890055
37808004
10995877
51344889
67626240
63634807
30999520
79780622
21478492
11654291
18210460
39326319
71651669
68790756
68640040
44458122
10178595
64823072
39687184
12478657
71839967
53096634
44119881
73876635
51656873
77136533
33530193
71730557
28590755
37481325
26487633
28204637
40357105
20361623
69768917
17676756
34343912
53952352
42604286
14328142
15552497
22543444
49443451
31817085
44592367
16837205
72271856
50144735
73789396
59523606
41405035
54874472
62583862
34125937
37198890
62358100
54895466
51671286
75593100
76131811
46816709
54660748
51313843
38316927
43466326
34764248
20248962
29055870
56880684
32143538
79586497
67226249
16757124
66127557
31890097
32574677
10951001
43149244
68155369
18238479
68502341
56513610
14968954
47789774
60014051
56103199
50042440
10653269
27798988
28174628
56718048
79403988
33458057
79509952
14129825
32817146
28189539
35879567
67383806
29634535
43659525
48829665
35125425
50575380
30648149
11377400
13201026
61249465
14584121
41807745
59528040
70121719
63483236
28555324
35687556
21871892
68096549
46253059
36931188
42489919
30856910
53618100
45025207
70051253
19425797
40533036
73357829
21378271
62794508
72853421
71565471
57851908
54259679
62306622
64531219
28221505
57331347
20678354
36148927
21296898
28565067
17247022
42600115
52646281
78010788
23673211
16043505
73278726
57586964
25789711
34943725
19522293
65514133
43976074
59313107
10788223
43219667
23885305
38945831
38447274
11240510
33351925
22308762
12968819
31931383
33779597
69557653
70733520
28157088
45393295
22205992
10538421
12009046
60143379
54810098
48901939
26203036
67640261
26617408
75556562
75190478
65920769
17638485
48395159
25076021
27083515
53340559
29686395
35648253
70564600
51091925
34078381
37927525
77332937
21363727
32221757
76049723
43732286
14413187
58256724
39697348
56675599
58124651
56877054
44490824
11760274
42607036
46927010
58473517
74885424
13862525
49003163
20629374
50208331
79777187
37558442
62962981
18070524
43077172
21004125
74319184
33994866
65609992
35156611
26754416
74518123
66433688
65376237
38851423
13571600
38419098
15413098
58366141
58194279
58814853
64977886
58975407
48409566
73842880
19169656
63284916
36731319
21555740
73646449
26725330
24049396
24341356
27289363
69188581
28582670
24046525
50280389
18159261
21553329
37835295
71375005
39536182
35696889
35653019
29691178
21799668
25211035
43664638
29064395
61379959
51058624
47123713
72661873
59726783
72412875
36030027
37339465
25349278
66236306
11127880
39939428
43519815
18154249
48586285
31757213
24328288
28491025
20728916
17868648
37844954
20042421
46198312
41476181
50722165
29914503
65797297
71348628
23164398
65414006
18826412
36529849
71213465
60455771
74925429
14185967
29057915
63925796
70291962
52984565
41377285
73835349
50856350
56076022
55396325
48187433
62279558
36306751
65079068
18213648
73783965
44757330
44431439
60274022
65285192
29819010
51401772
78470239
28238585
70513494
11376397
74666309
72000403
43394287
49898214
62038103
75892750
71758276
27218525
47161189
60901917
73874762
70143097
32805396
25215693
62394809
15222900
25135730
26534407
65404737
40897180
13867368
56397969
13605365
56905747
73020117
10180003
70664534
51187568
70446160
11427600
39814601
69700606
46395905
73231746
17153898
75109098
47997844
57349595
32978938
57967613
67224680
54460018
34118070
63006531
34129164
57623026
28769860
29041836
60399910
79565892
13254549
68917188
73548708
15869278
13429407
13215536
31205190
27391268
30786755
35475902
66500356
78957336
39261385
55015007
65257569
62069178
25823578
68471783
49684371
58930673
56429326
30683800
28701531
76003370
49557945
43938175
76263705
17482476
68442701
74432825
27042025
48539279
72540324
67946675
56340683
53661213
57914868
67014687
43032955
36582110
79842776
66925167
32776158
43720424
54746157
25760902
30261603
73161532
46008772
77871583
49501058
46844799
26110161
34293232
40782946
42957215
32861286
70820360
54519183
56883149
34278064
43217680
69563143
14174564
71832011
61595892
28079240
31776736
59705796
43348375
25991634
23984546
13148531
66831754
63457391
78455326
40276453
48634817
24178481
21879902
42444112
67064133
60843357
18254749
18045411
29338041
54592897
40965078
61772320
47334050
13973160
71583841
27902114
19074062
23444946
26465580
52888745
36377588
10765375
54797099
13015938
19370711
15211321
64505383
68748474
72854089
26062249
68322218
49615097
42019859
72856546
12873142
13215691
38632443
39940723
47600516
15175957
41285907
20362053
22596106
68305543
36901062
27783346
38405631
66188909
47527547
16710094
69252127
21321423
63289869
76573864
41011276
51806789
11619294
76228317
63668435
72957030
61454436
72795249
67900646
42572330
49180229
58003002
15794186
19300558
61362383
49809622
76109741
14167149
70789867
37855257
39754125
18954065
64267219
28076987
14565249
53575647
13348185
49767882
44789994
78170818
32961274
18139867
76923156
73755973
74203142
66311277
42902154
28657981
59292177
62878555
10903183
12909547
19242895
20085089
72320074
27151129
50420951
65813171
28525802
64937863
53648027
21068327
14536056
49399147
60522934
36599150
37854932
67596121
12719201
16070764
58397276
76760091
10163504
51919525
36059620
36818525
13585640
24062224
74780665
55869244
76781738
23183554
16164719
20409892
56389314
24476378
38425706
53895047
23795144
52376758
19217608
60655154
65647739
71354499
31167739
68030978
71280784
53791906
20070673
71918505
19462876
28373139
41003286
21199372
49847739
69966236
22981319
35275412
41309913
55042951
26610300
60482721
10320772
79024666
30486252
34267492
69258899
27615664
10255712
25816392
79645220
23902225
19204095
54410476
26430586
19953809
69084797
32944505
59468029
44886377
22689600
32782909
61971493
71550934
51284907
73614866
67276166
15860999
34963333
56291260
44298191
22223131
35475228
39423891
48852761
20124655
60669748
55826674
44691119
35700887
47643646
59158909
35874237
11050236
38349290
55661966
77701228
23021854
18296118
13799523
76391763
61515955
31314016
74351994
47561538
10541797
13778702
55401800
42242319
59434639
15272512
50087065
11094365
74057619
40925625
12280390
17464620
28359859
18660564
75868282
22130665
19881769
41596828
61736641
68651762
28160794
20450968
35609924
78994062
70678367
79636214
46917193
75039940
29996765
68842742
19474556
49778572
41840261
21949739
66240495
20486899
13323615
41620484
57874647
67268682
64047583
51886863
59141133
16338110
38977295
42867927
41832820
23500075
27730317
45027267
22346325
14235262
30181561
25525168
38957170
71062917
66558798
19071636
65949601
34006642
72796121
41077365
36087313
21285256
55274637
34661326
55673784
47367633
40213033
41656365
11136515
21362971
38931279
65369518
73824874
57006771
19447790
57483462
61271789
24330580
62570032
29803820
56374894
74634343
68138855
51237011
11241173
42585640
48791214
14983939
50285970
74642408
32085773
32119721
52149435
49329096
23788082
38492436
20057213
17678309
58137148
37821383
20378465
78567256
78441538
14690921
15143581
52617877
43206562
34962401
64245278
21020751
71667896
30019148
21397137
47229952
53005890
43791583
32044040
47784653
55014297
60789419
51559537
61636074
51938960
51836159
42240407
48617556
77702841
74587765
33971312
57429343
68811850
47729727
52885393
26493911
47587803
51357022
49101763
40612652
79793090
10774387
38272269
21896177
27379948
28241357
20441303
53621405
64759812
45379322
72252997
34052761
29332184
31186301
46565253
47615858
69992538
75463545
33089557
22598805
78980789
31849187
22242535
72915602
68960026
33744756
13472630
65155021
53831317
14184728
16254802
10514979
48127562
61102555
78620243
71931708
63276852
78754653
67244931
76027319
61803232
25278713
35241110
65669930
42879889
23947519
10600934
37176757
30219357
62369395
16406678
40244365
59475264
24628499
66187440
31947676
26999962
74700348
35461684
39141819
13425957
26212810
23213578
41665002
43837816
57745640
21194276
16568355
13586584
50542744
31588880
73905989
62255713
38071229
78684557
50126762
77371983
44393144
77377359
30627510
15239785
18229326
64456596
75403631
34782325
23058404
25443524
53265590
17654357
25574764
46507995
11123458
28089420
37806041
15514243
31963336
60490830
73498372
44027894
72582719
39762259
34421796
37781874
64235284
17896305
54481873
16945402
77098683
56845007
48584000
53950003
54842529
73571946
60033304
17456672
50785888
23280865
38125045
38609778
17379765
18132472
35370827
23220456
76919175
29540858
75511469
68789654
17924853
71833014
64948445
28723166
72768122
29497945
10172043
12888922
77411374
30137074
28060127
29828360
56088490
12924839
16942042
70430626
41953991
24266252
42549316
50376872
59003053
28808127
16127280
41725518
39100661
32787887
51319829
62993811
11069465
69482221
23210739
57255642
20065648
73435956
54387691
19428426
21625189
39397883
26478787
78882002
38060016
10490012
64584649
60408846
21001966
24183087
39091204
40663363
26088569
24995659
45021968
76764241
21273504
67289527
43471122
30424764
12666000
60945668
60155853
24555099
65114970
17350520
24519855
13216049
36297396
32510775
33960068
21856664
27549517
64518703
46785569
22105706
52577747
57604813
19140235
23975125
73657092
14596005
41780629
79912003
31096069
55431707
10630617
41990987
50248277
29532979
56309768
70753607
50380083
63353393
65485981
78334199
30732007
34739440
57171770
75841387
32300155
23613201
23350912
14854275
31275720
54789605
56952455
32621838
44882767
57160330
42197100
11798468
56410407
60299912
50066341
32203454
67976565
73300771
43663918
33760817
75276627
78199013
40603332
17651975
77017237
53639084
76687568
46808298
42992335
49234309
17293213
62005593
19411362
31557641
66057916
48844132
42433611
54309834
11336536
21360575
34573327
23871341
56342934
51258513
39354706
51422264
50954002
67288652
53521150
20974806
75207207
56543926
11562339
71395312
23728974
21757454
50409134
30337588
45714885
46162289
48518202
46729497
74280390
17147039
23484063
18010473
58375658
22007749
15393875
70608132
63859911
51013135
59242040
78729050
11808097
35082562
49975543
11583175
79553034
11674867
63019355
49376372
15837454
12061908
11557378
57237905
54734353
73503527
66118774
48877307
14498694
36427134
78269493
19109818
14177474
56126230
79077596
52874307
10232196
10980097
37883217
10403791
58229807
41981256
47037093
66678967
30965199
12995015
17351993
47029607
40498341
41844218
13197136
31671094
16420752
44258356
26852768
55164428
65095651
26485103
41607865
13689301
29403615
10622052
50492626
53033854
21527195
40111877
50014025
52598571
61421804
10897304
27655409
33266027
43151370
67291856
38467730
67721999
15795795
68636523
11054374
19554444
73190456
45223238
42770045
19858786
69487203
15972510
41327449
25594700
15051730
