36436900
22337105
20469877
71050770
23511298
42783276
63980955
12527692
77271636
38259774
55211886
33613033
18897980
40286819
77374385
76389942
70998975
76468547
54848092
25962142
56573522
28765077
61207214
11383641
25764603
70378619
15316691
61914275
38029726
24029231
48353614
27115417
40518328
69737995
32056012
60583385
22695986
35295847
39516652
18849387
24594735
72541760
49038375
68688746
60884369
54141344
33253861
39202063
41208944
48719709
53630720
37497482
68471598
22251810
15597512
39445508
39767377
43689294
49970292
12207889
48951449
47768712
62792430
22206250
18069553
62329826
33902048
66055918
67418721
22961385
73299459
42870759
53567164
10216507
76140435
53351966
72987723
56087658
45994382
19419699
49589093
36774185
49000450
64590003
33295483
28980742
32768217
20407499
18821688
46310105
39116502
30543961
13980738
23198336
67988682
17842077
74245497
34612582
22156720
68476950
22467135
75285461
73442012
22245609
12254256
25823884
71396791
18383906
51571766
22344325
68850098
48285434
26629256
59673484
67655468
49374082
47578570
72471843
50632907
49222280
61062384
32850791
10328836
22940730
25680159
61582231
25491679
43642796
35787376
17110706
64267427
36961656
61920567
64472892
78726466
25546069
75774560
11396316
68204831
16862080
19121963
14459654
17862895
31009761
29701178
12142365
74666073
64113870
39952376
45638585
71482058
41413494
61626141
63229581
52802970
59839098
57900081
38212284
22514242
61741449
25466862
10310188
38085276
67966688
36738236
40632533
76581313
53246283
78474014
15942856
26863394
54922861
25477983
49223056
45775687
50087032
56209560
17016632
63886204
26987457
55262505
31665848
71638537
32575017
24517781
72574231
11447857
17605925
19866905
30623069
66868423
44265048
44277520
20707179
17463890
78768943
78779436
63754832
35411522
73550727
53134669
28791244
44647771
75837227
59600982
52189150
73210879
33680440
34373591
17202605
36623365
16773007
31839049
11466165
54068426
11641842
37870145
45778364
50982888
48076385
62498802
45197012
15334042
36466168
64620482
72857184
15440712
58603200
23623875
53487007
75089117
22366673
30232047
46068932
63263566
20242701
74538648
58194363
72285909
63075806
29475871
72449564
25622503
15868481
13920293
48296536
60284552
75279572
78561831
57272737
18757227
78928970
76955228
62750769
15706037
44824166
62026827
42501052
42347893
62719122
24930073
63127567
53233176
37301160
18989590
44012310
19807652
11231822
55550281
65140558
21473159
71683062
74138243
71119258
63197008
14388671
43149067
18714431
36263343
47539708
75665110
11661607
41761960
59393572
64181088
63406225
31253382
62695131
25059607
20726366
35151484
63907176
32613630
76933439
58111375
10244162
68646643
62209449
52736117
62232080
52132082
17616780
73090908
50523973
35295879
61167010
74980642
44100666
74234098
18792058
38713717
35786663
45982153
42487307
64898095
66111010
30120730
11772122
45477983
13056453
48457750
12298499
34824073
22372515
30030396
34390604
23950178
60610858
22759341
59142672
75567316
50507575
74267823
53319080
32505536
56856176
16233528
42160265
79991049
58419406
54255367
43360555
49969012
20586016
18548574
53455422
12156699
76385402
18491897
18703252
78717223
79357789
21902897
23317927
18991117
54227910
39807536
68702817
30088163
23284480
27168156
73983544
25990230
60496072
76794446
30067702
38063627
42896939
19434158
60279671
56220937
28376430
24963046
15644575
69910941
21164266
48094875
54156556
20494528
78436228
42098275
42046550
65185472
34094305
65515638
55581460
54270000
59715495
63971728
71372089
57805484
36313370
45613080
15024761
28379464
60112511
44510005
75886270
38147501
49087628
77715148
24687687
23373041
11571307
32419123
11067371
56631087
25910141
23204781
60095899
14517677
41046297
74112778
44197127
17239961
72879346
34360162
63453141
74531307
23445043
51645547
71214057
36628957
79324474
30787829
22939535
59110130
45726341
28152193
58806932
13191279
17309367
19989583
36959760
51736897
40149377
22822997
25608868
34472396
43244276
59964446
18217046
33690496
30569295
46479614
57586561
15366126
34378652
44207165
19499769
35932919
74713162
10501260
10309788
32978247
75166398
71838732
20080433
17273881
39313760
59525664
24423896
74627121
11854131
47987398
19362733
19821497
36979190
73008405
66951963
78892859
77330094
48563889
10696179
79825922
41828200
72301793
47628654
17193030
10614198
44667498
48165439
13244232
25876943
59846307
79653196
23006484
77113373
28205857
48268605
44631918
75290851
77673309
11924721
64039418
69275819
27018235
68533875
76198309
56188981
75387172
75013799
18515586
43260946
47182137
67603862
69364885
41622384
45525187
48150282
22161256
62372064
45014067
52480574
24041882
26876962
67814254
21531703
25603608
33528828
11757714
48715124
16958359
34936532
72268682
45566440
47009313
34714597
72354254
21844266
22659352
27880089
48971215
16686048
79124205
76236905
41942622
12842693
79723443
56348060
41604032
62325021
59610878
43117768
63072461
71922293
11075550
46364965
29524047
39933900
20304472
29917906
56835088
11728889
67363851
23605407
16899307
65392789
58621130
58236702
67673108
31029542
71322461
49916856
14018501
17417062
48759269
39097957
74082059
50549122
12558453
30239346
48725610
56136635
36706018
28747371
32502206
60815322
32529803
10030815
12729719
47288678
69391977
77361570
44326050
47675633
35064307
59298763
74623874
62136620
41512478
66565188
59428936
56970757
55571394
72048470
59031322
51935990
57392221
47779673
34011306
60241866
62043970
57314961
39016132
75744408
56449051
18757332
74662428
44740557
45782778
15977329
64013237
23713246
45102979
43889620
34489092
74633274
75769104
70054328
20128438
62763782
63952560
22855206
29576187
41339609
54673807
50438237
70988115
15849896
10035617
49634869
73584200
49015993
75686574
56179431
55265612
41698374
32342312
12984666
36939996
73273354
71612495
55547380
15719557
36505474
56193210
74640898
45994760
75512932
23532316
14424422
12468117
33568765
36875522
43811705
65004715
58730102
53387619
34995077
29602490
44975658
47498562
62967821
68193295
79857255
73631894
54738788
21420990
50364552
49068047
67432212
67848075
31681571
62783576
12595329
37236225
33607080
62617577
10133082
38965355
13214910
39399120
47000163
51936029
50264333
79623205
64110877
36725189
49456478
70926025
40512665
42463820
56432912
14114353
72990392
16556585
33228749
51988739
67537996
25320114
52601652
51603424
48967613
52946575
13516323
66484650
62265194
33169945
36040449
31247655
44485775
47325727
41069468
44658172
53902723
45894045
10588649
18061653
23038387
32957746
60977669
70091985
42777121
16692151
63541201
15779406
41180645
60188951
28663352
50038957
21775478
18923328
63843335
48963451
17834568
10153858
72488454
38518480
39724824
42590298
68335923
62572589
19587976
74339747
72959567
41067632
27582146
69964392
18408994
73402828
47462508
21168556
68804002
16708641
25942887
46013302
29922392
48240676
55374057
20561257
63562992
66579669
76558044
40036831
26636822
12224381
60699062
67822156
78965411
56872307
40742643
58310546
20220675
23035187
67018745
65248622
19233981
20640710
35510981
73949046
79957170
16874684
47643603
60334827
69375031
15638617
31799898
68480309
77336463
66079541
48615090
49663980
37581968
21744144
32971996
70269071
75549403
11894947
76630614
60976264
71632229
37840561
45544193
77109772
58068139
69668782
41666769
48695972
25814357
61634030
26468485
67202526
24746671
67106371
69471836
14918062
76748001
47398788
11199306
15997057
58501932
56850568
52548531
22943977
52278090
19171574
54848752
69585039
65798294
13203254
10094892
27811508
12997925
26109915
71644870
74022654
69024758
49910688
51858465
62888097
38437426
22460615
52485444
61646167
24332529
23295480
66489834
44736177
33824441
25178596
61383173
71658314
32313551
51979548
54652704
54626623
60639047
75459320
61843543
13416419
31835743
11503654
69952860
15774589
56191385
38572321
79555999
53186621
65130699
10635722
36760483
36259264
26470119
74858753
53520854
33576716
22146213
45470107
62799991
72005141
51275503
66801760
56347513
15909267
20423489
24203393
56658713
68357690
58186157
33515068
19012235
30704578
76093123
35330778
13618078
47038044
79703965
55344846
30163798
14379325
44860853
56434502
17936575
21699581
73525192
58677682
77438738
16531648
17691512
34466687
68085277
17349496
18393764
21290194
21018939
70396313
35568242
20266343
42820309
50961611
72106344
18317068
41448853
60992666
11721574
48609847
44312467
35631675
41590104
33916113
33641241
71126294
56017694
20995824
65172915
37760314
73583870
64310317
79705626
27807079
37742598
23531458
64802356
33070140
25855803
66058684
23661757
48742144
11289742
16447065
28805597
44950489
24225867
22123641
14782231
44697541
34484505
56716206
60132523
75244113
56124871
73837238
13408622
20544447
56338438
46931422
22678413
75933766
33856204
57000707
48998488
21595188
28297091
34317275
16607891
48899202
36852681
48784802
50350107
68434753
58424193
36547668
74814516
55795249
11004184
24819595
56690720
23245284
14327780
42916166
28334058
56990203
41946409
54935587
14406912
38488500
13506496
70144497
22073162
52813137
62920853
46437630
24181250
10628717
72247822
57698610
55417082
67864935
19936885
23038350
71051624
60468713
16519823
69277555
41604600
17369339
44899932
70840402
14671880
51849465
40976771
32518597
65643926
79177967
59864486
77284665
21369897
55991061
64286019
46257098
35908766
67793223
17957011
21063973
78734725
19968508
46803894
38940648
45511104
79934933
56078794
30113765
26630652
39779751
72349913
17085087
31773188
23253705
14479990
58860564
77361899
28937211
40536759
67223136
50598204
13457743
12855494
59152442
29976633
72817761
63365557
32214518
14150918
62142526
74552818
79042508
72273947
42050517
40895403
40376040
40049747
62982425
44041591
75824562
40720789
21628859
24216969
74397123
18576385
28767077
65430593
30772419
49725399
33230566
62159898
63349751
19212856
36195672
33874862
44936927
42319610
63723039
45468815
54286784
55983740
31737780
51896483
78667914
64959713
52483245
63139622
23159826
74701917
13473409
65382393
41399671
58763928
33888967
40835009
34008530
45002535
37511128
55453209
69927647
71801421
72529925
66340883
22845994
45082477
36166820
59157825
56281338
54465190
14608387
71329345
47364738
25586696
39697490
43606803
37193003
18790580
23944620
39193196
61762642
10951862
60390144
30325896
75142864
14431155
49475756
12525325
30078256
27325389
79419658
69376933
38582250
39259554
74426880
52245762
70527126
14328991
56417115
66962511
60671271
35203890
73297227
53088712
39973358
58448722
34087071
21409474
53237877
26369688
46814668
15104071
79681074
24169766
25511506
65925945
36398266
37238895
32099357
71819761
49110489
72722526
14708992
37140234
21217216
51091010
34522285
27620089
57667608
19857736
74709534
71364297
36418948
55482995
44971358
53032596
47191253
10987060
70934774
33082399
33818847
72889724
65530624
44167074
51447292
32891529
52113104
73088578
73070704
32872059
34136468
34800032
39447971
59568489
75073041
77790505
55022372
12299521
28979655
38634649
66572834
63964423
52637060
27885778
73272414
68776343
36401833
61543436
18675501
71059496
52941472
11909309
43895671
28885349
29482286
74557689
29483631
12557412
27815355
51666093
73453741
16251337
30614906
36043217
33727943
41448250
57659496
50136213
30544167
31267901
11090036
30660237
23477554
27905207
65265098
38390152
34533267
62549382
45399345
15058431
10712776
43006401
65615266
74919065
44476013
58469074
53024281
30607155
59013092
63393506
16023341
38433050
43993736
60593847
27669997
67678914
65295984
49645528
34994927
38437483
63633911
34341393
11794600
43650483
20825236
35913566
51740871
64350661
56314740
71421723
58948676
16912055
63087101
69391292
49614783
57159880
17858762
50345956
65692213
22489088
20830204
72615683
73912548
74749844
78118933
46190320
15121525
42732351
66056561
50426966
29053495
65722266
13457675
16542535
77355986
49235369
23021498
36031889
37816094
58624915
47145554
37666430
18474571
34557645
37142127
51951949
70451478
60819631
53867574
17148080
64831172
79474245
73017009
65465309
57010582
73143005
78451152
54825240
69343708
29427160
24979363
14860352
40737608
42399163
75316906
33103290
44255630
13574249
31741681
75894175
63094881
71094807
32705455
12349757
42220893
78791355
27802567
22935906
56143876
35643105
39806996
75665271
60269422
14429564
11300773
72990284
27881618
31099421
74465387
78526242
78462109
62720689
10257806
31498603
10685509
62925814
76446473
13038654
45254441
52152495
69597074
64200765
78948667
57070841
64558677
10158707
16626404
48028614
79452077
18726164
48300567
30451954
78712059
18640938
14047971
52803814
62317734
27239124
72318996
73680239
18023834
50401357
48476769
51774967
69372298
57593024
53208973
18619914
31742450
24922805
31401541
29225289
57278593
76069744
35820936
75999571
43030261
63896540
60001915
36866944
24841046
43110065
12437511
44432086
11434915
43131351
68386814
33057500
74283377
66722448
44227943
14146170
25744910
45385090
59668488
64344451
23085167
39349826
72490281
27480551
10898201
32956077
41186638
56211031
57191433
58549172
26475465
39142935
78975632
36757267
33748855
52972803
23899417
48295723
78939780
79592595
59716503
73513154
44692682
56920874
58826272
71370272
42121931
35041698
41453365
62734554
76680214
72603283
57240182
70626348
77518688
50697304
19781477
70798462
47195949
30841257
30210748
78359690
34083521
13590254
52271867
51392810
74239674
22275211
63822592
58505736
79362973
67001488
39005837
41217000
35386188
41699785
68677853
76329229
72370014
15448000
17830002
73802452
19756532
70222787
29273669
23406632
30180425
33490307
42987132
79443866
23557815
25117890
65862614
45910670
49012743
74037673
36711978
76841326
66277096
78038535
40003092
21295049
55006477
18536714
31084021
38839006
78456388
27644741
51747981
61895270
51223535
36807040
40156914
42550912
59931956
74063163
75378165
65742189
51810407
45562053
15802743
16716425
69992965
76460890
59612231
42516028
46649753
49021242
79324439
16728487
44462131
30936460
68185478
50589487
51173243
53281299
55781172
10199952
70888870
39079008
59911934
47018708
17051641
28373790
54711345
61705634
41480829
18133880
62596634
46016655
29468377
29776086
15705973
19546177
35868955
50660514
52007554
27932060
61222807
45622210
25017507
18283502
77107261
26697152
62764586
38556281
35149678
65268483
39848186
76900665
70291272
32380755
74001319
44774237
52854220
52965372
10665220
43490449
40313884
66937898
19920444
15107106
17988586
33007608
30073201
32547550
61458792
72832141
58980476
12669361
51054547
20014228
40830536
72542755
31206165
46600739
60943509
24665152
57315545
27558780
25454231
20600181
23580853
17914241
40742125
58475517
73114360
29793256
41295916
24081164
65822301
38315604
68337082
50701705
32067622
32842739
63144797
32838308
47551656
55071976
49777309
76380315
20906470
59273542
64075077
13527452
58599210
20468453
48611674
74355639
22527026
40132654
58376376
20395204
42194075
51040707
26141901
35891063
43568421
24887458
13889681
20954341
18710907
18061702
56989819
62860479
47352069
36261331
40154083
68356886
46529990
51428088
11306419
49822068
62428136
21032524
29468815
66003461
26356631
39725107
67489740
51843444
59391787
13605083
43286507
61624766
73642599
48745092
13388429
18823677
26089161
44577170
58582859
50336539
38007680
45905831
72194972
16399443
53306551
65851267
76511923
59583494
75248728
35611799
50604791
42288728
17759282
30996402
75263918
74145915
13616845
35473811
21436760
12503309
78228541
67229015
31857037
55096207
30425621
61644709
21109669
25496163
32049001
63256877
37060057
44642035
78638789
35863054
60082200
28494856
61552317
25341950
42694656
58686753
72430357
76951665
48236426
42867023
31295506
43908986
71362103
30369718
73213974
18012886
28416877
79061565
60141455
30772760
73731929
67309570
79944287
18198096
37881526
42602793
42506390
76386464
59578334
38431788
21965469
29013258
58009135
67446458
68610602
79309113
33307373
37601998
49488581
34367072
65377742
77498829
40060601
19691394
59945238
65657622
53933795
17985542
42810776
37762291
11519002
24436964
39448086
59349370
70971308
36778357
55153695
15536984
22917202
47572984
34662158
78781600
38900485
58013182
33315631
64970243
54136715
58922521
46607708
76168721
21127748
56064137
34035873
47694724
60542806
56751610
37432842
39011895
15550911
11974112
53399674
15935561
44125302
34827514
41039816
76483300
54578222
44131974
39596428
76406400
17182434
10399442
36881596
46702444
59052774
24433752
55867957
53014832
44148921
47547453
39143266
50215842
15963602
24428639
35567782
48710715
19572594
56553505
31185218
14568604
77473965
45106640
68955108
34708173
47115599
40193229
78548850
24859284
48743726
14784897
37597223
11521840
78312557
58164094
54449632
12587909
46424500
34469406
35002560
71701830
72167133
72104871
38504550
68364682
28250300
38709453
36602341
26498709
57073585
34552403
43243467
39997904
29699463
60411673
18865583
18640220
20052263
55395097
79329640
47792194
48230173
70222771
56450902
44128360
47968342
46034169
46246161
19582564
66872077
14496266
79738893
28007736
44420816
58316200
77691812
36119742
12843375
31075439
76402001
35621010
44077754
35136879
60574900
37066715
52338434
59663124
18961948
77997564
74492346
52623625
63709001
62973045
40802468
28930900
62026265
67031857
68523601
31716502
60950360
17379893
53421138
19795405
13660822
59818258
32886566
21647834
51604434
71996102
16028624
19145504
58726187
62284939
21178281
13285915
51272382
73501085
28712010
52947244
53775319
60740708
68951761
45901485
73289884
50835902
27466474
18214205
24878416
47462704
29050549
45884868
64417960
28573569
33668312
46711584
27013822
48774100
66626447
28962979
61147600
35323662
34181937
47606819
39717622
28210928
58796147
11024397
27834795
32131420
76706965
51476704
11430342
67858986
20683399
23795675
23241895
72891597
29476188
28765672
55356622
27156651
38381474
37061116
67708615
45437911
56263250
46558645
53800375
19697516
27313469
34558966
50366819
71697373
77330126
76331543
72479030
27557191
79175788
30415801
23372587
67510183
21483354
16754849
71053924
41759662
50220711
14702935
67886068
63620183
29856697
67695289
45969606
69751658
45993753
70317099
78075681
46952889
21299170
59829149
55446511
63840115
34838097
76561880
19778525
72070955
67108957
47267569
46753064
49065753
56400279
24053583
43015538
54427183
74597680
33855948
16335930
19147543
71112435
29050268
42498416
41214953
41860748
53557195
54987259
63796844
21108823
56600910
15403356
28594837
36913545
30254318
42566264
19666653
54627613
39247467
50107578
23228610
40090607
41619970
17551122
70067499
61716922
54544328
33000344
44830023
52181144
44183498
15304090
49892231
53573351
51403597
16685870
23738690
28560515
61103743
49124983
33464083
53744298
63309792
40449286
40273120
29618040
77612695
12371292
55164515
23916108
47911850
11949971
14489859
27933785
15752429
54055849
73758435
71868566
52967267
34148430
31841072
40417687
22289208
72092887
49173177
61955577
47868170
18878075
79267942
16593379
14670835
58175824
54118282
72161289
52880923
32988545
75992525
65588619
70101329
56174272
24484578
46550498
76593258
25850422
55152908
59473213
36725526
30805142
68366535
62123179
61892417
58843629
64537414
40564403
32205770
49627753
66015120
13454914
43888813
73098719
29585671
20747890
77542991
40014541
54961427
50869667
28611314
32626120
53419324
59304102
10334813
48146173
58383664
75530682
15048207
71706067
79687480
30935437
64954247
62177599
40535379
48468166
42806721
72017314
16901549
36896713
11976636
44220093
28789644
64716567
49983270
45275972
62187104
25514635
66853433
43920215
15091269
69789725
32542863
17814634
27344601
56381971
46339502
33500158
70082248
65714662
49766833
36872947
33021737
25832618
27600125
73440661
42068105
55559877
21192488
60390671
18875691
57924903
56435942
48607789
40198339
72500732
17814721
59086029
13041159
16122957
24323397
73701624
64749465
74605250
60518820
75763349
75251677
59114753
65419129
35681236
37778841
30421937
61886505
22213672
31406798
79724503
54090347
58744010
72255354
49403423
47320047
75112309
39728318
28238465
56061382
40910454
22513273
77492593
14239740
74800614
37181883
49119868
74175162
51716275
16845367
36034345
55446708
11295717
35949958
28648364
19397623
36998707
79877808
56343572
58672719
68074192
12351476
22811287
13010697
52546765
42897476
40880525
72002551
57225044
39602289
43691937
41351657
59934586
25123547
74882127
67231258
50282618
36490273
13127995
68975707
45277045
27652423
71499081
45351928
70201036
43457390
73224720
10646478
75928652
19600575
74386312
59381076
19413246
42644918
37720549
18637504
18567221
24760312
63396583
30947002
30107912
46561154
23716476
58303218
15308630
61061954
15201759
40076454
20415458
39458487
29789425
70594651
65321199
79903824
20948724
43084294
25423818
28456390
44837585
63326694
67996768
75442779
12852606
60109462
37969301
29167813
75029326
25049144
35898448
46329536
41932261
52389809
57188700
29346075
70196505
53761198
27951191
41177346
36979896
36139488
24873432
38163240
52292283
16493301
12851984
37872088
61393538
75317229
67174636
78703841
36806273
72605236
67224067
29193099
43305457
30972915
11611523
45353244
73791812
54248829
27338050
65928684
78012392
45622831
17186213
19298950
55410067
15114908
64467549
20773616
75791369
29014646
73116753
16988141
45406815
34435619
70264222
25394077
73074659
50073648
33867999
22161511
44220076
10486335
54292357
33654845
42299334
24158754
73144992
56896164
62439487
53996206
70822581
38786341
20709851
69393961
20261162
29779003
72519912
74246146
46537136
22400226
17837905
10419131
14454234
55841377
34368941
40049300
46182018
37548161
51811675
26209492
42639503
14710395
25232807
23318096
50148911
76203221
74207116
16016142
56332729
34615273
61014975
40861890
48050459
14097286
29357639
32873217
48426039
53157778
24297975
77616065
65311010
46891269
73506247
47692119
63170141
78601625
32735091
78141008
20932443
19798876
54893451
38497929
44912933
15463515
78776808
76485323
25919943
12896730
71037532
39566159
52838856
42079849
57657530
61834344
71709249
74229781
48676060
59039313
69075510
57117396
75213352
58650829
62008649
19787386
76562734
44303955
24032540
25221674
26656740
60305880
35749338
36254649
65119010
65894718
66401176
23457145
78639186
20851756
77219723
79178441
18327255
42117970
34513837
79091187
32064273
37894190
76591849
32977477
58426840
11922856
32158739
60124779
33901675
12439188
13280199
16751519
57769785
64045054
61288053
33266720
53422240
12464372
58267511
61397623
21812225
41683168
58877339
55967946
63938798
76025633
62500139
39320788
21831851
71592830
78269544
77201257
19053367
32617097
54850020
71786490
61915490
33749789
40308953
13907996
17393223
49896824
78173941
40642385
37838181
60596289
78963928
57620393
71260380
56023319
23872881
14766882
72895957
18328751
37248728
48199170
31800084
60881144
67000104
51542583
50021024
52730162
33695451
17938544
68916420
25111444
39227079
57595776
37053720
37587506
31685080
75865920
19462566
51312451
29721850
65376169
38282083
30539598
54609278
25049817
71106962
52212425
61132548
50175079
49643063
21909246
73542003
64923452
79093314
70983170
28033547
52845099
17994256
46441741
58174288
54915822
43297193
31247360
36424969
33570537
66506306
74142523
75855164
19595394
62530204
28291648
68720858
13914271
57084551
67525944
55085772
58145058
42880131
50241844
39408349
21208186
79977342
52297396
73204761
46492661
66193377
12639752
46881740
41368755
26444632
40693330
29102554
43850044
63408558
32658973
58218801
73851877
31735619
44133053
74033372
14618750
42057003
16826979
27937537
39351726
45171192
16691869
27038681
47420488
11304901
78800428
73706878
77849489
66341970
51953216
62974127
58634214
51434822
37815797
79719438
39239257
55093685
55912412
33875134
72355079
73360830
51792571
50640643
24912623
36846107
40004044
78199658
36370218
22056739
54776387
29221127
46977185
52200829
21522046
61198836
77237072
20039489
61642941
21038180
79647548
33689117
32520135
58333784
70596487
35274118
77660310
42560611
54336480
28561692
21370114
30123333
69309041
43544282
18312110
34163010
77794707
73860320
75522357
30753549
20149284
49590089
34113680
73442424
39169608
51583395
51555226
65674168
23203728
40868864
26874414
71008891
38187690
61908426
51749841
43709831
45514980
23651993
76555477
28080651
68127680
22035526
52465768
42121916
18237650
11825773
67704122
26013359
11089017
32226882
51279745
64252123
41009264
43271088
52829077
26706116
36237589
44441612
44520994
24323088
13195721
18814235
47780357
20965948
50223436
29109099
47847014
79368506
70418212
50008838
31122955
34310023
10732591
79911993
45412418
19270308
76805136
45934425
16412032
78767349
55052414
46578808
20004797
22574294
64892084
75851187
47162286
60697345
12726942
64204893
70247791
24274868
49767895
23673477
17149941
75479449
68056494
63313261
22252481
59020219
16774989
68472681
43018031
37001827
31858217
22838554
32181982
52474581
62145992
37061340
56235454
74546928
42284200
19627059
14948913
43029297
65348834
26110536
32123817
79876159
40734253
72429810
51447296
69004429
20953506
20286479
11482458
61967163
42155020
11721141
11350142
21273812
32458137
63530664
11820242
64003428
50048389
51465784
30315508
13921502
54838595
50066735
44502037
43211817
62608713
75683361
43589697
64148339
56327416
65004930
78012513
36935922
52823262
16712990
71796456
50499153
47901644
35980968
18254775
10744448
70543157
46788063
25958684
27170479
56581158
23991831
35610266
48970097
38823790
48653130
55824444
77041950
40122892
75359723
26984156
73040321
74329657
66984430
58386752
72937385
50082493
70472875
35529192
27466966
58358777
56499306
68647601
61217239
20134580
17897078
64232440
16814460
49340290
65489425
53188311
62093701
74358519
78421126
26478114
51977377
44767556
37703463
65754587
53144013
21320563
45290848
50747880
50796666
13984276
12168924
65516518
11708069
72828225
68730394
42162653
10279223
58822133
19377328
10631130
42933744
29896838
61448139
53551200
55574862
25641397
76422591
41225460
35219187
60422805
14284154
69984259
72434714
50777910
72675968
25409836
49323033
75925733
30589429
35833105
17126481
77036170
46151115
74771594
77545535
66766344
16763430
77596482
33593473
20835751
25936043
59229559
56284570
19927234
66722159
71167666
52499396
32654547
67106020
17152665
55982280
65617012
71768879
23751777
21880431
32289820
15957158
25991824
14884040
73134815
29497591
57415542
45577426
54969891
54159332
21166963
54836245
23399010
66744384
44424627
38298607
59449686
46041711
53492141
75918160
51264270
15949192
62423615
23189405
10297302
37608205
55099603
13366917
79083091
26341191
23705707
40625833
73830894
66799561
21973894
61727611
67268364
41005917
75357722
70905837
13280998
18230129
16330886
25468906
35922488
37245239
19246954
61290546
44379259
24247706
42781690
24121368
22146733
74723781
79223178
63785509
74369119
22625244
34886663
27234139
65630743
62864283
10322524
79515454
78599339
72170816
58407700
65538567
43789052
43838682
79918093
61712282
71822714
51874181
65522056
10820154
65436027
48304448
47990658
45695707
66902005
33747462
30883983
68205950
32719420
32033458
40698977
74766577
51558255
61616744
57152568
66078669
65546305
50307167
28385394
16892255
73692703
67680595
65791160
49794667
10922338
29693315
31029693
11045226
78121180
21811015
15039353
51093472
11660587
63731013
61268533
29270151
22952718
40069714
36437805
52440542
68145485
22376239
11791292
35076713
55802010
12773472
70194357
78082206
47744975
30449467
55369758
55691132
72715002
70310755
43088804
60363015
67727545
25944106
69974146
35407276
19102564
15556759
66475255
77744543
35072874
33927462
17086214
33238456
10014586
13998609
52953473
55948741
41344506
60788714
62601544
31951039
49291143
76752432
52954626
58234688
67779640
23655662
34520214
79527419
47420685
47510643
75510301
74937232
43834573
49828152
22337575
37464989
21360877
53037130
50490185
54745791
59331544
68039849
73254315
21177066
57614047
23304769
32808550
13659695
39974620
49027492
74103798
36973719
38768091
25718708
74032611
25916975
18263672
19785111
31739402
26378689
54108484
31229803
66046986
69028473
61387146
40427911
51084352
57292202
14844379
79853747
56334412
65184767
72973690
25697965
10900921
53041769
35738473
42388714
10278906
75541101
23640992
25746933
69679561
21804381
69974467
27320012
75610013
65615159
14226488
16568669
77415587
46268905
25639570
71821264
63648341
17144236
70126601
44085212
79836108
69872622
60396362
57043092
78293820
29731743
67720830
12383334
48509488
74049546
34790516
13605488
23477312
54663407
48867597
58363901
78591504
73294041
69421905
62545038
15844856
39245653
64603243
59392855
54564770
70036226
37110692
11506191
11664896
44189512
51498329
35217346
31292966
49474053
40449956
53267044
21101223
18301120
75429462
74331647
52443800
76837860
68962928
66400619
12707389
59264431
16123127
33001236
39108708
18655231
46572772
47509715
56597508
12278248
78945052
77213815
41402906
23679638
37154624
58857052
56585582
12431338
55069851
37872146
76243901
67388987
22174991
18299771
13762553
22644110
18746357
59378081
23163984
45774743
69102731
17778332
15279939
36594317
59417221
43753015
48094945
31277565
34355224
47553758
29960143
37086360
27663037
24353997
52277892
56619068
78591135
47185442
48006491
38813291
49065973
54038304
29754134
47377422
42557394
21994527
70804468
59405906
37493031
76459770
24664896
71353935
57926599
35732598
17369250
23747508
64738332
32358723
77768686
49624892
25678149
77264240
73469027
25291693
61399191
24334127
30719029
13962700
13465801
42629784
74475988
26974288
49599612
51709881
42047445
74911208
31223200
43684165
12569997
30145862
61175784
43431856
11153759
52781597
30733379
34958994
46474057
25576940
63702153
62159469
14419601
15339067
46798280
60648497
19636298
26552832
15704796
12644414
55563016
72636075
32151494
48958462
26132799
20015970
26376524
65288138
28021851
15796042
51480931
69334443
38004251
60179391
15681718
42577576
11466414
37162459
58615843
76151367
51504918
19261609
11870663
72460143
48726773
48600352
79334694
32419163
53293000
56022647
54684958
52014899
71030656
11154628
61783596
66178172
36516270
46130697
79402458
31220669
50835959
40338755
46359406
58238093
68968214
69576482
61383889
23885064
37781778
33668144
26844920
28875318
38355954
52568976
64969416
42667015
59203600
44856957
16735232
20507638
11153191
54846976
53884974
32430472
50853181
53084471
52914951
10154265
13937153
27016425
11332501
25691507
52856985
11646519
74081628
48708056
29609387
50404740
39612081
51056762
10746214
29703649
22078325
33890693
32098740
56595610
10457566
71465673
74563090
76773863
77617871
67252293
33942043
61694215
34851865
50221241
56715538
39995840
58954687
47573256
62142391
35583179
61904238
74869012
63781628
34861002
15343926
22389118
13212540
33643775
36736107
64683809
11380359
70656793
33631981
50387146
39317133
34203454
60898351
75849157
29487215
41979839
76939679
61011025
39601302
56246670
34397506
40945895
43284886
75832043
57015757
60400216
77492891
63835197
22539530
48405092
77493022
25225345
14013889
39066465
39115892
70625678
74470813
13360136
67745679
61618009
11003527
14847233
78697682
69194439
27490705
62228380
32867699
69332941
29912751
30907000
56795683
17307897
44664799
64545182
44158848
59139873
76417838
11756745
42377897
45966541
46211434
64653522
62007263
45078921
46346295
57160922
51738223
24838732
16894880
70078656
79410452
32725218
65533717
39358734
36864831
36501201
49138666
79979839
64951534
38774669
52591138
13923498
60391472
52580618
67665678
67142952
63929288
28357827
33648646
37116984
41682048
48614584
20649037
21299235
32517219
50709624
79510756
40490811
40404201
64827408
22508168
77354997
77553004
29533148
10318230
47042957
12427788
57788210
34701613
23043792
44603110
33037115
58794792
75789642
61321847
50159523
68600687
21339266
15303116
46920352
40351156
39825782
23114635
54764125
15826479
36436817
17011004
51965651
18478673
56888490
49051822
18438227
52026727
72665859
11228603
66844118
33581077
38998083
63867844
21581007
77599900
14100445
39604364
58571023
48361165
21798133
37306947
42042097
65722080
79713234
56949323
27476911
59918178
49899627
26047153
63994152
48831709
33084531
41077746
72036579
57540150
61451632
63892714
28201201
39587665
24008006
67894288
46720683
17368898
78330383
30888603
24753848
57296696
26111948
11333887
60272451
40332410
23629075
68335806
40931435
61088322
65620226
48230459
63862982
65619964
54541966
49261713
36706203
73970227
14609415
44376654
65729343
37403007
68629235
32283543
48087742
40875552
29942513
55312567
18257233
48548608
37921164
43914095
49983500
10217637
32977305
56799764
48742126
23918162
67193553
78299813
27904957
44324750
49381952
42938973
11092536
23030349
10689884
26413499
78734794
48978136
35774622
59923155
48676166
52246707
40942345
26978476
50801514
54708369
77389242
48428076
17529428
59054280
35528153
10897038
63639827
42688308
51176488
50334238
47083640
11323227
13837237
72022282
78467218
76233292
28401995
65614445
59365845
52186334
51707452
38266554
25088754
22010497
75109214
64542804
52993748
38650552
72242460
46452102
16204873
58662664
40314529
79556064
16736303
30013317
61359753
58754882
34478697
44110635
57189520
31378205
40973579
17257876
12725427
53173548
19717501
48400892
14152930
77218933
35548267
75873981
51296456
70821054
26989229
39338390
52702562
36026033
11462908
56963014
51629625
16311067
60661253
49692520
27407428
46330143
55905339
21733754
68847796
72326049
57650067
23636186
26211259
65153748
13413858
45808848
64890555
59017182
33458042
70774750
71243784
40921286
22446455
11147318
48671723
27446333
46575794
71058121
33140615
65597843
25467722
39570400
45517551
37362085
70959395
71985537
19288630
28811832
48286724
28229368
23613563
29012196
67397176
53515765
15378389
38367080
47487793
41581693
23917336
49597556
51431309
69309166
37529028
21054324
77722952
20608477
69770151
25001799
76433227
45747629
38894183
62936949
72697480
76093842
56551051
45913138
66505299
11344829
29109330
12149310
31561501
55681381
13389840
29684946
59428254
55830874
68303883
30109869
35970366
74216265
15438158
25410594
32160979
26819008
42086054
49147375
16697585
20479518
19992534
15473410
23936062
53767846
75696641
43098977
39483101
48672505
20074371
41740909
38006643
44340462
72829096
66069810
41342018
75470472
16279718
40428493
35853107
46168748
12886419
53477914
37252326
21798349
24973102
60692617
34418991
45805385
32321763
61759105
73905566
31442640
53692983
10515021
71377052
32417343
45063842
70228087
47221487
21790303
62022216
60215001
13788064
28509269
77003643
56008543
46605159
17294330
76305041
66612514
61103704
27806176
60961062
73476350
15468855
79118256
68903278
47894058
54418360
51151352
39135247
65127296
48900399
14504338
23118175
19483803
10783372
37946310
31676990
61754668
63938791
78440075
53571598
71276078
19795664
35744512
79699218
45066580
52583986
39684347
49228561
13196015
13793742
26785479
69071896
54143998
59450306
10225922
59858987
64092327
26635462
43994654
24889031
76982984
61700464
55580154
70153072
14862729
15835138
71533712
33983119
36580276
74461164
47039366
38584867
74381572
31567535
30293140
45326611
11472330
46583903
71197506
14369675
54849935
47297956
74949103
29494096
28738463
16235144
13926476
13248316
62524500
47569499
62249464
68621866
24776540
69113015
55857163
78043863
39926283
63901025
49079186
34854570
73501562
11558187
74603666
35632875
74566140
34623485
36779109
59870708
14314478
41891193
57728557
10126183
67666955
72345962
28486811
68583224
35686279
10404368
47758063
14621941
76739416
66132005
17689529
14077817
17092361
38833125
78686622
34540629
23610989
23601971
47314341
16974287
49389398
68494212
14904750
35477178
43680785
56928669
74466598
56232668
42301907
73026707
34275423
48498975
19303822
12762479
61354647
48092435
73643632
59754339
68656355
30582114
75547696
65363963
46359147
64049318
42310198
48392620
18497108
20003679
49191648
52064098
40711404
40109187
48941537
28283264
12363310
59356481
20110709
77871065
78934150
47539644
51355912
77666542
45549394
49227738
56717660
25354860
41588803
34345558
29502321
36394068
68666744
25561006
79725768
23575874
15921995
42494455
34560946
62286745
37184373
29858750
18835969
34595024
58952458
56754492
22913321
74804513
67787442
26345382
18658576
29074735
19679566
53224157
71571212
22561774
48533815
45829158
43334049
26323381
61489181
46380642
76652990
51892545
42509319
56398156
10085016
55096544
61819094
51132843
38236042
63603826
79813967
11291915
37248369
66016877
33467416
68692464
61457066
24667857
44911341
68943375
71717048
13232826
69033221
72112258
56582913
38057760
67514849
46832308
36079895
51043955
18243146
34722253
24024404
11627267
55431360
56942047
47243170
79390792
46038118
40522391
57123058
59302748
67451068
37562126
24800629
76077125
29101849
45054857
37939810
24248875
30616569
41146126
68008527
10845546
77707471
49546219
59260963
71611860
19335027
25478350
72037943
60774587
58831659
35979100
77432444
28069524
44339799
56694713
77071661
46901040
33675615
17349566
42146883
59313873
36287789
39355789
59912081
64668275
62217370
77074142
58678684
45565210
56274830
79299339
69947756
51430652
11031201
22411499
33400088
74733162
78572219
26230946
63145212
38647207
38955910
76853569
61891584
15178955
15553138
16781334
62724953
59693846
52580687
27900016
28253267
51508553
33532165
61083769
12343464
41838114
15312394
13430002
62268954
25888715
22376884
17328453
50519275
30885215
48315029
73929573
59475053
72150890
48380767
78812811
24090767
67130257
34077995
71153981
19215082
29808126
41054500
71114494
56181080
37867314
65569833
69351543
74626446
21605313
38810195
10876424
17208444
31537270
65864261
25371272
32675552
49232672
15709761
74081637
51029942
21907723
41633067
45497368
40488988
59477928
19718631
60601789
64515247
75736753
66549521
75526042
35760788
17826164
31511421
33081472
26292637
15036599
21008919
28252900
43467196
44062313
18944602
47353127
11281619
21137848
34067567
36637870
53958548
51076493
46972625
49894498
52245182
15261829
74959426
41080289
41583251
53199743
35041795
20960532
25656823
55059672
13663840
17284010
39782278
18159157
54663004
62216977
17335521
56167517
50665344
39595060
23472495
25406058
74604219
49935226
17956398
11765202
27739519
58888593
40065414
27159981
51387009
65918873
26645459
42790848
11590304
27106676
10411037
35012401
74325544
34561722
25743327
68781747
30165041
72718580
51558322
36497365
64468182
50691857
39575964
77864809
20128602
77686817
62397587
73908295
68228000
79429532
79101778
57995532
14164517
62906244
38142361
39283277
62710031
11502735
39278829
61090452
56675929
72252106
21732262
51527063
34955731
40793706
13090985
21141935
11417898
70000979
50550650
79864724
32495726
41006071
34167886
47670113
56356766
17911227
38958473
20963298
45160642
72219001
68050841
47461191
55387555
34094449
22895505
34957473
25671128
11120640
26285396
50395904
53045099
75273642
24720412
53429952
52677884
12897824
25132334
21572844
45375063
69879552
47119958
26107321
62816857
23510978
12488998
36137467
32189903
73058370
49177970
58558465
39632251
65870701
17886861
58192381
78844877
32545090
57159229
64928383
63332098
17458801
70878046
61130019
30971881
40785072
30486122
21097837
56734494
47561644
59740928
40613969
72294901
46613969
42120993
16821219
56838674
28092368
43328589
47001914
32410833
30011355
33767975
66962848
31084871
35174904
51674621
16313892
53831012
17388414
12792625
45338313
51140079
58879663
33675243
79904393
35771747
38224516
22042522
51119216
23293888
10906939
69648148
35525092
49151115
37066399
44293397
78069816
22887647
67004073
60941278
57975053
51792317
48464983
70410164
68746859
40771406
25466079
31146811
13664332
13662706
37709542
12223994
62279098
65327055
48785624
29516338
19039176
74285895
26186968
33085562
27927492
46361256
76336750
59183458
33839996
55527544
51496874
65356175
25314355
35644323
15676072
37816598
34865473
33221892
45850321
26206160
64234339
59069778
46744676
19043263
54749096
28482156
66778832
28142017
22267972
19278171
22499738
41203505
68161874
70773514
26673825
10905499
71848839
63635928
43613936
27147203
76538116
37804698
25420194
36747363
22162982
27338862
74478127
70441027
32467750
15145717
29589622
78255995
28683825
64804277
66094606
57093439
62144845
75810445
57807922
52651124
70717793
75234536
28353210
78386608
51947292
74076003
62694578
71429268
39393109
59258443
13502013
51596372
36010232
19640910
56764902
77143258
64561402
12474114
14862722
27788364
31134605
26637199
60415980
29164426
64745973
24992224
43629618
24728961
63674812
11626324
55386712
54808276
27565242
57427094
33980440
51608960
64309178
15700770
14913345
31773160
66476045
47326136
14876508
30781903
36047146
50574362
17166517
35837578
76541313
65627936
13376085
35722320
60096698
53493038
51849862
32642751
70991639
50694958
69215870
53042642
14222195
17266475
73520425
17682808
14706662
75719196
25591459
42156023
50725798
44959009
53319348
60238758
74637643
68941574
12682977
21288072
37812092
41885885
15987586
68115404
40035421
71055299
50535562
60686260
74060842
79458801
52484644
27477720
56833454
36434176
59190192
73210438
26693747
13319022
70542760
40889418
55545808
73273677
74640214
66619960
70754553
18220690
56622732
36855552
15937599
11787413
57773968
45187912
67962079
30082833
36985515
52047356
34055692
41170912
67335427
58544823
15465826
36427248
52416762
56355612
24923300
26097843
61159665
57835539
16122063
79539331
10676202
66642939
31762761
31085709
60713722
11228451
68527479
71930623
69637867
74429875
40899597
42496940
76180497
63211441
43459356
70233738
15622197
70460382
43568157
70225023
35338293
18140841
64189676
27735312
73403794
77083459
32705726
76134117
43642208
79218444
64201068
75627710
25165003
60783336
69228178
67634423
36788009
40639071
67351334
13229359
21312161
35381455
71818247
10999670
50190226
22291678
41476232
37066380
45008844
59584752
52188033
24349860
50353873
63241306
59320523
66860886
69472112
39514929
20330854
39578420
75488496
29065961
77357931
27995031
11005966
23785077
11097316
10246203
57328973
70601597
53658638
53791016
43425723
66063763
78467492
34514019
66582099
66242972
10417508
51095122
15842521
68693826
62241106
70482991
69803310
58480262
59541330
56367881
25128215
36697742
15594128
43640427
53858230
62416583
65669487
25567524
22007017
23053647
41175740
30731946
39367358
59523242
51166601
12597531
60683107
70097752
51034759
58481741
49239776
28457206
37221381
77663571
41562077
47608744
32595213
45707160
68987297
23796604
72281298
77549103
55790270
42952682
22414149
24339493
70010971
58145234
38006933
75456641
40237717
63853220
10119558
30082555
31888599
57926484
42536257
59911095
76296413
32982554
18115458
28190764
79028241
23922231
29711197
41292777
36346988
79365055
67823964
30243243
65383471
60542450
40692981
38022492
60518967
68302323
65886141
69267631
65908324
13476543
57341769
25765632
72753089
73111378
76465602
78409853
78530323
44884425
13217534
54897031
58768961
49554263
61705456
41103975
57426100
79761545
59082699
47475986
33630428
60557407
47271465
45678686
10524963
19134935
26257862
21461823
11437296
43675519
47880885
37552575
77717678
56318347
66249287
19797601
46112170
63228016
26163787
34244342
77635175
34739606
68551140
66248098
61879972
53980161
28459749
68592795
59268831
79808496
57611469
66791560
56638470
62262785
41977345
30314864
52138969
63344667
42006687
30302389
11318996
25362028
26087139
42803565
62293060
56151687
53612370
42104522
34136044
79734787
74472362
70843282
70495312
11660702
28497491
39229908
18075463
49731581
34334110
48563341
60101423
44377221
10750617
40036249
28321606
67875204
18449572
39943000
58446443
47763990
16955199
12370854
73881994
51903510
54251491
16957972
68546811
12296695
30395630
39052099
62436877
45081186
32050655
65565086
30004747
58331790
12623800
73643955
49696138
33086060
50005217
45839638
58220634
60117705
66768760
47812573
27202068
77160819
56711977
50376077
10319945
31991085
71971730
13488133
60705370
56317825
75313518
29446972
21917165
76065805
47097438
50300584
22749600
11335214
76724995
25268366
40571281
66477607
46616506
78906358
46616570
36311657
11767805
14731620
53591595
21071186
24332037
57791557
30210397
46645065
39543870
34257696
34327430
38067528
64965726
53061295
79079734
68727108
57692599
13284800
48990980
21899344
34318838
76691981
49594219
78288126
46261024
22035657
42954683
74205420
46256566
72680600
47288618
10725226
22654819
13662898
64906789
34358222
71026764
42079884
61091803
52206015
63234406
69979540
26076193
41958688
68740319
78445059
36873446
66617442
52549437
57598147
65209972
54409820
11512672
76242693
36472731
76475298
73989972
30944978
79084749
72314840
11749036
14493372
14038684
61082544
70107179
77385722
64006708
18758478
77402314
21394670
69351907
22160223
47157825
35247077
28257487
69422222
49478630
67756742
31019150
67687679
71078207
52878288
59981924
26704043
44387687
31779359
51479858
42992925
59940998
33260605
39685879
15707105
25418932
14070249
16896252
77536053
58748665
28723652
70623012
11166410
39617428
48520256
78978376
32768849
41974774
15456577
74129736
53294952
20081548
32665167
71757275
47380360
72810512
59105422
51991746
67443672
30391029
62776011
14815429
29306161
16025988
33603897
76769986
21197948
43691057
48765567
49544618
24795957
57847048
76899749
38917421
28463242
10037796
63554630
22377225
60325598
34203924
17682166
38962390
67730739
25355948
73841429
25408109
10060798
22594327
57587286
63326425
71807217
78931563
51775738
71412277
17895725
36941798
72246646
65626238
77084363
20232784
74141121
19682480
31635971
68477059
65971672
64166229
54190166
57191567
56679304
31780821
23989357
66399383
11669596
61820099
66858920
16496128
43324051
71327460
61546814
52459479
58992435
10009156
16301483
48794960
35286306
59883011
19664741
33714122
61623752
33438370
62333851
76103208
36443093
78061520
29615631
61222401
76014120
18981356
58552286
12195944
69885621
39485372
72058003
77143595
73588462
45493339
27855965
52067793
40293100
17364647
77079697
70064254
31509686
60816033
68925398
69884710
27685913
30706140
66551763
12356579
25151147
26340662
72734685
24011188
29822433
41583145
17763021
70838667
13500928
53666368
24559152
47940412
45015699
23212598
67679840
52782949
26564590
48379330
58715377
28162565
68191634
56872710
52990994
55683654
67170315
57819305
43689739
35975105
13717633
50569119
21014397
23346166
25210403
21089292
64439261
19250742
28455484
53726261
47625903
73116904
21140974
66658407
55918697
15679194
22923008
13270907
22742509
11524503
51766143
37045502
30923320
47505936
76238187
78171877
32340449
51185940
44388006
58910047
72700954
27269720
64144560
33676121
20966131
28064787
77697180
65743898
44766941
49504855
68130113
53399584
14574748
23613794
39272999
43962394
49814500
57426875
24488141
57390589
59483680
16626249
57481287
25776541
17630490
22509108
19743435
56390723
45032380
10982943
66628544
16142407
57928809
39743721
34986707
75026502
46035657
45770736
72145519
37383192
66545325
53237430
65934401
78770172
20122956
72762731
24980402
55654605
53435150
38436734
79262868
29630805
20072311
72190495
76050966
20166464
38653543
11120936
36796058
31509109
74899236
61154953
68834202
22730906
70534550
42967642
77873041
33494762
32574607
11951867
52260420
51971332
21963940
59887911
52609434
41413283
48354095
28186703
18018140
37966793
44552616
20269353
17976035
65277526
17093387
12943023
79269156
55233924
52770285
49577349
36951190
70277738
29461911
34623823
18663586
28065119
46796685
21911290
35526530
73346014
27544150
66543576
26137370
48705156
49259656
25951507
45188305
63387630
30059669
62963203
45908600
29930237
67471832
15387674
23206277
24290052
24584721
16062063
60386845
12882604
30809679
28215623
57661161
61641094
12240238
74378524
49853919
33756958
69893610
54225070
36821791
72264106
35806330
38048854
64023971
34445122
48663025
23896861
79955669
79937150
50990373
68111895
62698718
28685889
66838916
69576821
51104231
21977312
12805323
58892692
71519505
19139551
71295498
76724137
44776435
70615111
23229354
15470758
43622420
52372713
24763178
32345958
24749777
28627137
28902494
49028569
58378892
64140560
12604646
34383004
61873191
59337573
77324562
46404784
57561094
43098979
23995700
72011672
37093808
56670839
57483808
37283505
10548378
18716376
37238066
41588161
12276436
34857400
54013923
55667276
35822006
71567926
65316351
63750125
29034743
10975458
35525936
28625814
61369910
29035343
55586725
25152037
31342322
29468364
15174908
60149564
16610956
55826109
61527744
26220024
61409215
32463457
24354918
38038720
77095218
61581623
60121157
37451751
49879516
21154212
39894975
56072227
12630547
25192716
14900830
23781653
71195151
38799443
11924328
39635404
35283031
32093025
74991305
43388710
62620714
17490372
12356231
40165128
64197379
75694950
28928614
54375464
76748159
16774778
68284224
42686808
28427236
74339515
48422929
46626554
27902043
79697848
66390035
18270244
45686283
67046421
10712344
34621585
57973624
12317943
61669794
30144072
70406699
20245484
28980371
62031005
47920925
22031204
18348684
77284098
27849896
41841588
40979079
62532326
27637928
30801029
38743559
69757943
35031597
22734676
59291808
46321368
23986594
39574945
76651493
25141123
45497895
70516068
24890507
20351967
77268182
34039704
65978457
65401529
45907062
38295412
14596991
69256035
65752109
32593898
69819669
48437115
39630275
77143185
63145480
43442499
30947638
60598145
12388204
31059473
52750177
26076939
47908054
30364950
38813119
76201250
68416637
17636149
20432528
73345869
10094064
14214883
43308721
55363342
36570219
70463781
53062868
36003425
29595826
57489331
20223538
40005691
14865633
26409675
34961079
71228565
21346167
50057839
32041227
62890667
23316906
18634326
14414348
57001635
48153876
52414070
38537610
15846850
51832915
23297500
63719941
65224265
32973391
75621793
14364043
47154195
39889505
79895961
39573327
53484452
64082863
22905360
49043918
60993544
74916412
20833981
29471201
26714948
71776761
65859205
61733888
51082265
29054133
30785510
44994592
47554266
48525796
25249874
57895546
40741169
64702880
77505708
70357832
30851376
30125806
22110234
46151316
18802954
78268771
16608102
67932574
50841056
39431265
26491800
27764330
14506170
40760052
79128057
31857387
34946018
43602015
50739422
65211554
58609544
55214156
66156012
48723930
62087493
34216603
20919324
58992598
67699613
63432464
45635631
66877041
68630923
66309746
62033490
36311008
10241895
43063765
18937307
41637631
16508255
27444121
75372227
66391118
18579918
44706133
47529713
77895036
18219453
42891407
34109222
57126595
35817326
79333304
55724306
25439799
40646935
49831343
12185073
29692994
28037928
20768179
32727220
19443994
56124244
33648161
17877606
21940510
28556873
70328952
16350850
12128643
37795718
61112315
78501224
29184998
54738398
26543709
43782788
21450821
53571612
51200114
40792434
34137787
17330592
69901202
40258315
75094838
59042614
53027700
59499132
24161785
43684024
26073248
14443991
56247748
19725528
46147675
63590940
13927914
36280822
10645250
10675576
24622956
73328482
20024033
62776988
73898052
53154412
53292287
67644583
26637945
65671455
21298902
57800564
21771402
55722165
69884610
19345435
68568568
43862750
75374412
51448982
29174956
66734850
74921146
75959820
31950960
19351462
79642731
45325306
15720629
58411634
77920837
48661638
46997384
64630424
33993259
56217785
44939728
30381491
79711499
23390785
63462536
24548791
45599178
63937799
15916926
74058778
33864758
36815641
64277922
21293572
36739595
44848072
74490840
67497441
45389344
70595463
45567675
57093145
25524933
15309638
28569853
49177919
40024506
67261113
13997007
78244321
14220195
60911760
63342960
18595202
70338890
36927956
69364352
16520591
74498162
58401659
36883025
63564304
70161274
37241794
46303322
74060684
46474463
47353830
77971129
37215055
34977082
14415986
45035061
40354903
37909921
52821467
64963192
46991726
62521124
19860486
44890655
62113863
44132744
74554936
76957031
46904029
52011733
64950420
44582241
59988417
77059674
63097605
37070156
61478239
18746090
21488673
64085333
77440462
77458190
20209616
71406830
42139978
19574321
52825045
67838159
42638026
51084598
55402229
78571683
37577635
13133014
40080531
39121227
18436888
42775569
57421305
77358435
19980548
65522711
51130009
22486490
10400791
70248976
74255736
15612837
52022293
45133381
40944201
56487540
31596193
55789005
53559938
75441897
74061932
24973778
40748438
37911826
22188872
55857872
72150262
35740238
22592654
16118779
56861029
38182506
24303298
66864249
28115166
63859706
42590568
76410217
33297481
43618975
13828317
59399703
30699336
18662329
51870740
34786275
74004912
63486464
37120013
63117262
57017025
58964650
59354084
64358631
15691958
60361054
56761046
36111108
67788219
29260910
76719834
49926870
75608676
25861023
78876324
64415396
28627890
48854030
54539522
30936890
52860757
77172017
25359483
49626656
60288440
72450365
38994552
45780813
53320937
27813879
12986818
58164424
18458964
33309124
63806113
34230771
56391449
64693472
23903104
18957551
77428921
43412426
54023040
61238168
41807511
34389902
60357479
75696710
61424679
57566910
60281103
63206416
70642857
68709765
45655601
60696589
76963379
54024214
55071639
60269876
22479348
24523586
51245544
40280845
53364234
71258571
67590545
31448530
19447676
49842637
48035883
36762414
41181393
72925167
60250829
61911992
42229874
29211675
53333775
28283170
31028144
71184151
17915684
11104555
52503384
43323027
63070504
43921077
78999664
44573460
73952878
29459127
57857833
69837372
75155958
56390300
34635909
19843041
50955083
53536068
13621105
50029256
31603011
54698383
57735256
10838298
16227862
74083033
24230531
58575552
65748106
21569017
62535576
27319069
49382043
31907838
27006436
42127728
51863180
34200372
52995506
62788066
52146897
29601807
67147906
58448251
69311341
24644855
41698124
26359002
45013857
74769320
38392367
71743961
72652216
14670579
54461281
64587347
38795776
10611902
79901085
46769677
27044757
38997697
71572366
14634943
22891300
62496440
78670496
25113557
73877009
67828660
36818476
21297097
23394895
26597687
72805284
68767261
32000430
40597757
78315327
14887604
19951038
35495003
20784993
33576382
46447443
61063524
20189027
69527478
23785857
75335397
13854834
25568964
12129075
60990507
48930810
35458629
78093325
72655923
76107490
25909614
70940720
78222461
36442748
25164853
58213515
46826059
64839006
54702967
19208281
65662064
17002997
12031562
53479599
66942668
46542387
40210619
26841859
57281457
19886912
60358364
19231844
30212821
64321721
20856703
34648938
14051803
50651450
48866377
49907627
64962572
13438710
48369801
70255299
49892688
15465507
30201658
35769700
79640115
64262896
53550329
50563349
27453022
62657985
60081916
40382293
54299394
63955040
42055549
64192406
10476694
46516588
12058208
15527794
62219726
50698522
47316942
37478701
16025928
78408475
60347736
33878642
75794043
67112550
75247721
74250906
36205450
31058348
59395780
42257255
48370002
47642983
61445116
49180014
36047387
54442048
17948048
67482310
56951627
62820763
66635870
20815626
58477211
13153921
34475841
23609201
35938800
69720537
48153892
67147054
61896811
26568039
46914324
48211051
40699215
72304057
65914471
71025163
60732666
10007277
46547704
14569014
79240779
65932910
71886613
52807996
16051420
69663306
62577322
41786072
62582810
78796257
34748143
69578409
37638847
33706615
48320390
22521666
21819981
25482849
50597926
21620498
24716866
17557183
14097224
78663319
16785101
36269651
31008259
59995998
46613613
50680573
76896218
52565348
14893187
79509473
77079765
23192672
77986271
42478160
38017928
31069913
25791546
52799410
60404419
30199038
23711884
74562934
76922380
76755199
46390475
41227623
44095312
14594590
40803989
48205323
33929285
44312027
29330569
31035853
42227931
48122605
73635672
22669422
48974947
65158679
22880592
13609897
17112007
37700738
36778810
34004038
37525085
35464738
58268460
79477813
37731008
26608388
18323743
42000148
47333156
34714986
16237739
38318384
28380965
57717550
51536938
13613633
46373413
42010254
35350963
17370627
31955139
28079141
39146667
75163731
74942249
33336844
34650033
73990174
38057687
14702015
35758347
57800557
21708150
75193258
29162250
18067574
65229209
78912609
18022871
65824640
15214195
57141223
37014846
75327961
38237789
30858107
49222178
13709766
61926528
59648156
26470375
64497345
40399790
60927397
26858107
34173800
70002793
54292998
70160988
64931480
20931393
70629600
37224215
47940325
33642810
56490895
40779314
56714654
66851948
69636472
58930260
23445334
78525552
33087786
57563423
27551243
68070336
66530230
30326301
51968830
62779726
40222272
54903533
17338425
45128511
46249541
17423711
33847265
38344414
53934179
14332113
62828413
18039963
64258493
49374163
44925403
77653527
48750383
13423020
15164228
78948098
18053098
49692691
20334510
28653200
63614297
25154757
14690679
38394535
75269897
27193565
22064934
47968689
59348185
30520058
66164247
69614796
74133423
52365428
29331874
44523579
43671095
41426204
73670009
50215377
35767776
71732956
14376480
51103640
24447312
40561183
39449271
20016016
39388185
70579361
25295074
73679331
64353198
33110773
49940387
17881568
11583680
74222985
78253489
40304762
24024594
21592308
50125054
16605600
61561274
49484922
20822471
60622697
71299250
43450170
21291692
78766606
59843823
48571742
26208872
15498883
57688113
47287486
44544382
14270913
54712331
52033797
24780917
54457069
76235390
76543692
75469897
47884054
52644611
34396225
12812594
38568536
58764319
19549533
71611739
12141160
67782818
71798723
47799967
48510379
19577528
67109945
41118668
17657304
62310552
57654955
25007542
20714999
18749296
14128607
33120415
63809894
52170515
75105418
15187234
46799322
23031243
57686301
11125840
66427063
70025265
56616211
41810061
42469422
51894234
48128896
23294727
66169261
58594819
35812990
62577824
19859696
55715426
15316914
35467445
14256684
62393142
70589556
47131592
35740090
62588906
31789518
29417995
19553775
39134158
40762988
44294546
50486047
39077684
17337655
14603148
68638101
51968957
27527023
62366104
55375548
21270953
40668338
63289764
70004413
65539392
27624806
17675665
36646360
57027854
19667465
59021409
40021092
12478143
13565264
37411761
15109412
43233466
32897317
76035293
48602389
23539040
37070137
59904245
32368533
43157147
73873486
73100856
21333370
58675797
31022027
66785486
79034978
22116188
72057623
66300392
16121139
15814243
50734457
70311456
53816525
57977509
45442187
60453735
14986282
51057980
11114631
42254248
70841751
79080517
42081776
63180599
15160619
24257430
35859729
20648846
65449166
76026420
18260383
22501952
57009231
11321589
74346796
69725741
21041229
54543208
72622961
26859857
73193841
38987932
52834086
66169429
25535283
66825699
34249574
33204981
75336911
47539766
24594904
17166552
60987603
71601101
51718731
48266191
72769894
52512552
57556120
51376909
33082915
55707612
53053421
72509276
51475825
46984356
41865406
56020844
44248599
71085991
31875248
32090799
16183215
61512424
43627442
75118028
45852166
46619181
14696301
78027235
14919119
46884040
44198279
36094547
39350796
48896367
51939342
53571477
21332235
15818733
69240886
16146788
49922289
30727300
25083487
74232911
11414780
12817497
73921368
66701843
51429138
67556540
17773161
24301279
31985358
42680173
74207642
43059909
53230454
58867639
18497314
72795458
21642012
71395662
40536735
56391271
16361672
48446273
11690138
42590138
57885084
26868155
46517020
10083022
68096125
53852972
66466024
68481495
64729863
36076181
67535088
49110417
71960496
32594924
46088871
23121800
48593256
24515372
38746919
15356316
65998075
58252548
38378725
17397377
27757075
54900963
67230110
32060350
29330943
33518972
78019283
72234556
23942313
41408194
38514429
27093321
61149200
47263505
50673346
69748146
41985489
14421821
43754522
25477956
24859755
31366252
71628935
10430761
44401168
39646762
47742013
12761645
53144976
54652090
56701599
49016703
67247632
37723060
70340808
38777235
13476905
63634929
43255357
35089610
35260675
65374643
32309029
65253810
79255741
37526814
14273762
66813214
45730895
51176742
57499437
72261036
70742689
57012732
25185499
25746824
69417398
60216900
63592719
72485351
68758396
77636804
78090588
36526420
13733648
42324191
75035000
39628304
31447205
74842808
65208510
22800184
45730671
76167315
63400076
44215570
23337408
48057705
69187377
35179633
49736100
73918768
58629581
47936229
77559875
40384499
57496321
43953233
26284815
25993294
39332605
46375605
39065019
70262953
18077255
17013304
23450611
42045979
41501898
16310846
16183021
51318694
66325715
70168028
27126520
49767364
48297627
41928792
15068105
47021712
26916167
38225619
20139059
52859858
55830786
14617472
76443580
24748266
53672070
66855584
27632179
19059504
47355102
21655818
72850932
54977125
41403977
35347177
11794823
33748788
38810027
45215326
34527406
45725344
73490239
26569571
23542729
22128984
61455589
59193883
26497414
74910803
65638523
74705891
34142862
12021428
31277579
79383979
45123408
49121929
79851788
14831063
40754901
34282948
56304814
45998081
35341453
61549664
36496961
66328475
69510479
43488737
47956827
11373788
62495542
10524606
18026406
57007063
64292732
77104915
17517954
26702199
71169168
62134531
33248047
61178686
70012260
79822937
50460954
59432887
58084498
11896682
32322733
21044279
28721372
70461252
68201101
17962978
63815699
13015459
39749502
59034852
68389689
41338320
16187504
34843594
78226824
30610266
66081701
49546096
78134068
12605695
53728542
53335601
22739668
57440837
43601474
33961654
54235627
67487945
14160069
53516418
75932490
41406164
63588655
67107184
13280112
59019332
58699176
56219255
41145952
17190289
64575961
73257808
76728719
78704943
36813743
42485323
50236028
47127041
63459735
26020221
24331817
64952450
66429977
46614318
49441884
49440390
38852169
37822678
56246602
56547916
77533963
13981583
22153917
43553992
65134822
43292809
78642939
43100086
28165338
54365521
39763279
49382916
48145518
40182064
53560448
33356087
50229158
12078702
75453007
74467640
74202581
33294934
31804211
22819708
76738801
53555550
65115443
74852173
16456599
42669542
61775893
57162939
67304134
32583686
21006861
71244424
26509345
17953421
70083543
13266872
75657750
23688219
62117204
70807113
14081274
60192860
44506569
72021433
57360345
26137124
50975516
28912665
37048578
47150860
38802523
74159001
44060500
76999869
64892244
48081515
52447037
56745131
58752784
13848913
65090041
35610284
31171557
21701717
60548012
77892946
22539222
55956197
62659978
25781007
76539857
71859036
22949002
46208837
61452919
14400025
43128246
11195985
10394026
29656681
66409006
40531825
72143215
44924102
60700272
36293523
47505834
17236797
44488608
27537427
10846792
26127075
56330425
43038909
76825835
46590364
48601547
33387170
58538638
53292232
79194206
39226753
47012424
43399388
50594743
71273969
45156650
61936954
74177851
58607428
76916947
63621578
64099690
24599211
49408691
58403830
21104906
12333904
26466667
43198645
45300658
44342807
33126505
44461271
45332087
39615304
67678994
66470742
59673720
35184508
60767382
77527475
67281402
38885817
42382890
51385994
23863131
15528669
57097708
61871723
58378503
25093462
13497072
70590576
71787372
10877766
46241823
60354174
34999595
21941514
24786756
31701379
40105079
77532141
53428828
55015546
40410810
51709321
11451228
42773886
23257270
68318207
52726137
76474097
50819464
21753982
39760893
54154032
29697040
61991293
58674333
71219768
64936572
27349744
43828451
40253164
26702277
21162657
20890458
55134045
48194537
35728707
15957368
55233209
50822894
74546633
77172285
56225477
76762947
71357251
29613405
39205285
49730642
69272392
23971784
35818297
25402421
73892804
63206524
27496614
47993158
65300710
55335217
36489480
45684571
15568899
15897675
36024061
79720967
64186963
67375891
58113405
47902413
45217016
34639604
19832229
21628294
13566610
39901640
77289955
13873196
16603774
59672020
32114780
17371047
30522024
23800571
55179129
31726412
15421033
54224319
10739489
42805074
69484635
12878997
57506953
57026436
12938195
67420627
65297685
27211459
17746731
71298187
10338476
45282759
67613360
74409336
62117422
23765456
47628822
59170240
34331008
23993004
48375491
79678788
32984654
67870035
34213937
61057835
48606428
68833739
33396037
48923701
43340587
46543996
44045787
15834658
67634752
42150346
17271044
76179680
61557707
35476826
50457105
23891984
50263187
50140289
73684376
79465573
11022689
49299544
51312341
79765631
46972740
40921130
60940070
32338242
10817491
54876607
78791699
35887390
59181572
58334808
62482068
37987187
31493172
41448542
27027853
18551708
73714362
11237866
16243149
28522984
74363032
59369367
76116108
64227354
42680227
61372936
32116520
48439911
39092262
28082048
73088983
51602607
75843082
38354784
21397769
66725009
14606662
22714722
27192386
30191585
31254554
20309024
20163750
66077609
48935968
55152196
70105595
14776905
45030702
27854148
76798577
62820643
77770832
77811160
36985146
65516361
45509617
14875907
35872458
56971511
46829257
12532363
69534061
79129626
56451662
76587300
71132055
44796457
37847337
74333312
37630484
65157150
79619184
33688007
33066022
64095075
25876013
37829581
26369667
51877142
26273729
51654258
64589636
71041927
78019035
44784269
44706454
43438538
12506244
20622612
68687159
71247842
58534748
76316245
23281738
40811596
49252534
45763851
26514452
53940152
36416108
55664158
55916316
12036845
12722658
69733869
21563593
39569779
65305516
12598589
15687009
61974623
51875625
35687195
47803974
28078267
41056140
19844237
36199750
51796668
30021267
47949806
29790480
15795566
79737958
38441848
38885222
13598346
36004228
58238960
19555164
68908664
68444725
13037654
27712281
27421195
64898279
45885657
66678324
42369744
33567033
10652588
40330376
22974238
73357052
32947826
26654350
13012439
17061182
70843068
39874279
74879963
73226557
13672932
22091320
21171780
65792572
49536336
10341995
61653749
51979673
33213624
33890556
18687927
52820089
75090730
73906176
55405564
61964724
13728778
43336601
76456720
63337498
28038869
18763205
36201715
28083917
77313917
40454471
60197468
32067111
21396080
53742069
62065567
59719786
54290138
57602785
60196914
76061563
19994173
22625991
28218851
18989955
45445145
21236406
35377558
15285533
76190301
38446467
61179302
65378747
26039428
48104174
27438748
43256745
17755077
71302201
67091534
47979905
24256328
79785215
74474684
17304638
54449033
21866529
51127685
33752091
19318209
71426676
22149367
26910471
38393060
76592083
37041686
54931449
72299795
78168098
69957531
39792491
24990264
23756621
35979499
44029832
48657033
17117489
47488762
49805466
62825965
65321440
11561093
25185092
73068341
20039090
42010390
28863319
64461456
71448425
53537023
13383408
46938389
63827013
51602348
74511699
56098293
60669859
55669806
13783553
47635878
55704361
62039951
33683799
15890430
61134555
22622354
79091375
41232508
30139512
54133637
11849371
61032999
55956732
72593611
57359246
35103861
69484886
74978356
75409058
70087812
44643181
70079368
54179872
73972826
47548565
22446083
71286243
67440809
25979906
54099220
28460665
36104732
58172540
12729855
79835461
56776079
30519325
70665564
20481823
19927010
12529914
67621667
65958260
32560763
52062142
46129423
52912876
44177558
26403237
48695871
60840104
60454487
65885939
69583581
32673873
48378900
50053401
57884571
21157850
46986589
38139908
30416987
54606806
66748011
43124916
69055060
73612649
61590990
15269766
61144082
15158501
11556242
69687701
54064227
10757674
24024146
23250421
62052950
65028047
55696429
24360363
41836081
37050119
24092384
48183976
79161302
50414750
28007719
75330192
27226001
43426335
76949846
54645312
51404900
71778666
52255673
63351429
20069362
12815046
13209321
58967353
35514525
30341651
22539829
30081203
22533088
54865627
32129579
67761635
29880631
14531960
71906669
26560741
37226728
69144534
37839176
28880409
46701207
60815799
33674221
29698808
22608867
59160583
28182734
20070172
60519285
52996217
11246199
45065782
72472975
66144079
14562428
78238550
40064011
34111725
63742406
36758253
41631410
26333726
73575350
42975420
35520639
76206825
73908295
32797843
17276427
23616372
70548923
48156402
76253562
33780229
32742087
57485140
26116703
67039819
79807982
66154167
57463726
64731808
71795469
49289903
35603467
41804191
12524847
47037197
69247675
27932200
33704098
18878636
38357594
17615017
43380947
48195696
63064733
41209217
61310363
57375952
54868893
36655273
74435164
36738799
11962497
12780585
43654772
50394609
22060790
24866922
63313263
59393473
28510011
11370247
67386153
43704350
52369932
56674451
25141803
46639589
13985243
30310907
43256650
28010312
62343676
61543694
26426859
63795965
79888706
23438947
31563937
37593527
62192644
37243641
79652474
69145920
26274001
54583802
72691069
49225997
59710537
28083253
69935903
29270786
29619446
10907530
78424417
54254737
18685324
15012965
57146539
54924737
72313239
14679563
45335011
21343353
74791161
54443040
42773786
21418452
61434083
72517204
27717598
11262028
45616958
75377679
18394508
52292578
65847430
53818705
32685614
26586043
33730567
43695607
70275480
42206272
67288319
27214452
39116838
45378540
73056706
38573045
74753538
69920450
21810864
78344127
52782028
14988527
52099167
33773837
65937677
60633403
30861491
49415930
10653529
59368732
59348376
52327128
13189006
35560754
57779548
16465063
58254646
47458104
40718348
27387435
75927885
21617636
11989982
61189999
59785336
64177465
74922532
75481141
65741105
76259675
63317013
69800779
55746462
67519070
49389709
70221510
74461864
42987816
17058769
63885696
64428430
64278831
58977182
47274057
77647666
25594163
58819790
73973136
28546093
26307386
54428231
29417697
66369885
67022335
12117993
34379026
45796433
29381106
60785351
29507110
39822600
38864785
18903401
15924100
69813247
32593035
58581224
42691723
61557963
53735357
51371072
39985963
73881694
41709816
52598282
58584352
22415149
65226017
45070146
43864649
78348126
12905637
11938480
20217888
72442895
12945362
28217215
57843036
78898920
37179676
44764974
13104964
55092574
51125563
42463606
43674132
32252958
34312812
63100232
71890016
41635708
69315343
78471575
12584952
39516132
16365288
67980296
14810293
59670467
57427100
78093730
70414146
11485805
12107526
18724617
31899975
15693266
52231563
55562973
72511013
28993602
64797367
34742123
77670097
27873540
22312442
20304438
21819810
24289757
68004759
11780174
58523016
17836577
60755796
58135634
19820400
35650142
54050863
77188905
76419901
37034225
12779713
79075901
34691451
20236931
22891869
63846441
39269852
53192996
40139970
46701405
71130926
70242734
33176738
50485012
69461745
17445516
24920061
37537740
17768012
63128144
36733680
60048077
31329352
28222908
70775912
31704262
77881553
22853047
23355615
44778144
27233004
40474429
40202795
17278362
47761124
44280215
25305751
41405919
53132061
51393297
31221847
36353822
25875221
57403583
22953125
25666730
44963872
54925868
77608384
40602247
70912009
31574302
12207036
53223886
49172353
29853046
46693874
63188030
31400193
30232848
71240791
57479724
72432355
79141348
16378814
20391857
13498443
67866121
78684085
72704957
45578259
68427215
20810187
26562516
73680639
37244754
19642508
26999202
51258475
48823737
26201464
28300765
23369465
21716194
31550906
76399286
41693150
31746157
76937673
28292017
67265296
56363647
35379192
44303444
54169060
11613801
17074625
15004407
75258047
42365522
25464468
54930295
73655603
77431676
11521228
57438984
74130579
61271533
78919074
19382066
32009107
47672083
23818436
15370969
42517607
57706729
43881609
38303216
69846904
23796136
34111326
40280082
48049443
20392151
41855955
36906726
14490075
39686671
11081073
53764498
71024024
52188644
68527955
68840952
17700273
53030852
67075764
23447690
36181963
77916789
32788939
62912706
73980011
78829940
39093311
41388311
76585360
15641967
72002116
29175176
58524606
58150768
40474278
31193978
19325772
28771255
43037994
53237304
65622858
55597188
74624732
72283153
51896475
51904870
61633064
41455556
71351100
66607376
43557357
78164273
32074402
54885758
54043823
22971592
52308917
45692625
31997093
23825810
75419551
58749719
42988524
13549304
63395001
73051631
60129175
65633871
15843465
58573313
30685603
70069855
17642973
77903524
47671760
17884210
22015607
54495353
25542783
37425926
16637726
24736664
47074635
53909835
65172617
44866325
49583826
63737417
42545528
56566176
22281682
44734087
55182588
72046836
31521406
32359763
31533221
76700621
79751007
26659039
19049151
61525141
46380861
36767278
32527066
56701142
41022584
61595763
76314512
21250748
26902719
59730504
55647168
24494861
11898709
70234183
14888007
23361777
61376731
51640267
42463168
23852160
19517355
72069253
43740388
50988040
71296600
61399900
13071243
23978538
20598353
33701667
11312826
72443525
14871444
25010522
57315493
45422831
52802927
75170740
44983946
48396042
54017978
32576624
19367472
39842580
15603133
79369638
51057397
53715854
65755398
26657687
43588293
11119605
37918389
43398425
16068715
44533112
77739755
79428805
10885580
50284049
41950760
39256269
15401195
37371051
18333325
63606716
28086152
49808765
72016066
12831333
23189872
14510349
41642237
21595085
39341417
67746108
79923104
21402071
49521181
32065625
43382719
17265808
33232544
37451250
31758031
29321988
26530251
39316084
19764608
46749789
77181100
75608868
20907957
19058428
10506590
69464421
46775519
77148992
60407212
60468447
23425165
17664681
73521101
51561389
51454032
31899407
55191128
66062323
23893497
61750414
23840406
10047369
67034306
70132665
79613322
26576912
50281388
70231474
15482719
47721377
42752454
10760785
12342951
67440196
72683609
59503276
60483072
53466369
65496317
70415921
61650331
60334956
31479891
24958695
44820542
70269593
44377051
77753116
35431007
35079309
19689984
45170540
55203767
73116072
19139507
48996571
50445391
37880985
29375117
39025781
51252143
44501802
69561713
41685880
30387975
61518094
71643835
18227988
71492290
44774615
38690750
33842753
20292489
34414645
31283692
40535342
62230792
36029949
45627966
47828337
58501711
21577952
35638040
43314984
60100476
17306490
19648014
76469970
79445730
59834817
49456007
76729208
37662729
73448842
29912395
69339318
40138673
68386527
71697019
38482279
56491234
61884057
17249716
44041106
52613544
32519139
52484315
19139142
42828254
42565876
34716330
71508393
19595423
50557884
38010659
21998167
21138564
17778151
30906612
37378724
49053102
78686775
46565211
27582106
62861336
21632360
27560582
67724584
78438206
32077464
55158443
48706036
52764406
62973491
20505404
29227368
54468271
52362932
11644557
39589847
30754968
52785405
15228155
73662359
26775547
60525761
19006295
34254590
27543313
72794661
46777617
23014884
57518277
42764001
68079398
21732673
53413924
55234714
74003855
50221067
54346227
17798689
66815132
46968900
61548926
37314478
37725347
20564705
78501008
32729705
21197295
33819995
63288542
29376818
20557710
48485847
55619370
23508249
13987021
73180376
27864510
66940074
31923074
21900099
29821721
70609904
72985308
49346638
62011870
31142327
17798311
22606634
24148110
65596308
40923723
72504906
19413669
69518836
22419227
36122342
46408341
11404425
38543265
23804583
75137610
76844289
57965245
21132637
63750615
74046387
22768458
78195705
74181840
15353141
33431238
70350103
12533530
78754264
54949794
20760963
54087404
23199154
12253387
37394437
55630271
18636652
68977673
42670782
11220014
30207078
66019314
55517020
50074093
66030985
48007003
43230069
78430349
17408065
23228800
79684023
35636495
28699004
75288770
49504994
30059190
36413899
59477210
24527832
74235761
65832886
55707215
66640494
29697062
56503289
36160948
66091431
56266007
50214954
56805247
57028137
61298962
34515420
26908470
67694196
15039173
59681346
39414254
47767641
68935248
24338327
19839492
72522958
11728274
55895316
29782891
62526708
16260286
64335769
29472629
55013546
40954077
68771449
38018061
49362301
51872777
45048587
26213048
29023318
16504130
41842566
78545759
27108471
78090893
12405088
40374745
61460811
67008850
33934520
32998822
33152532
27510088
74218899
76765979
17317337
20131121
58628045
36905222
69347305
61172999
24422436
73324402
64067380
47259801
42455576
30700619
28938452
12727747
36177641
72385095
17690556
65333943
59848841
15693909
39939214
30033590
53338645
18635809
19216129
12418440
16288377
68143098
23877610
58247491
53958608
68952211
28045089
51029143
15673675
29928795
65743947
39817831
40531588
32334595
50039945
18896488
48261140
26167475
42902503
19223574
46072433
66129882
63614214
68147498
51099319
13965415
10631831
52596010
54258871
77021522
72608770
23584252
63398507
14897104
76123117
53964616
30120710
53764654
19647746
43410850
65079533
69148430
66536512
55782252
70626453
34915289
16046032
38363210
55732415
78355313
34766132
63866265
78858053
24275759
62650084
47822127
49731068
35752745
59226560
40652940
47265891
31557430
21215094
36199240
50869295
63149963
61387542
22215787
44694438
79596358
56680153
20378682
19342102
36224576
33867699
28594692
31890183
40312280
79188643
33650984
28302305
60574299
37999047
57625471
45144811
40786795
16816014
18858554
46428560
75325302
79619316
47984700
66583036
55135618
28194355
13527216
74464331
28424690
70294535
32742216
30388404
28284249
39401600
57733130
57343915
14398837
68203395
29060729
22524172
27390768
64103525
15938210
67253274
13398196
13170822
32329632
72716485
72702963
41358386
77239366
47622283
31829693
76454722
51291556
52170119
59097145
49583668
29384096
38611614
53247071
72632245
27210963
67466420
77104550
54417289
27581786
56095383
53244130
65085089
35542042
23727773
63431729
24637181
77866024
43737867
12488287
38014510
79443675
69355242
76690483
39102501
61051033
73598793
11975709
64080077
16095666
60840114
31577572
23824331
42052191
43838039
49869186
71288551
29008670
13457522
76965567
53787176
37464776
22950323
33543679
56950862
59045542
13084297
17234662
48191238
29103844
66982007
70389654
76995816
25908033
40305540
41423752
68706917
25233235
54263049
21238254
62842017
11220571
27870343
50635406
51544725
29530828
61918612
70930115
33769285
52163796
35573684
12908153
33516434
11862559
57331518
35329256
66596315
24373814
49317731
19167597
62072423
34330806
39444331
30069447
52914966
12124963
62225590
20318249
32530591
37452418
75853104
40886117
65984924
72252760
20499658
57090081
69106658
41366113
77249351
79387224
77573043
46530627
69650238
55966874
45383550
74222702
32007714
57030914
68639075
27975513
72317210
48142858
28891762
56076009
31082378
74005787
14500304
31679624
40067026
26931013
31478735
52000140
36852220
35475389
17028174
61596344
66542903
41507797
32834417
62908972
24957362
29168221
40578559
59976355
36996569
68651947
72393205
24035784
57564436
18213431
15828548
12768174
48878649
37226750
29804101
40371473
43818131
62259377
28443406
69229202
18727293
46060326
24441950
15295784
73005468
77132837
62488774
63945763
43592429
60417777
55018031
62013454
72328284
32375767
49960883
45223054
54268721
32127956
77764602
35967874
49820899
57941175
50924484
63470021
56683118
77749001
31149354
34759656
39540488
22880586
79011928
20648231
64806180
43055745
59798911
58555986
60735854
27827501
47362135
60821531
40050494
39320340
79007822
77604502
73376678
52608668
69811638
48159371
56524698
76824246
19239729
69723646
22984048
22840909
31052420
42552077
74982156
75010523
46349188
16837148
68788007
29443871
55721636
35586810
46994145
23513715
59512850
45675319
13291519
47240309
56017516
51233367
64032683
26809221
27948340
25494443
76633524
33636224
77326591
38408979
42456186
77405722
30643093
43289179
51337268
29549508
16894651
44470786
74224008
37892988
66483322
34556381
46384323
71394889
60419469
15882484
73221293
46497205
47847858
41248152
27457723
33761726
67799640
68175061
14520143
13960367
68858212
10048885
37080194
69085974
14614846
24806042
40013922
15814644
46952717
25349305
79860215
72584175
72612086
61415114
34049621
10346060
70675292
39002624
18746377
69797225
55529371
43732772
58112722
21515382
59607271
64565790
66460238
19836846
17725678
59519686
60768391
22044415
47736400
69228689
10457092
67692132
25345832
23439821
76491008
29348690
20262690
22138248
72205462
59612807
16891590
47313182
13987272
16603516
15529679
53398057
26752649
37761325
10426708
14992386
19935677
66331184
32571973
31634694
41952265
36884816
35911503
45565345
11546569
59765119
58583622
43514223
13387257
30561827
33756411
51120619
20348865
52195312
16149936
69231808
54935564
10304101
26334891
65632782
56029858
61610008
26245407
60470858
54804931
79037747
69670990
76685276
13032978
79715460
65178363
64340098
55192376
43144056
33943598
62441533
37574618
33944974
19969639
34488604
60447048
65954686
15198169
19768289
11411317
47248522
11923733
65312143
28648622
68731002
38655438
79706797
34335374
20894015
55950789
53791219
11242466
78978949
24108057
49104589
32110032
43786108
44622898
23565749
19085909
31127514
50184743
12425109
21546560
76765691
66008559
74636838
71444716
29035913
49226162
79387927
14650849
53084237
60597383
53206801
15072934
22604358
24868721
30469828
62646824
78150749
54336276
55499740
38762002
71469065
76980676
43430465
65697111
68082786
64102505
71897092
31985506
77301340
21614801
78037915
64596922
43402414
31316509
43518278
25402283
72353009
16091843
62844190
52349340
50316479
30493240
33823184
20379425
34843489
13263677
49141463
53888147
65346513
48527635
77604192
70659856
62594415
16230736
40949466
74635156
41810011
78751098
55335603
34360864
32849007
77910240
68956303
69071598
45030380
38604500
39053814
43782057
77208195
36926994
33721843
74059648
44881599
57431937
46868621
58877288
58055882
20506113
49702144
10019795
15955223
76021261
38321808
63465993
71887819
79457572
52315246
66423224
20618285
72998276
50125425
78491901
45191485
49336320
77292124
39252756
38258801
29672583
16031140
56825038
17735550
39295277
32397732
24324408
71505019
70059805
77008170
36101535
32746615
78579871
74458762
22562862
30909096
21742631
79272784
30315928
42992321
77133233
63306867
44081053
38901789
26482508
36067433
55878910
53772630
45900166
67676277
37497746
71608402
55782264
35114777
42004285
42333067
29794885
67973992
28634980
21881250
65952202
17544376
74054898
11544907
55972654
70457893
68854619
40855551
17424431
71316014
24755423
11840341
70224250
46684824
36229718
28546594
54423715
76152895
75695674
59893598
65310347
40761467
32184360
65375217
41927916
62531838
44044313
41022478
73544178
58851169
62340830
71439366
79223533
22490601
78297488
26787367
49968618
31693922
53442329
61127718
61002414
52344524
37986917
14991910
67303111
73174466
74687329
72392764
30814963
54421812
66750523
11959594
78493286
16404358
44978949
24344498
39601136
25043216
50629766
17027774
31380176
47154693
42177248
55877641
73195640
44699004
28499034
21408846
11507570
15858893
56516941
63310626
48700087
59986630
41473875
77971690
52426194
25786146
14938560
31728125
13365877
24700686
38203184
49930961
34184553
76494613
42655258
44409177
75021370
74741975
37323031
60697850
46002239
50366804
13274389
77278996
60813768
34753575
36314707
57804515
66226721
61235949
78891963
60915786
62842358
27309502
17644179
55383587
72415731
65746325
13822559
72567618
62138713
48151255
23051528
55867444
69088900
69183633
31828017
64517896
53051688
66152132
46716872
78124935
54230582
54352972
48316952
24277560
47088498
42162888
31137420
73535198
68126846
39545769
71608590
56447191
55830190
12588892
63705378
36867095
30989755
43560193
67709492
40875361
30807378
69600597
42287628
39117315
48918229
29547657
79993682
29481702
35055131
48884789
15551706
76801203
40628601
58678278
72413351
32091092
58308235
20977693
38844451
69734205
62796866
33388168
72982267
12599212
46620843
49134505
19536548
70535205
47165425
17284211
45110674
14919857
31117528
11915643
76039113
48587545
31849975
37397837
27244856
79716256
17805689
29834243
78456366
78635440
40895193
46482829
24022776
67720450
13403263
51263539
61808330
49597844
78949113
61642279
38394930
69151323
62765571
70663570
10440621
41091075
21816315
38041609
14947597
11354061
63598439
72874411
17893706
22776502
12394610
14899336
32096922
70105249
39051035
67219798
41922276
59997001
33867592
18024797
10442133
21223830
79168308
63097002
39014288
31216957
36342845
45267445
59657266
61906220
60345416
18481844
48492711
12653754
78042780
54807140
18176205
67006485
20273656
41237135
16701896
38396420
49740677
46622722
30191558
53374922
60579440
39761426
29034521
50711855
14546517
35016339
43981599
27613045
68713224
10552447
17653113
45590274
68621354
21611313
35744396
67487562
68526338
35071404
31938173
10220840
71132332
37955876
47316200
41982596
71619757
45486769
38443397
33431545
57265803
27045963
21124437
43290146
36065482
45046898
14857906
44404733
13223664
69141223
73856136
19293678
18729696
37533062
47571527
51725144
17467358
13755021
74123638
64900580
24274501
17983513
36416035
15109645
40105937
73142485
52965840
10236272
70802782
71334400
77006799
23789130
25749835
21106632
65445016
38255664
41628620
24652041
49588153
75083722
47002772
67298831
21108463
56653875
35811625
71645199
70844109
11818190
19451537
11280227
39903703
42689105
50635589
50996431
76079488
44964122
69144754
65138157
27283594
29402548
75290397
49574709
23114787
40411958
24195132
35493160
18598754
68172029
67949364
14582614
64520695
31117254
29348576
71459789
59014704
72806564
78966455
24408240
51462259
12364478
62829873
23570301
19139187
49967975
57814155
60776363
23609121
33593187
55912941
28732502
46239843
69505142
25939935
23665755
22953791
78170345
51014079
47242753
77551462
43549930
75064064
32439553
23014681
16014778
78895388
26413854
37939273
28899041
12920142
61187578
35846215
55937562
40279588
49698354
22328409
78688919
28829465
43655498
63892139
74166870
55773499
10867534
30634435
66724816
23661683
62851179
29129741
27881868
66582158
20396579
25562889
61197212
14821835
65813929
76937764
12192603
12436658
24331983
24613858
18298503
30628537
24730490
21069289
53861536
19095063
14163481
15202345
23526548
78204020
42166205
65655913
78039244
26605478
14543709
57428520
76233050
39538238
55041716
76095114
48823795
64889503
64391981
65705486
20711551
66267556
13993481
28946217
31072969
67856662
18806846
28319997
66578727
31997043
40663072
76151433
53068454
28189574
58763907
26470574
39655961
29102223
55605360
24745630
79329402
42975703
38528145
20484047
60606939
77690616
58320680
74332400
66872567
49854088
22028007
51927314
24719247
63864880
70108701
49144795
55282425
40001461
58406238
33765219
70666823
41233165
75972144
79593986
40508116
66404171
71882381
76405821
51471414
31031823
42039529
26866844
36249546
43954633
36153288
79276430
12426731
42502269
32073181
53661377
61246945
10045220
34262065
34576566
18717873
38085017
77972622
39212163
11977651
63671653
78329671
37448192
65774951
22561457
54791808
44201953
25628784
77229331
38308421
51844405
21219374
63857913
51020522
61639591
10782238
63109722
35984641
12016693
46721334
38085872
66491580
58063130
62733248
50309974
52630474
19258332
48247940
42908865
17643908
20232848
55637773
52893777
11263393
52907663
76273984
37581158
68939103
14668718
20066828
67392459
20263625
34095066
20679932
59232538
49526272
19719415
23088984
65944733
67229889
21407838
64317625
59832780
50597296
51716400
49257833
59441664
54418857
63556621
48071510
41973128
54106590
65824709
60376917
76038747
24856828
34157075
46681018
16231143
52531801
33095068
72241381
53872394
49332412
75734131
50052874
61496433
66265338
38369029
24565245
43256811
44599186
28793546
14018891
38330860
32924199
69438139
73326256
56580189
17664930
73076043
61147185
75958744
30977808
48443593
68428491
39962789
72951533
71663832
51758807
23502257
40676048
42794448
20379949
61084689
64827832
38820496
24596971
48802502
63205929
19191294
33699726
52906519
52634569
57835228
60087175
41183341
63271935
38182962
67103915
77390776
55295504
58879833
79088915
36962184
11348060
59505731
54623571
29621302
64364558
34028870
20515610
77450840
43674243
27765217
16950062
64042033
22191542
25278298
62754740
18107054
14317833
17390238
73016112
67806225
77850228
76652779
10574065
48442863
49628220
64493398
44876635
61324237
58780462
12389814
24248383
48097421
73642845
76427909
74711841
76883928
72344604
16149742
43855201
79232438
29598507
30736130
55869660
59671586
38492396
33890378
38694514
31036395
49681516
34172714
17700965
76959474
74437691
56929809
68566464
28685777
59765855
39837669
48960310
28796173
11450285
62937206
13861975
10237513
28943668
54391463
74523859
58486672
32609349
39848540
60359905
29641947
10817828
31288960
62639695
44822704
50521293
79701825
40302559
49524705
71842108
20339728
31032011
74188669
41127585
13965627
36846349
34852956
15249937
16256420
13542282
28515480
69163976
69300691
63995712
47011931
53948242
15063034
68999334
77704024
67556382
24965566
53797385
74288224
44698643
56114343
77594430
79209841
63639691
47673461
35759884
66304509
41149702
55098012
50021159
11679042
22565734
62980842
56262067
79474741
22552355
58213952
32014087
51607176
33070572
22854498
66778550
44220732
49389707
43754854
61289683
79740635
41598577
38424396
15909474
48910442
13279563
29552467
72018734
51771594
57289263
41925306
52839398
76544014
52610075
48333166
57005547
56271259
77690711
63119302
46002796
34293064
69871062
58160873
35019314
47081719
18883265
41466082
55768139
38202432
67856531
28911403
19054980
55018706
66012563
49435457
37974749
50271002
68457537
40832384
11340168
39697457
18225551
73756897
21084306
21379455
50116941
39343694
27547430
71291340
64911463
37050880
12154762
41295132
37493505
77383232
38101898
47300552
41903217
11903862
21049007
60343213
27587426
66156214
59101570
31391815
22526293
52064936
49495609
13270186
63902850
43273731
58971635
73917520
63941582
63450730
45429409
60289151
46668625
78628053
69436546
62042225
52180023
66094436
37880638
39251596
48687343
39283168
51797604
65990951
48674911
48619447
51438260
23657601
67245017
34910553
79341840
47607028
62163171
79052121
33397449
72491675
79878336
27798338
16267516
26641094
69708500
66600512
48128643
70538573
20839619
50531122
55637241
27775619
19166922
16532865
49834699
18817642
71804099
69176436
13351172
50490533
17154600
25904822
63725042
40774786
28579313
59743339
29459498
41954994
65058897
76682012
66209547
60078617
55064417
28194645
25315510
42651822
76916994
29421770
78220707
20547323
48687566
37000717
75164399
10855946
11819383
51086968
12828314
47588440
65256977
73131446
60835803
15340012
29846901
69265838
24700694
19740802
37810646
30427254
72924576
19455978
66575126
28619315
13098404
39111985
38272145
31310502
64342997
64942615
32439736
40988766
57186718
40214494
25222487
28473418
66173749
24767897
51171115
43434544
52425031
59519849
37310116
65811026
31191308
37811449
