64199914
52501294
60502084
52020014
76316638
64826619
63714887
24678352
30773031
73727116
27444187
20018371
78606832
73369326
60798180
16759081
67375764
70102139
21683288
12941307
33053112
56836107
53043290
43724835
66740149
51783203
38205781
32933542
53868216
40526497
61539961
26409944
65200552
22436574
31587433
15742323
36275922
53268341
37671260
32501379
35432767
46058221
79565241
11687764
15287810
49390609
65554943
73513204
59286878
48015927
25818018
60904126
66895333
62509402
71183398
24833020
64145438
73589111
16251806
60670578
69823979
73811601
11032308
45517209
16649839
34501951
54166050
55111839
40765157
45493316
38455508
61704031
29783103
74805229
77614453
40962480
78286046
36010876
35491228
59452925
47178602
71518783
23116085
13020863
64118416
20673780
20210155
76105342
37334031
15088058
63598595
14937409
63697900
47521841
59197827
66740223
48640065
75949213
40909055
67356837
44512053
23804944
43565493
11092603
29500210
11873787
14723441
65192646
44126837
35139383
36821989
68337270
18216508
32205497
41299324
73269539
69602322
11810834
20153113
64419704
24042271
14945646
79274678
52784751
40397100
41583756
50129894
35308247
20290722
61160720
37379276
35053810
63306086
20445389
44294347
53650273
57634092
48144271
35253351
42877785
48791373
47152049
71858576
13164231
37086930
33617942
78600358
26163290
65440630
28246282
25329643
16524748
22648993
14885565
28532179
10896420
17206936
48145910
57276274
38107045
74449276
67923602
45918408
79802501
19152905
37292850
67922995
48565157
28035141
14521541
13155651
59792711
60329610
76685272
66084193
39102052
36784031
53736005
71383304
62646091
53984420
18786816
41754910
29489894
54522316
74355676
56702144
48011359
76562540
46378237
75735539
19354913
77972440
79589943
75864805
12229289
56487193
49277448
50412904
50632086
25228003
47043253
40533912
76929132
61888251
19835713
71514512
70173182
55532010
66662219
52292583
62256517
12201849
34703533
65127452
54591062
39775123
27434250
74073918
65702373
66315272
51230286
32411545
50184199
16296990
78322809
14567305
47901546
39638020
76238797
60350415
21032471
76714983
67944187
41896494
51081039
63800965
37263974
49603437
33651810
64006920
28284512
33171883
19656524
76893080
17351662
45310493
22737509
76922524
41505044
38517417
69162352
30969209
68039878
22604347
72049139
43661949
30569149
45538354
52775784
67959385
66422803
37795905
37687779
27637399
57604722
16094706
70837911
60138358
51481572
18998219
23120321
39471595
15021711
51036130
72341160
27725515
31685267
69552240
21937142
79292888
52005819
72922185
10254484
28690481
73428459
58746833
74859373
24721346
27245888
36000879
29001717
27765363
15716154
29198489
61644328
78711956
13615221
46321576
39713412
20494171
54817562
76866790
64202698
20640351
17601285
73094878
60821053
30230612
39165424
58819970
75987296
70315882
58674072
33504881
32626231
14920944
65487105
46956413
65327397
38789205
53498572
67345625
79273631
52128497
57271752
46528457
34261288
13281718
45358183
11768696
43999656
14362735
70549541
25379085
42682421
66604149
59505721
56951725
42040530
35721270
47304744
74427847
76662601
66020766
34314887
53785621
15287013
32985187
49919383
57911536
40272524
71249164
56946335
51621015
21762134
39873080
57935409
65463723
33378596
51217270
42002587
34843713
60671769
19842795
63674986
17757851
27224107
23321124
32777630
48197546
75370579
68382040
68418734
73414286
65838550
46835727
47515209
27078606
17306024
67769374
56747957
46094648
75570073
52506608
17739150
11940642
51533549
22559275
12685956
10891541
39729736
10149060
52299881
14302472
62601765
37136374
53149187
17603828
74201045
69614788
76270504
13680246
54406287
21342311
40501639
37661967
61027826
68180058
49970226
54031800
33692208
35611974
72544323
33393613
63361579
52988066
55621261
66599805
43071462
41772241
51697418
41400957
58665218
19862079
62673674
22295513
18599968
24876115
79627176
40389657
69519331
79145851
24688433
61121001
30914498
45250495
13264543
30224774
72911369
62749423
44105490
35341194
12878672
44571338
10638050
18836596
57057135
66602872
27139472
71658745
46171623
41499043
41057324
64830786
65826476
24650627
15414426
12554095
23696184
42974598
63097426
54369268
33952401
62466184
51656504
73419923
14289431
77565773
67204132
66471969
50430847
60881373
17038925
14693196
74882671
47722244
33764277
39905913
67699430
50430245
67292498
79293350
35895539
51136042
24464215
72153000
46433846
55826214
25409667
78039700
65630654
68315395
73057498
29636407
24692371
59199507
68964652
28258877
29844198
34100782
40953447
78813358
52967190
37846945
51373999
28249722
11422555
19221149
55584193
39071095
73455875
58462376
53051274
78638954
39322099
17995590
10679462
73309758
71036481
59841533
36230092
18971835
76379060
35823988
72740589
19373412
34843064
53136753
12444812
35968199
68539111
41494591
14196841
38483360
35701307
13478107
31762606
67241597
51623343
22883934
18017305
45543483
35346622
13581021
35289647
12384307
60292907
77032441
39741928
61872666
64721965
10724898
34244652
77944316
28369968
52050897
34672885
27733679
33966309
59969993
73475581
45210674
33593953
14789883
29508717
30853284
33698360
33829634
12987228
23830121
52776562
50228355
54406383
78376258
15623575
33963642
28234059
15385582
76278188
58864936
57910507
28556223
25096544
53408811
20234960
38202214
44499737
63316032
70415461
60459476
64185263
34920348
35367653
49975446
77343005
21018659
65052609
66268707
71912894
41720626
42595420
30377781
54913566
51214043
54296734
28864117
26567828
68653948
31912144
22480396
32520341
22199497
79530582
46939703
33904540
48241448
36099178
65206480
66937609
78055427
12922428
54286601
53431052
11225910
77204101
16557680
29790007
16531020
49148993
61559308
27480140
59547466
14909470
57733985
15828539
50026658
27289797
10902520
66196728
47275354
24665044
60514354
28616852
10050448
49656021
71696011
11427996
69618223
64465171
69434402
27594085
43728919
64844029
43606429
73950845
55464679
57937696
10430014
70210627
14887155
64649129
51241649
47045305
56039952
41976984
38146808
52895695
60659533
17112532
21984539
68415917
27250460
50134747
77485503
47559725
68725080
29302267
65965101
43723109
23733321
75460262
50252368
59143219
66628825
32685351
72860707
21567815
24679672
76720316
16261812
24226011
47242594
67753499
44477743
58238688
39838785
17929036
39365176
45589484
68232735
10190911
68185862
14236319
12636738
42898613
35397180
71831384
13952183
63521964
42298520
70085325
78417292
43862033
50313412
61787465
61791547
73960154
49393103
57018643
77425918
71219764
20335674
60863531
11822905
46924002
72916329
55930036
36766184
62811230
31432160
44382055
32115940
43906550
16234965
68342581
48334801
26510059
13731632
59957707
12839814
33992398
21238029
55187248
15399907
36446110
51980015
38535154
36112252
66682557
37340106
78408853
66791800
41380173
49693197
46007273
63752019
52960073
23542077
78860303
57429264
13922897
40074673
14262792
56199153
31418816
33839923
13393325
64360565
19192877
27662652
60284975
32865142
61330584
49642462
22934413
78450832
77622602
22585491
53432766
50679596
10749766
33922550
41155674
14894759
22219713
13404052
61083344
66357036
67238513
60132620
39405852
36626064
60877982
60550762
77734616
35282757
40286720
41892096
37080594
17151543
29382311
60764035
30872779
12193097
62681481
27531060
31931938
31166447
42218550
19218862
29749595
74749830
56766989
65398904
27844480
19525977
73878871
13351633
26774062
32880860
51485440
18354033
23151099
49090778
48506148
39089573
42465940
64069313
59610994
20432583
69393934
58961970
40283212
36648209
70657358
22176351
36262431
18229926
49788686
26874914
45695837
49657896
25038397
67111143
54913778
47512486
62647893
68927592
24009386
20560991
21387197
15299013
58277267
78442785
59700949
17466466
29340994
70816518
49355395
49019695
24759703
50001338
79090837
11728287
51760032
66203509
78211495
48805404
57309122
61821863
42260156
24335415
13134898
32043598
59090736
44678111
45860896
59458629
77840468
10015695
55966219
66428298
40063687
48891718
59697162
64435997
57425736
31148489
74458448
74713498
59222117
18744509
51887916
70101939
37206590
29065608
22579451
73103501
68876656
61600585
15270952
75525746
73351590
76514633
19509809
64363297
67456855
62235385
54171076
32013699
76443680
17495280
40372523
58826816
12093093
38766731
51808020
58319177
52328614
73454778
23299937
31682908
24144723
79128779
65874879
27158502
79942878
71359271
45631760
43841263
16874751
51652320
23728886
63990141
13597960
30981856
31390031
70933448
25879610
76575387
55998462
42186437
61882078
48428417
25153324
76187030
32811288
37975222
65617405
48159186
57355666
33242629
17433748
40847720
24376425
50699389
52081731
46710311
17791467
37077076
49206007
11045486
21766382
66476471
43354369
42218313
64673127
28280653
71385900
31488952
58982492
58117066
70663783
20575499
75831066
37299782
48225934
23984409
16780543
22679301
18416714
10800554
10376833
28680288
56974589
54945120
34600651
51505102
19779434
48992246
15323299
76193253
44283241
67865854
44006726
43876745
48537232
55668672
53096738
21312445
54643426
43846255
24610668
49059636
45426716
32283363
55783021
17827281
28002684
66681077
79558569
64067435
21765332
44845095
64289424
10423400
27570894
53359147
16646698
74538110
67416704
10025946
54866609
24681388
36814053
77603709
54719888
43436198
34976859
28752363
33880930
62044129
61130313
79221554
76982761
25655755
63655182
28728197
73498279
13076140
48115282
24417236
40001570
69907838
18791485
33011031
11116004
66487412
53128608
65952546
50475397
15989135
27265643
33093752
42213049
68580390
37545330
22352969
54805192
29637821
27806699
36915590
18548786
61235343
62042663
31991167
77967168
35534407
49517105
53617504
38738848
66229549
12618112
75602340
66684001
22313344
20678840
34358588
72667823
24273917
69643671
24069010
65750062
45194989
59352669
20984359
35105459
42886485
57563074
63336180
52756383
54283737
64906366
20583465
40385377
63312316
10453946
72176728
53674104
34705805
42873848
77295290
53683763
40576830
74312455
33793423
78354508
70840361
12876320
70659038
14620379
73288867
57974454
56655202
11218991
23139194
63524947
23053899
47978772
18946615
28598124
51377426
14896081
43793526
51483343
16332967
11751016
70638792
45682881
71522061
18831509
36694929
50314450
13836444
51044891
69329413
59336835
21893450
12696810
26442404
11194141
32130424
22149134
46381821
24620635
67356891
12284201
60601332
14087978
36915018
41289017
69966132
59937636
27682569
61691390
72670832
52727649
61939050
39992188
23300855
44879512
10226124
29825012
32934451
58481757
53045846
70521063
68449268
65873830
25068297
74926901
15606242
23749200
32158974
18194045
70368522
35498714
36433497
47179162
59452775
41744425
43971129
15472657
45772412
50185103
78764137
70350988
58844728
72315500
75233245
78261016
79636430
63668070
71966932
61856288
42796847
42869852
61155519
74184352
58961318
30622519
21704261
47539938
62704210
58819934
13660272
64957483
56159622
37353522
55870948
70842160
52561397
15439965
48845305
30641143
72982593
50451042
47188185
59502041
27718798
25043039
32118989
36352831
22878571
22962549
20541544
50569009
42838551
30064666
16510322
60826048
69231284
67806764
22343119
45563552
34180382
68557844
22616654
61691237
33612445
28757816
14368731
11213734
26090783
62343198
68001360
11176610
46812398
74180372
23304377
13930721
67614987
77081363
34560467
79962934
20512363
32678584
53819790
30361478
27583647
55780822
44922415
53225888
22553129
55069660
71846859
61996723
15674500
31647357
55938073
57203802
18877543
56663972
43102904
37130011
25932806
59994121
30095847
57457294
12749331
22386893
61384854
22361720
42523784
49377577
54709146
58013552
65796628
12253619
47805679
64589889
54999798
30817279
28287456
16789449
66789636
27276993
34900688
49840963
36062669
17251291
71809519
33468261
33439869
76071675
28385378
27387006
72910962
75203427
26666307
50593595
54287016
78820146
42910504
76572526
54070160
62311737
15400464
73460470
20678079
13996899
10196663
72094850
15699140
50499524
20936914
35535359
21768827
48258976
64194924
24417260
37582593
39359845
38653204
42159257
28229924
44886520
57256222
77436735
46437117
26437053
49957644
50882645
14576751
34205100
33355155
33934412
20686339
68725187
71615231
68869066
41378062
75371692
53024443
43669617
28245806
13684512
58655577
44917934
46257112
15053798
21369593
60370861
47789987
37374953
67084696
21271866
79519285
73473577
40371064
64675001
37650099
56793844
11631935
37955287
60495737
41852513
74775885
61517958
11333872
23591829
76096800
45013696
29022806
18798719
20528320
33053141
40702225
30591613
24598348
28058225
16943786
49877404
41940185
38948255
65604976
52965409
16753663
78661562
78929444
39159004
16502463
20771124
72496745
22273123
58645556
73395751
32838175
58532308
17277415
31055302
62944958
25764535
56214679
67968238
40150468
56413286
36493467
47392523
67680370
56757584
27406896
44443249
63960062
22441876
48187465
64607146
45574388
19157103
78881824
26193025
32483541
44969533
72649569
71933575
49087668
45918854
27971190
16268821
41563647
72223771
59731406
68808730
20975424
68819514
51842542
24984926
54588743
39386882
39763374
14522693
77215451
77402267
75293113
53994030
78269434
27382776
13297497
46058785
46707396
23058879
49285146
19739999
48856482
22343881
41799515
26887849
58182178
45939567
52678440
66561262
52833735
71369142
64714331
69210891
37053682
52555317
61504282
34601449
40318421
28057646
11888097
79595424
73111000
19532616
60596331
42540633
36358965
29684065
24842799
53534644
32775991
23234847
49216810
63120669
32578112
62633282
55983031
44386902
65702741
12808006
76205882
21154397
57292207
37408293
68100472
42943039
71875025
10354032
37126751
36708382
75795796
62732277
26532772
52728069
48356011
43650127
48418914
12762612
17898900
32430387
48754458
36497954
60983580
53190947
58939439
60270780
49857793
41599355
30673544
57653290
59633195
58215057
52641279
32790491
46117032
29711702
21431656
63400049
27064569
75651195
16827778
14000568
76550969
70807763
38112064
29400996
36367390
56216820
74318654
46611844
69578831
31184731
15421855
59208317
62672570
68686489
78112969
23670740
50725898
34094202
20764601
21889187
42281974
43232093
49013724
69536249
41056058
21083891
19977788
68222223
41693176
65314575
18399222
49970563
34324654
46208300
67313855
27170352
64197040
17591525
31250892
10233137
34050757
28712286
45052003
23256849
40707960
77621468
15091573
25337702
59578071
15385173
70946816
68437631
66038366
57605991
55100031
19890779
31541382
35439642
40649551
27402014
31040026
46583826
36540533
67555109
77251333
33359200
57297275
11336304
42006222
76152515
55383316
18790574
42570987
73143413
14023614
72409983
13794702
53941920
67470096
24676418
31725025
14783036
66506377
55921459
13491881
23985545
40284170
12375830
34244839
14158396
22962821
67573210
57447283
45403732
24855376
11923326
24560214
38974706
43007832
10166201
39054520
73057308
18701940
37741969
68989853
45343269
75168947
43518817
36539759
58804764
35870080
45031587
26309554
69672656
29123077
17396100
64603715
12384019
59178414
61187071
79986684
65255283
42652233
22374699
53270035
56629887
36443175
19841417
62214455
73797892
15682002
74742600
33814925
54373669
36189918
24758487
22769168
30802701
51861684
35150373
79685491
43281866
57616813
10175210
25487099
70840021
27812189
37424821
12747556
16269521
17038583
31922645
65711925
47367028
79644738
16330832
29287750
37266649
31009271
18643933
41988249
60767291
12297234
54385761
10708392
71209366
37114678
37975042
44064615
33324493
55393568
70831500
45045886
19893834
65953753
31767581
69168168
16379576
73494033
12012509
42643492
28117908
50225345
20609031
61457102
47965551
18400991
47137421
27235287
23010797
68665860
67558304
45012006
34302543
64763286
33867649
29165937
68652572
66792567
72162394
28502743
30748180
35533947
25349613
59664667
76319102
26603182
47782647
36102846
29952564
64535953
54446112
64847585
25235068
28200266
30768276
44262194
43013532
63651362
45349786
15485979
47989084
58649176
43042564
10277805
17740849
41206482
49388296
79778486
29996990
58984873
23184788
21284693
70242657
33126864
58609098
26801139
28826620
33922795
43318808
34106283
48382474
38972077
29794629
57781578
73197995
16878842
66076149
59683203
30415005
69245317
16061578
29007573
33549821
57935869
34025126
11343532
33289201
66216510
38623387
32414153
66457207
29415811
76160985
77276523
61028696
18293464
15221087
53357161
73490056
10235893
45353983
76595551
67181961
56905369
76673260
32625596
72587335
11899257
49769218
14610760
16413413
22883370
57558804
46420990
24108701
60424376
73479842
29892451
30646031
50737302
44014102
68245663
62506230
61129106
53265984
34895375
22343232
68433529
53869972
50210583
47963293
76077302
66197847
28779120
57915739
70517154
15296414
15480769
29197407
66522624
31343321
17778206
22796206
66722915
19102131
63104882
16704684
43033205
58821073
29839600
14307922
30959426
73102742
77271988
67324119
34103558
10555526
77247220
56556276
26921235
79652406
59218523
39690725
14668148
37753998
62951498
18531236
19778988
11247733
31806129
26047988
47121211
78910512
48327986
60574805
42239084
36678509
75248375
36876004
21751652
66365693
52689231
59976996
33093408
73315428
72344837
47566525
28790660
71257772
30805422
33185610
33291810
65565403
70065530
15761484
56155306
12817753
32977285
37329004
35513215
52899535
29584161
60336023
75044637
59330916
38520643
72401790
48293830
60366569
12809657
69686519
59998235
35594197
46106325
15037265
35967551
61585014
32140516
30567896
64455138
65665722
69796690
62559709
74765150
63263490
51250465
68532247
69019362
41274140
39816483
36841293
70113871
64636250
30691618
19758113
38548975
43218270
75450083
67351812
67031450
47593182
24825485
13765346
12420527
49499229
39233512
70083163
78752949
28206610
24542878
44179725
49034162
67562750
77668843
57762620
37279879
67428510
46882049
70017432
51848431
48075452
30473587
19467755
50716820
26956308
79944991
41766806
59701346
18339068
54246721
15411876
57952001
47494256
61929251
20672431
41342452
58135366
11045683
31279511
64288124
36232746
69667879
30843583
12148750
14766530
46968965
49627155
68711535
17607108
43362098
52504414
32113265
71096283
19085332
22956367
10042814
71088341
57636355
68675246
56825236
34785857
73711105
61571274
18573703
63870642
21836143
74231435
75490707
19709990
24993345
10547933
31537816
78848377
24549317
30527026
40139553
20084525
73410191
10148426
51144849
36072354
73916029
27942479
20544925
18743108
68590902
50918551
37919663
79365317
26017294
66681437
74585632
64574347
32665496
36163888
56764659
75795264
46509145
34572573
50235983
51191015
46135557
66726467
67334516
55001457
38677542
64246008
21739753
12492075
43727837
41277075
37022769
45096582
34313203
58625648
55219723
34914823
15143295
72996887
62833660
23460164
50299805
29221835
76294616
26038774
14413048
16226451
40528697
75410772
71826639
31647153
60359355
64894191
26821236
43687973
28244823
72875887
75584001
48314327
78942855
41086852
12613547
43669860
43633742
42135144
71439733
10887169
46367220
56365388
60071034
75413689
68445567
50131367
45400192
42135247
33992914
62288681
27070781
38456641
72547347
47824804
45566348
55346345
36623536
50316820
20252569
20757355
78638905
72736172
65482392
10415553
10111321
30914434
65126721
76772525
74458871
58815920
63324631
56052214
36213004
39399254
52186158
57523520
12254820
44217041
17650384
60125557
55525140
12089099
38825199
75574810
58473523
12000156
65499858
28618282
15695846
58795067
54683619
35948952
29216943
17118647
39853711
75241271
75839430
55403133
31525829
12613543
49461264
21689596
74808384
22675095
75448862
64196611
74624854
50798947
14101015
69509972
39713458
22207311
68763651
67759914
37303676
18527590
48273407
53923280
67668851
48930604
36779463
73337762
61567986
31483787
63132654
29873250
25634655
61294294
62833705
10907488
26696733
67263593
18318330
59875564
33821633
23304876
11714856
61176488
36563591
47781623
46732739
46474501
30851640
40279191
68105274
43262610
68439866
21321334
52077817
28106503
16173659
43241916
52104858
46660573
22227148
11843649
24008751
40160913
30833770
13919035
13239459
38587546
73552294
58153287
11438166
42010474
51624239
23166087
76683909
16611877
11263780
33581745
30501397
61945591
42607389
22287354
69746081
69104231
77773483
69023727
25340573
43561387
44989262
38496115
28428892
27327204
43328057
18092203
23380963
47636090
12336615
79822699
62389409
11551613
73668638
46395109
20063772
36644533
46727723
68135388
15739301
54206714
37141940
78257873
22863626
34263162
31480789
48210425
31523144
33660213
62309362
21775893
79574857
71495105
13053570
54804093
73098898
13643353
24564539
25663366
43478385
20229724
23859868
28755218
35620716
71279745
58917410
75724316
37683043
10405887
15265327
19155853
10368050
42527142
30692055
59310847
64581357
67590611
21464822
58387335
56453283
67762173
25295044
15173315
43606234
42463805
17848359
59889534
70943583
42895337
23717056
60534818
50032102
22626653
54516698
71164879
69236802
25552478
61222661
46294404
63633814
10880068
61991701
49839125
59001017
57057560
58411770
64521509
55197371
34857129
51441139
37306601
24722412
70252425
18693176
35625914
45508445
40759899
60788090
48503663
33188240
19947446
64627816
12628966
57137753
41704932
22298926
48281275
18582087
73328784
22654754
14414654
78366661
53089993
62704920
48204057
24812186
45404202
40664768
63735873
63881297
60402830
19176899
45126753
56261808
36802350
54538004
15203918
50837186
50160148
65067231
24166688
31952669
73872742
52449630
67430516
38233049
78111598
26779178
68300812
33636594
51762410
22425429
14773788
30124705
57162691
39772183
13863426
24069563
37129179
34824273
50336624
49002251
29549219
31703176
17983676
38464860
24034767
49093918
26772367
11961482
72856837
39748742
44739465
33097984
20170527
27756829
38869753
42593172
56614794
48818382
79735789
72273228
40726040
12927667
21750431
34228341
70769755
34087486
22784401
47709710
44672113
45720129
17427508
60649311
15237980
76635726
57753167
10371245
14422599
50502426
34290169
10606802
28157227
39377044
45968430
53689896
11116049
53564533
45990268
36494500
78076519
42965850
72019119
32155724
16079290
51627019
53624344
78115102
52191134
45883652
71508773
31789355
59691202
38110896
15795866
15583598
37673106
60754338
78831244
38933230
61912948
38174149
74575792
55083080
13058381
63297699
25599713
51349216
43916913
13224329
67799766
48144610
18896598
23485104
43945207
79780788
46677201
69608610
72322671
60396731
55977940
33632837
13746060
36243336
10633940
55466299
32665009
56943537
51838891
77880315
56879519
34141234
37560035
32988232
51853428
22096969
39680086
22819812
27487399
76404683
52760981
18243457
12491464
23529822
68750121
34386713
62166893
40627543
72559153
67628361
29915041
24141833
56061870
59499114
27996968
72967566
32157983
21189039
14763601
64352903
70893717
38370426
50985722
34135749
63408658
38090430
72202318
46046539
67328366
38773329
76825193
53788302
18935162
55823098
50160737
15867316
74372449
58247453
72075577
19169676
42718622
44157042
30153888
10017380
52827777
37515799
25646783
78493256
73691677
67034795
74028614
71781113
56773046
13925057
25648171
26662281
58328711
73922931
79343186
13902154
25260326
45898847
42950346
37491486
77325518
25207916
53488340
44970413
62083522
29532072
26580610
68815663
72131636
48005305
78274583
55765792
41612885
54112339
73269120
23396073
28741421
12919207
59609459
11231560
35928269
30322080
56657129
74840776
48939832
30438687
64930094
19814234
71267202
41475279
19989512
23596330
60870032
79862460
51344583
48200575
10627063
71693397
48240327
23128589
56118907
50333760
74762996
64317740
66635813
30077010
42479013
20989755
47580607
65703025
31077641
24141491
23976189
40906308
16862864
21233359
42281053
37365363
56554478
33679536
59564214
26172626
11901207
19720720
28546735
71762745
25683938
27459756
59994701
37551676
29560083
59717917
10719755
22250990
44703982
60072825
47669331
49114979
55768046
52440689
49276133
58125737
12457889
30424865
67831707
50818321
31352302
24363547
31371525
53620378
67806461
30315184
62303465
46423160
58502051
60457377
21545597
52691761
65738630
52868777
46954916
45935813
58254624
66508679
61087580
76775164
68063048
59233546
57981390
29053545
32359788
15973613
14760679
67245181
57037160
41657633
71840959
42981724
63806663
61290942
50729580
12450786
50714268
21460908
28894314
58473404
61458217
57850893
73223278
34117815
42705365
46814115
31217164
68868243
38973134
25653664
70785754
64608127
73012355
36810020
63261153
42581851
29988774
64986840
73775573
61765912
22286129
39363615
34689970
53958803
11840129
73705725
17873034
69603476
33227839
16628349
70799667
70722437
34205494
20930930
70349145
23186348
46432686
69399176
30034758
65593763
74678594
44421578
79496977
62863951
47589566
11431923
22216171
79430446
39221836
46158354
76582649
22075447
56036432
30509336
45012556
62795709
43085995
40186922
21213156
35749948
24274029
14262821
70796052
24955048
23428751
10036121
77658966
37351247
32377448
40833196
74113459
74809662
41242253
40592979
51518552
72407857
40833479
41951837
33822328
25773979
33983513
46081461
46576569
58335442
63304990
56919329
20381459
17020431
27970552
56259872
27203948
67233185
28870710
18981336
47841833
67249679
59957627
39549457
56330070
49028364
36714324
23381444
75668083
37862396
67120063
43368491
51509825
73383658
66740578
37307445
50117188
19566373
38993661
22870774
69794444
28852336
39352834
12493055
23454059
72110594
53218869
38837918
76149648
68998397
16691342
39006714
64039861
64748298
25968423
30938273
77630852
23079609
51458012
68498457
79321653
71004181
39011615
19666722
61151442
53275563
53958641
33475601
69028429
33317264
10263919
40839195
77579687
28437496
51942449
60380283
68559249
12930234
18598193
48726569
74040265
39267153
72406860
41052714
45917551
32505186
39739913
51060353
20274413
50192177
16385046
13266651
51230820
51392174
34540675
40592347
52641937
23886737
11461301
60779057
60712533
29917103
36014508
32106743
53724284
49011868
65149192
45273843
40766660
49509915
47563098
57840490
61040380
58707700
24958297
73767852
50101220
72831387
17212354
29608684
33935230
16467294
29490943
11097331
70804710
54531660
51067565
33586337
24383559
33995506
75668061
32752490
57472254
77543046
30858673
52196991
79683485
68554001
72475872
47822241
78133805
27490099
54276356
52883834
14575911
32268169
14124764
20915343
34716301
48871486
37638976
52268236
62091271
53305181
31851822
12941544
25820668
53087205
74054547
63552526
36324294
65684977
43677643
73925121
12334623
65160357
47941829
48231502
29162476
26380811
67168669
29560549
74985266
77993083
10880891
32882850
48892960
72031333
76289672
77056960
50571282
27133166
78557858
22289137
38025320
67250987
62046226
51352805
13837356
43949652
61084112
78505488
75827343
23486748
77459643
59940035
50504664
58455235
32148083
21853537
11254253
30731312
16943594
28361966
10003454
31255765
45318932
56504966
54876899
27095605
47938702
57227008
23128457
44347836
70559001
73260632
65797420
25819939
57799980
21770521
69937848
25683081
15722081
68393137
35868670
58453451
15370050
74342139
46507394
74109738
25806067
42738089
46744845
65256215
29410633
46780272
39580280
12631787
10726641
37503054
49383418
28898188
43449417
15287209
13011717
32790496
22795873
43428733
27267503
27515061
57341776
36819936
56323172
13276889
30382793
48516142
34411288
72939418
78817733
38125727
26625320
43676049
42637910
54659328
77506650
32900853
37632507
16146106
45830975
11253661
61016575
10420311
55667048
76046371
35676670
32032426
57020295
58561268
41880224
52512985
46572647
48410331
14417713
25808278
72425799
24063714
50790612
47878446
23787120
56355682
58097748
19201780
39004643
42821960
33987837
70381119
48975394
41095214
73920950
45250256
60687592
14094778
18413803
28660565
23900097
40385049
76128593
62824553
24205641
57052198
60486491
20553962
72304959
37315432
17188155
30625433
72518417
13867809
66161770
68211825
52162870
37316780
74410511
54637737
68131339
35080518
59705345
70702609
45643189
31801193
70448474
51761317
58704965
66353722
61174368
23797570
44434999
73411106
40464937
53006004
74185686
40977623
13416529
35122707
54146280
29661454
48738071
13511964
24141360
59590402
58991061
23300573
22660233
35570550
30299385
45463546
34108104
36140825
79788386
28978633
62547519
37154375
51542008
16270817
11602744
29494969
51259394
69084373
44197248
39682682
51052493
60159285
19281720
23710309
68443807
65116226
56967357
11589149
61431591
15654701
38246105
54447551
72344049
55654952
34744099
73899629
69235570
20881331
29102715
69881253
29057796
35947666
74719266
18606340
67794950
72886207
12028244
17088517
71174048
16350726
61281283
13879717
59020303
45510146
75875461
39888975
35922573
61016969
27573797
54998163
42579100
58069994
79137702
75226432
26718454
65399427
46509302
52258158
14249231
29326464
43629446
72064126
12071827
69552933
72558629
64939110
76436730
55094016
42610839
44137596
37315908
13526760
31470090
43760741
51329569
38158841
31078960
23062565
65558475
19662165
61251372
23216374
39635595
39128262
19492077
46839720
71971970
23939658
39885087
78424928
10765266
77912888
65097478
64278014
70763325
27332539
61926345
57663218
20538130
20650507
49549467
34280956
54627977
66324018
22466445
70182383
74493105
70506882
71052010
35025306
50120290
38375904
49135792
31959486
45724663
15553676
68868961
63818766
57281475
49791720
32038253
35035463
62836780
69501886
31093733
64981212
55800151
56412618
32291421
37186679
16198041
69464030
30264608
27617516
57870869
54870305
44455639
43561011
43445633
59359013
14894870
42369144
67642650
42820665
30476464
69038382
73614949
23559474
60131373
44088397
18789889
25209854
60431377
63874448
67330040
69598250
65668046
59381193
25450817
22345315
49292742
56493807
46110891
10037386
10144999
67834451
62031918
48719799
18915920
70618304
68596099
29483299
70693440
78353540
68787655
15186184
32965323
76823962
69544543
31489231
77521663
17899445
11589050
71406739
77413631
35179544
37982508
48606485
45523911
35278361
73547388
43930660
52863617
21845598
17321359
72107765
28965969
17441171
35653569
58230048
66595470
13002990
35516156
55719667
69154609
13965926
79384360
51866381
14067541
67495894
52844928
52227479
31922733
68361204
40166923
48598570
40280944
58791426
65130402
77302797
19297770
56780836
55263166
46716513
11304768
35449322
47588266
65980283
79024761
75730500
14709629
72356122
18580539
22539564
58536791
77200507
62509414
15522160
77298184
40837799
37627569
12056388
70932634
12467453
55489868
22821162
63853390
68212639
61701173
69263644
64211045
16996331
56034094
79349310
69150478
41389344
22756410
70285854
45075114
64787595
73023251
14827458
73556875
77737426
73013198
62712883
22711271
46206678
65289823
14761459
29903486
57710297
30817413
23489742
57943258
76852314
46880554
77266198
39089713
65747486
45084896
53555899
63934133
26014441
29886763
67807009
71489342
37379323
72983614
43104817
33606731
55239005
34512567
71326399
64562841
69996809
64239988
76884098
23912279
11939224
15321702
11637076
75175741
24949729
17378347
25348317
59158149
54012726
36897227
42943262
46859097
15120604
72906112
66683541
40379359
46742786
26237747
33717085
31932368
70097418
19866806
29040232
33691475
28115910
60622880
74726388
53174919
70601102
12446302
32188131
19288855
13263503
68504550
23391578
30036718
53299993
70474384
70520269
67081935
37141743
41423088
11878909
69367201
65040834
27469909
62599108
45656915
79354219
35501614
25419141
37477771
77977501
79215515
47631952
48423116
47570424
70107012
65337433
76673839
36605497
31892381
21306966
23036541
74104559
56911112
58051578
16067553
66626296
25685204
65994383
40617198
22477591
49987000
72554165
12246020
69205233
56543909
65209737
65387488
48574796
79297479
37427718
76207773
13453737
21388707
23912198
69689051
38957767
74661418
36483489
45346152
60282573
64235790
22359535
79821890
78721115
21104598
45399774
42451570
28550393
52316088
34723305
31669325
22664849
41509100
32237789
78510901
59552082
38526388
24683167
74560794
77727847
19691317
21177206
37160714
24576187
20639580
18096467
65804140
11677876
54121055
59644076
19288736
12007292
68403868
31547894
63689816
56632988
55094796
28718203
67463793
10689251
60767561
35214738
60606889
50624558
14086893
79550969
53125505
33169625
34691304
38284994
74940684
10059917
31164012
45880581
42245447
59403735
29846906
69781150
26016407
59052226
52999232
44963094
44718603
44640919
30443768
37880805
68982494
27142736
18988545
23118763
42044106
78821822
28927277
73950810
64757379
70561585
37749578
58575262
15546857
23322193
76411932
69688872
15535015
62605107
36647241
49473004
13116202
31891219
60513386
61604506
32395506
25539701
55604738
79547369
63680295
36494841
15493406
11588028
43796981
35459278
28268945
29339533
18433929
77547400
75028919
67330532
39866274
16998855
30419067
56274220
55342440
74484998
50001384
41676557
64306387
65118839
66838817
38296514
18535695
20003345
55395817
69799268
29465794
74018698
46105537
38136071
72630760
22828477
53299829
23445689
31133356
69543280
38165508
54004229
22996829
53699683
66833344
68476205
43509383
40525128
19423156
39581723
52265747
43345348
77954751
22954778
10692808
18914534
32155541
50197374
65341478
11777145
71705656
35136835
26638298
21106629
75977220
79775358
52492335
56568778
37685134
66071918
50577471
25501706
78157590
44869375
25936852
64323983
41921523
48805686
18785685
76907899
36485713
39852074
24173816
62925301
38114910
32657127
32008881
32299740
60464637
57487522
40165832
28139459
72566437
69735007
39439873
79242648
17135308
61618197
77458865
35623730
13591345
70770481
55733849
37593540
73499555
75529114
24092102
11852805
21453238
42431955
11802420
19538628
78428088
67471889
66717526
33403662
38790791
18381110
77428269
68037900
23975060
37213567
42098056
60475386
66031560
64286732
65356035
43643559
42611516
50696302
75456784
73030225
36225106
52527888
47269036
40804165
78481587
60834737
43213717
60662779
61738151
32789490
67789407
75070226
69850919
55347608
76703851
19637851
72667251
48588513
37450444
76899079
46753379
61305001
32904274
34946074
56760648
49689714
38856594
68201021
16288861
24454920
23579981
38842956
17612829
48446035
11560526
70816752
45844611
61951371
50343140
71594105
61363082
17063183
13258713
23976486
25244402
53696394
25251745
30711382
72748260
73021646
45007108
66410607
44541875
69961241
73950861
49962164
72577919
51733640
69254831
58421692
75146795
24860621
41459118
65914885
18507673
65143075
12681686
66543668
26145612
71796850
73931606
13831996
31124084
79130952
13195729
25381355
68516086
52109526
64405255
54938905
61575715
23774839
13464855
47545240
20296921
31281363
52850247
79024180
21744128
11341970
35333128
46443201
44039053
75238397
11970894
20470938
76446819
16538459
35415010
23362604
15820419
43887290
45731649
36201562
32078308
15005139
29448411
48664668
42922854
45721053
46938707
71107523
55892847
29838001
52121724
32913203
48337659
39425535
52229030
40522671
62932371
25885600
20202231
11760510
58639320
28533298
10307067
60760143
38535902
49581933
30243041
24257927
66449409
27074821
67507399
69579022
35641831
14935882
28523030
13407557
34338797
52051370
19308315
28660539
62564703
66555087
69640574
27412180
22608705
27057260
51997320
24695349
33076652
62210452
64469352
34828241
75877635
45074905
74408508
41829863
43870290
72075335
73444705
44412904
26690826
40076777
14504499
48985767
33232192
59687059
65547444
61023800
43928751
71350589
69322626
21280344
28364605
33965564
34917865
25545555
71551491
46695726
11242161
43234323
10047191
48841237
51406393
32003698
74910909
40925945
67867224
64177703
20186815
17296428
79415937
32899821
61090778
40477548
78533689
12168279
40144489
42940556
28972596
54282763
12259665
25789159
23022930
32052559
77213517
74811244
19166537
25230405
35629794
56610133
27034982
43820112
73967994
25673898
60327579
75172838
36773966
46191311
78482754
14929156
49972131
66026289
74878756
22635092
62097056
16103812
77354360
76165107
30371157
32405193
64966235
36843835
77927258
11896037
67559303
43908038
20525135
74100130
70231500
39355057
41672385
21759920
23293133
66543586
30049232
50124290
29285137
55423020
63234571
25527419
37344007
37109139
37657470
41355875
57181215
46913356
71598692
26756555
31160255
57174605
32248095
30160037
35507593
25822532
35199333
18933633
13072021
36460913
21794281
30349948
77595990
31031936
53618481
60632480
25707172
69998327
73677982
51346043
52747947
26121329
22732880
18244364
49960266
46877455
23349599
37353792
78673899
66439707
74164092
48476365
64607016
56063649
46585933
59163173
18500806
61633230
62114792
27425444
61254254
38238223
56353128
10696460
58811091
42263092
63972118
11576740
45404229
26648746
47369966
76091438
61270379
38189213
44974452
76862095
57011979
35076449
23397795
12941309
20120001
10709326
27903156
19117235
16852333
33182818
39664462
78726023
54937446
24350923
63543116
76908315
39058803
51277140
55570871
22820408
11929191
18850039
44930803
53098898
18723825
58932475
58027695
73944779
77990064
50302034
28309652
44449741
44481182
48630737
39306784
15272478
79368949
21986765
16827136
46848356
65919493
31829233
73675564
75824489
70932188
14641136
22722662
50192641
65339117
32743469
76242012
40729764
13493812
49303367
29444441
10139242
52577420
56918298
47869518
53789354
52850646
49655845
43092049
15186752
62941220
39589031
64693996
70342662
55934686
48855921
33520891
64751663
35465508
79754445
61427931
52773030
38222555
64998198
44367374
32028749
75275481
58881832
35531253
59633785
40711191
29955832
50404710
15134915
43493054
36466637
56306405
47925574
34007399
15674987
29040063
15623139
22231049
74126970
44728885
11006677
52475141
52757789
14380753
48032851
34988038
52107736
55295050
29554284
21165021
56479496
71308885
24418076
53167433
44304082
32248692
58508714
47758937
11843450
31280746
74256711
36088187
74080155
37906874
78647123
35922649
13603422
52924497
38293880
17432318
48851353
40318129
19542071
30693055
58579964
48470585
41367643
64202207
43234794
75688841
77449841
48381038
25648957
71758957
71643335
49584868
44650815
22616195
13315659
52664218
46532361
36289058
21973623
28044748
26961019
51386382
24722589
35319681
78944940
28163738
62192473
66941306
43703980
41794760
23894418
60790069
13911740
56345267
75941543
41929928
57240886
10999882
15244115
51271989
31992304
49098766
48717762
40858154
52978832
18676751
52723368
50905399
69068040
39397413
20169384
15870964
32178024
48578813
25502794
16690075
47241733
47235674
69559267
60887200
70453747
52196336
64595502
33339364
62553149
77881740
21789896
16828172
21530304
28453661
61727516
66413355
77597227
79069223
66917026
48957841
59607266
17724305
40297587
60822074
17237355
20300066
40656843
36790590
69025785
74739667
31153801
73083689
54093108
34263595
59336953
53597961
17854138
48785961
67055856
49103749
18295850
56322799
53719187
64985936
21429776
27699664
50438249
24342945
71222951
64999148
27179491
48632872
79280494
50949619
23537692
33286281
11506244
24928950
35866638
16250738
16755074
60431377
57998415
78270272
68411478
34837070
47925138
40966449
69245129
78745561
44645751
67300523
44586325
59966647
21593902
43708295
26507340
14351789
22514357
69683468
76657514
15127932
14782001
67949054
36000283
73781929
40442367
54107860
70370340
22318822
28064710
40509029
36056189
65459468
45690054
40684422
75410548
75799160
75708424
18799799
68251487
62180378
26716708
50105641
12844212
12287089
18499446
11490930
27596354
67190207
43465220
71376680
55857957
36122067
59938819
56846731
19088437
58865553
34206911
61467567
63290400
10273441
55085234
10533836
47737606
37768891
21351472
11698208
48507972
41410495
29031374
75454728
19509697
64971433
32917373
46361926
31261398
28877213
25814802
14511286
45225275
74516272
51903181
35351494
49084710
41910370
31193836
38584485
45559114
43688419
78675408
58280927
26018068
51051413
32977166
47185887
55224603
21865393
16056560
69676218
31074439
36095856
18164727
45281201
56306023
67884357
12763101
57420080
21203095
49954351
47743566
51251239
64762136
33989815
21889109
47159252
46612591
34757066
55841910
33262635
73975443
61278065
14994323
21976251
32728791
31293640
44447977
59963723
34774003
42776311
13904649
56691912
37898935
25008444
64745942
15629006
31896632
34118163
32032436
28965346
34620685
64629586
72575625
65513232
72320153
45560455
40614059
79426120
53739667
31651830
58795692
34949707
66494653
25724847
38848943
78972764
30340450
45088086
51461508
72054587
54721900
36215995
58037835
49361941
46500796
53900789
10298190
42896298
70458444
49341337
78149713
65786613
28360956
32679741
47669638
64995443
19716475
46503634
77710151
53010137
20509949
26135500
53235541
24877740
12696261
77874532
58325275
65116843
21017675
77649158
53520765
42861287
30099638
43618489
55916449
50621841
39748336
13957075
57654276
64420925
69187465
70880162
27194207
46795805
38407107
53050121
65081574
74303795
15037173
30882761
21601142
42725010
38545635
17810101
29099199
67017866
63173792
30210998
68289577
77011086
23274142
67897646
12993567
11477162
26264112
54352968
70559264
75439304
58905483
12597084
29072749
56278760
72794656
17978054
43590990
38818045
31148317
51092075
19695899
58433923
30370834
68807724
67740875
53539876
68227964
54317579
55226111
58808230
61349505
71330332
37429913
29237881
53773481
35109506
27901269
48822071
27016887
72099890
32788014
79308232
45134990
23514489
67323366
55443311
44498572
78098000
37537891
56906833
38689350
20200088
24631833
66329043
15883764
51817756
27906384
16913321
37403861
54735587
20511996
56414570
69640672
11540919
23653706
30294421
56166154
37797009
29476893
37867765
49793381
55553183
71764616
16037546
28982499
19519695
30742067
27029198
77682360
19918212
12701114
74883555
78258635
39342342
37275602
16031875
61151401
61481585
29226755
28482690
11318562
25969830
73978308
41356133
40674724
11557207
12316558
61840308
57361978
51341311
28465419
30661899
35198142
51055420
10208818
34053733
64850630
10261534
23237032
43068465
44982903
73325563
72909300
50380924
77119954
44746235
68034183
61275677
77520416
59114578
50417687
64685001
56551875
51958996
12849215
63595821
77729524
53898994
73693155
61190286
19960158
26739669
48190321
71180701
75529466
50012153
17367900
77172122
71647814
30597909
61492744
52185305
43104934
13968723
70733844
33178877
27555384
20826748
55988684
18197403
53221470
64409192
57186048
55045470
17511696
27269403
47510274
37539775
17030360
79006607
37285743
65758236
19377337
17973314
71223064
54464873
39467742
60574502
17547357
71531815
64069473
14986747
37987806
64176713
61934271
47951381
10508119
57949857
62540933
57894514
59347105
33675911
67908490
39152072
78119573
30430613
47484122
57362352
38688939
64018889
78472113
48546765
55276885
31111392
17238644
36670673
72369645
76111477
52538548
23296751
37551218
31867968
30986944
49580552
43150745
52878121
73851039
30690816
13157805
49467825
14457586
28552876
30904234
20772283
37108090
61052194
22867619
39271448
34461669
41202792
25156020
76591778
43647136
24409940
60712986
26084518
23862426
45550199
36947429
46430223
74114587
34298724
23139755
70317319
27549537
40590606
21263978
64382364
49582283
58445549
23370912
65403278
20417264
67165592
22552510
27003178
72795160
65844318
64803182
50241622
50630990
31225412
51304340
24588695
60712846
47383950
12011648
71988328
61190788
44841272
12363540
32543721
67596297
23160964
11036322
45240657
32698228
77707217
68617611
17029706
46093845
24833482
33810989
61010372
25217893
69574956
60646199
20856109
35467405
67154826
63511292
46269449
37116621
16179469
44294669
19112053
54213385
10977930
56926770
58558661
48671416
18611957
29824261
26181456
38608440
55053149
59971492
25961176
74224397
46677811
56075103
44800741
67339765
47649336
66548885
64726799
73125417
37206422
75072047
11345270
28310307
17658236
33821432
36661841
56874916
64179337
68001399
18217579
53676464
75580457
29930425
13062690
55565253
40488094
76050369
18094519
41495153
34200337
27342166
31007326
66460652
48708448
12950416
33103694
36908219
78050752
39322037
43665384
22561786
51629458
70188969
36395854
15639751
66572519
40870377
60091334
51725180
44502768
34939883
79201085
47749934
74196390
45318374
54722354
33042368
47331581
34693102
18478513
51834414
27290455
54450095
51890745
36759513
66062203
59931765
40295609
53952098
56763498
68355873
41703930
32803800
35470131
26464894
16830464
61465723
67755303
65994107
75215122
55500812
35903022
10171266
40766526
36270286
23479933
53199020
22420431
39063006
58523081
64106406
78470456
72969641
53302521
14358124
30369988
25704334
55669121
34432168
19712823
42028097
70078288
79566211
12527809
53083171
16443302
47173645
74419887
49449302
30744969
47779038
52528156
36651402
61108885
31654694
35534188
75326740
11466934
55153021
66735441
45276200
65666211
32013470
52011019
74146917
43864825
21276415
74808366
72817431
37302715
23934592
49130284
20707273
73139044
45404004
12792515
33534981
57488352
60346323
66443127
72464806
37421815
25772975
76743580
42847961
64937851
27552355
36980822
45067203
72563187
42015750
31204646
42578577
58019198
41642335
28218912
43745898
32992907
67446697
61143011
52515962
18213168
69708042
77652198
32086765
28210297
44614946
27252383
49573252
47702575
22511460
35051790
53518569
68183912
61863399
77396427
47461544
73988232
29137879
25471461
25799995
58761618
20540732
70489979
69750511
78303707
75477059
10990851
58614421
78934674
13498404
64751314
42104135
56759210
78043162
34146565
50990322
39769991
33652362
14438334
56189101
65270171
31709779
11691933
48496916
12364845
67208085
69911175
11687209
56501142
28159046
18126066
59003734
32473416
37572983
71969171
79602493
20871467
15243580
47112442
71044755
47327862
22864887
46462644
47202748
58694685
51816159
75664759
74364043
34198345
79604133
74610436
10221734
64770140
17922101
46052444
21532968
16669140
71232325
41013771
18978349
32153260
42311532
58450212
62290060
75134881
75738917
20169649
47488819
17778796
76623915
33704464
74919813
70928007
71505371
54651197
51812700
30714174
28018264
51441267
77473391
22927728
22843440
23119037
49694384
77680719
38840058
47412417
71860473
42406558
45257719
79902654
70460301
41620541
52231403
11879264
15121174
79348011
64628937
13167289
67236977
25992157
28614199
72056268
16443682
15849587
52305761
24156209
58125932
28467007
20816825
70956083
12232246
72883384
53195877
75342245
18770096
49058992
11763638
66865738
19216484
58234092
54509089
43635621
77556461
39699953
77642627
67020770
43079818
39241036
53664876
74329430
12311523
42228974
47889607
38677044
74896065
58108604
31028665
21563597
69556212
10410242
64778467
26410148
60526542
61465232
48697104
43140423
78617796
59869968
41964174
37761165
12739155
34359192
74536489
70131163
72543574
13629931
71225756
51884770
22260269
57040318
10314685
54116060
37092221
44589656
54806147
46251097
45077057
17147788
39547582
70536522
52722271
30946611
20469298
51922592
68456368
70219564
22112742
66188845
16965682
75949235
53134149
38792083
50100238
13245613
59697068
39151652
49549865
68535862
25813423
64119741
19904132
66725835
52814472
74818550
30893505
57428706
37970339
32744161
77659228
12418482
73408375
45511182
21241036
70794477
73067691
51593089
35603522
16524095
51064431
16936723
50947651
23708615
52002635
79814595
57231848
38459864
75511005
76561078
13505313
56641254
65494164
27536919
50650120
26792770
16241025
74328732
36900293
55655670
52752494
77851502
45125833
44484464
39778442
62741420
67064615
69910754
30770845
34480424
34577859
71541043
34624456
74677707
68105407
35794437
31492003
33232163
39868678
32633285
15565292
46049523
36227184
27474881
69539503
13876305
18469986
10221409
27837069
19158107
26746738
26756461
65969180
22375247
32456445
64777113
71106108
25615801
27823262
60569993
35431823
43286261
10053270
23948269
55185087
28840002
20515868
64192404
68062450
31662857
14652343
53147003
70703113
56573531
50155390
15286642
17962712
28858960
14581969
47716133
64773523
16044079
63088389
16233152
17910488
22494236
36882679
26254385
74654050
49044005
59201086
20018523
24506937
60828873
70692756
23240736
27437123
40655408
58302652
65859730
72077754
72350662
67000590
16669686
17402173
43669153
75192169
65437758
63384323
57248023
48784831
13789581
42060250
72959053
27946116
69118318
49765078
53628451
23900504
28618093
26744011
76149510
72112603
64008585
26596222
78107807
76754310
14451552
38736154
18794951
36591230
56174248
28125319
43925966
60664510
21234816
76988402
66106141
39113541
54154173
63210740
78416499
62663282
63349298
12662717
13555555
39350949
11042078
69182320
19065094
59248588
77674825
40036176
38931847
17176090
69909913
77428685
77399142
57109797
28895340
47381890
53006650
53648966
38293382
71486839
14895497
15467441
78131229
31928865
14848165
52695473
11275264
19459807
59439624
35037315
17698263
37435431
70239592
20969777
72813163
37362090
29335970
59748133
36505756
32837455
33387052
54580157
15823677
55015380
79775979
29417145
40349041
16003811
72988551
17905537
67564457
24986480
14164987
40973820
27086306
66633363
26900579
28623898
10917609
66992573
72154799
39584145
12874453
24440915
10531516
32495236
17415946
42485646
69521570
79856764
56365621
50339488
66523873
13074575
31723611
42057226
73893215
41863304
13727587
59479699
71522651
30491905
60982602
43079985
24809767
38129469
63639700
32837222
62268853
15093067
69267700
32898759
71874546
17444836
71483119
46988475
38486217
43800588
45522740
14867167
27305099
77841571
40123000
73427003
24249782
74205393
45981920
16830377
52928664
71123937
38086408
26136748
79470711
30141488
60202069
49998168
23215472
46804727
66805362
20896014
22728404
70108142
66134084
41244362
47364571
30191983
39257333
65439517
20283953
55097053
37386119
71333979
43394385
19949147
39536997
27804237
62872501
31421156
65232294
52760651
78782051
34194556
55967156
51011082
14836392
66698583
21865874
30233528
18854276
48417711
26691530
63342036
17607745
34609112
38796657
23425446
17922245
21218000
58211651
75291962
63984686
63844101
76929897
66345041
19088513
44678397
30487345
74635443
39114858
76532301
42961253
79427716
25475303
68782862
36676988
56093306
26072087
18381608
35319565
67437759
40788828
16635566
61095609
12135070
47333081
41038671
39889809
12621487
41951936
77184793
24659537
75984550
32812628
45941227
23478624
46916015
66417650
14184222
75878611
40742052
19776488
36926724
65666483
21332395
21396420
21192196
10936702
50329244
32697730
20015477
15429353
27347819
11930174
60165740
17771847
30448770
61640133
59477546
13034394
76347093
53650723
12405116
60935733
26031603
44410421
22341574
37284700
27061958
11360408
40701438
58282741
40286570
60019744
24044969
42187266
56145320
54424667
29202882
69381977
73858584
27604346
20145694
35308079
22080383
28917964
15070122
65850304
64514068
66125228
77993182
58009613
28829615
73234210
16101559
42719158
61040203
18101671
23814057
53339868
51159382
70851125
31664429
43961600
71927308
59959010
39529029
46882210
12915205
30962875
38878261
48135841
45037541
29714958
15400556
14079139
27874490
21445978
48420916
53911262
34725756
42872255
17348494
33457733
64084114
62642049
21371503
60643036
74313047
21670420
20360407
69914156
36490796
16428423
39524199
49850494
22216070
61216571
46021328
59282357
35379324
64208792
64884907
26380632
77928603
14982874
77662848
11556255
34400028
65862302
40325070
56677294
20868210
26495139
58249893
15252282
32332726
48598239
48342855
45364415
17051021
28587837
47123694
32898623
14262253
41961737
17802564
12803415
61126419
20776961
67057127
74301391
38684207
61466345
44299822
17879218
43553806
56206710
74559468
40998172
13928364
13511937
78054207
68994911
74179165
46056746
25297084
52756273
66048720
73957886
40428060
56124569
69130070
36296740
59600012
78344016
32463188
67111496
67539784
72549557
28524083
67671289
19254911
15082209
12705037
33797113
16886877
10403990
41864081
50471719
28979454
36214047
24796207
33817788
20810858
53705351
63475551
68726382
21352147
77565375
24068265
74979991
68350493
65925287
47452392
16623934
47131996
69335034
43070576
59340495
62063996
48826984
45216002
50829801
40729402
79769080
43285917
77726567
72660883
25502413
23238670
63143554
73264222
72152791
69106564
72971295
15035734
27882324
13811075
43719590
19551327
55742040
67531905
26839545
14744338
63741407
40158050
30693576
23464890
73157675
41233201
73803679
56724701
74931631
16769483
32189400
70679558
28625050
26717153
20679559
25147814
60867149
67703775
30877986
23735721
22338824
66886312
53024484
67282804
77427051
38082454
23590307
19635841
49668031
67075230
75225874
25036747
11683775
40243796
55569911
32859032
21595758
63012563
67172605
34920469
36435528
57150534
19946699
26540764
42603331
26994925
78087372
22707144
66661776
28976541
27142102
58141458
54445995
41978287
40150804
57239390
61891291
43601692
73882541
32585198
43134381
30244486
32545523
30886240
10944670
32276680
79166765
67863362
39217792
38324311
38780143
55688239
28843040
63396421
65841833
54140629
79621168
36298413
41706456
53284127
45588382
51540806
72863234
36402057
74943671
38604277
72549460
25554351
16593417
42387302
59308170
10300178
47609233
68516518
69828486
68882800
55661039
79603523
20394782
59730374
48238506
20892784
71121032
20540862
44505259
70994887
62932562
56511527
33137966
53764942
42359697
46721270
76133367
78301898
33097265
21476552
40214663
45804433
38034483
20774487
70909101
55951185
12733344
20109550
65368796
27891714
67487379
43875654
46193216
62221459
21022550
13554702
66835747
27463843
16025799
19271681
11144055
66525927
21126202
51159719
15666097
50155448
18025363
21952903
35829337
79964430
25837245
18893484
71938295
63323255
59621696
10198035
19320072
18528569
11719610
29823740
58698671
59439111
50474953
59097331
35669331
25288106
77489753
37985330
61286757
61469335
32919302
39460786
67509777
23709179
75606409
22607385
59522182
66439551
63247519
51047593
78379846
22272521
45100217
43798144
37972765
79966523
57101236
42750755
73421816
37514407
10263333
51341019
20775472
22591295
68094102
55830599
43926219
21840699
76956261
27799782
21097098
30092968
43052185
39005652
23187371
60464560
73875347
20527534
73091774
76234115
25924941
78455487
50311676
41948645
14531652
39382479
71157689
29172867
19746713
72465525
10231332
31053178
25376184
70566382
16263778
48474178
18392251
34651156
74377723
11896343
54576499
63929731
46264653
38909970
31718583
30044484
14059795
11525543
60014994
10133356
30246150
55597795
37034663
13349059
30761468
16116109
78876591
24391169
56780933
62830745
53014260
12190361
23607392
62995471
40743763
77352084
67752750
25473631
22231362
68475789
15796195
41983486
42615408
48347931
43811481
19143580
36112034
28757202
63506572
38527319
67447135
30151973
77020572
11566766
68357901
46155385
41970374
18989658
10626231
34276698
33737075
58703437
31005023
45402012
69228864
51783208
61324974
64279106
23345799
30766923
73400723
26406245
11479337
48557136
67936439
52783751
70997933
26089502
50411811
18809878
64962146
48791324
79783606
51848167
21066742
52418403
72384605
12330239
57395029
35731892
15531087
34386586
33329408
43364205
46761700
71400794
46881628
44450090
26953034
40417790
60193289
63516773
36945532
64245902
65806815
74951892
69062997
65594374
74200052
56357126
66780830
62639050
14469948
74253852
21899145
21645046
76507345
35218713
47818682
59951883
44452108
11904265
15666193
25715367
73398703
23485332
27948506
29894861
29071349
46898120
68259861
46445396
52914053
14580124
41970505
39506658
11718689
21679384
27488933
50577315
77523285
58661713
36087455
35287775
49927108
72090560
35994894
29301425
59106846
22272302
35381470
18107031
20293109
15060447
47689747
43758668
68017371
75454079
57954293
28588160
73182725
58036298
43945415
32608700
47730658
51820219
54925527
57613185
15136644
30343046
40198737
36382423
41948588
66792878
31388726
52127324
45415729
13117931
29895027
61469561
60484617
41707287
64280058
28416769
63546468
47028732
34691621
71845888
40959733
30644060
40835801
76698770
45124276
22086086
73120575
53355578
41003898
68558781
32726214
10052922
35923947
47448225
66718104
23561793
53146789
55249066
74100341
45722128
32707035
34295772
69383280
25016737
74001476
39747718
15659910
74846740
22425927
57171406
36591278
34829820
33194727
64189207
67572724
64451351
45109741
66074183
39440577
66927655
77354020
66536346
62663903
46392757
33857724
54269969
47001606
76757215
70175995
72157303
74352787
78998288
70879075
46017973
57522070
11614443
45750409
63761871
34111760
53605780
78063459
28908115
63263876
23914132
73959135
12844097
37031867
45684526
20627566
27832432
78822518
14278383
62011138
60951682
22580563
54998642
41397760
77916718
62773630
32214551
60323682
26923197
68832781
66193243
35230104
41797603
12793973
11763393
54579249
34393748
36831231
17702888
11036316
25486882
10348122
38619511
71118466
40979787
17657366
16493145
33249921
28264437
54267424
71622647
77330018
27011188
70094932
38209330
25719778
29264808
77354106
70669599
58434821
52048229
48171787
14694597
31445672
36358616
30481166
29856103
34269393
35482773
30218470
44255340
17782226
32598031
31189297
13391029
21090624
65786732
32136450
57304359
69669024
54160964
10967845
54385323
29899992
50535903
73379716
17418683
23924442
73219570
21210529
44344595
60437525
60025958
17197518
28962997
48220796
49212110
20080751
60992913
73076952
71202730
58820885
70241015
68737238
13442232
17237791
23874543
46055921
46546343
66185771
44593255
15069054
49795630
49194614
48006138
26295201
53506692
67154612
16065919
33435472
11453017
26376041
26834091
76854668
13958539
55050102
31690353
72122455
58718789
20712612
21591239
24128611
15358375
20970888
49703938
76424871
68520559
15014088
55544089
51476583
43896826
12761429
36695683
55341199
57590383
55789102
46860873
19066141
70612845
33811465
42538731
61809166
30558272
75106006
79488132
66190921
44778254
20742846
56125330
64408402
18884800
46331075
64140824
38104604
14062661
13741936
29285939
14779456
12682523
14451543
33211258
50903278
50435710
18707393
39377114
25576951
40018706
55589172
20666495
18304829
58929270
79426835
29367687
29724838
68792760
28724175
71938461
62771464
57667324
12782373
13149793
12319506
13162084
77881482
47459053
58186432
50291041
26791880
35839678
50962301
53539212
47509033
37321726
48851668
26109932
43612296
56764822
72971170
30963983
60301488
10675444
70540841
42600018
54835596
71630817
54523220
65422789
35383719
38898606
25428051
76636755
30478839
39835000
39033790
36339533
62614449
64710947
67551382
21442634
77348426
68114787
75624258
74053336
75895594
57927283
40572085
72423348
20515378
59653516
43518336
65734066
60905709
24958347
67255481
38427672
37277292
50517718
42276518
66207306
52952625
71664530
51908621
44766422
67328345
78448881
67164163
28420986
34123479
76149891
19157701
42992699
79150042
16065808
28984158
12383803
12909828
71080523
26268669
29212968
75766072
40134439
76373630
17437485
34874571
22523574
24126266
37838929
77540238
34398167
55044475
64551627
27660702
12043777
69076320
71077262
70412290
35489633
41294159
55277657
30557050
63914897
79387771
54753968
69989845
28557956
44632993
46543471
75555198
47679493
66070292
14525358
40928139
37360512
36265708
36663140
47561206
40829571
67744214
70390838
62024162
62438487
42709147
66465091
53291821
46506004
40695529
44194396
67683357
30290917
70697762
26282378
57575298
27436891
15557955
11663475
45746099
38106337
57916268
35419390
52796585
41344137
28383927
43750414
22468855
31174462
29694141
44422765
36808745
41839657
67062796
28383526
70125287
74703409
14981692
65849050
59957751
10632595
47932927
66824161
57281571
32510498
44220057
48032975
73805708
22857113
75789384
54511993
73784771
30271031
46251145
42023315
36316891
44256770
73510334
33144194
66155625
64606955
10438680
79015974
24884262
32285368
79184532
10253782
25766410
26725589
37413214
34355574
44797962
39876557
34044359
53743047
24653938
32675497
44413399
21058299
43627676
21496730
13169892
39002178
46311251
12128378
79235269
70568221
79611628
70660558
30591835
63006737
33735396
71021862
48621595
65143303
72012925
27706442
32840501
33788422
52049698
52527700
30012119
22079441
76778994
17332764
18208608
61633291
38995790
32907104
22350318
68775879
22949663
62863032
10899025
23861162
61986316
16711897
14558547
50808940
73930184
74080067
11532064
16701636
32922335
53032355
46200868
41027757
62054591
30520862
38128789
46381884
10625204
12186347
37942337
39217848
24574742
57642377
46614733
38784948
40529533
43291304
46988469
68423002
78203488
31325744
51275042
65274929
44539349
67228188
35184319
65432173
21453382
71175131
60918897
20053758
11727384
25446956
49161930
65437575
60953587
79012737
17062315
33520845
62973049
17204509
79335617
65053546
73339621
30234763
40858185
68523025
75506851
15706083
60200089
57457102
62484300
23923308
24801335
77360044
37785778
21607111
59298354
75019280
77238118
49651061
57800657
69648809
12261512
55048044
79890568
14091917
77201377
72404831
27760067
75808587
37402441
27046594
29254654
61410043
71209748
21919729
18105813
54512716
68977836
76083301
60064726
42043021
58977412
50961860
15346851
31752389
70436597
52990711
35782065
19753987
50990895
26309139
60414701
43766161
43756838
35380565
41096059
75480605
48567926
59669310
35553764
19360178
12131401
69725970
32920713
52503606
25770807
17476670
27457114
47402057
65859745
11195013
22834539
64438245
77702537
60514856
75602535
69959593
25704481
79756493
24757591
40362972
21628780
78165519
26555616
68851425
78621670
12854198
35272221
32401934
69703453
23820746
40415873
57771965
33388133
25640004
33872226
75915753
72902281
55059042
57893363
24237818
20720343
66082216
64163974
43284737
25461366
68783167
28698179
32269522
27334269
59706917
77481932
65628091
38025134
27714325
52888283
15488375
19431115
17142146
12958258
41290429
34022531
17256691
39072758
20803648
55832023
24113658
19080683
22829243
53264298
65762073
52769583
36833719
25797906
54869252
15350996
61710331
65063329
15386052
56511058
31415089
31527655
41742285
50933702
27609321
59037501
14450844
12027636
79661771
30887851
61029383
14986131
47188950
63317125
18566077
19508141
56646954
76013239
46717796
42387935
54968533
71239888
36908757
12830361
73655870
72136062
13302182
61282161
55727192
23742641
73782318
13540686
77890564
54233769
79575148
41802218
48739369
10459870
70496711
67836029
53283489
35024396
71608585
29182254
53796529
25024405
56017944
71553005
43219797
29221826
49855943
75587882
38484242
62975126
57596343
18836556
33359171
12945420
15787904
57260213
38812422
43088625
19430008
11474658
15671009
26378291
55822619
64101865
18714085
50566502
60462259
56609483
27658563
65415978
54308488
42422088
38390324
79065627
48521425
66320554
36701096
47544735
72367885
23541346
73863825
77525737
65106743
74970587
38243145
17646696
27139514
66415904
73099871
46641209
51952746
28306033
56306414
53624064
45001629
79171593
54286554
78226621
20247245
71204813
70077820
57020957
42924921
13381105
54937933
58973520
64787469
61597752
69746199
44769946
34124325
78032849
46184774
58049523
21586272
24686134
65591074
13515420
63932341
67640674
33441781
63199666
53535961
34264098
57272633
46288555
57315557
10028275
13344399
20553927
29473992
26040988
35996444
30298739
74023740
33960865
56198694
68100517
28932753
71512450
68418995
34454350
65112247
30012496
24433759
74560947
60618038
32322093
75233347
63964359
62014548
41521358
38050638
38358743
40889265
62538700
50825755
37508264
54492896
72691440
38137518
46763366
53987581
16228369
35529098
33939817
63843420
18021482
19063144
43267895
70531662
48354106
79493490
61644612
17147515
32569666
45893084
66637667
67946405
76042974
21920484
19306392
32745463
43825164
26411536
36810509
13982228
46344039
78722863
77960908
27171322
60375394
75619969
44136070
69089778
19616302
45758687
13174717
56938263
51863290
52322381
34487261
58268753
69285682
33307259
72103704
25622200
48461169
69782965
45765019
39847044
37412832
45546818
43927406
58522118
39081616
20584171
75775682
18514910
54561609
59487534
37959474
34157332
27501396
75766569
36785628
20146790
70155599
19402477
15636712
10188349
77362510
13258028
26847804
76724727
16432936
74594138
13962715
18963993
60997143
22406651
76020517
17997863
58426328
17190334
12805792
18602883
35593232
28002452
46141796
79860805
14712054
30084734
60927004
47995880
11094532
44890962
78184267
56631187
67426568
12072760
64436243
60178980
77811453
68251297
71489608
59472339
10580415
56840893
72371144
79330925
25330771
66695219
32907458
43825120
27589526
29568304
48491583
52443912
61869516
16256029
26744160
37504904
76598866
22430543
36420603
30463320
55907906
12873773
30923391
66210427
57184060
12123715
55780517
67737380
72373593
19255146
74966991
79612569
68040668
12636072
30701122
39217134
19672240
78322759
12999082
75895259
79511671
31802900
68074158
41838213
26964028
78011802
35153576
22807983
33994255
73071305
55881722
16442649
13805266
62612209
51257035
52451352
16903525
12551559
24913077
35134304
59643849
51695224
79933556
20806692
12727620
59321051
48770519
69176987
19935236
61376718
14262195
63506427
43542065
56455444
70986682
50213452
16130919
18278577
42307667
30609851
53015454
48049107
68105464
15540136
65528405
40327441
70443391
46111733
34714194
39717664
13498857
33862185
20243078
15747021
29120688
53268186
71596002
45035190
10348505
35226061
59459225
59114814
21755299
63652683
40776873
16380968
16878930
49746941
52843849
51134160
60395429
31664806
17735813
25754789
72416400
16298451
34153425
58030320
18698259
66698472
47696362
75591113
26062617
38362643
73740096
13569525
48049758
33780649
69509981
36453880
27517858
22969250
54099689
74996727
46417748
20346963
35380078
39561034
47247471
16209211
20758229
30887195
32961789
42815856
12033653
36516431
24639311
61521159
67805180
75814740
59478409
53683713
24414729
15819574
79575772
45785936
50261042
66284816
42712515
36128163
65214188
30757534
47677851
63673037
56855079
50364225
44614450
32324690
79138693
45989097
53210467
69846533
14507265
71011469
57507280
64990266
78390044
20129886
51532816
30149079
46366397
76074818
12712923
59117430
68541982
31412943
37733176
10781469
35755096
65185525
25917754
73613005
70187757
70473671
39779646
63942571
15704315
23575530
14670260
65709920
57291706
22391368
78288077
60108531
62479465
22181522
77499258
44140312
56367703
13800863
52510172
67674009
13776848
16943747
72444671
40752379
35174364
72609014
25400119
56618185
53837543
78388829
41269142
68783355
31521085
55633612
47329851
55919354
16701591
61781124
49251789
78788947
27691055
32237309
54854406
37083935
17732476
19465018
55889414
61736516
19020337
60818792
52762242
68305053
59877326
61276428
51696113
26443456
61997085
32779353
45596029
45517162
56251233
29245515
63875707
15070488
30509520
73168320
36413468
21983925
10647070
72718655
16078512
77210860
45968195
41681400
47120977
69895466
78411074
55110275
44480457
46861011
23121451
27766060
11580936
77610867
21980330
67922926
69676958
63699461
11861609
15710045
61700559
49000519
70489172
70106951
17055132
32589162
34510783
32552965
22760539
39243602
61703646
22947190
31953636
32341013
31277517
69250116
28678643
27013189
42339331
23748519
73050002
21145448
10048879
57386563
75197671
27685470
57020796
68578431
42314125
71926214
36052329
52464056
69620412
56295134
58779578
70971057
75740250
47153174
49975395
77965665
69182248
45423882
69539975
32185431
74555826
22675652
73362695
10401774
16209334
42462038
45817079
49640942
74619447
57044126
15171799
53615981
56683946
25173754
49798539
42523024
54580537
76817255
21907854
53497983
70692956
43107614
33952628
21549661
47198099
75741343
48870990
68020527
19787481
34760754
40787470
78214541
57764529
33921597
23697048
50571192
39532322
76158638
55929103
46987167
37360279
24479010
75514734
64866840
47483119
35701544
42184430
76364796
18680664
72429436
75859032
63205392
56664218
77255075
59755234
78404332
26086804
16148931
67595501
16389075
38057036
24498845
79322064
52304566
69991067
14693772
42365564
30609636
67166150
14494181
14327113
47152394
78208748
15258180
78749077
31100702
53536735
14208691
48040504
77629315
37780772
56850733
76871151
26793818
63393335
47538571
71512646
51935859
22177904
71860246
23736087
38426918
16130951
63205007
27312584
44738739
52902476
31808605
64940539
69217619
78727458
42912887
28884467
47796643
50211931
44757144
57053094
56795901
31510952
79914549
30305728
71379488
64746038
48514162
60160097
25285275
28415765
72873407
40166944
25590326
50245263
37128183
50525832
32233405
74443565
42648888
79087911
53221440
47222158
54125959
30131346
75473784
23260745
21498634
29438877
47905944
25733881
26345380
59855973
29106139
51317697
78312551
63814439
53039684
63141959
21525796
40576847
54211778
25817099
54491222
47057626
52835843
66050793
46318307
40819586
63387927
55452870
60765005
50152274
12249398
31779040
39886715
79815970
18626290
44822345
21440307
15176379
13957078
46782438
75995142
11538015
60915763
61594175
59519900
14835582
79825557
28146987
68858305
51785986
23143950
53148869
11145223
30657426
16886870
15905465
51505582
31306221
47646932
10801104
37409338
20028561
54195418
26227016
43854449
11846705
56140665
78179001
72044311
44101884
71008265
26523032
78409248
59290049
58606798
72532839
15521435
32616648
15816380
36554415
19466076
20634687
36295274
73701231
26782039
47255277
47754334
46795496
53660289
61101839
50096486
59373751
66268295
75991089
79088266
14264713
79831938
76375405
47774520
43431990
76395383
78150711
58775533
57871541
68114750
76254127
34377236
10984980
74595779
12326072
20175379
30507849
16505981
79000941
61435293
58897036
65217906
27597873
29564005
76547058
75301236
13770052
14534942
47593595
17938995
56422507
29635990
24087021
21416375
44887065
30999302
13450517
63560870
66429343
24795618
61197946
20587281
20311582
46410636
56563249
79523126
35420445
42507653
11407495
22957858
43164773
67914289
26727312
33972093
35911201
67742916
55109716
65569326
25212976
37121413
11341069
60496628
70068005
43400423
24325933
10896924
74503460
56509927
78106069
26262607
38576771
16954043
38467855
15849357
39205081
27587991
47682840
55893819
37017849
62869570
51019908
41331943
41389132
45455028
43910478
69354638
23864519
63824906
23679436
59377068
10638974
53204843
42516794
17496503
54664824
50680449
55214011
36482637
62122203
73326698
51988705
58109226
76782082
45376138
22792304
37265062
14958678
55602628
11734886
40325581
26392194
14555244
23889036
48889545
61527537
69711566
50760943
63914464
78529029
73352758
67454193
30193097
20853128
52191611
59944177
16207271
16907030
10350996
32616040
54836739
40827537
36082627
36651919
11584225
27673476
49825253
26515376
47003680
52641065
13472127
24421671
23920195
41518631
34896910
45283562
21706486
22209412
37213319
34275506
24067074
68460130
41451037
16852822
68909584
40225140
10667706
70143894
46497204
35849497
64505633
75439476
49123237
52529057
65837561
70836670
45604181
76183111
41017413
46593327
48440027
73989317
27187556
26773646
26887188
79830533
25173064
41559979
49626982
47494342
41268255
74156458
61169269
73855202
33871698
54461605
12861370
76825191
31108240
63879177
66834148
68213321
79487431
16198555
11080734
13186687
66186077
71408319
17811356
44031463
58322390
21225883
47958038
11410237
65969786
78737217
31324871
72801655
54164993
53511042
27260500
71391529
66664352
48962399
26014539
43987630
19389884
51347343
77068680
44775045
62696220
55811934
74478124
41075919
54086788
43194207
24450554
75903264
14442987
61161034
50985155
36923412
41676636
50149891
66275778
37472663
14823535
34886887
29343194
59814217
13791033
70113109
47073530
67695016
62962125
61571884
70548226
11558361
78503497
19055092
62728535
54006909
71252970
28343725
30237668
52205155
32115739
67505801
31703769
65820846
55379781
10415858
55883894
59563713
62130578
33501131
36756401
61217311
26142697
30091005
53679062
48574867
51389762
72842507
50760879
68632283
26091945
43772682
66711100
48378451
75972707
16481074
20863713
46279694
35009067
70693503
48052437
78968377
71075235
74861320
50117150
49146374
69632188
28130330
25536701
37508255
56168972
24854961
53748644
31989970
43458755
58837840
40008495
54054220
40205590
36680684
16073048
53900178
50449873
46197537
16612953
26958385
74067749
11477418
49776753
60700527
55645289
27947956
67868133
41630861
41960491
77550180
76797316
62549178
78283906
52834345
34602434
41419547
38764059
18832676
38077805
54816354
70693673
17560658
11254105
46932544
66902775
36391951
50403574
50601608
60442683
71413864
47652352
45772448
51600113
46273886
13220715
69748447
48195984
13096361
17366350
63510120
38284660
31121341
56068167
34492900
34075423
79337195
62544717
54302437
47584343
76250655
32447745
77240511
37355397
30909311
41152907
44150346
65263405
44958141
74379454
73565838
79653679
33212992
72642031
17168037
59189868
23208372
48099020
64103901
22733364
61268324
18296813
78574015
53536193
12397862
20951815
10739154
26662326
65262282
76536934
12990789
51338597
45626397
75503011
28245470
61067085
69724970
34919222
40036037
79708654
65504538
45306347
69724995
43410958
40212231
64515242
76025564
14121308
37675399
50117744
15983962
78072129
33573169
60796768
72819791
72883830
77631468
78418018
18731211
42549550
26238980
58430334
37347234
40447243
13228609
39213401
20915838
71632581
23526642
77079119
49026994
35548284
41057244
44031161
28321347
60698748
44008567
74408583
61928278
29593482
38017357
45722755
76204202
10939415
35989350
47784569
35350235
32803206
13475031
28159291
38297257
22625811
25862498
14515317
40424074
29126549
70329631
13252050
52302446
30914652
10990050
54310689
32455661
44691250
17762067
66138827
50238138
73565751
64150858
71838622
41119772
59616997
22859847
35415483
52438527
45209485
35702003
14425317
34897553
61187468
54318666
39353377
64922726
51542075
59112299
58937353
53799725
57870559
14305110
50151798
25754871
64400570
16921658
64240148
33799296
21276622
11955051
25578447
14147387
34382547
79957124
27916905
33409692
59116485
71273564
44725093
12749337
75274751
41889084
24468379
62566599
16775830
13423845
55775753
26515988
43844214
54274686
52911349
59651089
47901136
58724163
34707409
72126860
51494942
26025510
13246601
46844669
74609299
54476374
71051920
29425361
63772336
13691679
38066785
24628481
52083472
72528130
78200676
33547503
59535755
57844429
44779070
79450196
78072114
30733843
38654841
14390086
39989754
39994071
21893592
53490461
65669015
29886116
60441146
11538519
68872936
27174071
22434629
40475685
50743155
10470387
58314215
39687090
78770347
61108251
32627625
23879441
64791498
11025101
12515935
21725251
64633376
12540316
58197311
37946712
24427075
48228250
14674972
29345724
34363452
65051976
70543513
65641858
73566595
46515726
20385749
10754323
65094094
47246234
59954476
41165837
40465749
68963097
12119039
43167475
49065096
12482444
13391638
70774768
31711689
48392967
22604609
17574707
16740110
14188259
60171031
58628112
15054277
19854962
53974039
11386023
77702473
60435978
25429516
18267417
28510278
59650204
35777156
34571033
66819889
37297292
13341542
67212089
76946314
21289053
59999453
39031703
78814191
60944509
74323285
67167801
60772985
43092945
10047811
17164033
76801947
66293018
55408484
19193362
70358332
39755383
17568781
70674985
52268043
21723475
12305642
75864130
41176355
37570760
22636481
60417072
51179110
63030447
60855809
76409067
38938028
27274403
38861785
19258500
51262887
44832696
18475295
12516405
37132420
51228168
62240825
78615382
58920992
39400189
71251055
55833118
13475298
60033212
28668431
72980379
74076205
54802786
11283149
48243054
14502776
59657793
13958537
29872924
62575898
53591932
47102582
46462739
59454848
13427602
10838617
28124164
68335768
24225314
63333027
15691454
49640473
41950035
16304640
21585183
66603389
41460583
67926457
46936609
24905222
48148306
60409775
77211035
68437110
33985498
50097181
26810459
34685263
30906100
19349351
71774218
50687279
29301244
65461029
37481138
27414431
26122604
35973459
11304389
58664306
46215176
67983510
44937660
52830581
25202577
21155474
48010612
16963080
10286220
61741941
18657361
66448092
52055321
27696679
15240765
15586260
46116923
57980436
58623975
56348294
37707044
79889654
36878051
24176580
71473178
12814507
76157314
14967273
58291062
46580177
60587668
59526931
13204679
30226768
31254731
12132259
41670268
59037538
79978072
61660929
43888943
58428771
54962903
10409310
36093241
28170427
68161641
61739002
67076684
34600728
10528362
37141212
62029518
74929308
23593271
27337816
31863321
17536531
28509057
52014659
46027254
70477146
78451466
53200566
11260512
72196538
56799942
48374902
69945399
18204236
72572393
39083236
15862558
79248811
78740882
33233497
32451660
47062893
63427896
79779850
24683957
11165007
50396101
70143581
16473901
22573832
75636767
61659811
39833448
30829800
50111595
64640250
42413948
18336138
11477915
60642986
33242806
56210600
68169533
29874637
26680723
49393638
30829844
34308996
77775220
41090121
13070084
23458537
65976592
40496113
54699620
24598921
36706526
62588992
11628527
46744672
52278030
36236642
52327155
60660673
68439898
28948614
34597638
22048867
66014034
79325000
45553215
48376058
28846239
13194824
23398622
16790234
64881450
77473710
70869116
46322082
61017522
41030998
15835412
16741771
55070432
76978873
75694004
63149076
23911448
40717537
53407637
64347968
16590985
42275182
23651278
76073729
14434854
41284003
60292414
79458057
79543170
16164992
15074284
59069853
72784031
76532448
41816842
54117973
28413835
44812207
34639111
22121339
52797744
64926342
65551328
13928683
24631134
31668187
41922989
29665181
73258546
49887001
68794952
45456135
29564987
69871365
25041670
12882819
71945311
10129203
48754378
68588242
76097508
54414888
64682149
10177975
39324648
73328526
59163185
51696237
74498282
22315797
62151506
66215580
57426619
32295604
42013558
48769795
79642108
76009052
56602496
70872060
61660458
37129731
12447238
28216906
66366041
17729524
21979219
41545842
12495575
76522912
40904449
22047767
56911471
42720555
42769678
57779747
44645196
57604447
78511556
24739327
39512039
24914573
20361294
71695788
73995422
31708526
27896507
59339352
15800670
44474077
24728085
71030142
43206239
74816358
25310576
51345663
58186333
59799757
41115548
22167772
63557785
40494284
73652241
11625529
38911945
60877851
77426044
60956775
52107760
26380144
17276902
10908129
51224399
33218372
74905519
19809389
35536475
11630329
34566738
18984857
19315778
21656714
23904681
12896243
56200754
78905764
64676141
37745866
57727871
53242982
20038490
41355695
33751044
59014844
73810128
73877091
51743003
15568568
47413996
27961136
69823856
54007817
55927576
17058379
40875079
16973874
37816958
73773842
24347937
54940294
15835741
33915890
18681260
54675214
23154056
55217431
66686268
27945931
34346540
79362847
46705599
17846027
24682211
44707766
49067611
25949956
24531041
26202892
56147066
60767802
57917767
69711666
41953338
49010125
58352941
61913579
29986942
48084747
57339572
34593753
26063569
19643514
42799544
55414177
53706154
35203968
25582291
11884213
73019911
12528560
74454275
32368533
45983108
42884375
78768384
37976423
22988439
34498991
67478919
62775280
30725525
25951545
39315798
18232774
68422673
42748991
24192803
10855932
28659175
16083357
76158070
34982128
60786779
53281803
47699739
35961845
46954132
21485754
55981631
78789436
52827513
17191369
59319783
48239502
63965519
51832692
75511908
67051232
37994997
14060588
13400835
74628841
21098359
48121734
24376537
45212441
53533927
76197851
23724103
31712031
71821928
65724013
48427862
73142312
65441436
38098822
45944519
30705938
70672417
22021838
50435834
78381773
55397160
71503195
70693824
49142198
31270517
17109649
37430431
44598601
52991540
14652313
66534484
42818842
72185308
42852656
37277001
34786498
58922444
48145624
51530176
41329131
22031934
60758374
66606867
25919885
10280625
36475385
69139098
17089884
64141811
10437917
22509505
55027821
14830313
29484224
59134739
12878574
48079124
44923191
61967778
74329300
31764719
16594130
18923024
20016850
69961734
29130842
57472242
13422004
76614032
30967944
24692359
12116769
57615447
66787723
76363509
39737389
12623538
26334199
33753337
59967397
15110247
23264378
45786206
38983608
10164595
77808173
57878351
78465110
58461551
25531784
77866174
68115681
77085249
69362681
49568007
74713515
56452836
66495057
79394233
15821255
52881258
12287736
35210084
10162512
56404227
38927431
22788528
62890698
64100315
61414335
62072347
61734572
56050976
13977657
55214827
67522374
22817327
31188857
67209655
42006871
49837108
58961633
71222213
16477236
43605363
71149803
26803087
50861819
37231199
65177473
30119575
43522564
46943276
58161130
72914487
49387028
19098372
65658773
55191526
10200368
10295875
65742602
13764959
16287619
45387503
48567479
44284920
24799685
45596819
22919964
72173842
36324695
20368366
15380597
21101414
18533585
52402389
30076261
10798300
19164233
15437177
76096746
46197250
19990799
33418078
63082784
60116596
11022252
73921453
45836934
34729513
71415366
10876198
19287574
33387119
70001824
14758892
71739290
72135949
79932541
19525281
20882764
57479039
46164691
61323588
15180563
38810419
60559792
40590109
45185415
56138179
57693216
67552933
28269025
21961086
75250307
44989426
26682064
58613767
36923549
15437022
37151506
45924443
57643863
66682246
18168064
14998293
78678353
51404849
33330431
71226131
52889055
47872512
34969405
35183687
68613351
62790449
38787937
53341778
21491560
68574366
45004446
34507676
50350987
78615265
55360354
21325546
69780154
45586952
77810037
10819673
75507355
28872064
25015656
72947058
48966860
72753514
71561624
38125729
17760523
17205633
18618185
27819318
43650679
20633867
31001481
78095227
14782831
58464005
43808999
56825936
32419977
53056789
53209074
11255955
63365882
32986992
31816270
34069606
42763226
43690756
26261191
26626812
49863183
19621561
71437445
67796253
24884466
72278851
32798582
39318747
19829867
71141909
54113367
43565886
51841223
49599601
69094871
35205564
13700020
64041630
45235854
73104560
59459136
34363723
63641923
51674283
21399237
55127708
28583516
69383023
34590255
79903745
42379131
63714892
26544204
25897716
61167301
70161908
57116706
54090933
48600758
50720663
17607101
70957526
66221440
73216504
32916731
49673500
18738844
64355114
43256624
52446375
20636869
25988009
42244676
20570257
26288827
68621416
41695329
38097871
59166500
78787501
44112221
59039558
53373520
36016493
33626955
29796537
33725345
73342269
11913099
23875722
46368350
71539473
77531928
39247158
16903088
76526092
25449093
65625874
65284980
30317504
66583132
65158245
33228053
75532078
53973584
67587894
43160833
17937948
37716503
47025910
17828758
69780542
76276654
60522762
79237807
54001576
65459890
22141671
36134370
76512123
12407192
72172346
17401119
32908379
17986368
45947876
62558134
76765775
25020126
47698623
20593190
68804223
25053909
51287473
44970714
14716873
33228480
59073844
11879795
15793773
72382895
13129919
58462408
56370207
39905263
24591045
21726222
21339488
76094235
42216296
35993953
64513811
26131638
71796025
31027824
41733885
64669416
23292038
53739925
77113383
30017379
56913094
26011517
58526005
24078059
44601189
40279018
14157892
25371582
41926052
25121282
28665362
58619270
47158857
59392469
78826157
53741567
77607827
73745389
64568327
42659329
48892909
68660845
70949950
66759126
67556384
52401743
51386082
26011485
55986977
28158760
74929605
40811093
21419013
70955785
41556459
32579374
73616281
25361694
40161118
77480009
37484850
77131315
72998989
18098402
74423118
18169516
75282780
68405211
13719466
55519900
22141201
19195123
45864577
22917764
28381836
68488997
55718894
25798271
31518735
16142416
20209061
34660820
65714939
56836023
77832129
23959023
46686597
42245841
63325660
74932076
37671287
69667509
79169121
45088092
24144105
12664986
22244458
64089785
71273466
70530158
42331213
68848710
62006646
54793910
66403591
42442610
65259246
61271088
55415632
23299127
15932532
28529137
79672391
39579993
54241773
38565103
41055466
13191742
57658775
11329877
66907951
15211574
33015886
78579783
20281721
60452165
29648347
74303571
33902104
71606493
11538623
74014293
30727915
63777628
45386285
70159309
68781856
75386060
79427049
59697193
59077888
25869032
27562240
77940439
49702774
40118069
24684470
62499859
71555749
16001527
51133452
28528255
44495995
65766299
28557657
78545581
26046222
25859431
74934149
62911074
63549886
47840131
79341634
74751800
18578459
30592170
25117770
63380961
40826060
38578972
65781382
51384499
68778151
60602452
35198923
42585957
67037052
15439723
31534150
31661308
23971584
69372476
79801528
46671176
16612544
33180974
15749744
54328019
42203545
64640000
50569730
33968823
30540823
21486481
70144043
14131898
58523061
32308586
54623705
43760824
33925389
13286878
28470781
48379332
19875500
24582447
23384574
69411434
30304555
31386327
65073976
34923414
34741913
71051992
10932438
65948814
22248768
19642842
42616908
50212494
21418105
61215440
64053202
19227266
32831999
48493772
46704057
71081644
60543827
20331408
27904375
38354975
17521648
77507948
73032951
62265776
68176405
78120439
17131375
10958106
26401849
13011132
43148291
71749052
76398160
49859463
29054352
12797667
34681610
45625631
26583951
72404445
16148065
58888674
56830171
38241113
48206169
47908934
70315086
54671246
76654918
58396471
33909714
48963570
19112146
79417810
21809406
69451513
50970442
48812835
77325501
16909299
15826216
73017700
60670344
54239440
23830401
36392583
29032974
13120848
68289674
74708010
26771254
22968921
46738085
18712750
78752161
32258197
35716180
65703608
47294286
46896965
22709782
75585607
32529296
26585189
65510953
53088319
10910129
27394218
29878381
35396728
31826930
43428070
33237735
75986417
71855439
68548857
71048280
54880640
77536960
58289548
57371223
29464123
39358154
20745414
68042569
31140456
11793820
44822859
46282108
60940251
40544862
41292168
71453927
61459206
42477997
75542566
34010645
67048586
29192286
62023096
14833189
35453047
44560499
42961466
75463265
35149169
39467473
56339609
29745198
10095874
20769473
19827890
69571386
35358260
53030314
24841610
31311456
54636990
54589653
58673556
65825827
43810822
66776025
16288863
61726523
29694000
22858852
70323927
44631406
76836008
35169022
11858388
72421608
10973180
39289897
68212240
16018142
32722437
13002573
55240330
67671538
66755909
54717454
78890172
46844957
11026167
78072830
63722332
63135070
49994164
23486676
11442200
13497571
38849068
78881217
23812665
14516941
35319705
78051220
59244513
43941806
52643171
76455044
61121815
64764508
67437856
46386097
75569465
32318157
13571648
37816519
58890238
19615161
33930321
19318363
48506189
10146569
76286761
20357409
18887237
73923122
15381038
39530985
42244914
36866940
34520100
56850596
51886487
56074589
17023260
11411596
12954869
67156440
74475255
33194574
27715052
64237571
47228851
45416468
42194360
13755420
19081341
48042293
22633572
19267712
19605606
56165471
42695464
64618889
20745897
27084002
65661405
76629372
62948170
28553334
27428006
44510440
72153977
34441416
19469296
45631175
36431029
35334972
58706680
44873531
64702424
60364622
18179689
18763799
51320829
34763391
73583472
70459978
51520576
63899731
34704085
50978725
71462024
38941049
32208598
30859173
37471070
25565754
71669462
29789373
41696426
15021023
23571758
49488512
13277648
76058808
68353131
79988614
76310524
27554484
58036346
77740339
58402671
74140548
49357065
34220898
35654266
17250507
46783856
27579298
72804444
70584563
20448884
24932253
38607530
42996129
79041863
67265196
20353072
36755267
23449788
10879663
55800889
21767501
33527871
24357656
53001462
60906359
58848496
35900626
66527214
76108872
20104394
47314558
21352955
63284508
20734047
20581965
29846729
17855830
31798927
47684981
74095797
33557336
29419153
72350492
11731612
78492095
79638589
74066947
50978002
78366585
50346626
71715184
68505314
17829471
76609812
22812945
69505066
30135011
34801307
14160581
32837595
57623929
31132072
24568175
23961763
71972200
35465906
14420055
60982102
43910963
35674318
31280219
27483923
42515622
17185252
63986962
29544489
51829151
26405929
31400345
77404004
38012528
42244275
68636229
56625026
67702471
17601793
67696244
57917421
25455732
28234902
38146748
66655659
14909762
27346007
56443742
21169607
46635274
50339879
10339635
36750588
68284807
12280272
72301357
67342061
38256762
77427652
24708620
34583252
63220263
19448313
79747328
35439332
34370574
37571418
43742662
38874739
67989312
22663158
19411878
10500365
11315203
19529173
72686641
25086250
67369981
17394621
28354250
45401018
11119515
21246681
75724170
37573230
60858950
25082159
76292949
16514585
71318730
30340467
68536484
27876520
17494668
35435803
45239081
18802781
41999069
22287204
24871108
26351495
53974355
41529676
50958287
15936642
51376748
79609280
29527847
49849032
59935853
25344820
65778261
65892552
62144571
58750390
30615035
63012515
57655500
30904985
48963924
67273914
21864816
63852828
63161211
74749364
67628903
48313433
29195221
68161917
78785014
34058726
26809349
67526420
44633165
39619859
72325500
79649568
48706837
27833935
72119161
15634138
77075556
76090268
14045104
34156249
36303231
32385487
65089365
35308935
12855845
23230210
47637108
79621838
28216287
26828320
72183016
21644238
25500349
65165938
58062761
22446076
34289227
15501883
34148650
52075532
23025323
12778073
34063232
39625821
57638918
20543348
27605917
20997227
11526090
76953690
69212008
31128778
41465361
13071005
45282734
44432051
71166710
59779051
53910742
39326963
62403391
58086345
77955184
47340261
10310860
19450429
68613311
69542997
15869767
24243512
36358366
74681525
31220121
51859091
68151097
10255433
52400456
21570988
72879439
38879199
52690521
63617665
47866357
77295625
65965649
23981623
60698887
37549865
41809673
67975121
46621583
71195824
43129923
35127530
49146423
31169499
34806705
65700097
70179299
65155742
39250132
64095468
60665015
60494716
69645096
29045361
36953255
54384335
54745841
29337767
49033340
59983120
61231820
71564277
63188238
58176137
32427595
15538242
37318751
50133405
79772547
64008539
78887326
23275762
23245281
18192734
22771289
10633404
22471555
62154491
21793840
21674523
76931395
53379672
70833419
63240621
16438938
27286795
24178836
14028245
70887239
29134898
56240275
31462361
53376735
18202533
67572979
41258240
40967990
53465956
60761142
65987016
45341677
73639237
28082984
25932460
41708169
55384288
40729134
39066889
46626733
67554857
65962225
17529263
57041799
35441960
51661746
24793052
57470300
43557968
69867958
17191486
57534505
64966353
18180323
67719296
36039092
71700869
33399165
79871201
36572246
19390939
65228358
55691621
78829613
