64570893
20000769
19301481
76353997
37342309
43367862
61602750
39122420
78317451
43655677
76044894
31599079
79106912
12019410
13251838
67448815
56418091
53682443
31890595
28537551
73913200
43016970
67588578
26165212
67213176
15201183
42107013
37658721
61147104
52926656
59197686
25919357
46099655
30292011
75200644
24375621
49853478
11704969
34170946
56233185
46227901
69310110
21025629
40777368
31174043
29720182
51042208
50194577
50701747
21502660
43800845
34279299
67757563
21372685
53550051
67712780
63506597
31042055
12827582
36887581
67708801
32036206
37832268
64365914
12594774
75482951
33576349
57172134
30202822
59344212
49498675
13364277
44467816
24763551
26961023
33792281
62576631
14469896
56032786
42169910
29807671
43558197
13940863
18287612
61527707
70727682
25776780
14901118
29427329
56890120
11879652
17576217
45358270
72439750
31381013
24631925
75533173
64233632
75928402
64502952
69886901
52750240
17405920
33515740
42299431
37574080
17312939
78524367
21158966
66395977
36443671
43407511
60777599
19903744
43219849
15210119
36716309
44255106
49067811
53560174
47429939
10047004
41754181
48356250
57735520
38327706
34141964
72621070
67121333
25733288
65357198
70804057
60984577
40983702
19973284
20130327
73071144
50874328
54460915
10038664
72533976
28976378
58850739
30022984
42149509
11115413
48201147
73907820
50872052
21876888
39176597
33070389
74411561
13340631
25228062
22388156
55610409
13237734
30940071
62863821
78653922
27010754
30430259
50153211
75314511
23660693
47719224
50089887
46207598
39836967
20079608
53925747
76149375
49351393
79834606
69233562
16965313
39259150
56378624
55334451
21527355
21478811
58850794
69283794
79476771
51003468
14217966
70040723
34252663
73212288
12526391
15135458
55221522
33497439
70346284
44200935
65823557
58704601
77824749
62897166
61157697
54358447
68674271
43951925
31554879
53962841
59583421
31949801
64906643
14587766
53637765
70417611
67616091
33931161
40697369
44527988
15756695
45095663
20986421
51750658
31638801
57596382
47610780
31597046
10820917
37247502
22060711
15901992
49001056
78321212
44557006
21647114
54649412
28693123
59831595
52526377
76322617
24594008
32017407
39496233
70825935
34291099
68748508
67830144
25693391
77037288
37328770
21307416
71858954
19026813
21888841
66539525
54007168
19208439
71074357
49819021
13200957
25389683
46997109
58609691
25053630
66576397
65149115
35843616
50517136
30183606
51849671
17554496
79521831
65932464
72740766
61211795
13579859
31333435
73019855
21601652
67712109
72768300
41821823
25021180
64487664
38239274
69273078
51263369
40226692
40596890
76483015
61789581
58553696
22182770
62521302
78051244
46696260
67638118
78354140
38990028
53822857
58618474
42117127
70828013
13598969
56853836
23670495
20662823
14846483
73888471
79979670
67355454
63058743
57544835
62922728
76120416
38057585
73058784
36453623
79922388
25814119
16401430
60252626
51930229
38941928
74566621
49859592
54131632
30561343
61184089
14514408
60475435
54276324
38352860
31049600
23552411
54414715
56185919
58053807
24120702
77447474
48473717
34932628
39089121
33763294
21982935
32813916
60882162
58251363
48025990
38243819
11887224
62459126
50554769
31514178
75534460
71878236
61731126
24239636
49633580
33683071
24335599
30640842
25980011
34674931
55739185
62308381
32082286
19227381
30208174
40158338
27445714
39712254
33082680
41986370
15407111
37056028
53946785
44447680
54596302
73890967
40613828
10415471
39186466
28763682
66297038
52557420
67274326
55169462
45863580
34512377
32018117
40028034
79052843
61623989
17781243
57259378
26080985
22489691
22786039
10955342
64849012
11093587
13901040
34289249
13329540
25069214
36766016
23381620
41354222
52407165
51461945
57082103
13068745
25917109
35199013
41198557
38781210
10610605
10898251
47157039
12655920
16600263
26821930
17478866
52058065
46756474
22229662
49847312
37867732
24000547
36032013
68625032
78152152
15444937
71776830
14754766
14204052
49285443
31739288
13225064
70022935
17489082
10449470
58767291
59297267
76136168
68680420
40430756
68400114
48327701
21826263
53714255
50269458
39574209
41975587
55493883
76026623
41989555
42801197
48886067
11609175
69193353
18438258
72465389
78019111
64843970
13648666
69275895
65662986
24089602
10632982
66025607
41048635
11680853
21305993
39297679
24149512
34363037
76391499
56528011
64238364
49876580
22688684
33175381
15883086
39043640
48402354
18648069
68689963
50605040
26421290
60188662
52871789
70509234
16555548
60911667
71796324
47648543
34716412
69222410
40067233
65927531
19324217
19497797
15275840
16498785
32920273
74820441
11451740
41643738
40598881
34638407
40608569
17912630
27691096
66650631
20538165
72159055
33705736
64652034
11723563
12658816
14483885
58845080
61025992
44411378
53411918
77157839
53002236
64106000
71829720
22679852
48902240
79755715
46973455
23942516
79599873
33595413
57730024
22130031
40074616
44186882
23933248
15035953
45867713
63847086
26683222
78947035
16803729
19346618
78605390
26447826
15152751
36834453
52293602
78832141
30511124
15806414
59835128
77308424
65286178
20295420
59690305
65543353
26000102
10182453
49576749
37215733
37714743
68564831
42940642
53388592
29950066
62650944
34384069
60353777
74967476
20917628
12865463
78740845
20652580
21669164
43295948
28429509
44781281
41067454
33920161
76377619
52144468
75139512
68190387
26376075
57134906
57226541
79560436
73513312
57397796
26174753
17284489
11016582
28900515
65763872
24799441
52164902
73688684
77500775
48398533
46797571
53007067
75448364
33175909
63435671
26534528
74563530
62909458
16642678
76004637
70108289
65603714
66009256
32518787
30832201
20568914
53504490
24155749
33569002
53535104
41621476
61415572
18921764
40610968
52070998
36389336
50587947
47111953
78870842
14849464
17112562
77414733
24551595
38355041
17876064
25752755
56684034
72563709
50928812
40541773
44964510
47868508
61201761
16578117
78784806
33137747
63045529
44216380
50112997
26345878
16732331
60628781
53494360
34989761
47735242
28235178
41745626
79056486
63935037
56537603
36316158
37697625
78094169
65637741
66871271
73443132
27180244
48078350
19094441
25380564
10753889
52444071
30392349
20932628
31800125
22639948
44469603
76015671
78328404
25730016
74347944
74905187
22548453
25721518
38449060
32752811
31496175
23949427
43698900
21927610
40209784
30425826
23127242
78774268
26529783
48666340
32102645
44623487
51445241
22078555
46844485
40673482
46672934
68346774
27834011
36099455
71591958
79816208
32331977
15004319
67292142
78200251
39977860
17858872
22742072
15965018
32969977
58253942
56153375
37140810
76534317
67258860
34910815
49403293
10720538
68189353
75133960
30950571
34328589
59506475
30744312
47759410
29300188
40661961
71537616
79732093
74054497
40703005
71108320
45681612
68851696
11943467
61171602
59003267
71895399
48781063
42545273
46686263
64856833
57177768
79440014
56399412
34127326
62552687
54909053
54008976
72408407
30025965
61738417
33614639
68599344
16894180
77284935
33823284
64618091
61039534
66435266
74537316
77415690
59821305
64379520
32463788
70682441
40793763
37892186
30606578
74012695
60886781
14236108
30950878
12365605
42095430
49529763
69795699
54840401
55545427
29970977
60098159
64220185
79449668
16918451
43994347
28841560
10456264
49780510
54019123
55337321
57987819
77440550
22436565
13538828
79083905
72755227
75641424
60328245
38609082
19881783
11021675
36541572
24403081
66991648
15251074
36894672
25159215
13684943
58850296
59902743
30969965
12349986
10582748
66535362
10083869
72717351
33912998
77959095
74836561
59693186
59227958
49494889
10156932
74932433
30732330
30877645
18973036
16510446
14989546
47014349
36311039
28039011
32991207
28941903
58824637
21989239
26927796
71594080
55924913
41806308
41969556
47890633
57309533
42158219
13938143
12899895
62369154
66724468
61738479
28486174
73481690
34057136
52479127
55709544
72701859
55616857
61947804
53414363
72831697
59249740
60795311
67826667
53125462
51971982
47628031
40633647
69578872
30413412
57021801
57119265
62006458
27359938
56721838
25058248
26410251
10298262
31149231
64276923
74245661
69652962
20219050
40096821
53726715
40922021
59855358
15327900
35326264
37998745
56253294
54180542
78374326
73671818
19142125
11202135
63620177
29344753
46904430
39446212
24128194
36959372
16390485
71329171
61774926
24475513
71121585
39417287
18158923
71742108
64552116
31671239
54775977
22428587
75157936
16791359
54345069
44292883
28308157
48916072
62061944
64602311
65293436
50374258
10513687
22836672
53462814
32433114
79049853
40126509
28761913
36613965
53081571
72821600
43770812
27651923
77377551
16497186
19105594
75880343
50694561
22617760
28658993
14171864
61489615
34001089
40024147
22841098
15762359
45566403
64151432
43782990
20647385
52379643
25465985
16840479
65977464
29257993
50734372
12563692
72225745
78633797
62818914
27857602
44709154
49466308
51671840
50466591
51456279
75470996
32859078
63514573
71664954
79052912
46784073
61123981
53051464
32633305
43045112
33086996
76520213
41920485
79753577
22842448
79468804
75379681
28190918
25492960
35949842
73235417
76727599
45106745
68687789
50161366
72655763
54995856
54110467
41681481
12707074
72311505
62944760
66086350
65175443
24032856
77212035
68294421
44884742
34966905
59145981
64845727
48267404
56617561
68576822
60610755
45213756
44001306
25632633
63594809
58916505
50341860
67987179
62373382
37284476
22687568
38241605
23943842
32089352
56178466
44396863
75424880
48897211
66374009
37512698
12484894
66111256
62450292
41586280
33086410
42090917
73185479
67774735
12117414
72975375
72704770
73763018
40293249
68465415
17485617
18207962
52486704
31448148
58198905
38903868
23478258
17104434
50560654
58960808
52681918
40927312
43362855
45117424
10100659
70146095
58885570
13654677
61996504
68451138
18736030
54717880
50443151
29273676
39845360
74097406
73941250
66367995
14662545
38509319
53926596
30232702
58117227
58474129
44156479
55210976
44101961
69074684
27205172
36869892
33146724
66815340
25100264
41257068
20108147
42027373
44073505
34093947
74127265
51616235
75247460
10626675
35177498
69575657
61571049
58745405
28527621
37871864
15809742
47686462
70021911
77898005
44537460
34712908
53515491
21692012
62242555
64919704
28364452
30435927
27902157
30248082
58798700
62298805
30831254
53096210
43038202
37507248
30418023
47234100
73148682
63391988
16026595
41906707
33936247
15781779
50445074
37235398
65491954
77229542
75251364
78033961
76243394
11908935
48398908
41608219
34091127
31564468
25685229
77004095
21062331
42573974
42416754
14079184
56895296
70581226
59449682
24371736
18855860
22787522
39399613
64086762
67520153
15002853
47356805
51199840
50396922
30967047
61825391
63166675
47090958
66694617
12882690
44038307
75443906
18154289
35613415
79275448
26121506
58100359
65440089
53390867
21438317
76823752
67734132
71101212
55320293
30705284
58966234
63458270
78063074
50160874
22166187
76683314
19989978
19822434
34790785
70144633
43984720
66750713
48240909
62491308
19581407
27809163
12597621
54855016
21747874
74571358
49843431
38646873
10058296
20327532
39963547
64979484
68101505
65264203
47864342
13053940
14673942
20200986
59303822
32588661
48439007
46715682
62737510
53844559
44737114
27738766
10914583
73070506
46083668
12481409
44687952
36249281
12719022
67060227
27453082
78750573
31353355
47026188
29847633
29342673
31236158
61947451
23928157
32550097
15953427
43837622
44309942
59361985
15563513
43689601
14374296
40355100
16915684
78612545
16806781
33861669
38286521
21733173
74409232
17519091
11811295
33455594
22488420
51544016
76266519
15657289
27985156
70938949
58486330
65025141
24705071
61457559
27208806
11196703
44323657
73880557
43866234
25118997
39465343
70380538
72040921
73732586
49756656
59187038
60162737
52008685
67471827
32341928
54340788
34069276
74051796
39747405
73816962
57995221
66680530
71957658
19143569
62406177
39778213
73440173
34340720
70088796
15919254
21552406
71415791
20982807
36916873
42110960
37491172
38942723
26721622
16734082
74915285
37426155
28117302
33459765
57431378
55660086
13184526
55781453
38143147
10999801
68490928
34286310
12321588
25885732
77690811
32271249
20428898
22593595
29509155
62439826
52584163
56218113
62932514
47052138
48316453
16528860
48950382
34556507
29369763
62599931
16486615
27375537
45166358
66459017
60145641
73206087
65165767
44263958
74976286
25738044
17695146
42662607
21646542
60964404
37549755
37330240
57141311
69152342
24660405
53628479
36975878
28190147
69232352
41999712
53765670
22632820
38165345
10724287
19462539
62417561
13874143
10583185
18845588
54034984
18764059
19381791
14432962
61642239
21745158
64434571
46439413
55241808
41600292
57338079
30903113
57579763
35801278
26301867
15774929
54161298
28520643
53127090
25771566
45745264
12135995
55971511
46425363
27207092
65956417
74791462
49778906
72139408
73698888
55432158
13451270
31459689
26762271
29497762
75944731
36114261
42494587
37484119
77659623
77763883
56945791
42126075
40038605
61431152
72746076
38595725
36352506
40274663
22213698
34238466
18179292
39895530
76229298
12907934
18648609
61062416
37683692
64081608
54118417
39573905
45677521
68184405
69513357
11410618
75121026
75261766
63132090
50979212
65187771
65027077
22117522
69474158
49266017
69291716
78641351
21918320
23247022
14046898
39862379
37370204
25076803
51075619
73085862
28311400
47260427
50633779
26436349
47476378
55807024
16603565
23479964
68416911
74352585
55979409
66945177
32650669
31865523
19567358
52942550
52020822
59761429
29653358
39009502
63500099
46723525
57731744
68121279
22227088
67057637
68792515
79392530
23016001
19983356
77926758
28215974
11830852
22985630
72466150
21968749
33258242
59533271
51023202
16054643
66073463
53032540
57102935
43377560
27783212
25520243
78028221
39191898
23084107
18338624
34373547
68774974
12682184
16649877
32366604
33506089
24438035
78459860
29657316
57167948
11907975
22079768
60208737
17487525
27703524
12773982
38622777
67172395
47427095
21022883
74814738
34876777
66579917
53314341
57260557
25038349
25810724
65918637
43465486
19513074
66353280
72107228
47299789
76706535
62598868
51678971
67946928
35827892
48803783
71000198
26706986
20758505
25239840
58585082
27767502
44434403
23578668
12531506
62009656
23639428
41402136
27202571
32362720
72216601
51385371
59126691
56855171
66790315
13743187
73904563
23871986
69915232
72290283
65266125
41081334
75300392
35138643
48489332
50678334
28880750
35059581
71089483
69422133
66659977
75867013
50059938
17716213
47952899
73387168
10947192
33423483
48042365
53961615
75801484
13215366
14917511
40897610
38128782
10828245
44014361
10062660
30534969
66835142
44275136
13199377
63793522
20471203
43875150
62259791
30366516
35718050
50200174
50110941
75506770
14837867
55690377
50328716
23989830
42457128
33598410
70608595
79573180
20744253
52776648
53569229
67400024
55874174
71051308
36628445
29906608
75296247
68407518
31416003
69382972
57223192
61292664
47311684
62196547
76102220
79146992
35531405
17336040
32937494
60106749
69528547
64073230
52400884
68066550
25137026
29342509
28995878
10985979
16408324
34390179
43190480
21876992
11626049
44346115
22772996
16428253
78102133
29156480
63483173
11615649
41918408
27481448
19958722
75434999
15100593
19271939
15486844
78310316
28905688
79155528
41103805
65888521
59779877
12760583
78133977
64947419
56307999
14879053
66999459
23641683
67787579
36196665
16993286
11427947
58146525
54724613
72830174
31119555
23923180
67224303
41925119
65763787
54675111
64656157
27102142
72920232
40985315
70259594
10709146
34397272
25301064
67392460
79820913
46429268
74163329
32314936
22449147
32352628
35179199
14668619
68561761
64111260
74416285
57341307
69406276
27931504
38307817
68721426
45165008
10041863
40650624
59454664
53929819
37017403
40522526
41694023
53259330
31609080
18554824
79758313
15750389
39351155
78801439
64905313
79807969
29068625
49877233
47941507
22455393
44393826
19684915
75975550
32158904
29947858
21450794
21062310
58349395
64277831
31589444
12433550
16955174
49709740
46512201
72170103
44497362
74102358
70602710
38191137
38753904
16296448
26063383
15182134
20078560
53950426
54439323
30778212
54314514
23072596
28488827
16533636
69132505
45576991
34919331
31762302
52258156
10104699
54425787
31444401
57400795
26707317
62567181
71886332
59214008
50241321
41791036
72827944
13082524
78186761
48535190
58220112
14851137
64110880
69177468
26358181
40462199
25256979
52146088
15075705
60535431
54492453
49848107
68687960
42334765
70618940
65224314
32352083
55108549
63320161
15460638
71934947
63482375
10210038
13457528
57346101
74501928
76613090
56892490
42883437
14275024
67290517
61609141
66370031
17441849
14830088
58878252
33524481
75793981
25871689
12431954
78258803
69980723
14995770
67436930
14175571
65185629
78892045
37597060
23222628
63156697
15242504
53828483
51939710
35244933
61968252
16272923
56383109
48951346
36273696
62471521
21516354
66552928
66959992
50697233
74704155
32456912
15792581
34148892
46744400
40654470
50563158
77140531
71627416
33069988
42606012
35201833
50793934
14313307
11777712
42322588
44576485
68483606
78616508
55640943
47261122
38711804
58531623
11811927
13224548
59171130
33826459
38258098
68085816
44328246
29154084
33694559
27203505
23626801
62081341
17498791
13962867
66355710
41228310
15972289
35854346
64833101
12138949
70726354
60288932
30948109
21202154
29952752
50410319
15807293
37934135
75302332
68687565
46023745
49688247
25891122
77647088
65583101
66024857
24680058
65278013
36916182
55251440
23101648
77127774
30520022
71691527
49445113
55532886
41063605
42468923
30984190
68775316
61485571
38253677
12954749
76627902
60812004
75817104
35921111
78048970
73785756
48611658
17224068
42858588
31140568
23424457
33486693
68799296
79670341
58612496
41451404
40386743
43044263
33982920
50237184
71767629
43704815
39095961
35993994
70833531
18950767
41479416
76704298
31296652
34162018
14865176
59333249
42021317
46793703
16636814
62341255
44388048
52202833
63039437
29297294
71049554
26708157
47650774
68350866
55600332
56610278
12557983
15358807
45802388
35851443
36770145
71289662
78749586
12129553
26131749
57091686
20605768
71250290
33540000
68792430
60062963
60906222
35446705
54946894
22949755
57771800
46745729
66807870
75346608
63884893
28092017
35863862
69802136
79619376
40862410
56726949
35987510
75527638
62519566
17413508
68314586
48047309
40429113
42566053
69835730
15873113
79002761
55071248
44231199
37676926
21877997
47959363
74436861
67859417
13684034
29960539
46241799
57940286
16313686
45156746
27222702
67920242
22919987
50754626
79144457
15366115
53886160
33421842
78529089
47580673
69646451
27660149
34588151
36362785
78321785
23566050
63841403
19853583
11552425
39942659
69346020
47735753
67360912
20293020
18504578
32061687
12560647
16213489
26499286
42252504
18499006
50569866
44496989
43745248
40490151
29833248
56353649
33417425
30147397
22238363
63011077
30734924
60408105
22657981
61445643
62400009
47870935
64270659
21622226
20355962
48380260
49683793
77661749
17578358
21170915
71728387
79714635
18075246
68233022
70577602
79060401
31925943
71892665
47914065
50052495
14294662
22230153
74398502
69404461
54985423
41130017
49163403
26449168
29206244
16290954
47600207
47508768
77554269
39835735
40073409
48024300
54350639
36709899
19336999
77396446
20716042
26370577
34781510
73502020
58367555
15819393
63956252
51363150
36910579
78324901
31334900
54063342
50999872
76620645
53022951
56070078
20899740
52292872
54438283
53816645
76418894
28693475
16226177
16154588
44699304
18872112
60937247
78284428
65067018
37064253
75374254
47574215
78854887
72184338
12384239
79891857
21134733
45723218
58624254
11877473
19141120
43895214
50680316
68784349
65122811
47401521
33955586
12712593
73854661
66302325
17984273
73517028
20575102
46648265
56825997
29637163
40299657
46900444
67369902
32188970
66037716
10453919
39259483
63217457
35285223
14378793
28244490
23474600
57329000
28397924
38394326
42758978
14242298
28495252
17762365
71503639
55945915
17127892
12130886
65467688
49715136
76796070
14020974
46879068
33785610
69659558
79702878
11559436
14255503
15096675
15691892
34966186
55417482
32175424
23068379
69945509
35825605
17311625
48238918
35999401
26149416
24045322
15657797
71814717
55515321
50997269
24822558
43681820
23431128
33660873
72484444
35629839
76449330
40188822
38221640
28255382
38972698
56361942
48865225
53166224
51848507
67449889
71638386
63374759
27003679
42084961
79544034
52979773
65575055
62388183
64954120
56525579
42113478
48537899
74102698
33185734
44481844
63411048
21694416
25075769
35325746
21869421
64295871
71256570
66016101
39454455
35031309
33873242
40684291
41836971
74061698
10959441
42858981
43472355
26195313
50539090
13846123
64483603
60540107
23166972
42287999
13473775
58646232
77467965
55300847
48410400
53837035
66254653
15590217
49484720
79724623
49315302
36511923
57375825
24946068
75211621
61248805
40654217
34558660
20760111
29945699
73405064
36149505
15673802
47999125
73561782
10109084
22990744
32325886
28149395
19352232
68052245
28434804
59518993
56299870
44391378
30954405
19622000
46434998
78392217
29447176
12282129
44470784
76371931
25672749
78482710
18318239
74926581
35343755
41350670
36466454
50520502
55774899
66107708
73424733
65006910
67351478
21552129
41914706
21338137
29757597
59201811
73839118
49393439
27057294
54193723
55449473
77225876
12830243
47680081
72338016
72162385
49705962
74539632
65820912
39917500
71833444
63073841
17161704
18768646
51492336
77193904
50395454
15608653
19928693
25759851
33236112
65814752
15852362
78985175
26093704
18338881
60994772
40011707
70313254
57380277
45041662
43664195
71764796
26041060
11565776
59314654
47534240
67203499
60571435
52846152
14846976
24761295
10151809
10501319
13367347
18091435
31324041
35117995
34435090
68828370
40390250
52663290
15863082
57190014
45144394
15201817
75733114
35425877
16176622
55921480
32069405
56389569
21092484
26789664
20882196
70920250
70011252
24127408
18719654
43245212
24521092
75571344
13991020
16284410
63556404
23816853
34872564
26889331
23656878
62952073
28963555
69503785
33706241
29752349
43761924
17028355
79452020
77529140
26946864
45479153
13916410
71919465
35624812
50550955
26346032
38739859
24163558
25788092
52849310
68408794
47894512
10476376
42109977
44781873
59114955
17817427
59212825
29185307
18087099
13690193
41760728
69135613
31382105
76764187
14910487
61588377
39423418
10935746
17329351
78233370
75381515
40756409
46652377
10497507
32862928
13402902
10296575
42779095
73624998
38237683
35469651
55065023
56808972
32583558
48844445
75485134
58060311
12533571
72776024
78399495
37274946
60159687
48452668
21253946
63033434
66286630
50303671
17155370
15618566
77151141
14016607
47202875
41095873
63643468
39338149
32623806
15782921
20426484
62267223
21005895
17707734
30800845
36234053
41724669
47319137
37100603
32603059
57838220
67929813
72325582
49700816
46455212
70671240
10993195
76518147
56341142
26400634
49472680
23025973
56247648
22647122
19497963
67162652
38417293
47426631
53256058
46286142
13445604
48446291
13621304
28297325
45560813
48416781
13569137
78515240
66287407
51874061
10523325
73552062
35149406
67047218
16627640
76263014
49118836
35732450
14988840
47609330
18995999
25811923
17064001
28365236
61897972
28583427
55428383
17969057
76649338
24456640
60273259
36002900
60072967
72778488
44002691
54252731
26249971
67266982
37809164
76527291
55680188
36681391
39323178
77705799
46497618
50890620
22588011
21423325
41879939
65202670
47844796
77978132
41042351
16450549
77533795
41225183
12175540
71500766
38966527
55971736
55662358
33097043
63532443
11758769
53765929
74787546
34167742
55203380
67089637
55559444
78675651
38199464
50318009
22986168
30933250
73744436
36716141
27201460
54592023
34500788
35003867
14190143
42944009
72240627
36345502
16655177
62429928
13968705
38922793
25898332
44500951
10010256
46520453
19069520
53328809
16258415
56461166
71132497
13912371
15813784
12094450
56671119
39841961
17938081
19962702
35720857
70076789
24503498
60178802
54232203
17057944
54223493
72550265
29344885
41289933
54349383
37215539
64720160
70722480
34678237
16320548
18912952
61828689
20789789
50558617
75103081
28050994
73795404
30102745
26164825
17120799
73982269
76039281
22177114
12594888
66590672
21805447
27204840
78945298
60064500
55843563
55392137
68875209
16985013
46107237
73222454
41403447
69832690
21183969
23794354
58925625
23443684
56785930
71907078
54568530
69630391
54718394
75655350
66476146
48844883
25317350
59120139
59695020
79732973
62164215
45332105
68038218
79274656
56020510
54287879
30733947
40332040
22713310
74532903
47483100
68766049
21740313
43802525
14286246
62282065
48134348
58081081
15076106
46488702
75574327
65660701
29932230
63795872
66909070
73452699
10779744
43582499
17711347
65847474
48415183
59780498
46360401
30044719
21555057
13668837
78241370
40455860
14243720
21455198
10204412
62427728
41591566
70569322
39651634
11302526
54987099
26616791
37878363
50308431
42376974
60731988
60779709
11053318
39201636
46618289
56509573
22534462
71648397
35007539
12381321
47791183
78003989
45810402
69838627
21125703
47616778
55456018
69673347
25887297
41183981
44804255
28644942
37186813
20294981
55785249
71831980
72157395
19272535
31783972
60449069
48336044
22328947
39837770
23493789
52627662
24094929
47148840
58827811
13095716
72754723
16530247
77818008
40882928
72571217
33788408
53666941
24474753
12472767
49244248
16888274
34174586
13119022
39408567
78820976
41576817
45764212
32147486
60396708
78741856
55948186
30084819
76146271
69733446
75581630
59621866
16743533
53050663
44554644
42876929
25722158
79827354
34189412
59170364
34606693
38719690
34258599
26021628
42342503
55138398
23973036
49797135
35127036
34584166
10363851
54286617
44022616
34165453
53975932
22122714
21553560
74484829
71493238
26083182
34029894
71707211
10952316
32751841
34348057
24557364
38769831
45646289
53145986
43676785
35101823
60718884
35947897
13278780
55345462
28976821
50837694
72145438
44554090
21159341
73726159
35707829
60834241
50816078
61808761
33580698
18186653
19446528
16594165
67537446
77174868
51479327
39756008
53739199
18261237
59726588
76563688
40239737
54759341
66161369
49959144
10578954
57917606
73187698
68880400
27491794
42723062
10732202
65199607
37366909
10437374
72253364
55373001
51323538
31969098
21588417
79599523
55507120
16503940
62309401
19627624
52374384
64824145
29234951
35841925
24455728
53040981
16853160
49617299
67755469
51431993
11662721
26339127
70905863
28447933
21069182
73799241
15629802
75073222
43962887
22252102
78559755
31762009
41362326
62749865
32669701
61803663
54284385
77741596
73664083
45283184
45437014
57453953
36649588
73433355
25023780
77757163
54321210
79385448
79516363
64614050
65822584
11945267
54855555
42530481
76957930
68126825
53810350
55604635
21337122
62888491
18380897
67760667
22447756
33260834
53978504
37963249
35223327
70209383
62132974
18367290
10983584
10533126
13437679
62319227
76332211
23192388
42714863
13247684
47301574
22496766
71423739
22645815
32977149
40822594
64955714
35779508
77940617
42137321
50607946
13700908
59831977
47500031
50274244
58904780
19853203
12464923
78576430
54569238
70686261
36523541
62114770
74535289
76909912
49952739
64032718
45701805
19197590
54739491
45323837
54409324
45793106
71948744
35594092
33512457
40127924
57457691
44424071
37662005
19424190
29749470
38289011
75777555
34571180
69054225
28472550
34951589
70652438
51784708
24128812
29833075
67430899
62912076
22565487
71097681
45773717
14660780
19025124
73488031
58424785
42634077
66614694
11173586
53069875
67717249
27399211
68531532
32502518
38091709
70576577
18386674
14949969
31261083
14452791
21833008
57701779
16178903
70035579
13946003
70390545
14634488
21034428
72013070
74393789
76452367
76789746
15017183
55985872
65012399
45290616
66886413
24248582
68052240
36355143
37252605
53322485
68794006
26153046
28393692
65518563
11533496
65970036
28433437
29987287
29213168
18333102
11578171
27956389
27863070
51548655
46043642
58016758
35382149
57409915
13871522
59479554
44336661
37336980
36050638
30659071
67591504
26468070
22912023
33839453
43709249
50689561
42977585
11609342
69139659
27133446
24331057
63168286
59748872
53726928
50135575
39695401
57454844
67336186
38847714
35823000
61681377
69759982
24555151
12872561
52010283
60299573
47428372
70993409
22840509
63293547
48203027
20312316
78020277
62749700
36654019
36085514
12276870
19777122
60299154
29822154
25161361
30994453
77869382
70744098
70255290
21236767
32326429
74400641
45896156
68525282
39185884
66098811
20960125
20162303
43758389
35710279
48690822
20107401
27271974
78539892
55613432
79106801
16263609
39012083
32712086
41715814
21210102
56782536
16939098
29002919
22691787
39257890
72186306
68565416
62503477
68961864
50266012
47856585
38516118
63937379
78087255
52160995
16211473
38196728
34697005
26846506
69567748
60647138
76727353
61428895
15663552
15767854
40369266
30292812
40542981
50302605
75067570
17175106
76693573
74723323
53752410
45456122
78349760
50613425
11668506
23305047
10343023
57891398
16061498
37119392
49090160
74871901
42136718
18138039
48570556
15453019
78135617
56535141
31289769
17680597
20987430
31892014
25686350
38311785
73056987
10478561
44149937
39910882
44285244
71460383
65787850
63642797
10230772
22255585
79112310
45422912
59966757
21002774
36629676
52150595
32616166
68463371
34714662
15747815
62334356
60993960
71600635
79958745
46218608
54235199
66604792
60796496
70912536
65090554
65116263
46085956
14578184
28983602
76773573
43373029
49061824
66811873
27288309
23127197
38436728
18505298
58413549
28045829
63968705
26234697
77136593
13814461
25097996
30610508
74674681
24189639
53041436
13581443
29952475
29850975
11765886
72395218
37814696
55834349
55886443
79229308
71366858
69164573
14179412
65540538
21431697
78420732
39485338
24214440
10785065
60250090
15945180
10912509
66362821
28760560
24989730
66659910
73396343
12829767
47952203
12749703
71934526
58553616
53554743
33007357
68640515
69752922
22476775
76345667
10174546
68836985
76693939
29193553
30900307
25243884
29262316
64755652
28317240
12685559
63564634
73121746
70209102
76787809
53520408
39363844
43900850
62914855
42871210
76487017
55660751
17432206
61898265
75879936
74947437
56995536
70827687
53209619
10617684
25713329
74321378
54912866
69170866
48423328
30889665
43892330
34856852
58055425
17456461
61722163
42477244
35188150
31949596
12713203
32345217
35125578
73142524
57844579
12593619
40645880
34122065
11110012
40494431
50127124
13509808
34239544
52297341
28581953
60697800
71159761
68512840
14269969
25818583
77017949
43435094
24739129
24340030
13560632
37036011
21387440
57762787
61452708
30924174
24660481
70329616
17871664
28463037
30181328
51137126
54063830
25994506
71165865
42972616
50571314
59042361
11188237
32409058
76707090
74295666
64588522
19766167
60670774
66268896
28419011
37297497
22840992
11768534
30645610
31560223
76950309
10857600
48585580
77933733
41484265
23940125
44312572
47153886
43691787
30162861
61159430
30069991
42668598
71555554
60574510
67144786
24737348
36289804
32441365
22385038
66879918
42599425
62939902
35303754
49872776
68177856
77801728
25717522
73862142
37544399
52654090
20466832
26615037
39501047
68689904
36447521
37082384
22957144
70707379
37681700
12550907
73982913
38558454
56518119
50367071
56558160
46923317
38854971
58825439
72438465
15055095
49360234
78675989
12179803
23844306
69932248
23903350
54309996
29755984
53887925
13776437
78806813
60774739
59906054
26649518
51506813
67254219
35568960
26961974
67105117
20153080
35337539
34060897
14904525
74904181
63492038
50901304
13661327
18391556
67932740
44195174
34779292
14032676
18968152
64848171
66500617
76778284
57534676
44806626
53600989
72837124
73919072
53725243
78047752
53952669
47833985
69381667
27467567
72745883
12274614
45098297
59611342
46791594
24512480
47752797
39829118
59340350
72595425
77006337
18471459
12716390
30936965
65370343
67862140
49260507
30883324
16468184
25815964
57703495
59986187
29473600
42643262
37840361
53831352
72326540
34025538
28425911
79763686
34143212
45626362
67658240
46366817
75934792
11921123
31581730
65987966
28983247
20000546
75890027
56819632
31715811
57076721
35966681
52206251
54617741
66160382
53785754
75774033
18117556
66862449
70602949
27761362
57715883
67819316
16654561
11518131
62133841
11027280
28090399
59298651
40129853
42370132
40112636
59213382
72438875
24819130
76171959
63212398
24055553
14457126
17314661
60719431
55073484
64927788
61368809
78946924
10078835
36961590
40002933
39921303
15090815
19072694
77882609
72673101
48281165
33459921
30320191
49100358
64094451
65532543
42375094
48010841
77072906
54691083
30848624
72290088
27762036
67689264
50769979
62503153
59914639
77576302
24529928
71228187
76452461
33461945
15668616
75282654
74697839
17169211
56895048
27811316
17318079
21670871
61322368
35421569
10700011
43428077
28824114
26871452
56132417
10906642
58285050
50521541
42489577
15458167
66859410
45626830
14813664
18965154
62945604
72763840
63326686
38940270
62324962
53651212
65427591
24502885
60917418
20777008
73891996
26042448
68204863
69305708
63763954
41965569
53050840
37802802
48920565
54922683
47823167
44791719
67494355
78830331
19654110
29394950
75806864
50477179
79490677
31978852
12020325
49028411
13245870
29377209
28325962
58855634
24780020
77838551
46348979
29735145
57001616
23085745
75495679
73085516
32317936
43899286
71025110
51940440
63380966
67515143
71974271
50190676
71811510
78545472
22228943
63059164
79957002
71213702
14674598
67305465
77509371
76194419
40799804
10784375
70609892
74744920
66895702
51730355
40487488
12351290
52866658
19734454
71815048
77298384
65432602
46068876
39000375
63986091
68867690
78558998
62777677
35722361
34657283
63594194
31148550
12204926
30481006
67508096
32090881
35534017
66824591
56936484
11130351
75306999
64958898
31256526
33683409
41763618
49177731
14375994
55621991
73670921
46998924
61929220
67838158
79170649
10851408
69461307
28887935
22370431
21798633
13565461
12649891
14756414
48893586
73672403
12535111
58562948
45768564
56759363
47962841
76714719
72012897
17163667
73446831
15377456
53447203
68989404
52347465
17793998
63673125
12522942
21468529
12328777
70262362
67920142
52704928
18782143
52219127
22564026
16584504
43621993
75867742
19190818
34185424
41986269
49109383
66361790
11972558
34823108
14015222
15479197
56714174
26040816
23490306
50418508
15408412
29469970
55628911
18531000
31073586
42104464
78832349
50233273
66270060
77169580
68337402
10161910
49488495
67850342
28243248
49480119
44502811
24466518
45994946
34858382
16950993
36987213
63447883
20280308
52051795
46329845
13295962
31538342
62782355
51221834
56421273
71401775
29754083
53626798
67303708
74891602
46673835
76820623
23080856
57563755
14140287
72934093
26961235
43878534
46215142
79430465
60758796
40353616
30067867
13008797
28295147
46453522
17437262
41276418
64721907
65356465
52991678
61511821
68674657
24165550
21052681
69710738
28437693
77700601
50617884
46530911
64834515
75676702
34922867
57813579
35928468
45596175
65462315
64711083
78415445
33540685
55316313
52513780
17117773
42428185
42750343
41896468
58970633
74284323
27449627
51125518
17156586
21248685
55453496
13639776
34998051
41986917
73916541
15727086
53765426
35052497
26702000
10731395
53418928
33241952
10174990
31544845
38517307
29593296
76596785
59785581
10173559
38593069
57667121
69091644
77319575
12546053
47893476
58179479
76100784
59615662
49739969
21498926
31463069
24867045
22572993
57672064
37479413
52457857
55728834
30434751
10783127
35326160
45837550
71820221
43598131
14062607
18169403
41697673
40720840
40937190
51948218
33530179
60802583
29583062
66821447
50810197
15742357
47746288
70401154
18894247
62995699
72733244
50855036
29740605
74628222
30676699
59448555
42891288
40688038
48889299
24531964
60960877
75220390
45034133
69645320
71685135
77738971
29494817
25070232
21071065
57283787
34489562
11157683
34427688
12480793
56246951
58857687
11270435
78349331
14288156
40599429
63405212
49140552
21573520
14031474
29723187
19264951
48619406
13976947
78280195
12759487
24747655
54711244
44325113
78738394
66291723
43180230
19160232
59926591
34307723
20013252
41957632
29814058
24300244
46937543
58826554
66640056
59201805
73570481
71518554
62202085
22963722
28890193
63969919
41778543
77910131
48044142
53500449
15392238
26626954
69886542
26971009
42587441
30308126
29559937
31753596
61388103
50267605
27528607
45146936
23785501
31598853
61377998
22823309
49375203
63791763
54407013
15005006
43153537
75654970
49780935
45577128
51055306
34304257
66985826
23913103
77542580
48391465
48046925
24359808
57172504
63435548
59490094
32515489
41337130
44577657
23846046
57667930
17747116
58688202
71362609
29796858
63822858
20455215
72799414
38063063
71912541
69342332
53111097
79498739
23944023
16085139
41944221
54132198
18460168
15091992
66340134
76415441
15308987
54251528
26484522
55467748
41319192
45102993
27612278
47732968
26823501
61902078
27226884
50344708
39089872
20737778
24067939
36626444
12834555
13942554
49403825
46352736
13062038
38907299
16953755
24810992
51489308
20487894
37501274
63339516
76734294
45000490
45001174
78987088
74055088
69845711
64201384
73164621
18770101
35745382
44391023
46769844
76041396
32211862
47130125
34167808
74791273
67252700
16705934
52109261
12638230
48134135
59268089
13675055
31375283
77623177
69742264
79270682
70342826
73935524
22812076
12667593
62644062
43374884
74691032
33693284
19648068
45666901
34288168
44536655
13175986
69256900
26670275
73006651
76642045
12644470
62152455
45719946
66090980
63748870
59147878
14605965
73833606
35644432
58131412
74790999
21246037
35069126
34880751
23863008
51935117
66390516
57930832
52700452
25537731
56953578
21940106
45441337
73986740
79555473
11879321
20324738
28050545
32303780
17620181
71215432
27856129
73982292
10824581
33647589
32957237
46433212
25833961
60837647
75675702
64475362
68615702
16520852
12754572
16628521
23783274
42459034
28941812
71126653
61315318
22654302
66627091
29637488
40003871
52871362
72631056
38823318
74665916
79357181
50575509
68964960
31168851
31006999
20463909
21129153
15886700
76674201
43747408
28244436
65141828
22586073
64964870
12992148
41727170
77655055
74245470
76734309
78304946
23539106
45256847
51838478
41022608
67896156
26640666
28251631
66164724
75098619
79530858
31967676
27468225
69119348
40520107
69388300
58097611
15949839
25557960
34951399
28297315
51451777
42578444
38235298
64140648
16336012
68770791
37584706
34048622
65732565
34431548
67970432
11051594
47245944
64870617
42365469
60917712
49178698
20564859
40804114
25199456
64142548
75362504
22219653
72035569
78047836
45238728
76622670
39434392
18197957
68373813
48367469
25646745
46214669
31593915
25274407
10414367
10378443
72697449
66838341
25795553
10405046
31725976
46809111
13071454
64770893
22967589
45921441
62369429
17516233
46184633
50860444
76676407
48398298
20116461
43958928
49754007
65737523
33797687
56323523
57143972
57120580
55069661
75400679
60594125
68664042
49707808
55684940
75732899
56655638
64209190
24169891
62338657
61011129
47507627
32244077
40226564
79438812
37865104
32034768
79731104
60836967
55124575
39286149
11857740
17623988
21686012
78213710
51256181
58269505
69444821
67390002
42920722
74012502
74390397
60085630
11607088
62635870
24567580
64327917
75956662
54508809
20869534
58061864
70595444
57495987
44763018
62100731
72783774
32437775
56776367
35752034
27907310
52322817
65014752
28061828
63596513
19043613
63308590
20842807
13569067
59040072
34387955
66088609
53516386
55320280
30655333
29828827
18195100
17038200
42907277
60895142
63589226
56999015
39311837
79259479
25781948
72547486
70443638
12149600
20862590
49402217
22384254
52917814
45531629
38064493
63746635
54263584
10096882
79373463
37293341
66324928
17043536
42122961
66199584
42775658
62775785
74711514
63859150
63016178
50809118
63224789
62805011
28143151
38311165
61535936
22300867
73791003
16563446
47668153
11908767
10722622
11192308
25914681
40972839
34843995
57216631
55206876
58102641
19331592
53170136
49800753
26638461
47707859
28001368
28589460
44764190
74480910
45970266
39627212
48214337
31366202
56938058
31185844
38674214
11756099
35255479
31531063
42525018
64081526
46527535
22295737
30465644
55618918
55664809
79646226
14432190
43030395
21573438
23710033
62502444
42823657
38644354
34597183
51044605
51869284
79165697
15578806
51498697
24987321
52642248
69707899
75644851
69147633
20032465
70187825
44051750
45310317
11351079
42390820
71644345
74482809
31081909
17469903
29498978
62570789
52235906
30389872
64385935
75446668
72066255
21343214
22600400
63255402
45912668
42532884
30234269
73583118
36692349
69410586
75742529
67069479
55201226
46321528
64050042
42886145
74747897
70867494
12198179
32387483
45093140
73631734
24011506
32540307
79348542
40442118
63399268
29643434
58026387
63108612
52284363
31416298
50911932
46359920
47370374
46913963
63847571
56578487
60740422
58028968
43524328
19695613
68024226
67664442
23559658
24114131
15517301
66120919
40399039
55735859
79110490
71062256
38435476
58976777
46160037
10119320
78902702
48420019
65663918
62905883
42442969
33290359
30999161
31917886
29106841
27908309
42163335
28095610
47231214
16400810
39392079
51606248
72098059
65844489
52846240
24341164
57582336
39644657
60062280
66371524
42079063
77597260
31714296
43801153
52729721
78486883
44896910
55544701
28788759
68364886
34009300
34817560
51460832
61175460
79576448
10408870
48991428
55986176
18306377
10454749
67150517
41095375
30097020
77238666
72791817
49665159
44158128
78843906
32047999
60645322
20938952
79816020
73327701
33651796
13748491
15816690
19405057
42059885
63245949
43780578
18049845
51708443
59445376
75652449
47361962
68564002
13111264
21258632
30253248
78780985
52488787
75451781
25746227
30353365
34882305
46094720
32331938
25766299
52229895
20232689
24664959
58917354
61538545
71419578
52811110
54963196
53331745
61504971
32527152
57733644
55858670
78794810
13442368
24880767
10654363
72101075
20896615
68015598
23297590
29649968
55479578
48720098
11330942
59809391
19662264
45426339
78056234
47668881
30769071
39190890
21397907
41783104
55629347
75633136
36944980
53760431
73959702
21181817
34153439
22886730
53251771
31180208
35411215
12873184
48604177
48398503
73092136
71968380
26165638
25999963
70496193
18990385
28263013
45851601
54137297
34799057
20143051
38020982
52629237
46010806
79107921
28158326
36620729
31017711
73041928
60483745
31063714
19899145
13665108
32874691
15133813
21100283
64293726
76439018
17810456
75933782
31877106
11067102
28145026
32056112
27487849
61523727
44102086
11413982
16590832
57655664
57064983
22374679
40452227
55136195
13877090
59319997
10813022
38214221
29988969
26521460
79438653
47010399
36369724
18267615
41398886
33609018
67116800
52053778
73619505
26557457
42460901
70136806
45683959
57867515
40962200
40940900
55965210
73918282
55278867
31023603
21664401
53917492
37940662
77398593
34654150
59468041
75831637
50443613
71771219
36022082
38896587
34061034
17354249
22521850
60036051
62587986
32075771
47588437
13774367
14334189
12932518
12326212
64445860
18992924
46064726
62888580
20880085
70688247
26511649
72923857
60795058
56691749
63879242
41604119
13103930
32421372
75241853
15228773
11231492
31136538
55687405
56372048
51039753
72131627
24540297
37372268
64057585
62805641
17859439
32245920
77752772
70915281
50216218
74758956
29985390
54541368
77777911
72999314
33725540
42667791
39816796
78076341
53837805
51823820
75262043
75432190
74321054
46043957
19502168
60060962
76792353
53880562
64161608
51006180
18828139
14013479
66227272
47922792
78012886
47141249
25187136
11859396
79174641
77737804
75468278
19705087
63573138
52384607
43852475
58206743
54886852
73633847
54910574
56755573
66122032
22832272
14452448
75601862
17299966
53022347
56304469
66326896
36721807
74802091
78643996
68511585
68039857
18936732
76959416
61742241
59499761
14683214
72268093
51719004
17384598
61154000
55807918
41077763
20268996
52594293
46621729
61675094
77092693
73250290
40380439
14176344
54679009
21080911
66639771
72103959
73269200
58859075
20886289
41948114
68814730
66334003
46213574
79161902
53825432
36580495
42038706
62675612
73866776
52992831
54638897
57068112
20511121
47353635
66868722
44078533
52395108
45947866
39159077
21881868
46677639
15416909
11475275
69327608
69012366
18257105
13727589
30924615
36772740
64529417
11872047
17219331
55480938
79357639
39461154
61745862
56941261
59742009
51396788
62650624
53138915
26928067
60631630
31715498
62522512
65793212
54348698
34554775
54863439
25410707
28051142
38814710
78501259
58220570
39472193
16587649
23827758
36082272
38859448
75166282
52017460
16759101
59171729
11727001
78568544
56033523
49864319
18317047
18145427
31678062
30697160
64601807
52027801
22265579
19838558
27486097
52053697
26309296
73944713
78713461
14399714
24763617
64868807
62816209
63783665
13403263
65184679
61037464
11207814
54425234
52880655
34618270
39815277
23369664
12239195
11971391
60068535
12947768
62845471
33222919
21343271
11089813
50452767
13347530
54057074
27212633
76569969
48307881
67737433
42238171
41537134
15757073
65457851
52135534
22156503
39391281
30641610
25634869
12447437
61407702
59481615
11739245
33598209
35318251
32316653
33080742
42573004
19760446
26008241
12162209
20624518
34821390
53331105
18668098
79062232
79081268
44488440
51478284
40673159
52693930
72495899
62722357
65597034
11778874
38195944
28525619
23916782
74521064
31493799
11121932
12736421
47827349
15631077
12570141
70290667
42329829
19421540
76709880
36753926
58401161
11216767
43991132
68533133
75940939
42277268
53417047
18210906
36695810
64280858
48392212
64343526
40059902
63694739
26107189
47428624
23165479
18014704
11305257
30024681
45136057
38959794
17069729
49959154
48382786
12583017
20956553
17167074
34267849
11178889
10518972
12544775
41210417
35239570
76197022
70248157
25024283
49316793
27255505
18205179
29984461
39191626
27811295
17318125
28632045
26609251
33620088
39263709
12353894
74442824
57838467
50288190
66682853
50887114
66337423
17096244
22196312
23290754
57819841
19047384
27379386
22871887
52093825
55389253
52334447
67425941
11422632
67579438
61521838
29054700
64476756
52031084
67456884
70688962
37657800
22878172
49456967
78949471
36147063
53206082
18014386
35352337
42728030
49515462
46380538
33928640
18667853
79759016
20195128
49821375
12157657
49987172
68994041
53565144
72811134
37633330
26246439
17507023
60933500
37526765
48167203
64135695
47816420
69478924
37042531
10569666
15680799
55714575
71905159
27537621
70142005
32760319
10839236
37242369
78957879
19432476
39297045
53750249
18433824
10907233
20553346
59152353
31881975
42770772
53486777
13459600
78655356
33303171
75502077
43191796
48791999
76888652
35764297
45223676
34267493
54244389
75448732
47602402
66304336
44468929
64306451
74472984
58108679
67374899
73343977
12117402
70516162
32269893
51114898
18331228
58595233
52920673
41632189
39023424
48413002
67218645
52387543
70125684
21977900
38146841
79007648
50232169
43439726
23753093
16407491
16585108
33897296
50136274
18991616
11836503
57819613
78389312
34717806
55877126
52312259
31452650
42700342
75673088
19092506
71018946
78608050
29787755
21085633
51986240
55359565
68292453
44975994
63592047
47967802
52170958
60311084
74013780
14362907
10757521
64384086
27374910
48299854
29242137
30741377
58885561
22695681
54339690
37885732
62449629
63170663
44944758
29409367
40471861
25283424
31020207
12179512
45391609
10216452
31742180
58031059
22995000
46696083
77940170
54309935
26215409
47688334
54021521
67798659
24796636
59753513
11103226
49038551
21562788
34235313
57503734
63667225
33979687
50295002
29742824
75502965
59546611
20104698
67586808
69863210
69996164
71127095
19168566
27660644
14576488
25962042
15398091
67512254
48289894
76050669
46686496
43863353
44048083
16843621
67340703
43074300
50468038
20355773
21580731
69813264
34872075
50450830
25516910
34589627
29856816
48716549
73015076
18885043
26197581
52216698
56333001
65661065
45133488
52882782
70687462
10504937
58351963
30815278
49941790
12019966
22586170
56743083
70835611
45899041
33953191
47259736
79477533
58977235
50678803
10859692
41511637
76514578
21784887
14435965
39411575
16094105
16295474
11282048
16503090
64741989
38480559
52363659
19880309
68241922
71306703
13238724
42905698
30756539
59846059
60785525
76476449
63826683
19211558
71891674
65488410
14687762
55333837
40423253
66286223
26790670
15618375
36881078
44978874
34796313
66516386
76753663
24419092
61198202
30666235
56882228
15024522
23800010
75788662
53011528
38182240
78663547
61659846
63116858
42117222
61685544
17237994
42130642
49887659
30110139
18424622
11354417
34825541
23928371
47357416
15291665
46549945
73532844
35349981
43982350
15516750
62440201
14358162
49706046
37646772
35778329
79557019
33613791
71981895
33193126
49593638
36762921
18356767
43714028
73558536
22267780
10329457
56072664
55308416
16107227
53305363
29291010
65658084
65266393
72717217
62982254
36840362
48962379
25935802
63609448
48771815
74531117
43873663
35790901
49139284
35386627
27239626
25193788
22930020
45297251
32406314
49082714
65376458
79525763
48453358
55362600
32574408
66044317
11071268
77233394
60465832
69941363
59063430
58814658
66114387
45432561
69627910
55340508
26953054
60921203
19774655
27286894
19274029
78976151
57620813
64142914
47200077
64300151
75116823
34984364
49683191
12668958
34790426
61184644
47330389
67479423
66413065
20081897
70052042
79651848
34429447
38092661
31866844
29545881
40643859
31031365
55920850
76907867
15771901
35056886
51322845
14317375
10220188
73871502
64350525
57511982
52344328
28875230
27511804
41630842
29229724
33811245
56623240
23627066
26961530
67017288
33652632
66869678
21533752
18400539
17254131
65801386
43463781
17068675
26352215
10834722
46262766
33347547
45922061
55560351
38028174
12479580
41891115
29974445
43100242
76093490
30885779
66067986
34012842
42802721
25891279
15499879
72537301
18175220
13718537
72117615
57848092
45110736
56790787
37689289
42667811
66608258
18797391
42495788
29393897
63735139
50394061
67928791
22620259
44013877
60775008
48278238
53165344
71041831
39580519
39473923
21773663
68057183
30091751
53815233
11323180
45490629
27695996
73688596
75133350
21052316
23894180
54247061
13063349
24337150
50203126
35489186
27117382
32749641
59325102
36124030
21297756
70131964
60905335
55332357
18992155
15345812
13239655
29621579
74652294
16860095
66346216
67950495
22188256
39356944
35067216
24343717
75969352
43809015
28433461
45347802
22463272
78685119
25740589
52164595
72893689
65817776
18806500
19073023
68753175
46761106
69607591
67853764
61911330
17157356
46235471
58700155
30094256
32609449
28929578
13816880
53737217
32719136
41881437
61538155
51295592
66660981
20739646
59363095
47853675
50925117
64104071
49563522
48242061
34282842
20153152
70458269
13103028
65975319
18269482
51863073
14987698
44338938
73117213
66128025
17944162
52876133
25356406
76945131
47345896
36620122
39006003
74641341
58724445
33057750
56006817
70443727
13673901
62344341
69121128
32470086
49013710
23806250
11965795
46157130
18140167
76473415
20251411
69447601
11017874
22429945
77020593
48345678
36944587
51230141
79454670
58168392
29528733
49734679
49329470
34053438
48237768
32961709
30977381
33121685
32725327
60714561
11252752
59610185
47173361
68994973
59827865
66109375
56112385
46721634
13266398
10781915
48367334
32098792
17406967
54602224
54869255
65297613
44955192
28020871
52718506
27117078
71462994
79492584
49611289
61972865
35996327
21941605
42596418
47022206
77029497
33034783
31760073
49869033
12161748
25377703
69380191
39137292
47709155
35548475
58985894
75109580
58800501
18085646
75640521
52732749
64406606
23977424
59584244
75644733
48741402
25476871
55667990
23838467
44475711
52539392
52684162
68046370
30516469
51542273
15471370
40110961
14665980
71713513
45065269
72596195
19605977
33985424
18446180
18186969
35644841
58977679
74136934
32344982
10336789
60048967
36081045
45702682
54556837
72940684
59135871
73612335
38671123
33743373
21779903
29878064
44384412
34567534
71853267
59269555
46735088
13361828
22667072
46591283
53723892
16658179
51068420
72196646
55775258
36215950
42269447
12988852
22872073
53864242
50501035
72712680
61152337
22775965
21129594
40060535
32884789
31795987
24231330
57892080
42803190
36468080
43213055
25268568
14135061
47398657
26556045
29343138
25930654
61796293
62343755
60538879
43514366
58571456
65732266
58267779
56612516
48103598
50021419
19795784
76357693
43394106
23363349
58017520
38087216
24324133
46817174
52485716
47877822
23030485
44076028
65720499
48926156
28418024
20848232
37855073
69725210
19734923
62153091
53438507
10978940
48208424
49778924
22088843
52276243
30704532
65410302
76981089
62854762
44188494
78655144
61145030
29138747
11675934
22989323
45375909
63362206
70639795
59257328
30087415
74295390
23579418
16463353
62574548
20979768
69051575
20711827
53106763
64286395
59857260
25169484
16564436
21250143
56109312
54025818
53450921
73965068
15510113
74406780
72281784
73002672
66917162
71548022
33970050
70628774
26645436
36824075
59444555
58201090
58772955
39447860
25962169
30289749
22861196
49563781
25753503
25206738
35125354
30311612
36353732
53016068
20938754
21589512
78717989
31973611
76765361
71216124
46828098
55818722
40651503
65548811
39344506
13457567
50565206
63550711
52116869
30203527
21498914
52741589
69229815
31704336
74096244
75555863
77478474
30494389
49741828
72026246
48501063
22586388
22121607
64585705
18728690
67958619
59732547
32374242
62922679
17888766
55590028
12391725
39640083
40828299
50451869
58678780
53529327
69724991
38334072
43101091
33545802
23492013
12086098
42099909
52781643
43471860
13617524
77481050
67742342
77244757
47466935
35069121
34682899
66537484
41051126
75123776
38748120
12773022
19806660
20156264
15435938
67714515
65107322
73898660
17694234
14560794
65882079
35295626
32350015
13570777
40674672
46207365
39188621
57640254
11143227
36015388
31321879
29070397
58381728
47519289
35319254
27648222
35658028
10219700
45360206
40534733
24215062
12067291
22237677
52715116
43690715
55190992
69681292
22558536
22677923
47070780
55037267
72938051
30571513
24611735
44496396
76452403
27108706
22682575
56742425
41792635
64874516
27153368
20603536
14226412
70118331
23184958
48020809
57805393
20110281
74547740
25308022
22436183
10074417
61823599
14176805
31476316
15392206
68012057
65383218
53739622
76157279
73987447
26062133
24610243
79268572
29640861
17432744
47431786
60966026
47467355
40163661
67724731
72214522
57865075
57677936
76947324
46276080
56095872
76537677
35822386
67263405
39251274
65104538
33790893
59199700
46747284
58957017
17564537
28348478
58582452
43912410
13759384
19993720
65463045
31017617
65128293
29632837
50046483
68536186
79727511
74671488
46949357
13742428
17387844
18896818
66595415
71310911
64886292
27610604
28447816
45421413
45500002
22954097
51704000
39069572
30876568
65196803
68525956
36068410
47497693
55174012
63564523
25023398
18730868
33778851
23965286
62526186
68375647
24251434
26359323
72667786
38567356
60313073
45369269
64339011
38934597
30530224
38209235
65941689
37060410
33381916
69204211
53367623
73508285
46388527
42245374
29744355
19254135
38761305
37417423
27717992
55601426
67252806
14190206
47709843
51352209
38200111
65731034
37776848
77681560
69555834
75078827
30954365
15487775
37888952
20615161
35760532
32879745
77945462
61511909
62450287
70012129
55564219
76764623
61644402
23279019
66405628
23852598
48762603
54355835
28568847
43892180
38418419
62578186
54585224
29772393
19231021
14417803
70115460
70125166
72685478
39809539
55508220
65546485
63202883
59795228
28815903
72013446
51019501
68208885
32078155
27559407
44924499
40791505
30184478
51691449
33899008
17440803
53471919
78591863
61036395
52486560
69354517
23629182
48661315
71754324
37372022
79337959
67810900
12105048
72343279
43204601
65643863
51830778
57782061
23408229
28837941
48824057
36594034
39125437
39077871
18768110
41720221
16933425
72547879
74188866
43545738
59347782
16080945
65753784
72014467
26319332
16520440
42712763
74735194
54320521
14947873
32655932
15580833
14134586
38445210
47144507
33815924
59255528
22033762
12669204
66299946
43715052
51342756
65815359
24740598
28435021
64284146
41448497
28060618
57934940
71073767
47645887
66122607
50464942
60290047
60697548
44688627
23528044
19752521
29913208
76431476
66900577
54912561
70570742
55314220
32997389
29027534
18612156
72151409
69318187
70364176
76313375
18876067
22899746
44965027
69893148
25176382
25879972
40644901
69502845
42779633
31264692
72000814
57989896
25721385
28978230
12792578
54743721
11632122
26703372
40283231
46557151
40909013
66551986
53276828
51332287
21821784
57913931
77502879
78979500
45988707
33022922
67571547
23223745
54513761
18055686
51493490
77203044
23855718
69216057
42372782
21673253
49864551
19445085
61228220
61539422
54799157
14180378
76627540
75202377
19379186
68343431
23537001
10191980
72758736
63271492
63372844
72148245
73927574
53941914
73712059
25003792
36237524
15054571
51338174
52232899
29551529
39406395
72976684
13235751
57514363
30094387
66193094
17361246
13941728
52312093
12657936
27124385
56714937
49443745
49985942
11241556
68507201
64087169
59223092
70790562
76481935
72908699
61787159
18794639
13445789
74125498
17008898
59372972
46567181
54930380
37248616
78367858
51525207
32308042
29450778
19072628
63131554
24536380
12392906
58104155
58205088
78123370
69683047
33724258
57664476
45190838
15114861
36784637
53531773
72335689
17465463
57655463
10132189
46371529
37137294
10699935
40023223
79470806
14967727
28071442
16244729
14950590
36550495
36493523
16011878
54746473
12632015
19183677
26225000
15721334
78337998
12781704
76731066
48056197
71611387
43152771
68508701
49036383
54238954
34292899
37791279
74666632
25714191
65648516
25066645
14828917
67169866
29067736
61412366
23537709
72336420
15557921
20166882
30532272
16270786
41233576
37255222
61027811
59671587
35392673
46396727
17919486
33203422
21500272
11401792
10662344
36235683
33539471
72063768
59923653
26384348
25683881
34903624
17192143
27571305
61998686
13446815
41111774
10801552
22239127
33765635
28475653
56076113
17371898
77694919
76974765
11644405
27798056
14170137
37465414
39516843
55553291
15478505
69529562
28327831
68370691
11136543
15917668
49967614
66566162
50618838
26568302
73532541
57777647
37329240
52605234
63567051
24740269
66116067
24747555
78747572
75146803
51723706
38784026
45281579
30613531
71289545
36058077
42495468
53041184
20541221
27059905
67186531
55410138
37716417
28261338
18128581
28281132
19243151
41116466
51309386
13146039
20794503
18518434
17476732
21890064
65759650
48084432
60870369
21124240
53902985
21097565
56842032
28575467
69335762
77400337
68864648
34644603
31740450
31945749
28674449
63625140
20241542
34904964
75126270
41264288
44637778
28648149
16674036
73388634
22880976
40132857
74788503
30065940
64865957
57135057
24888134
35288164
76535342
22261783
41325315
60109841
67185274
29848689
51707528
15155572
63957007
45630114
43880170
32105542
69040913
50996309
36544942
40246642
39951802
60329787
76457007
53329563
47379424
22025202
12945833
45467459
37252911
46183801
24559533
10759639
63059656
36591485
38660968
51655170
29345986
28503995
55428963
19615068
24636766
16499992
49330871
66008558
73906796
71583294
34552378
65757148
42148492
24334746
18521173
29332334
77644194
61161602
22170416
61373075
76218854
75920526
39473542
14330231
20614192
47687070
44741874
57519008
56079245
77628094
33395449
56767175
69498289
22556697
12540323
37353184
66203474
50273944
32748105
34346060
50192476
41543081
76663847
13660684
51483388
36074757
49438622
19868521
60930191
23868933
14016366
59937089
26062018
61501930
40476621
11021947
27758669
20224161
68721059
66110405
16307610
65963681
60791084
71164371
43587033
44731902
68733674
39756765
44053918
38796833
40125039
52338575
23260617
47267166
12139165
49846938
31911447
40103879
75648786
70077752
27868511
55089812
51007504
42333852
32560052
70361670
16871224
17177006
45714393
26829741
11343209
30759701
66407082
41067015
75735076
32718586
29684396
12853166
37431879
52826551
39226261
76534071
49054654
71301141
71096436
34464217
22171440
67834891
22933600
59997736
63873548
65115753
54571111
38882075
31577347
45626378
71955592
76192186
45021784
69548510
60860347
65069245
23437272
53783927
62178626
30135623
17862097
37352400
68042137
65390555
56534018
12802592
54874614
43293585
73437106
59240277
23692423
59368655
40308516
35796952
56289043
17544875
66068408
22402651
50555216
57674294
20287215
73924344
30612172
15207604
58533145
30193322
40765844
29563318
65060003
53073685
13676677
36445393
47646198
67369709
57352135
11779198
46041571
14592891
48239572
75091503
53763832
68913521
40459936
17898669
75177069
47654694
10556941
41967262
16361491
66927802
56165262
49734880
27562872
59906918
45662928
49300237
45080562
55259708
12416801
11541587
15055513
28571724
62727128
18833506
75515022
72118536
32554409
40963476
24764781
22602388
29981951
62647797
75871544
42879021
42351119
27097060
41522635
53614685
46912927
37074699
13254404
43621980
26991462
44217862
59212854
39705024
24771838
75377905
73951588
70165795
72610967
23066921
18183795
72908908
79339754
60659162
57654899
44496592
75175511
28198825
50141434
72407229
63050277
11654172
44814890
75188011
66738153
12893824
72821380
77564979
51546358
18551168
22990205
23983472
22720924
50713434
35663423
41842289
33608015
15301456
20088195
28407651
13984745
34099069
33521966
74096243
19406653
53678913
60940477
62472047
37160624
55814479
16943311
53507183
63248664
69328929
51710218
58717527
56493206
47653714
23526585
45470004
40084459
51456137
64376259
44432343
22465157
54622583
10661944
59906852
34449800
76234066
55418005
78431091
37267811
24203223
24498982
61579854
73935531
73287688
55835479
53908064
73871529
56127658
38056556
46142897
15416693
64571975
19077539
32218065
33431412
65566924
76842690
63786763
48487666
11309808
63063823
67830283
50340216
52742058
13142507
45925439
75040928
59416516
61495947
46249020
52733104
72636978
16215733
55684344
37982111
54097679
67649055
58653637
52918062
69537203
12459018
70776437
43037712
17460841
64060933
10769260
20576289
41746700
76563872
60391862
59953148
43241347
14280519
28975104
54623674
60252623
33359446
34308412
72325543
47715080
49720838
22526717
67112439
60826898
30632129
16613463
66995000
19464716
61966660
76720839
51670625
44720084
56158069
64972471
47032354
67600744
45184666
49840637
54057440
23388860
38532648
23919952
18781617
36245505
76432495
27697459
29447778
60626760
62296112
40135434
23379914
16979824
59430872
55790757
64108387
65894361
20729535
61602213
17240787
28466407
50105849
19803909
37605343
74089637
17451219
15825412
18079633
20196751
18207599
41731297
73815234
34948765
51941570
33503137
51737393
21056920
49835468
68360880
71882660
13577228
29351143
61144615
68412122
29700442
29633808
24774812
20032749
78554073
14554155
70209636
36269309
66876719
10202170
40745786
34855948
51226029
25498178
79227481
51606406
54832471
32750360
77169438
50848541
59453074
40495257
23886673
66123275
75244616
60805800
16160291
25748400
32697274
32472871
15091425
38554624
57027897
58196158
23176768
60034664
17742718
47461300
23857171
40268934
49729678
73820970
45779144
44398356
31031892
35773270
60326470
36358452
15366644
20284504
25869465
29539164
31902512
40240914
68245144
58935158
66992236
54876063
33535882
42592740
29325919
60031069
69458141
74607512
47357575
19828054
75629361
36123572
68607875
70916836
45920964
61733518
78707963
27404505
34762228
78893273
32191231
79206605
32858124
35133254
24855107
26519210
63409067
65888142
71043698
14430856
25744212
51425149
10105746
53103830
58990362
72866779
71689968
22132559
66420637
13330770
10147909
23651742
52269472
28702060
18604381
20521377
57405434
75144696
15157933
14938042
71304527
41487741
58352769
66555179
43413364
40443998
32560814
27870994
26674480
20621248
14678659
18226464
42642060
30828509
55132024
51430850
35564610
10336689
61208870
78592058
56362437
67539785
57253658
32702504
32971680
43300663
48418513
30929687
45861345
66880960
11521989
63340876
69497305
16687909
27720877
24011230
14195614
12096270
29224328
79683706
15201119
65528534
11967225
62930649
46818523
55671413
69861009
67565503
37607271
58643968
40773922
33722227
64411389
10108269
13028402
13773211
41905955
24072174
32300620
24740748
20271939
19456076
26276458
19415586
69179561
54358390
39269347
41394051
71627588
31534219
53112940
26798219
78836483
66042441
51756640
77490316
35877164
33595961
36809463
14179456
64604474
63980048
67717191
29567604
68792998
25465172
12818025
49232732
72662115
31481330
61568736
63744115
48676933
41326144
24193518
57678784
11088761
72136010
49499759
19231133
68984735
14114781
73674439
33780263
16972901
71360491
48835881
10348760
11699266
28919699
20407258
19716069
25864753
36048997
54771999
22883973
38027010
38764120
75625046
19371774
32390720
39277668
25485817
16791813
23799774
45307834
44989368
69884203
26321067
59908847
10607431
13313396
27041649
30999395
53401900
21017536
35775212
66067763
29423218
42673095
30530843
41497890
11940997
49954676
39283719
68020839
71824162
70610418
50259299
49683928
73785803
46003920
78247178
33888665
70644416
18720023
53373461
11026935
37939954
36782779
28951716
17246527
55382139
54407859
15930966
51485366
70475567
37852354
11505813
63129784
15754341
52845488
67149585
44653416
76156479
22918185
38862984
34552131
68226534
36648318
71555021
20808718
28471780
10376220
34458937
41184810
37556053
42562788
19669007
47264845
79082042
45107551
26744809
75350884
42189075
48630843
65615951
78607230
21551927
45267968
24499488
27718627
17745192
55983721
71504161
49428238
63669601
43872055
39018283
60862962
13729538
69854444
63419976
32852843
21487147
15343726
79754005
12199335
60227714
52364430
28138865
75349178
42622792
39833034
12415200
23117792
13169804
34510249
51204104
34853710
32103144
46295460
27749876
50831173
69296161
69654982
27552546
62760216
58193981
72097018
70983101
33688431
30531883
73418743
59399619
34260751
19601023
77507672
57598938
39527011
17770327
35229200
26126588
17541452
27499921
72427014
24623477
20416929
29058570
39313755
67529366
27411095
54343025
35987418
68430697
20995083
52441684
39930121
69763065
46781292
51774810
13013379
75632357
23806920
55125135
25252626
33419935
46568752
15102360
57203234
71255941
52034907
62733066
69738944
49415020
55024716
71568302
25264084
58391900
66026959
22577380
57521547
15843993
33511147
62117138
13970231
35719237
69208804
19625066
70483168
31210464
19349687
35678623
40295305
65621900
23301825
23936809
27562119
48855198
43578768
61713503
61141927
51354694
77628950
11111906
71925394
24770583
59598094
74896400
42706206
52927100
17811395
75546801
12554031
38693486
64066776
39557903
15725487
23208095
44779550
10636876
66215534
67540754
20405213
20539547
69927963
23801550
24297329
68232983
67956422
54113641
61672391
76421280
13947051
16795272
24143983
26623265
11610125
55420502
40288810
17478065
72963544
48253572
33366183
20117287
69258682
67555579
59321490
12400353
47277548
46713241
29710828
24809398
53692372
73219439
49728825
75035659
34962510
35318637
10094061
21789970
78648899
35042726
61505217
19962161
31852653
44923827
33933200
26244081
21262364
44371742
23060847
14173643
62579702
20147588
25194431
27373582
79725742
55604565
72850216
76537729
58319362
32151511
16615782
28051101
34830012
55279482
37226347
20938257
67843977
58769882
38644154
27971078
75338892
58508113
41990410
25721594
29814005
41985565
10225103
70819536
66784812
69678139
70646295
36694953
60360928
41853193
14043188
23681829
46570618
44816204
27747371
73395875
44708500
61395750
44019472
32740667
32910691
14845329
68985479
25912890
33042874
17941097
66150519
16801459
44812950
25086766
66100033
57697641
28583677
40108747
33223455
50915536
55056431
45986234
19305770
24697213
64104394
11210362
71502976
50810783
36934917
32728830
51762657
58215446
59219786
31893063
49429337
22969569
67836297
64683365
15491062
69949238
28205808
24301273
18306147
12956363
69924460
43428334
11624131
34924762
30405158
45795171
76665970
37474649
14038296
66147375
77177157
43043638
39260034
44283110
29105982
27217633
19372768
12662881
60156630
33055287
57489462
60696848
34596417
14328102
76254839
51003720
76768460
22104200
39541135
76664094
56036905
46288810
31159912
46128142
58509814
31085731
64862710
41676702
28072650
57866205
74908702
44562557
15649390
76314137
20820311
36355088
44339425
47287368
37653597
42105969
25178303
43300970
62270912
48038673
48424610
62758879
10330826
50915056
12507749
36856043
20181048
36752297
76618711
68803074
18770624
39949978
25549097
48206551
23792499
53690267
63389891
68924311
22903135
59071571
66566892
44823321
49453867
26777923
44152193
34048641
42113429
35541213
19479077
37309217
22353120
16642149
31833075
73130736
38971964
42978647
25564498
71557409
69428724
35051943
70822126
53136468
33874621
50392870
15893613
27415535
10058176
20275146
11718474
40838939
27872547
44480605
22588648
55548327
26862881
47926578
54739500
25298624
36343040
36806608
32433499
60842137
70841544
56614329
11401540
50589911
47336868
56778058
17808269
39252542
75727828
19078353
27928477
31347295
22198399
16836229
14588211
77766315
66263336
26713926
71860083
17042936
39959455
56324464
42697016
76162297
73475507
40743000
30060797
78503591
77022680
48267955
61899120
68865481
62986780
73216549
61138230
20561667
10381984
56359065
75261001
45998440
70254538
59039725
38578544
30215191
28537732
36170307
67830605
29346884
66007234
27240675
30595673
43029520
20686619
38505276
13663215
35246877
41381258
71627881
22272123
37978596
57067230
79954953
45880224
24066214
35674850
35373948
15659010
64092690
58665660
60977263
44815945
48786057
65369875
26625220
58329485
33596830
44810107
60705294
25336750
21722334
63480315
52623052
57555376
55655166
38242990
41754918
30918878
58033376
63821517
69545646
65415575
63528577
16586401
48162297
79889598
58527965
17205889
35582626
17782594
12452961
19656479
79711541
18348848
20888138
10474836
37548655
73093445
67044548
29556776
75039292
75628974
14213144
72018038
57625959
77308730
53074823
13726215
32552510
20434126
76266398
12960524
30465233
32935731
12966799
54858135
54478485
49687866
36490858
35048449
64160707
66929734
17096444
79240837
55736129
41437975
19629570
49635304
51969403
57286051
45359518
61926571
43890188
32669072
41956943
50833430
65800455
43118184
24448912
66138226
19937147
35408144
31782868
12134473
74015710
74564103
42624470
29558122
20408281
69233365
56230177
51717135
34332026
76633859
17378702
44291262
38325284
78073992
41475150
52027968
40149082
33969666
76723549
57262720
52031581
19450297
77795934
47569647
69393943
13470397
46538687
33347646
65668293
60852996
44670357
47933944
23889725
35701191
12582794
14109728
54205609
20783667
44719828
60319214
35340020
78753988
70446653
41450481
70251185
66024727
62233784
77883729
18524495
18215774
64997615
39805028
51069458
59338714
38477721
11136057
75830191
68289703
51790530
63394275
44783094
54087865
25075395
62602432
39591378
66718438
26714684
19556501
67359770
13088345
31543016
59476748
63696446
42230744
10961800
55884064
20487460
13688479
13401528
11600627
11635160
19492677
70485094
15772332
24047212
65184699
67070258
66304094
32689377
25954278
20663006
25655444
60276331
51847357
57915287
39364836
26706761
10626704
47930814
42358931
66476072
24549481
63288132
32141852
30641446
16492372
47116603
26154069
72023270
31452516
18725451
60358797
30131603
23739466
12507868
73496240
12855095
20820320
45993254
16196747
75744415
52415309
26879318
42450249
50584524
66499709
60442720
63909372
71966118
23542662
23892514
72270439
51692893
73487365
72964756
46369039
78411100
58860330
33846362
11597781
74503469
10555188
59621599
67709491
37888671
53132514
15488284
34590013
37539759
17646363
51552403
75931961
17903173
52129489
31493704
27621108
73365369
63065511
54544971
14507590
23058021
24604120
18977939
33081238
37887712
43930258
10159645
72652681
52085075
61995353
65824854
17207405
33861242
77384169
28137925
10354694
38644641
16937656
47606632
51924893
74479239
72962443
54050927
22060245
75461403
34729067
55701604
55935514
15818767
56562274
34075422
10400422
61558597
72249625
48771838
56429177
70867274
38644892
39204469
51479675
24341579
17165456
66571003
42154043
69345860
33074118
27178008
38025419
76788757
31470598
73507288
43446831
65202138
71370757
66615348
29586653
69264049
48853244
20159707
59173070
19524556
76127221
38010343
54903627
78172881
25362846
23963261
10576360
57831239
58127221
49049449
69995116
55367840
12827982
36692256
12973761
47456207
58212334
52297128
55112875
27015552
14067862
49727990
79204135
52701762
42837015
66017382
46062341
59554013
75501339
27190282
79874630
31602423
55074196
31006035
29347832
48442238
16689593
75719865
36996347
57653560
69589968
74074989
74656519
36817430
60118474
79969017
55624000
15463010
40325998
37910173
60473545
51030520
30612494
53171431
22367998
72450035
22749520
51420145
72788288
62390714
15429028
18789852
28344504
61609561
19588682
65624823
44868387
68386804
20796980
79515906
47487344
48753395
59183284
65568511
55594356
47152423
52921542
54593914
17002714
25005860
63585163
36155365
38828449
46361979
20056419
59894069
55485799
57144212
12145403
47829833
71326620
18380108
63895826
49469313
31009344
73542689
63903410
22651310
42117332
68834817
11759430
73614264
32322844
16437563
61424569
74182661
57611759
74774829
25984717
67647471
40089816
46524290
71860376
60260560
56795088
62479339
39980808
66856213
64769722
33279972
61240426
20133352
38781985
61107940
54277456
58140025
34733685
71541437
28479290
32395362
40706635
77449945
67419398
38130131
31172491
10841261
13622299
41358627
67707962
23406920
28750557
53319707
23387279
21032419
62116345
29361019
66489147
41569802
70539279
43791433
50768379
51239110
54422310
35914727
21591969
61632506
73628403
70741545
53700033
25101878
61665823
55868497
40368988
32766907
38184783
37503987
62699563
66270699
55955846
77138476
52090967
10591345
20560888
57792682
73546147
75923290
43476101
62093330
48262130
39814733
37618905
61859935
71587244
55284360
10883900
72014133
54056225
53903226
40532884
27265782
38882124
46233465
43324344
31446171
16869832
18820519
37774610
20009955
62869651
51774685
73201158
67950045
42966050
64899719
41677635
57123074
63359913
25919387
58189198
31614565
45490984
30408148
16447235
61139039
12548433
14989718
11711247
60934405
27083490
77289896
72862114
38995117
36234194
51798566
17215263
60207674
54767223
31340430
11840639
67156171
11007297
52532373
13311238
57206527
14058265
55036770
69050977
40164683
52173867
15296607
47020413
22554548
53844931
41125861
10320886
57467450
60337065
44051980
15042848
65763660
40905380
40488862
15342405
52965429
18714967
58805642
35782356
61713193
49405705
60913070
59746016
13126094
12223670
26655881
61426540
12768395
68101462
73455386
43147107
39847082
60378542
77816073
35203331
41800498
18584784
28034244
60118942
32957263
15367598
52578007
35714942
27356018
12433559
56624206
15741163
42452727
62518034
60623652
40952847
48903258
46572126
51831336
58687929
25480894
59004458
57341799
37007330
13455977
18287858
29883507
50625559
66283537
72058703
24118343
74636332
66760056
32233314
26530513
75769891
72025059
30251382
22901480
76443468
36317397
27442021
50296727
77594852
46224569
72143667
74762162
24512601
20759191
75359070
77540549
79601934
57442456
47269467
44536400
26517464
56378695
25383983
22059595
16894005
73486961
76986239
39278152
52443401
22971525
50144197
44449828
11526472
55653628
35173027
23761108
74425167
27759838
32467521
50379544
43911250
56632245
45400030
50297345
23013691
24746583
42928856
14439788
49940813
64074467
22874386
53842298
75492211
63444929
24800249
21944538
72082828
79231965
24167821
60036124
71680512
22410038
39147439
73727157
64971006
45902090
12874280
18220556
56693320
39631660
20320013
52065487
55350299
31861439
77121815
20500501
48536737
76563296
43971756
71098363
70417507
49390807
11965634
70396566
75739855
77574230
11834009
74228772
74468645
16843109
45165616
58119335
75084947
27213792
78238537
56196397
75520827
41266214
30975887
61873166
55336486
21890665
53779209
66831833
44779412
49969435
78081663
78649392
70981398
21924281
31085633
18439849
73006448
78069946
48758065
36032527
45804098
34557694
65411165
72457749
10418914
55371136
55483786
39460747
53640858
56833592
30659275
41572004
38517765
38727003
64875802
11981386
11254165
43718669
16714880
55070463
44271285
49215941
42259301
36602669
66897526
69638618
41708827
14896229
20632817
44500680
54725037
73001732
10592074
36450734
27202519
54611130
69607595
27253094
60263482
65989941
41317081
17767348
37929557
27362567
11959964
66690143
70893653
33277156
53282564
62484418
38739783
11890443
38102384
42838894
43226734
10118891
21359687
71815471
19441757
23638006
11122112
68754953
42181898
61327543
74628303
15437386
41613084
63413579
60654181
55513553
21110537
63775369
21152230
34093803
15098908
70281673
47826592
58349919
56799712
36706364
71760266
31634074
77829208
44428896
54929237
51889297
78057823
10977549
70499565
61178108
11716736
36785033
41448878
39912856
32720841
48481530
17454175
53186978
48248381
50353023
26210579
13352215
16224575
75923381
32806752
27638740
28363280
28377614
26710847
72265597
41389336
26330481
29663250
34217996
34914320
57606667
69560408
63010297
59030408
42723223
46823983
13757460
31635021
60187596
39286018
77560982
34087158
54447027
79722637
29913458
22719819
29157897
43968046
37331429
72470043
54197594
47894291
35949092
61120043
79941275
27903943
63293851
43028996
27412315
66434560
57460383
21787943
24708126
58340780
29117908
24172162
41232319
29190802
72450871
12691033
19941015
32743371
79352157
44730222
10310026
61754221
73445849
33485934
52477539
12631998
16476874
30416754
60359416
10975008
66116350
19250082
51143087
55918775
29643989
29896952
62636738
13879728
64780306
59587565
49244877
60272616
28320431
10721419
23435674
59337125
16220113
18213193
10707697
66913208
50235653
17998377
74064569
61619892
71016693
61629315
10949150
50445526
31255340
66939446
40050027
78788060
29821398
59127440
60987469
50384539
47591196
21661305
40972788
70158530
18017981
35438404
57143830
57277705
18894406
55258285
70045727
25978867
15776780
71045984
52886336
30866940
38946190
51131875
19961646
54605564
66895985
11422717
18056129
34667252
71486259
33589152
32214883
60623835
62536748
13195827
27244536
35439608
22234054
58753235
65146568
25944869
15883269
53412415
15770672
54929393
28689984
62474851
42883770
76496855
39225461
47619314
28272881
49686896
10762718
29544957
58357265
54821424
74143454
78133870
56262163
35578396
16066156
21354446
74594800
79023815
79324748
76392186
63100535
63746657
78743385
74904545
63171008
56850376
43395963
74812211
19822600
70651498
23708998
47079772
16712143
41866855
41632002
11247148
57329979
38482182
17103893
50541017
70179668
10400056
43376564
41158132
43318930
55372233
61599629
13701324
60690488
40379128
16047200
77936100
39591238
21253509
66724178
38684880
17192411
36661699
45291415
58375914
66758605
66371049
36452958
17765204
11873723
19944681
40508990
42580632
40677419
73442890
68187071
75942193
65253196
74744742
55091933
64094099
11097692
44691510
30813003
76305519
32692672
15126532
17482793
10623662
13637232
49754245
72245985
62778348
13819582
25017782
25405710
62026234
38528889
18972619
68992873
27585383
79962515
43118880
18632727
58601045
74868828
63180267
53043704
28297925
65917752
13955437
34229809
39671178
55145321
66966576
61214407
18877759
41222244
10221517
62718619
15292519
49773876
32230696
55440604
59757642
54692889
43539665
75046276
60750411
14151196
67220293
64062402
42288115
45609109
60716844
38193826
49168615
31142207
12967912
45257635
30145872
48750244
19158212
27741663
17645167
76220156
29616155
63893565
38284165
79649206
22941874
38957495
34303454
46173438
79082946
31515547
23544755
70019807
77106425
40559822
39959826
40779180
12373094
78649618
53938272
14458181
75773984
69779271
22104754
26168192
70982480
31505301
10905702
47733283
12111577
51160124
47319410
45160017
22425194
69628466
75515825
72318365
33004170
56806598
22301390
53597912
26914609
71079127
41826082
14037423
24963943
63349215
57737751
23490699
37029539
27472186
43449233
40945657
34087090
62820335
52191898
42599130
20293518
68124484
75215786
44618537
30184584
52544362
79132407
20157856
46933556
66227287
77559370
67067294
53395192
53580810
51668089
25752338
44991210
19543766
11579375
45465156
77819349
65236002
35461757
75614870
10925097
64169990
69880593
57802872
27846695
50829756
33173796
43255110
14502171
11353742
33305551
17965335
66777402
35889400
42203188
62565364
10849569
28221019
18465964
50416153
38251130
37997339
65813964
27309421
65641599
78818897
42134825
47676328
64774806
53173896
70774260
42243941
64596299
63956741
19736616
65466635
32359838
20272640
73389225
38332561
60768095
32935094
31629901
42953258
77267479
24122870
76434577
66079076
66283637
26899528
19692085
66607613
54706307
41368182
35124181
66679898
27750541
77671386
68463129
20796499
63243506
21023368
64707917
46981871
28091673
47094620
37549355
57108615
38790800
53812852
38664191
79797027
41505105
29370731
63649541
49572206
25838489
35103596
43640413
51499840
51625265
48829523
44819529
71232687
63545597
46859418
36638437
79279216
55305938
28214930
29761621
26853450
48341652
47928402
15769969
52532847
35939014
13977097
69547897
34293354
41328098
19606660
63958737
75035103
13497077
22470905
36232871
10970978
45382593
39840775
49471229
56818573
62481800
61803525
61138213
70186352
18683154
44373904
69123614
61113298
48457360
15935524
74492836
61975155
60262006
32894916
49916411
31475780
23604799
38015266
21597928
76326750
47622043
45779374
15390042
15564340
34590380
48603566
52839355
75952277
28400099
42049558
41532126
32809496
69977523
37375371
18389247
47665160
58304175
66740737
78820569
64548612
33223672
77932670
27591504
45082705
35447153
77332632
22462367
33204394
37756435
41133241
61922020
15026585
65593044
24564862
56953193
56577515
33583138
51192697
50946454
29180809
62190962
39089285
22619660
60185124
68181458
16841420
44828773
44101735
75729342
24095806
64392652
63006863
36143478
69984547
15522423
23314326
11735315
53518722
13835419
12275511
75247000
78009904
35645616
30002172
72945978
75589047
20147204
79809774
48221096
55719278
47854954
75245248
12156242
16641057
54218012
74613469
16583003
60615890
19196200
72676063
21379656
60623983
63288233
77092997
44782291
33491574
76106647
39945086
33716082
45732766
56828370
70343260
39304049
43283038
11589342
76494131
15992723
40811967
18312039
54833511
74036197
54557277
43790819
71666471
66141654
50854413
19457601
18676847
75455667
18575658
40639805
79881494
50783634
71097659
15511492
34998001
17826613
53132193
30960574
28586172
30299675
68708314
61093596
34137116
29557887
67245904
38912500
28136336
34555927
75123875
53310032
73776666
20959358
31616992
11032081
23040735
57750038
33722560
47705629
66974187
13843661
44637523
23894836
54097193
77620473
64112335
20276011
53533675
41115309
55147010
58958864
13325446
12216271
46132726
30123984
56128430
30992621
46917745
71248675
56985955
19259927
11895476
10525437
32722455
50591185
78989261
28762484
77102007
26759831
41047514
23631499
54341643
45697929
76999997
25462971
14210478
65221579
44255077
25026050
49877622
60433040
33610730
32355467
40695435
63538513
38515677
13455012
48112686
56017765
18570004
75610383
56468096
45485566
62869233
44973844
10064828
10635757
56824545
75949328
20140670
16292948
68742283
74255620
62653714
25599473
15650581
58200917
70898180
28064241
13486758
21723055
20955225
48408735
69576359
24222488
24281101
15655779
74511140
53316030
68111216
63340374
55195293
55838158
73892538
64540863
63121692
13831135
76141435
16044133
11754664
43867880
26121550
60540447
63153089
17381146
36676807
39868313
68661596
62649047
13156087
29712676
58810296
24200803
58679747
18551380
36853019
76091112
71326193
46665225
22432950
49781773
11493662
16599623
28435296
10030454
17777483
51341860
26964976
26383607
14309975
58107729
73992357
59501954
70603906
24841890
13493637
47431020
65640583
53509222
13004937
72876944
59930754
58775587
20954558
12825345
32307028
54722241
10874350
49439705
45904162
58190246
19978043
49191337
19790862
15027273
62005714
49261904
75559609
65020889
30624544
57718130
47349595
65558014
48519199
79904792
39134087
32414927
64469400
13065587
26996749
66806378
14519739
34354042
60071548
22264855
42176181
11287183
78144372
57580487
39741852
31862342
55071469
11280657
32369468
28703783
41777527
79326215
63062109
65024132
31915603
27894716
42300473
32329775
24834935
11126024
13679980
54786595
69321614
26760158
36411957
71448684
46692582
59093674
73068823
18886711
71362600
78020452
62890383
14403484
35321948
58315843
66900190
51596899
30478016
11088282
65174474
51279669
15922228
76828678
78870640
27373728
10522639
66091280
49065055
28961087
66276762
59640545
72075201
16101531
30499111
46635110
10988589
66249196
25579940
75303073
14187238
51565380
69343315
21345825
20412916
12152592
76848992
49803159
26453347
33411826
35282154
74969942
79151198
40579415
36944213
77851917
31794021
18289800
34707124
42934845
66785628
36814747
25429574
15814332
79262591
18780735
58054281
51897942
28516087
52166632
32248063
67522077
55266043
50059060
33185061
62019253
25616456
65148423
52341086
64138291
53220715
47798863
49460382
18758722
35324632
23124976
33685854
78782724
23131076
11090010
42774423
55154102
24039992
29929733
27183186
53936764
70351332
46828142
22739615
36924341
30904224
57661421
59962295
51944813
72212377
77697465
51255999
69025720
44751761
14453000
22436566
51907501
28191616
73383181
47621930
49478935
52704771
39251975
26313923
43153294
67922702
21911255
72453822
58776941
71098196
47683512
48853622
74223667
13350459
38440566
35510403
27853709
39228279
30627872
65479039
60432507
73130263
46848459
61399005
17238076
50971843
75791769
75960834
70022110
56338124
53882502
50416124
18020140
20214682
29487630
13811042
66225631
11629058
41701469
61718345
71080969
22677091
22456144
27691002
65839540
10767165
36583792
39384152
39656437
47696387
62977092
68470233
69244804
16882468
41417911
56627586
47739680
79820240
52652238
61864409
65084963
46102805
62465194
53959523
74070580
48084903
13188306
43352226
30142743
46491540
73366949
25924261
15843814
31720598
40394301
13946752
41054000
79447911
23189524
71780716
19409263
24904201
40662638
19626163
64430061
24832531
75938700
40316187
64949391
57279528
77495819
66638218
38763579
19668832
71379078
56766601
46964978
49416288
29376133
58130762
60966680
28790854
65568128
65408702
42755245
22555790
59568139
47706316
12205904
36407794
12007229
52992667
45900203
15190603
40125916
68430062
34209367
41880811
71237247
53477885
62787224
16102107
59067213
76528383
35440138
25861027
35466961
70513694
64688463
42939414
52845079
23253672
28907519
52684419
78860643
40935523
79884569
64377698
33729380
49364837
38763336
59444113
21902233
23595795
68927743
40093432
49466521
74688293
47121707
75162335
16843473
14122878
43478944
76775459
47077256
53582328
56729324
57037664
49099174
24695374
38929813
76490842
35244086
15562448
48052106
42630071
22551172
61840610
61224971
79375770
53825533
63484471
60384738
43655687
61047041
22212195
11496837
45379324
34410993
53696742
57696037
30718668
44545848
66428203
30929703
60995624
24443052
53990918
47015944
79288521
23792763
67074744
57550290
27725872
10047038
77853889
65186188
63573522
33605907
58908366
49991825
77972847
55936687
74316245
72849355
15376089
74027305
23812335
19273632
24254440
46662283
50684273
72698474
27549218
24388551
25220203
79886481
75376622
26920877
60225363
79666953
55722891
20088890
76098876
44970646
28493606
31240295
27882916
12301881
51177429
65946183
15078027
76405553
38713772
73051276
23159198
68566920
18195332
73873216
29058923
26798131
65389223
24194086
59475598
38196385
14871234
70100008
30648310
66722258
24265627
58548293
17454573
24868434
19369872
43579290
12256184
76877444
44178156
40432961
65571804
50030146
22094364
53509434
32814102
69745746
26437937
79071213
51056555
27163693
65588348
71372796
34159523
75884867
18167903
35904779
38694033
21738608
23098251
13259846
51541159
53867227
28953776
17783925
44748459
13825006
61408726
76710696
78233227
52570691
62033074
70130526
20505950
27668353
12708794
20339828
79526261
29697693
24308099
27439825
19373182
76040275
25989812
34336991
78185298
31233180
64685913
54466638
50821139
26072754
38880116
32457536
40145644
34501390
43602680
74195475
24445676
78741900
56539797
26969663
10006888
32027975
26584864
13216640
63231983
14536652
24991572
40829473
10491707
13555360
14913401
24163682
34284570
15079500
32806562
67584008
16850343
39204407
73974662
24190438
70600228
36503008
69881181
61850992
45385140
25458587
72665517
33329278
78500955
16619214
49656678
13418983
74484506
74932527
49072499
56215900
27579034
13678560
39638289
71404261
58059700
52330687
31038569
57199728
60497204
68839535
20528640
40411117
51810424
76339932
59291068
44075920
48808110
18486171
58145592
66406558
19756283
21485241
65850549
45576354
37360749
62280877
22659935
24455111
58050086
21168334
33556101
19621521
66440848
26595089
11852549
20420279
37147122
28381903
17235506
55961408
61731991
24193639
65012137
42739492
31756842
58177291
27595334
55172772
19354500
75741144
46650043
72885936
54887657
69105025
73989385
46713319
72698335
30524100
70947329
45511806
79287164
75763738
60694347
23994455
61890399
55955935
19823795
45581597
54587229
29710454
76067004
78227947
55664075
11100720
48835548
34585807
50308070
77552287
56499957
77613524
75871788
13544154
32692888
26509239
40421419
59973818
24388515
75236313
61720391
61802698
72072991
63036316
38050142
26109145
14900492
10407164
79847291
40587389
11781251
13159776
26203272
58710585
27970975
16695214
63492668
67491878
70373224
30403538
16986728
17774601
29662810
61066124
74848172
56584493
52836896
59737485
33305167
43699559
11928926
79341764
73674291
33063605
55438469
73901149
30743365
14761913
41929404
10369124
19028950
70254534
68203765
36462650
68081284
13400679
25540093
16424768
12449194
26691362
44156456
20824630
67260867
50753533
32279895
51008564
57643956
28581363
19702472
15152222
12899573
23515175
70536833
14928716
56698672
61879871
62902334
33721381
50975116
74652061
11345395
67588232
49661831
22748724
38758904
68734865
64167275
68104544
30821991
40858665
21154774
37416719
37845716
18137138
70995986
