32759513
65773783
11184781
45919013
73745543
43602389
28709750
74572315
61690714
52193799
38877086
62565016
44677566
46076341
17445312
23612164
30800032
78709460
63788264
46694476
44851638
15875310
60256998
14489617
72907902
58437991
26416679
66567229
43495007
48973871
60869362
60454465
74706208
23234426
22789221
47403127
48590533
54418927
71855697
17884968
79532085
71016914
51599736
64231242
42304100
26079956
60503094
33608255
78926406
17808560
13968960
29567266
40862023
61347665
44312388
51666111
56347976
23772245
18510898
12294534
77423938
22943107
65881279
78924178
43239895
69022962
50869211
21454555
10558414
12931808
12873734
22776037
61328003
75658521
33655320
71463009
71490917
67639489
29352113
67707122
75913304
27870758
67839058
59527982
29910700
33034071
35079648
71023527
77756265
49158190
60710031
67268990
12006037
26353918
28033174
60107046
60990874
21038142
51004663
74863878
19033149
26085437
57714181
77573371
25498914
59183930
51321250
10824117
10916470
10168519
55275934
54965307
28231224
78644637
78162461
72221828
21648749
70331095
26313382
73984658
14893682
39988043
62534065
55562881
52516067
18722198
72054284
75844538
30381798
32895118
29851685
15997883
15941421
33507702
77477865
49252118
77719724
68061351
46247334
19636496
79757261
25242192
45560583
29169095
75402487
57815804
10751230
43181482
24059677
31922381
56609513
35673788
73881973
72939834
79379898
60886825
26728004
29937188
10826985
39670558
58825410
79792398
68752407
12910891
68823183
10230118
74232836
55229162
27151303
23789457
37557971
11505711
76312661
21745141
30461270
31763039
38357857
10763914
22796651
52056860
58134163
76301355
21037945
13566663
28776366
57694896
30338838
61119971
23437995
54050143
38608596
70604918
77219310
79055701
11369616
47595535
38749616
78034937
28204854
41561724
60630722
42113959
77407410
38677625
39189613
13213930
28133884
35630192
69071805
39890080
54261298
32431216
79847020
68951918
18826085
61394768
30442467
27132354
37890270
11398972
25855241
31966483
21937018
27138294
28396600
30466692
38831896
47449941
51996717
35686119
10561732
61077146
39548996
18920320
25799951
44577235
52509186
42584048
39906751
72753440
28591728
52730996
24517695
49130097
17544466
27016473
79952386
40053828
46958415
27111272
16990083
77920879
27309453
19017567
64967123
45357500
44735804
34741973
33236943
73306386
29616480
68179796
12136328
25496146
15401389
31551384
21046370
67043970
22321935
32335269
30200525
33408058
79750771
55102744
40476948
48411410
39399165
11299796
78747852
26698283
22390409
70261410
66309633
14719274
66048800
19918984
26503324
23076065
21768949
31313507
57928385
51546640
62276452
22571050
21096717
22413131
55176342
29541253
56644093
20868447
50825510
65436186
30904303
13565467
47836288
58351761
12464748
40441087
38614291
25618192
69658468
37417745
76416526
42207528
21408565
69882742
16602285
63085131
27385524
45904250
33961043
73943916
71251722
31572586
38888000
73974099
74444403
79350346
23596113
48114432
48450431
22120167
23441398
59399477
20929170
73536725
60734559
29016939
40095105
62603514
74803131
34339857
18580103
24919003
51616507
57729634
36162642
46475184
58573651
18080786
12492081
70515619
36773699
40495320
30521528
15646604
54283369
49162650
43598639
57868361
79769394
19900170
46472465
69928508
37094214
30002636
30428638
35936256
43117039
11111982
27326984
61161865
58612490
60761641
34271330
32044771
44653520
36214906
33984815
50197198
15972749
16980887
34139500
45264625
18546420
40707159
47331714
21001546
68832367
61056150
21250529
64079333
28547096
55539657
35747674
57380117
78375261
53200647
73743145
18359237
27375164
54737716
61965551
48606632
76798619
29763821
64785693
50293640
21299406
20118527
27474277
27485329
38405550
56059410
14812695
20100112
48910849
74578206
57232857
25177977
30214299
57532360
33076975
71103188
70660662
31926356
31467825
55113358
69828103
65362994
15700771
31533540
73256076
47236998
54482315
11629311
13235576
37204998
26022570
33210839
38141664
38732420
49214135
39468236
59685488
21636037
30299656
31471098
11619234
18498859
12819468
79957295
63483015
78154654
40118636
78015546
64184479
70302202
50258187
79460324
73204417
59707506
40543252
15593375
10914863
42042102
38148923
32686381
58443319
37625133
16136544
46933346
15607431
16209534
72723844
22272334
64341857
62314498
58942482
27250299
67836987
50620120
40263481
26216617
19752477
79778701
73784059
59854507
39789014
25974471
16483077
27144024
54768939
60582030
72270772
21993027
11365211
34237685
60056840
21624066
68905726
54436669
62126695
77229617
68756324
13564420
39451606
42788816
36819137
43211772
24897282
63957575
50312633
34598686
68633118
57576331
45230456
41532578
40756966
50579732
12941392
30899331
55096869
69851018
25993661
58198992
19319121
39537761
42516815
22325645
43297669
16228166
12477734
43406407
21701419
51612556
39705154
69682414
62620833
13082884
26106577
11867585
45625316
36224942
34744189
42232079
24197460
76442406
48933840
53894737
23069942
16267336
43955868
70564159
33224450
55742199
34124395
19811492
62112177
24950544
61546254
40738632
35118095
38302365
52766640
48244465
17851931
68525072
34889825
71540314
53903138
19434541
71278186
52118454
50150179
37433128
73340578
28881225
42232346
12337971
34558262
58683035
43482902
71671144
62209685
79126702
58699672
68219157
42107012
28973573
48873225
77650496
47134349
25118430
50125082
58919304
42844678
42158851
18441262
52551092
15499639
37886421
34758948
58938466
25643705
59730911
75843627
62553181
63547453
66934762
61594089
32795811
63941755
54621588
62630840
44177151
52479640
16160015
31540309
54477425
53105844
25416804
38771710
11715587
64072112
37015684
68473873
13621318
25525725
72501110
79730687
36966394
32027010
19610578
71673830
52104624
51587064
25259561
18460046
75219652
79959110
68707641
25319521
29116927
11234570
76109358
30284128
14981700
78422728
62484959
49308896
38839311
48281521
76238326
10045408
31127638
61799243
50350481
53097805
13622648
76739364
48237723
54521595
42976801
68501865
16750668
58942404
24665463
59832989
73778366
53984926
43260095
75949445
12029924
74266490
47798347
57647666
58976502
51578739
14588374
30984265
72607093
53020946
12385405
67490306
60219848
22013078
78137119
54123608
47416855
71633807
37183801
24047969
16910655
44556377
70649419
10009476
35553984
75720285
72361407
27550534
43620584
41880527
79457580
70106681
40361134
39649052
56542988
78702409
55527081
29655767
21387048
65613917
61263979
28316090
56569580
26468468
77151495
19425453
22032849
46148415
22907492
49539398
64580968
17218097
15457989
46395668
70068326
62513743
47089919
12914957
42441529
11656165
15215396
58449825
23618426
32777211
62383414
35371545
16338824
61191112
68740257
59920970
78580703
76028252
79153571
42578450
28589143
56854118
74522368
74854052
71822543
74043307
24701955
54244543
35161156
72102278
76015513
71118842
43614736
61983095
68219935
52490989
38805770
70493213
15241820
49230970
42296581
47509711
18786712
12386894
31658569
34346709
50921208
70372960
51188772
69710168
40088402
20870334
51966981
44635653
18093975
53958730
71118688
67481219
55203570
62870580
42855625
71738579
31014418
67328630
50062890
24168048
37900252
52976456
11140376
36629868
50833672
19068566
71221898
52610162
53363418
66223138
31202041
50321001
71915372
61670746
69622970
42581947
46667694
51935913
62432426
20911851
54402728
41257158
11200053
60663778
57885517
51181379
33862658
51388387
70854346
45261907
45938629
21406988
71939338
49955951
34740149
22745104
31702752
59948000
12752317
55736984
32352268
71292945
72802891
23533904
58622895
14107958
69727979
44812512
19850152
12536261
75026973
22479974
27108926
74387682
18457334
34835989
56004977
51339169
21565160
79965586
12043843
42695092
56350789
67507947
62696233
66450837
61392525
34936133
64093207
29590057
23986955
11074043
25020219
63146467
63691531
61350472
27697132
15095742
23932621
60082144
15714029
18324515
63163241
49554459
66526347
26463599
72161631
70119709
11596992
40642216
62880096
24911562
46402661
11794806
39123327
17833223
71698247
61599164
41334216
66798398
12302103
19217819
31466883
13332014
63644596
12419970
19594797
31031568
56207871
50062164
10234906
45454824
16600922
75023748
55403305
59852741
72661884
79644050
75096262
62946973
56349082
59943989
55083348
45425741
20004219
10359140
29745715
79921528
19203523
34401164
38052825
48029159
13319758
43746173
24132590
46819175
54825077
29157582
73669146
20254482
47264543
71486276
72790754
76613370
27510560
70608562
34140481
17591738
33924690
31063900
40829093
44881667
10921333
16081497
58846327
25130355
13188877
20109380
66107060
53175001
11759652
51213005
33366851
48273964
76962998
13862816
31373484
30231319
77613568
79834834
67003927
78074846
11961106
67538923
47310963
36435894
72286562
53967392
54407433
38705569
45439085
32614359
17729209
37501923
27627436
34980711
58211059
71198595
20287923
43816862
73913517
22485715
21326411
62815043
52419033
20643632
21463308
17691235
45927263
61353504
17548659
36846809
27652522
61394739
67408659
63964247
51537497
68612712
32339825
54456761
51169400
67561320
66183468
18850432
16143966
30463413
40379299
54677390
25385500
74425136
21247608
41837140
12126108
33610047
11875954
55044140
10644728
36237804
12349191
12223496
77254467
59877846
27089861
19994819
74803583
30174001
68664154
44178864
12252550
57715321
57558112
70582086
40518503
13665831
39551178
12529716
25235017
47445259
66366423
69736604
16364574
18649211
59145778
67733466
13002521
60352517
41140553
61030323
35689415
23628680
37408923
64627364
16127760
35768222
65366951
64342296
55323540
43835814
34999980
66509317
34010524
41600845
13130249
27916457
47349097
59079841
12741885
15763204
43692652
46170443
20816936
30222497
26359665
67867187
34077540
49659840
45480409
58788251
39530181
78186608
62992618
75121010
28743954
50011789
10646732
42942145
28065450
24611247
73337398
72704125
23540858
23614634
68050562
60856916
49720498
41299273
65437676
25051306
43731311
19515142
41701584
73430471
22761642
49557564
43341756
61439234
14929234
33360620
37634021
39831059
77876711
59797690
54375174
61011623
35219781
38754587
59398970
34019705
36368477
46568360
55365659
37435108
76274216
39325218
40084147
50210023
57356539
57347961
30730330
43380110
75649709
11165183
68531396
67499379
61227274
26001759
53333925
61986101
31846381
59839231
10914517
76759996
32873212
58560143
24420713
40086227
79898468
72553942
66777688
56681543
26049132
56652458
36137125
20542316
71940205
40772105
37207390
44326372
53180603
33545401
41057680
34944755
59950626
76217982
43552342
44141368
63714910
40796935
51278464
17496481
16205682
63446375
30749781
12919354
53323695
72428600
59307598
47194968
50251613
55965086
18871898
46407629
50552679
32797751
40328466
14447709
54652269
34283032
44279635
63921219
73685307
13840099
59528256
30119788
53852517
38541461
22468432
68442004
71134218
57741344
15586803
35760770
19549640
23021173
12444602
19828027
29554781
43205980
35594976
48625763
21483578
10460267
10625575
39791662
37569957
71304520
20913802
23128995
23550520
78493670
24540709
33607960
24108591
66448395
21358422
10216898
35327871
18331507
24739469
76013139
34233009
37238708
62288532
24242218
72344682
79570013
42061777
78159044
26146027
58426918
79428825
17717748
14410151
28602450
45128805
40103609
58970676
43195326
10582982
17157146
62685038
31465333
59287353
25780288
23978964
26421488
54482906
20462710
77219584
21010803
59945041
55690990
39199837
18019436
41169685
10784950
57477755
65340064
37089362
11678431
17718212
20687187
69136189
12883402
23560876
24661693
78234740
69406487
48857139
33723530
79391825
75843824
70693728
50786314
25075821
51562918
21327690
54159704
22291242
76412494
22547856
34714608
38077554
75150584
68100252
17475766
74512664
26040006
15377171
25321850
13672455
59211684
73616354
78062739
29280530
39744706
40883477
54927787
64959251
25718631
67230135
20916068
17185026
41729679
76772602
47796578
59600937
61819435
64515408
15765938
63191611
45027224
58320600
68584396
25825047
75789542
19716221
67882264
61965489
34534706
12164272
19776303
65375791
53174280
70236302
33055945
56784295
45636226
67293540
18255441
23280925
55231862
57497517
45187449
61324381
66073897
54856460
34322673
57904058
77654376
70385145
48611379
61973443
30802176
79367896
43906457
59177292
37242979
64547789
69703896
13356299
22094702
54995497
35036769
46409443
56198898
30919627
43214042
25494497
31955711
68770337
12754542
31810384
24141131
58776973
33704903
78946315
61282106
44942921
68526431
39399976
63363645
32394616
63942317
56137567
43259415
48609300
48993296
37635214
49631484
21373683
51207039
43431598
66878026
19080295
30291557
64526476
21460318
12099299
66160596
11564054
26331850
18756113
56610515
61733453
72415595
36768378
32599194
51007531
44454151
55340056
41739558
73362748
23951197
64480208
27215284
76914775
19573344
14337185
42037550
69493470
77202898
75014939
78204366
56491815
33918289
31535341
19957756
52658082
58393745
67902434
16036756
69827478
65773917
34140779
60038489
53921293
79467898
21866469
21980790
16039576
59102313
76872679
49796826
39802490
38221165
61501458
76323847
66402256
42932006
24583387
78361185
79754861
60711140
50281512
47594719
37139294
22241902
20930545
46463697
50975027
35921173
14418751
40240090
78778731
61743366
24024120
35142349
60186329
46641527
60950874
35192632
27465681
62064710
49894552
41148635
33102775
51774402
37313975
32759204
19548687
31883128
72037050
40539342
23689216
23273752
74362102
57449471
10129908
45381026
22150359
38485356
74530938
49462072
24524083
51068619
25958157
71727065
22254266
49719365
51822479
27760667
28002111
72513415
14369145
59151962
70441421
22969988
50152585
27739131
59884244
38805549
74084122
15087282
51284726
67740067
55179769
51599848
39574848
75542404
18950390
73605031
75343061
67360018
73100531
47738718
60113535
54716344
59253658
41985791
72043436
76806350
18312646
75352689
30691901
54623963
22523384
51864373
67804206
54426648
24373405
46805003
15436296
28229227
17808875
43875303
39721648
63254766
67371032
39563997
31275229
19031884
24844230
35050213
65577790
10908332
32207359
60146521
44059418
56243126
21213099
27545338
69551662
38858468
76051609
71381715
64946854
60420203
62549253
51970067
18050439
51160801
45774980
34588362
26811150
71786767
44127114
58978949
50031208
38757337
26480123
18145431
56068878
71689588
33278176
78084369
66741904
76333601
33397952
27776580
25998016
28081157
23929052
57063911
34003441
25333762
25394784
19582140
43038972
47351137
24671794
72475346
38592888
34941632
40465086
33786137
25809727
48437011
19541327
53652063
34800518
42688758
75973074
73389169
11504775
43236812
62087228
31336362
48648511
43422186
22529917
20895415
76997041
58909981
47809331
37478909
48032339
53130391
29787667
20538140
74678433
21500523
46712227
13319707
54730122
48698225
75595693
53892372
45522691
36788019
52646131
39145365
30908365
34741716
12482437
72375906
35549185
51112387
28767578
10347041
22808044
21516295
22598158
33630366
55809106
33574593
48130756
28505082
21633076
49564768
56820144
64103981
75638310
70160116
74542432
34694784
14181060
55501911
35648869
73127247
18153457
47240687
59902971
69170715
55847414
33919751
36909895
71486616
64562229
59097279
60657740
36085169
29948168
45734008
76029067
39808739
50643256
22088921
23930140
55505686
24064524
18551110
16173427
18696544
16731585
52010659
60643713
46606471
33461440
63406444
79803126
53061997
51513233
62387565
37857020
26634376
71538988
68973718
68213978
47555586
22294986
52793930
43397965
17582388
56204841
44258164
29325248
10876093
27538300
36650910
69538320
27479480
51678558
39967078
44709611
39511222
39269774
43565260
56991091
50647883
34202822
12393166
64043607
45329425
50075147
13055525
40400870
22263830
62770570
68903298
15425489
28221310
75586304
65845552
78593371
25095409
56059102
14708750
63255097
62474187
79706991
45152358
51976655
50727012
29215160
64594040
45668325
17987132
47630473
13208731
11910027
37236813
79336838
39339463
75696520
56873386
57133071
61207845
12230763
32941788
14739266
65717221
44243220
31622639
33552439
72044859
50544426
38490768
57103677
71099734
75582334
55043900
48644455
22922036
44798343
25485603
29019192
45551360
30614976
10962802
43306638
33750224
58107792
10004826
55247962
20652367
31705423
58684563
52278695
12970208
47927957
43679212
68418918
23935170
62973766
41612176
50396813
51383225
19188823
75176816
52511695
11538895
57607995
76844279
60328278
52543338
65776283
51880937
32696721
35150707
18696015
78126036
36207239
22052315
21568148
75217675
66452283
33467225
62958613
65981811
48145444
51853357
53648437
31302728
69290090
44873618
74649614
44716038
18693232
16871443
54898781
13520022
40517139
79479502
51650397
45548487
62376043
60129581
77426216
73575779
41007137
23539148
35655347
23644385
72784192
34264250
36656592
51653687
61462611
21702308
66726390
14296744
75251636
71827461
48805711
42338661
38604390
46794355
55153627
22866743
34863911
29735497
65535170
14105865
38566748
23324437
58868158
54549654
54533380
79983714
42610250
53225215
15702314
43739529
75057830
18424727
49325975
68148276
27454253
21260857
43607760
37342733
53698085
28400882
19990702
69570366
43511004
47155781
35961741
25658171
46532421
10224417
53134082
18281417
34701186
65108464
26700423
77260998
49719257
19230909
79971648
24048020
39940575
10854759
61671683
65777334
17265567
64769177
25158719
78022174
24174878
37872929
37850573
77140823
51626318
44419633
64109532
25958858
26666424
79765449
70059014
41027206
27623455
56620476
69413972
32356126
19079257
33681992
62252577
77534764
36046589
18167320
76948881
11492252
21570553
76922518
43571897
56924460
13689878
48609534
19958054
30357979
42968375
21639394
46276935
50032529
59012315
78803081
30066695
17597125
71752280
22770732
22385418
53111423
13230246
41991094
17565332
71736577
34966237
28178314
23929730
33950783
18947977
44006910
39024956
47141963
72061728
75500966
19999695
11984051
43894382
33286273
15620661
63942450
13232745
41301003
16330991
76913417
27979149
10344152
30041769
78058409
24540593
59863437
11899281
48179246
65172866
53271244
49560746
58452087
55005987
38179089
58377966
31076864
13069341
42542643
37447222
18529688
29208016
50020143
57947366
79548745
75425036
59955837
65229257
63191720
48961768
33871450
37362746
64225079
23419225
54210347
47749997
14731770
65016617
75953529
14458252
56105326
77668196
56149925
52028595
15821219
59314799
38739813
54670076
63928124
21436315
45823232
15891458
74445501
60284887
40991060
58625931
27317713
68732878
75817166
54980379
62392975
71832560
48592278
57176145
66708216
56935903
77221690
49340074
27250461
20045362
59438388
52583939
59902150
57676867
56317350
57313575
13678454
66082237
49807758
25600448
49366958
59107956
53575902
35541800
24102772
54076594
41511037
69417184
67478230
20143109
46153623
30945682
69875680
42398109
43093470
72317835
72725624
41985462
61130809
17278402
16699555
65426818
51461472
51681163
75928940
70688795
47114910
10767615
63404778
75611318
64633400
10642440
42900238
73721458
48735514
55050673
20231317
36116975
46740517
44313814
22265705
46369310
54273682
74040546
44594361
37399601
17030259
61110523
78289746
29610786
32158511
49456127
25877505
64270044
14995565
19610729
26382592
73500193
13038471
15577173
64793692
44386544
17484989
36422973
13817137
46641316
13683600
27067237
37454265
52060118
34572426
55822495
65556106
40745861
32303497
20253026
64590058
44063216
28938577
13854008
64177519
31108908
63539946
60789065
21841838
62811528
35709300
49826604
63469567
14882854
73429997
64777950
77574013
43076172
32038693
27666548
17560687
77167346
62495657
66875288
65052906
67738998
48266903
52770109
57432813
57880095
44210809
18553854
16369073
48212326
64520985
18354330
11773682
12678896
35047756
16317108
26575604
30767905
71635033
23868100
45568517
69751798
26125619
14732280
13050904
36006017
18461153
49567636
29630629
30886320
54314091
56379604
60816006
67050073
77509875
79733345
65053768
42869937
10464150
72841826
49492676
20676757
20658117
13570562
21484330
75598148
57428373
46704481
48345711
28706262
23023351
39381822
11088600
60572476
46017946
42767226
16405971
63847555
30723018
28353445
71946408
53514519
22477061
10040711
40475449
44509375
68808704
73260398
23086074
12331013
33521152
34752206
61638836
70710828
10170900
65510542
47181684
24606201
78008907
63877944
47207025
31862769
23719819
15925778
75945902
77770614
77630395
10764092
55646078
49011531
33721055
51338040
34264688
21494372
40642341
10437938
28625011
22221868
24102850
46557606
40304827
12570328
43370359
19766691
52453485
15485274
50389489
67875159
33077710
25830680
34492953
19282342
19340768
29046732
47679605
69636668
28611145
15646178
79295109
19463859
27431226
39190934
47409562
11864079
34600936
61847379
24401295
65971906
57554458
15661264
65968834
42328217
27148881
54846276
73214896
62622485
45143282
47471493
15003030
72420224
49803570
79681214
27279272
22112612
64537857
20493825
72174425
68972150
43548656
27852689
50210072
33740633
70808178
76936324
60794088
61207321
15768145
72209145
70439805
32555702
11315651
28692100
28463343
13913150
37443441
47908311
57073873
13586583
42332540
39502844
56948117
61590571
27467202
13137025
19783505
73277599
78740866
14511518
65808264
62640891
17321573
37147673
39920803
24321450
71843963
76264382
79377375
31598325
37724165
63951310
10153517
11381280
53122482
17727903
18647268
19652582
62686671
40571336
37059145
34327719
60538934
21373393
11109016
14046386
38287590
56694187
31859284
52859111
11692000
64808346
10775505
50356790
38891538
21250177
14312299
60468001
64217647
19432185
33532750
50169286
20222997
19424931
61168846
78758805
41315760
10552219
55691343
32563931
35806107
27367135
49515300
13440464
67561673
58289685
43809939
18862222
73378954
15229459
15842914
65140730
35138946
60210104
72386079
68006285
71141709
11438687
22637342
31009714
34801506
21768801
48660953
57991023
64791152
52318160
26003876
54227106
75358745
76639833
21012942
47268457
63488397
69742633
76180320
13655028
74658756
39232314
19775414
41438261
36591621
10412787
39575800
66602177
64537668
17651173
40889478
17340278
40396991
45701526
45595735
72075177
45771162
75176427
75731493
52029562
23790748
27688585
21430919
48860048
71367184
70709552
37129424
73203256
28925022
13976596
22934755
43065923
53247009
12062136
70185188
22146417
15191793
65856461
73954680
48218632
30980186
17815546
34835243
41916563
44792032
21132417
50052537
32830821
40443504
38714553
26625296
46505522
41241680
52434682
74977957
44523616
78397634
33221656
36313616
51088997
18176751
24056073
72069392
45000051
53795145
78101557
46507307
26955239
61154902
71984211
32733259
12158157
12743967
75729655
71771604
20129846
52476737
71463831
24242576
69875616
26585083
66604211
14479719
43862623
60508025
36204946
57341792
32861537
75339067
75434462
12319341
11031013
40789272
62361824
28144425
12443519
28460179
48368162
19200151
65809100
52844188
19851639
20194167
38367623
61971934
52892378
44444418
49536522
40898523
75117875
14785431
35166068
10907215
36224767
29562661
22945377
51326100
12648383
22591230
20916888
60334016
65702313
12170027
65863737
79687485
73866778
29365081
27140027
23614229
10438481
62441919
79520173
41673152
41817718
72605129
44269751
51715446
73816405
45013886
35807880
45063929
36178610
19223446
49399288
71924696
55796488
62140692
60802394
35651167
77233298
68407892
53390151
58748879
70243801
44952949
44418250
32265549
62046118
77313350
45700469
24728534
21247240
72931456
56322131
73808956
49225438
24808566
27957402
66630005
39841718
28637975
43197656
33121146
14785848
76684120
45010548
47090771
53040304
16258432
45444215
47149905
74476062
52493620
39959644
22553078
55232005
50873184
14112840
74239421
44696911
68442597
13349406
39625375
73009145
14080530
68718241
18445556
32552179
67739914
42111566
76224811
37697265
20472106
42409636
77940318
37605571
32854900
63049737
48566947
66624411
79770866
42974682
61275676
40568946
49958978
42052177
32743164
75262680
43207769
41817793
39863159
20684742
13616181
66419547
15631372
28565243
70439973
58060064
42704615
11708188
78381444
35810674
12296328
55917121
58095021
25221448
48776916
76932691
61102733
34304290
63921037
69657719
32345626
60974976
57263665
72350649
34727175
40865785
58129433
30677412
50106379
15515110
44664540
53400214
61098791
15723635
24615433
60536950
19449375
29885842
75795818
31375014
40517075
38513539
38423178
51322326
20795013
30958178
35937226
73908883
71465756
70224155
69134761
72178854
20976783
22318743
34115844
28328102
14845035
53145492
25139713
51303764
68877018
69161704
72154296
39220780
78860224
75946546
36897622
15499399
57617340
53952876
39755272
68145935
10997064
41685016
69039272
55605741
31915114
12918013
61888982
69236031
16945135
35628000
63981565
14093443
73552033
16576751
12430008
17938174
32133819
20743913
27013752
14064902
61811315
73018191
31011384
65537400
47356616
34555520
13554702
26839059
26383691
76705605
46815424
37862475
75260265
10358453
79594549
43579528
36095801
71387140
34642684
60632439
67337834
66176589
19093891
33424550
30086233
27790975
30683118
68184699
62481194
10346522
79797907
58193356
49825983
25182503
42176587
75920069
24569343
58086780
60235125
53155089
18455499
12342364
28257738
58541336
66900926
73605505
21478726
74679618
44332389
50981086
66542267
44455235
72378606
65454603
62202662
73944653
54603504
36726427
27656735
22576414
29754192
37014988
26198648
54501959
33562941
35650714
72940280
66384652
60697340
59278451
11991051
24542412
49472712
40738559
47176737
16742613
54367146
39793314
27752000
37164516
38498326
20106798
34225495
76585603
58561471
19211784
68216505
70374182
24130751
56496883
77550545
15436717
55838397
43226138
45481341
40119169
27417267
29747034
18860739
20759859
70178507
11450105
23935302
64931581
16991597
53652494
76685681
24571815
68621108
59021830
28968388
20296967
52035721
50476840
33712889
35301632
67818409
46456463
43156622
38743565
23650439
46669498
67213369
68776232
15426472
56996463
58064661
20632357
28243584
36966246
64323055
59170896
38797119
39963238
44146101
27338102
60599659
58171175
15131649
25124706
62168373
48696179
47761674
69066736
13988075
29821579
48205768
76087140
36575629
43747317
19121850
46546225
68137809
73588910
62426701
75201582
16774168
44362597
79396901
71848853
19829769
16276955
19415011
61672140
76334290
26621429
65616086
53995356
59144779
60832791
41300817
59375831
70445271
47156506
59146620
35764823
50733203
39048324
44020743
69954377
58241279
65271382
51502652
54227496
17619215
37555138
23683625
24591531
22658263
15791855
16056598
36214826
74199893
33442191
42609513
32632300
17855258
53946390
54325772
15144859
29939136
37804707
33865747
57145032
32605616
21048904
21225545
49319889
78698279
56379468
39487340
15914087
21405545
49262114
34745128
51126820
42148978
20195577
54647770
61496250
60177199
28460376
76889434
54471610
50752922
70648298
25980601
33751505
51257445
78996214
18788274
33087400
38141460
76780544
55762359
14407409
59866537
49977273
70020022
54342103
15826715
35332520
19088443
62701831
64447576
61606795
73769972
62629426
71138271
50028163
56101058
61501731
67342503
41835833
18238761
40722142
21333745
13705258
56937100
73341928
16434556
33830311
10008831
67105519
14057789
57464535
66173663
72748079
20454283
25268803
27309130
26985375
50063584
10566977
72403836
56538793
19276531
50654383
28572337
71846068
46256219
76738146
77822936
24812347
21072460
73814419
41465032
16409370
30752004
70258991
40318319
10505699
34665719
19403806
47041414
18803766
31428861
14038260
34524207
40772567
61148647
44684123
52510884
14376345
44984098
46751023
51575435
44790584
61379427
79576065
68606926
55216618
11876805
33876918
31455595
51491420
28843856
28176219
62892458
39218947
31383929
13255667
66830752
60239402
42069457
40363986
51332719
30905133
70363907
26500184
25180086
51023734
43248191
76787502
76181371
35945261
70393813
31899730
52559966
55750168
39927915
37072317
63269928
69895172
29232597
31460804
20998004
49716047
38703273
18521348
55751770
60567669
54766168
38583511
51171882
53564628
69034872
56178488
18945172
25245082
74750108
14841417
29331847
50450126
33011236
32438570
69119127
48323406
52825408
78256734
30441239
44424834
54298233
26540285
70487598
72648735
42562196
28855045
16066019
32124457
19904940
28372468
46445089
27685558
28972162
77270974
47404682
67283871
27855580
32670982
50449903
76210882
25248466
77292454
41347378
60119442
42599782
64223223
37328054
55834564
78238083
61313286
41173878
16579168
75234433
22278953
78214772
27956403
68437905
25591597
35214213
15625945
17191828
43587896
13308305
48746925
75171765
42882586
74406889
66496357
18177999
35659490
62031336
71244434
77296248
17493604
19619249
50483031
33773375
22705443
54220748
70702524
78338377
52843262
61700671
21710558
19493379
35412751
61689833
70993926
59876981
28345284
18592385
39079863
13117147
20143728
58838310
76035340
59435914
76010081
79749824
35902687
38270188
40507882
43964074
12531435
61563251
60014223
36655964
20717808
31546050
53129566
76937975
76694588
29008170
58615083
30172075
68590340
61250885
49869040
78021777
27146975
70887207
58627157
77515938
17151043
78791081
15048763
79262321
21173209
66409456
42679718
14963524
50273669
63524201
43685974
70660955
73639804
36679956
27828988
44925260
55353503
62891876
68806693
65587487
20297827
41175174
68898568
53543166
15500528
46806931
57315647
68612062
25642342
47317171
55065819
72229601
22142022
23529420
31352321
12099790
29390172
45381055
25737095
44867371
37575228
38238072
55013806
75089398
51466890
31759852
31514986
33514676
23025834
48545314
32971707
54935909
29579419
60614685
45552993
20537876
16736091
61946870
66885168
39049979
51457656
76477340
77171247
13771281
43354149
25515657
27115909
37690742
32635938
58340074
34092850
40284622
18038316
28033269
74305696
26727102
25438794
63363883
79917962
70847822
48388141
15902762
69005317
63420769
20648778
15624446
49954973
73441904
32466168
52854742
40214770
50587705
18510796
64728069
64240118
56211334
21013901
67230129
26818326
27892812
28105021
51056415
76492335
74803315
61142367
17580987
65037667
11717518
66648995
22251331
67834955
59044847
22414028
78265282
26180109
13633754
25690051
51603801
13679246
52496853
22265005
74402861
72526584
44892906
55479423
77618476
31117825
35408359
56253223
20851640
23262609
22960360
62287756
10095036
10034141
47559406
58277479
54898986
62129291
75402741
39816109
14126280
59393016
77029044
73486567
20230294
55699126
58372862
61694678
57644825
24726970
25487510
23899497
10852394
11793623
30284980
44535439
65024505
58812159
30783510
61314871
27837064
55556014
16202838
68829390
65059027
22896024
37857282
29971702
29268354
53500539
62239599
46616165
45624138
62985424
37404860
64955222
76538938
74769358
16496653
10733126
50682604
28156162
70612916
71525450
30071629
22509197
33279281
15131599
38999797
48739811
77625749
64330747
51220681
45064955
65678075
35471561
23595172
17030741
59280038
69598433
11718467
15026484
75315174
67626856
44020487
73834458
38271218
55286679
36303068
38966581
28484695
72996688
40786486
45668107
33309690
46477323
32591410
33452100
31779721
64653845
31014977
47171436
10371631
45763717
77598688
24142235
72421125
10176583
21664726
38884901
52601743
64929979
55876664
64192706
72529696
53635093
13986860
64178098
45522877
72825745
36965120
22116281
75571246
69247079
11178271
17937716
26617019
56898779
52230329
13485178
57667242
13316306
76510935
77626377
25692844
60035936
54318667
37855068
46118669
11917522
42940265
46237782
49089488
27755584
35250132
74390045
42145553
68967178
36425353
12795051
58465304
67926806
42976326
50134105
43158509
17713379
11022516
56192022
31902401
72284857
16184440
77396360
48218483
71538399
63429322
39244607
29628189
14566608
15663525
61925902
30834456
23661760
60152336
75051037
79826444
18733427
27012155
55962818
40209710
31473992
32320136
24195919
34045746
31973016
30633136
41020582
43387464
13804959
10346969
70017835
42087628
41662872
37250847
41021371
54779138
12351651
32930500
71461205
74007226
49561437
28354955
62458598
52183298
55295745
23750073
51885356
75592058
51010941
21294873
61256750
58714346
27592517
13613393
39895917
30981007
23258259
18164636
75779227
65136705
57054076
53408425
13960960
72341721
73745015
37548474
37598117
77909951
48076447
31445151
75398412
41741164
19721409
57042915
71490771
55854160
49036106
15839190
19260948
25953762
48076360
79874501
78928890
54774559
67426588
38900831
62063168
59699546
59048927
59933455
43175068
32086232
25437255
26618741
42534965
38776126
12088050
20789462
17568866
29759398
72985132
77998609
33243814
70875918
28321147
66974889
27353570
45462987
32049689
40985111
71032562
19899455
21302059
50649062
32004151
65247266
18608298
38665749
36763415
54551868
74158575
24471346
25706803
71338562
17173405
29592274
41289133
66253945
47814683
62962410
27242135
28002733
45659268
23318224
63475921
17494118
48970679
26772976
53787111
62126009
34559918
34480474
45271383
20294374
66428554
28700911
79110829
39517120
39137396
52066330
33100455
50427284
79155725
78278482
20452247
57023969
78632039
11457076
68064610
39940235
16670409
70220010
64417919
30425349
42043089
71946509
76490167
69130896
59921100
59516076
35451945
18858697
47159296
63495166
37525981
20765469
71860366
62070887
68099122
22957693
21241885
63480079
41020384
19397794
37178660
21248618
68565205
57304785
45736074
54223774
36433503
32723428
43973884
57048194
48769200
31911317
39479005
14044045
54243931
59818075
69134340
40846583
24422871
24061837
18212693
71810319
65933059
54192841
10238428
44921121
76680293
47455546
67879527
36131071
37363183
49619561
36008371
28263672
77991225
54208797
70474763
77947660
19285555
56758969
45086574
53704801
59181213
63073842
55612562
77461339
69752893
70163936
39743057
60018323
51860191
21153318
78996438
44824026
36477257
22215781
16707297
33322644
20328948
50267190
42479450
19031614
77981027
30333093
34427694
13011723
48879475
67504495
56377555
38266527
66467825
40265368
10402458
36574234
79288287
39204763
77466334
73346377
14214920
28132249
39246922
14556621
50721125
21513305
30044490
31240672
26289389
65567858
72786241
37209391
77366671
65791061
57046471
58450041
10186274
72197341
62085844
30059821
16622327
41533543
68101674
64614233
76415802
69843351
53210241
43248490
29367090
74104786
24782296
26243289
32033621
36444380
75770374
45120330
21059838
54941103
78703604
10657593
54850187
63552579
18066845
13412713
50024811
79085397
47655213
58844866
32727371
14843948
16221490
37113152
38975124
43926452
62745603
44817335
75701056
45050925
51150981
23944063
75997468
53657167
41532044
66208731
48494088
47745648
50091893
61780752
42772353
77220050
40541759
26636669
48316176
47203062
15071906
19584374
50528114
43514081
78029437
34614499
42516818
77033589
61846283
62303239
16040920
14515034
10655966
23292925
17110238
41655964
27519489
27830579
17103448
32107123
57037146
68533181
24763423
33006211
19251337
66031018
79715690
15673648
17626279
58980387
15263295
18959838
14590879
56670956
65662807
34088434
32333171
10619479
50559668
25694307
36254333
66679753
48501555
77632872
62240276
17476858
70955579
27956994
55596421
18405405
79160420
55699312
52646804
14427690
63644232
70247010
57381481
28973617
76255477
46447126
67878705
32430656
76081964
29315368
36358665
32815028
50743251
45573888
64825991
60900999
42681048
17132454
30379068
16246404
25573419
51987667
31426198
67857248
26058469
42220860
70297539
43910701
35268714
63682897
33730572
63597604
55052241
25966991
46387471
15371750
40962726
38414933
21300144
21569450
10116853
59933472
64312481
31759675
12807947
74795238
63472852
11985185
58044332
23441103
46338223
38759403
55173521
10302208
69861732
58157927
67958237
24005825
50175536
65724059
70146622
14247038
41862389
26101046
55548014
18182863
41827499
30613412
20968175
79252410
65278431
14313821
65997137
11997504
75180555
37019166
57004832
48016686
63296511
72672320
39185258
14993762
66508299
35483487
12070817
57921937
48450403
74388935
68439458
57542430
43066271
39577016
76915391
24328009
44109778
71736869
55465667
18593845
52612267
41975214
55226169
75303679
25896883
51262375
37849159
72259876
24983772
67349648
67879249
48945072
50335980
32555130
64219277
39173175
71775234
44996561
57206855
61633557
68828914
39912664
46202937
76275285
37780014
77592605
22209647
78134505
33133941
15607575
57252213
54068148
67387525
56609701
70344886
24699923
18424808
23046714
70242987
51465829
15124672
69219627
63345950
55209621
76031709
57574578
78124523
24176989
33810431
17380336
73574659
75262151
77283367
66196037
10194108
75639812
29598101
71325922
12253296
57599933
58071481
62552979
29623056
59097578
66191137
27853790
51483867
13858407
37536338
58407042
35870069
58923750
22975543
45283254
19236474
57557600
21209586
14259704
41362839
18345431
62040633
66603129
51070497
67271267
41442283
65533481
68264863
38786298
78683716
33207380
23236072
49508931
14627546
75361704
41281486
37144199
34662482
50340759
25243978
56648417
63577401
62146908
69994650
67524249
10725123
10513900
16879500
31466598
49203723
79959428
24943975
45877418
64581430
58413103
60568484
67896679
29030440
29323065
27532907
10540912
14868614
47576075
20377953
41683493
28437887
64154304
24295706
67013988
34339739
39405862
62795283
26435675
17793080
15009521
29679882
59077418
73106504
79989177
76395281
28028859
41088685
60255065
26261683
20647403
64579838
35082969
45656218
38790200
67788998
18309481
67129185
70574911
34566385
24977094
66352330
37241303
57558522
36193045
59710219
78419479
23411866
41992385
48979613
66271696
72211213
10085752
68232311
13202404
33049039
41263553
15067626
69056310
14009094
52029552
61239555
24897922
76065291
54048413
16601491
55471457
44610796
52857035
73931521
34733970
46606750
79389441
72988496
38434647
60283559
28790770
39693558
22628424
33541769
22002420
78354119
51634122
42875126
33604909
29630427
55801187
12318063
11742183
57393574
25569118
12218330
67049692
22500717
10068731
11279581
21828047
22083437
53925887
47676065
50689376
74102966
52640199
69207599
56396265
30335545
52013760
49261980
60427782
64700223
21967653
60463026
40849413
76582685
56627841
56218777
48380421
49898421
46486239
48305970
63097576
33054864
25637788
15694249
12957664
64254085
53072544
32421118
35098940
41564750
39089111
11352369
28118184
21769108
23622096
23823738
39697749
23114560
39973561
63485929
10657708
71233171
78237463
51255369
44526468
28536205
34673494
48565081
24722168
17396852
79296172
42182993
52461073
29736490
69533921
78566376
68071292
71425573
26345217
41215267
23484501
63322963
50430803
33232132
11474544
35346458
20638422
32021348
33031218
19791318
53612801
65448802
29907494
31579750
39131196
33546780
49955892
45558017
38767070
32972845
37786066
37107392
30866470
62429858
72296378
43794419
36866317
43978386
26892721
42756447
13785590
72607749
79472195
24622977
53772492
12861342
47389885
51517291
20900002
60599879
50989873
67670197
35557522
31524024
52336937
19276134
49334463
46973991
49561891
70871699
24507529
33855663
70950713
20282800
45147609
19604516
31030022
65618405
44683157
73174149
21287577
55145840
71245991
16023756
45081424
55650293
30537493
60007060
61654170
48274014
51587845
71188564
25217301
71920580
50967568
55005658
77432857
36104349
18435424
15544569
64226397
61302157
79929015
32765492
68344864
17832563
53121371
24012642
73903277
69708680
72654658
22271411
29314209
67504212
20276534
17162740
28531382
36210510
69408718
24254777
14611250
10047183
33303833
15981440
54725380
25592754
65189184
63231771
75021944
36707130
35562892
49032064
35378034
73748826
44656362
69494840
71434916
79558371
22084103
15489227
15090912
45673398
35661734
27492387
41638578
34808467
40937678
33600993
31788320
45988385
40000410
49990728
11070357
35982057
67580624
72937275
56724704
72737657
67431828
23833151
57006055
26310867
16371489
58415374
15261348
58983436
66874342
65516506
28093710
76697015
42568382
11887360
64503275
69203549
67961404
33653979
22649441
38479954
14343591
16208214
73605567
52051023
17282048
75397713
77841334
17604095
50729003
56231433
17278148
49616122
70006769
75444697
61173434
25809663
62485424
25414911
77086065
34542030
73122420
42591771
76676367
45939013
11365498
42869545
55502899
41262088
16741860
62571683
25716157
75429915
73876415
45397817
17806109
51683116
58030280
77716986
73124358
60968899
49159943
74944867
78827767
64092640
15535303
17284397
19117721
64149476
52538790
68907108
23914416
28534161
73159378
14494311
33487096
48464467
25889416
31744161
34082210
19248257
79799014
59885460
52140489
11398018
25419505
60274669
78630338
31115500
21928208
66138652
69650252
57034324
68757546
19850435
61412598
37414136
31915139
69886990
15414878
25413416
64476678
69768460
67348976
17745964
46383403
39751026
15544651
20973606
10093427
16916139
13108909
33235577
79394556
61666766
22360096
58918042
58587314
43654527
67481264
38219096
60029692
78925309
16641775
53393997
68304719
27648043
51221587
70428813
53610591
51907057
12726240
69561697
51966787
76508602
69141481
33555434
28452582
23039921
71904678
32484836
56112333
30682502
30645696
62994790
70972098
23935882
13058837
37032380
73804866
74051227
54972172
78924147
48620427
60696373
38040530
45568702
60481252
22398442
68569483
61129243
17078183
65834135
34730141
24181686
69513649
37449473
34185706
13301308
62306238
36437248
28053123
32448321
25583885
50185979
59419270
23984051
64517501
60294492
63573778
38289391
77309010
49051061
45753376
35568715
15661069
73881669
33915215
77829055
62751376
32852635
18701390
26676797
14916979
14555198
34333459
59622878
65710941
44041968
18497643
37436421
49699198
26351064
75834501
42796332
53015109
40985548
41868262
19219108
14403227
12747799
32866652
17176410
63249364
67085435
57333165
21767110
30596805
69443713
13398977
22036726
56978571
77911893
11707270
28840449
14510967
66243662
64050907
69854008
74209699
22164274
16650722
10689704
76899072
52628962
62530475
12162687
11089246
50566478
24041617
43500371
47886263
36368778
34028076
33946897
53236331
41652152
50395895
60638961
76993484
70832315
14731841
75517853
64335165
38297749
74419841
29292500
42056378
45115473
68833142
68270095
10534583
67085332
57808941
74657232
36544608
28464220
36593476
23705304
53448688
22531945
32779402
35894247
69860907
15256912
33605539
24014372
13913177
58689589
68314740
76535927
34691750
64894355
71949784
73546526
74323027
68155309
31803963
64407009
20612969
18943181
38559508
74746906
53513357
42141087
15273514
70363405
54117620
69309892
74803313
55913861
24314150
66526620
28762014
50491646
39053209
52507291
56988758
14297610
59903963
31489499
13838572
59671285
40622551
50556525
48519485
42950600
48700277
22465211
59351521
25833529
53680510
44801971
72101609
30519114
38069416
32883533
37676805
65207950
73347086
46169282
66274066
35605819
33277392
76007744
24279539
62287362
22507662
49546018
74957989
12657510
15329047
71039077
29274281
62237841
10157276
57944253
61408065
75340257
23410255
28806408
78656822
62969502
18887877
56419092
70058286
43081279
64909336
76998004
48627522
25775806
75558638
44413720
28082682
60065165
16836069
25268473
21439770
47375101
57777700
19968663
17451187
66719209
76137350
49283455
54080608
34813276
34099492
50084928
18247172
45842521
42608482
64385991
26241677
77749312
13279364
37975284
22612929
60745590
48359025
28320078
24726316
14378980
22585607
46027490
68523954
46579708
62502425
69333597
61846365
22817763
75370911
54307972
48856099
16607452
75688077
28002076
29877529
59580299
63504348
38721347
25858825
75581885
14268485
76018353
20422113
11614901
44359548
35982317
45267687
27242152
72721331
28579512
23174402
63323389
31422947
26601011
77056099
43574649
55703337
36153023
69330927
62121390
44531556
40190026
47881010
19267543
48868097
59124813
35883439
31562123
40657491
40671161
78046197
67471276
73301245
66000927
31331149
52800495
55842404
41012116
60458718
76530272
73905601
11930297
29260375
50206871
63108674
50515872
11024715
44341034
31496475
35389492
31208699
43220854
10387965
76076517
49431426
24482983
33061183
10837693
53560590
50545512
57247446
52569200
34408149
12735496
16667132
67653898
34155786
12027191
42669595
34041765
52396322
16673264
21681533
18133726
59887531
41387484
30651487
10375547
67876116
74382472
27741778
48796738
74297449
59701627
10136256
61450586
44496852
43885510
62297503
79222101
48968521
60222739
72129720
51185512
18547607
42453503
16705914
32305838
79294859
69936690
24253473
18884505
43787375
77728251
29338427
71226556
49445665
17827868
11910636
66463437
26322622
77176476
47458616
56547440
63751318
61449925
41959639
41377577
43509793
19878175
45453920
59027418
54359076
21037862
29562333
60651079
29798293
36951184
58776345
31155059
69773158
68748725
18157307
72409970
60095018
73563549
46496385
28444085
76452864
19314857
32735003
17591244
40561775
18882304
75676136
45784568
79345538
38316022
74270586
47195757
42890197
73702489
38039657
65744146
72347702
18707146
27679049
29057929
46433823
59529893
58337464
56427643
78009816
38767887
17187239
41244332
66331487
38838581
21619719
28711279
45122975
13378902
47625237
36036366
27437097
57336559
10761453
12396481
38250349
76159019
21985614
40270786
48753609
31560667
39038421
20217235
15083184
76850403
33760223
63814728
25784948
29453045
76929194
13353364
58237043
56584251
17140631
44600930
72931235
61887926
36324819
46916821
13303456
16367816
52364104
75459261
78510267
69525509
55815197
72016714
14120325
62930270
50465725
40676544
53372874
25380057
40169449
10525445
72729529
31156658
33605005
25045585
20002727
13861018
37093588
48832037
33429689
42478853
59136410
48576142
35898726
57510152
78344304
18879013
20790575
17165282
15763470
36621241
36827307
18903035
26239920
15840783
43245125
42531921
73891785
52502978
18723950
15016077
19874929
79073093
43219436
69050908
37301439
51191294
46470562
50038078
61055788
36578894
66216754
12584530
75672759
53772380
10850754
45027239
11109089
59227950
29224745
40518936
36316475
49124054
41682142
55050679
61283488
40195203
15455893
46552448
20970902
29653533
59149715
34804542
16965341
35219145
41658235
63568467
67418215
73372864
67436363
40069982
46811382
18664669
66958383
60279306
30990435
44953964
73950678
76965507
51743834
21224968
17481126
51307879
44052467
33788606
56724611
41528629
57880595
51192070
59420628
41540196
53966297
28845848
56698818
28422221
62529133
19356788
38690067
76866632
18902025
29990464
29769509
31842316
12686819
36403955
37624592
42686974
72391255
27500433
46254294
11362059
36128188
72564948
44454800
21103256
76427309
56491636
34528488
51203504
64790976
20186684
44533966
69818334
44141034
56965536
50361876
39524869
46202037
35763940
28461334
12663892
36701602
37891598
79702124
51813599
13097579
33662195
77865130
34479598
53496594
31261809
40746132
59925351
79699093
21761981
42246137
50250517
11902521
25851137
53985186
24717667
39792227
17157449
48536909
46756645
72094016
76199316
15634661
41784527
21418218
67368649
47730573
17205103
67913730
70051561
31402292
67352538
55796550
76371717
55148383
29565829
56165178
22350945
30641539
60140933
10731915
37996258
66178544
35519528
33417061
70026802
45060222
15789702
14526733
72257960
78745614
42042385
64142709
63309394
19072685
16734478
45942566
38749899
57471550
26793990
44676523
64077752
51571517
44901195
38721545
60095934
37380394
25347646
58529991
26939735
25320007
68689258
22775159
71823262
59320734
62108735
20673589
75322331
24738819
61575520
26923262
51664886
55302531
55728259
43286532
42321213
26552266
10302897
46772932
38087245
15950569
31914042
24467651
18713541
55661337
30288704
18735252
43202552
58907394
79045983
13734228
68230864
21444998
11268446
19687338
55798863
10469993
61136623
51482936
55438798
46208496
42908930
52229641
46023176
74755689
58918872
41072843
44090673
23400480
27976772
61186892
21048276
15535273
50551241
37173347
46200676
17445112
34629577
62696405
74026964
66739621
73657242
48974096
41583532
22547779
11870077
47934929
28582457
74248547
12656647
42204564
46927364
27268585
58251252
12637305
41824307
15265767
73982458
51476919
79280695
59451720
22967651
39543746
76095212
41549205
54502661
48597702
29114010
69549508
39857213
41311767
20355369
69465007
11101697
62867673
42237745
78993388
60326803
65168173
45550394
32441695
12405544
50645371
57534666
57470359
59531984
23410792
43255028
32710093
63491594
76873024
54210008
42004187
60773725
73479522
58393672
70124431
24066079
42569047
73511378
14991923
57106911
11797060
32642635
32238395
40730529
40382244
67561178
61347690
50656247
45227269
45729484
25166439
42060417
66888275
65904226
73027575
33814922
53436622
15383301
37446859
42759025
22950863
55191613
60862489
77048251
62359441
30898294
62260937
78098365
62018318
77179703
63357668
65069996
22693822
34205109
45953544
19052626
54768429
29102997
74049663
39068167
76089334
49817986
40311812
35404908
34012638
25472610
17317374
78784951
12284416
55804021
40568352
43031333
40549977
14164031
41311066
51712130
23256641
61337119
29365557
20669767
42366269
77113825
30833759
77742179
13040886
36081316
79494936
30311027
77965882
63442880
79364845
68713759
28580138
46323897
55674581
12723685
12890680
66567124
49963852
39485640
68760844
47232352
27687223
78178878
76711125
33172865
44312667
40561013
34443955
29104957
53613643
68244171
14181918
54825015
37060254
44000999
22731024
59065807
49839529
22150706
45984779
20827325
19541825
67772035
69763188
24055178
76396137
23721907
27427898
60567115
52629504
55014705
31815987
42894245
41479711
75502232
22569439
17309948
30031235
36428376
25318763
41761632
27863440
78676853
62857569
19800152
70823205
15706572
19470986
18326409
33740527
20385618
57346963
68328350
76883140
15770020
78732817
78945270
26364220
43658249
15885666
29372304
15666781
40087442
67720728
31247063
11755376
19680505
37434643
55625985
17575981
35867807
24235145
28057432
14469312
44400573
40317366
18341870
65005268
64542280
70074203
75383702
30337253
52704298
61781335
17197132
45012088
17536678
15204949
36191568
53834066
55934106
33614101
24726335
33315228
31554782
15947801
33623611
62347017
61623328
74328318
37676454
75398622
11683414
72913613
78393811
43884319
39074896
52702335
22843938
23839858
11848935
50262619
35959580
16676069
76541763
62722306
47563940
37106215
44990952
74283465
24411400
60699459
23982210
50421565
65951870
56461378
15945653
13996993
13421790
51482705
17312140
59720613
33585099
58125255
34244779
11691017
34325629
30333783
42408932
17808209
21803174
43117290
48557591
76924724
46959842
62975148
65984588
15469213
63406309
64298949
39133683
73894265
31082005
31114634
42094385
29147076
49717805
16150972
45627296
59528718
14362090
66928806
24564756
77942841
14464831
12604126
67593838
75926501
58464302
75955029
36182103
77477328
66804630
55670147
78501372
58768039
35817784
10876734
40223091
14490360
34116642
15472314
32283492
16432411
70479140
65361370
64021254
65407467
59734311
31087582
25430522
74357616
67972793
38102044
59359357
23370104
12781221
70687149
18783449
40821370
22813491
18456290
51558483
50859053
31923205
27635993
24623228
41084840
69714279
22754693
48384275
66894614
33695042
71424917
70070678
28511813
61703265
44091523
12668148
17698023
45572799
17437747
47103006
19718501
66838529
51566348
35415166
33244336
45159805
58612143
29426542
20422390
34004367
50649344
50295145
32388767
50435085
49545558
48237498
48906536
40672928
50659662
39649171
51433099
77876489
26992542
42550947
30280552
33291466
31760624
70026978
61772221
53133619
24156308
25353760
32613189
27338086
26161516
35245188
57983148
76266224
28449323
48594711
27699085
29527151
69843226
18830760
61523384
37735949
49983362
69703705
37952292
56986531
61843244
38775744
34966375
25613950
22056659
63284643
52500836
51984360
55556852
70930460
37527121
16769561
23732825
10981600
33442163
15187741
32906143
72028810
49832562
28167088
30652891
66272205
78898431
74526436
53283956
41426384
61299677
60766638
48040678
10829238
38443373
62789863
24250952
41000629
68158679
46526886
58101673
30298075
32521760
43694940
78127393
73199646
36310817
41111747
61766117
53379668
54328213
46525940
37046675
55960453
19944636
67541769
37449862
32842252
12142836
33146272
37280895
39815149
60338293
18876232
12629772
33935228
77498235
48744603
75352378
26007740
63832212
56618817
22099886
24911103
26973723
25275821
56294201
62044531
24431186
34927487
43386696
74677524
37073083
29557700
61122962
70016915
21532795
66771612
68414818
40269734
79753990
23796979
72031068
53739086
47610298
21482642
45923238
44321230
29061340
51123237
76446813
17458231
37244089
12103566
13824371
63401619
56609197
64357822
12392214
36700754
19123633
43586939
16897044
33803486
49707181
24715168
36730517
62969076
32075585
71375962
78191763
11657010
72549997
47521429
12123223
46152571
13282894
15009963
70727853
43255939
26636909
16009054
33250620
24937378
23090442
31472665
34254494
21778619
62632927
43607716
33949086
44579482
57748172
46824987
77305405
30110286
72379736
33680365
37123416
10910511
57703316
60893070
25616602
65120102
65534148
21651041
70014204
27141121
41329007
71101236
56448357
49135693
63757816
45444402
71985887
76214293
47360440
11824593
14398694
35274621
67910680
60137425
33677629
62839407
24282968
23923161
25038337
51623120
19840572
27263386
64270928
42250537
41823534
44607870
44008671
51216773
10958164
60412829
42961161
74528461
11977228
15569247
56720502
10292421
26235139
72874565
34811303
72476470
22602354
78046671
51730413
60311561
76520771
18221204
72579121
54746311
68488500
52594574
17896832
11999858
26164550
49695242
78388764
56177557
16881015
13675210
35567202
50912678
64881836
68172341
25183751
64792047
59285849
52541009
25983808
37899351
54534953
70656253
64714567
76372237
27946836
77763927
70888837
10326830
26458616
71606315
72374692
11432844
72778671
22468999
69782310
45952937
30446482
72576944
62012240
39497770
20130135
76590071
59273445
76054373
15069491
61896612
78557451
28134519
58590241
63474733
58529526
65230519
15973375
16069141
17282145
22059471
23625376
64114748
17934247
52865772
55578173
21709587
63721123
25935856
43677848
48092078
49664935
55295304
38138541
59383589
55547212
67913580
11243552
51830842
60743780
79781208
61066701
73783519
19070996
39071455
77657457
11186109
27035198
44527330
19950770
30020606
64051587
67690378
52075825
37401347
36039085
47006112
36284913
77744944
20823386
67667053
57391822
71480343
24310410
45665917
17741510
73550146
27945596
17384356
65379199
26709719
59720442
46369361
57846893
69756210
35165026
16485685
42624738
62115848
46873049
26977543
75487654
57876577
54713163
76220970
78271508
63007824
37514206
69055546
54402065
32764824
59661880
29997486
58521823
74575009
31122230
16227267
47635167
58453038
20192169
38003186
40948702
71562824
45597002
59028967
59086873
32529994
74214262
37323855
73794246
33961885
51655630
73064795
68654795
14736481
67348479
34353211
56254131
59601878
36783743
48100510
33027173
28372957
63725582
55763021
76847964
47089175
73711319
56186924
29966735
19590953
28551426
27754940
18901782
56135543
59536303
78832691
37108095
26607775
25245032
39943729
59784663
32414539
11550673
18817794
66342844
66027747
73115824
22293364
69513117
34751840
37470710
67510697
42440721
59126164
42558255
14592262
57153028
20956088
28325823
19536093
43053064
35858973
31093013
62725407
73857872
37327453
45372629
49179374
31742144
54666110
53716124
75871017
46446560
16749089
38805375
74890143
41755874
33576961
73626563
15057089
34247055
74902424
15210630
37694280
14233622
32548139
51169210
36340807
54757624
28069254
56884461
21365201
29052076
70669718
31666524
31922364
11775390
62538066
24747163
29500200
70760134
41813077
77549348
40455332
56736968
35834418
61158752
59994803
56726748
51812610
78411764
47756649
24691084
12871428
59956548
64244247
59959450
69870028
22154825
70515493
56758280
77938440
71316549
54159828
73900067
21787788
19786583
75867928
23468461
40265050
56567072
58752960
72733110
65902715
78851959
17375854
44369377
58838246
21774892
74127343
60562441
49590650
56808903
46096052
73005104
35006695
78232343
55678467
54471178
18323308
13218502
64050784
69152628
25829341
64603891
21396155
19022182
35622427
47835544
45938517
48841873
36471755
12691581
49096414
75227309
47364915
79327432
44703345
46980243
70240147
42482144
30184744
47945456
55351203
50824092
48294406
27742089
68229292
40660077
11236403
76988845
40864672
16405554
52243083
39928799
16248347
72136118
32357956
13393556
34723655
42931937
26194792
24519928
46054345
23173976
56990061
31381691
29249991
58483408
67722732
39401685
39856999
16409016
18488515
41077242
42420962
40043325
69700133
71082082
70607108
54457144
35941441
66470846
18070361
28460215
69379864
67617716
22613721
66358696
71771223
66033468
41074689
32688642
44522199
64985839
60254945
39146650
71520404
65916630
65648808
24252517
44647210
15705218
18057659
49652230
35719959
21522667
48118793
51889999
76757819
18031620
65387174
44795783
76327367
46583715
59808700
53500749
44520450
70552048
77116430
12764736
57140866
40050517
16964016
14800139
28490257
73006606
54759800
60022628
18319799
63981731
35613232
58131245
32837992
78025302
66137732
16233098
36210652
20237554
10933199
33074882
69187092
11560541
17643610
67262237
55884605
26405146
64530720
71717989
28079020
44920781
51045891
10680159
32330474
27368612
68830282
64428782
47224835
12261452
19779169
60430420
15581026
53989006
33651606
22675028
48613681
24074738
77818425
29444935
77771703
72979447
12759280
26215680
32822547
55719751
51088985
36878484
50394195
49091731
72925760
18475560
43373202
66866758
41313287
72309646
43902344
33723736
64186226
42493991
24334150
29126674
32077185
72885460
57587096
38655433
29070185
20977701
48651072
25973467
34198541
16291067
56925150
71281093
25498214
61708145
24707970
26591822
44154843
18120855
35637314
53975544
71780768
37974172
17007461
40174280
75252161
16231979
78821140
69599898
69672042
68255217
56197403
49389617
63564080
62679748
28391913
74762854
10933233
36696708
78392050
46360796
51237652
34828596
62745443
43446169
30187448
57131641
31827023
10873952
35812531
10946242
46234302
28132000
57960668
44720955
64056568
71959605
68069573
19437618
65584465
59617979
26220812
46594649
29311399
74161361
56856763
63910763
52218324
28570685
53636449
36723466
40383186
29671489
11803988
77077982
32706960
21292780
69320445
50450632
24968537
42130123
57396657
12054483
60536507
46255255
25288008
70603806
48009512
66072073
28154175
47875049
54979543
13669062
59003155
40380652
39086865
63565737
32130073
61175532
59683542
38809708
72273323
65417066
48836016
17076009
52098695
66768533
70269154
28106996
43130935
79611556
31880225
60648451
12969751
18398323
36648857
46436091
36286197
79552985
59171726
10659571
76263529
59992600
30485608
60375684
27191123
37340989
43892754
15260110
65079546
32619980
42916993
21465380
76702284
36527933
28287223
78509972
11359471
75495291
74720352
61428009
52022411
68217280
21210858
25198434
73431453
74154209
27704854
55202962
13381645
10888434
45638780
77370658
25259998
24611156
58259186
31740786
25903595
68958478
62497212
12700233
37569715
76287288
14002590
72067564
18299922
14164909
58728652
45333528
24719316
19974372
79593083
77420651
20050217
64067438
36025046
28595376
55826152
74896003
10305859
35120111
49047449
40568849
29861159
34356113
54533818
77131846
64798235
72486947
29021796
62142764
23841511
22236750
14763430
61959183
10778013
49608411
14400216
39861216
52165093
75270298
30008460
43341321
68705421
55803883
15526682
77720548
63180327
14342483
34978370
73202196
42054354
70487166
69195111
25033053
17090198
59046116
48422926
70806542
23391758
39222313
71109374
67254793
67177396
56489738
22981293
48548785
52071633
47218058
54901822
58716306
62185970
50749495
24876425
22124266
37272391
68108485
54281154
67987615
63729699
36323722
34544481
30133569
66748818
49755798
13237055
51804642
35963747
26270872
75403681
26929975
34571019
18849783
75514452
18876032
74263598
67038648
31982819
63993518
61067870
75188522
10528821
50224838
67967001
21161963
52019708
45718126
25807102
30517503
33511050
36943241
36662662
43777781
40244734
31766629
60172704
26734789
41565403
33740350
51676574
16382418
60665030
72194948
12366096
64154202
16097628
53667968
57116002
68212137
47743389
59506512
68434310
63884035
60692205
51534048
35626921
53460711
70680169
34458425
79989565
30888351
31648657
23728835
51738752
39320709
16972552
28405139
58257786
27000161
44039538
12173678
19633550
74654196
53137041
74694915
60189025
35008706
34775975
21419493
19108194
72678507
46915300
75503189
50513464
28439380
31383246
71824499
61001729
34610413
35569576
60486243
76563263
52599464
68189096
48021482
25669741
20035988
39339806
12302776
13717952
48769934
76041259
40850109
78860669
40720680
42839725
61852608
56164676
79182747
49129332
12211585
13665366
12619721
70677647
72288517
18880600
43600082
53312540
23858528
61144453
63854719
24776166
48852684
28619159
52856210
10205268
29990604
32574541
22717231
75739513
56428210
42591776
19191585
30373015
25898086
52155817
12267148
43572734
33448382
78656897
69115421
76186484
70925579
38730274
48696957
25105809
20380587
10605015
76556381
30190342
10017701
75610834
44620828
69195305
24711472
17635880
74026519
62087402
24289494
35450161
20352042
52922357
21103439
48120959
22177287
63386789
69143449
35568303
47152544
37697692
25323338
42151976
51672955
62494910
27784672
26021876
57886856
21841382
31739641
57186864
64361255
50901060
67913329
31585436
42454878
72353656
76867386
63538107
65796989
49203597
78312536
47166084
25373313
31782637
18497877
56594994
26510591
15620761
72540719
11580829
52174534
58791080
57563180
40031305
29690030
35300346
62128397
72642002
73692745
73351459
53789974
11297103
23024391
29618544
74399454
41235515
19237157
40994857
46348800
65519584
51677210
52941420
17755414
38324617
37026095
72281914
59872632
47060002
11303662
25891522
58883300
64100486
73154176
33369418
13863622
49463744
21711295
72896206
27432326
31050691
39544394
25329451
41789027
34953069
57043209
10709522
10703645
74794236
15332238
15786078
65763172
16765947
43757301
76690583
38804924
23760144
59677943
35544064
24405046
57350806
42737125
57156227
15632019
59520607
25328421
33243880
45176251
59731139
64997552
53796644
52352367
61440389
32422702
34081431
28507944
19665071
29955766
10645880
27805330
57046044
39103798
50336519
15410608
71637639
61516514
69247290
30996256
13929225
29594325
65960121
21878212
47122134
67670641
43291013
12355750
17221499
17566912
31418162
77291741
15156292
74450163
26982629
27882685
40408258
15650699
28142609
70180073
21758236
78171732
44328608
70406642
11459593
77803897
33109296
42517791
72472924
34147058
34951258
14080268
56971880
72704547
38970603
43458864
43286483
66870536
64121222
56192874
63448598
75954513
38481509
79513791
21396699
41432164
26811259
35469235
27784994
61196340
76699824
25915529
21145989
12629895
21464719
51480280
18106858
27668826
38149455
36571805
77630270
51318902
43066206
26421005
10963976
77269285
40263009
67736514
57796535
25006798
41840083
35008256
71065218
71536569
31125578
52217008
35271488
29359639
57102955
64606728
73705112
78711310
58935979
54726712
74590909
43362783
64807123
13838691
34699780
66752810
40534028
30665461
74775879
13499951
32013848
49061641
53486757
74625411
64094842
73962928
47518941
10109776
16982461
31592235
58652272
27704576
44104518
37531014
28525853
27629172
44732016
29322874
67890441
34925750
42212555
11835106
33324845
46841892
33641653
37465734
52659788
12656105
59065495
12675934
32044367
47061395
29602857
22306194
28456729
11021547
71138390
66494569
79242384
12868471
14252857
65023817
74107741
55613658
50491912
18512260
57933900
15891975
19422178
11110733
56513769
35646618
31311897
31627763
22988851
35261823
38490197
36785506
53404724
69570917
55657621
61960781
45498483
64034365
31401318
31054148
48379102
71148768
67033993
74010657
18127636
74736815
79312017
75245334
26745966
58410970
76565761
51439420
21367061
67208733
11232070
26526153
48704588
79976913
78907825
62626184
11767081
13580298
36529856
68584640
25931546
20174417
29581620
13691073
19160299
35117899
40771575
32524696
52198071
59752968
40084691
69287229
45584817
48692555
79323280
76741778
17153366
50611252
28196415
14246628
21551200
12714695
54342652
30818341
72871515
14708499
69556199
25978950
63212502
14402719
45526614
74418106
45122782
14601895
47716367
30818295
27276907
52880711
44556640
50252738
35740118
79631182
15976072
12275155
57097414
74010971
71362413
49177482
35804126
22423302
50137132
23334852
31328031
12901525
16217193
45137498
70416569
43967995
50786098
46825887
51941545
39014790
70543157
12165959
67447602
37030840
58908873
38893008
16052833
29609996
23753826
49995584
76052326
22020674
49554565
41229431
44231328
38108620
70195665
14939865
63577302
31117270
37550844
76252296
78183047
37327000
76981720
70168852
50443305
31703769
64957590
47772170
21105749
36161458
61995360
25764237
10029257
74529897
58704992
53348580
12306549
71861685
41097026
23881464
59117577
20322932
60715724
79704821
17921499
50318025
28236256
41844661
10202197
28305634
48762838
29042987
52560128
60018846
52773750
58587561
37137682
63290881
39447357
70908229
60465503
72552366
77551934
76158885
31401465
75139050
77386413
68921993
20603111
45635527
30096042
74845039
42699768
53944869
38230659
10498565
35042737
38956752
74503813
68152743
76441272
53252958
31615401
68252842
56636380
20988359
59366226
78337645
36414715
34841487
18134212
65786688
23402181
14555501
25688705
46639937
55273291
21203577
63125969
45586457
66180627
51203922
49518228
75576365
70236549
40938454
76382590
52401413
46043124
62369309
46851643
73522662
58240224
73752944
67220677
43847652
54407012
55756338
71209539
57578608
58429590
21561819
39208368
50058999
22025884
79854448
56766482
22123099
27454089
20226596
37492791
14263756
13221442
54380535
41660399
22420365
67256064
77344744
34403991
70505660
23916032
32592196
35199531
41465678
27910752
34815692
58327099
75587182
38554831
37227174
11783834
16022379
47653673
56126111
19896500
14334359
45115368
67321672
69440987
63110668
73608096
65412023
24151194
27889288
44821404
31757097
62929972
64351054
11514340
16444482
59753504
29303964
37874110
72231582
16242193
47351083
73154216
35155813
32137483
17196241
18325642
79157627
35766997
74758123
27432619
75484704
11662933
18659341
30959954
66979322
49859097
41908545
37960221
16755208
40598014
17182916
12299724
48583798
75842729
39024811
35587583
48187725
77507846
26879562
20750966
44830765
58111083
65863251
62314619
34096052
46896133
49155078
71408186
47324399
16927538
31364685
41003236
76100683
20798267
66658085
61318979
62469010
29675457
33396132
33998306
30832616
29518781
35575764
55870888
20127121
12352303
42684386
43090413
43953379
36381411
20017547
73705551
31027105
48152191
28981956
46553700
41434590
62977201
37217092
66382386
23532957
55336171
71106574
48766793
31361947
74370680
59067116
19983191
56055701
30748434
28420838
65443163
14982534
29842991
13357913
39346843
29382519
66464025
12020064
34005954
73856612
44080139
58044025
17951976
27158509
54127052
13272794
76544752
31410566
67595837
27101478
69190616
70862620
45183103
72723535
55433839
14121511
70256178
55350087
24019156
34613343
38872456
67107087
19753063
64416213
79183754
34292099
20830432
71527866
59968674
27327071
22505724
32420810
62926271
60658612
20981481
46387376
37693741
79589506
71378679
77322992
31868449
12332581
35155850
53671029
18802245
72977665
64463124
33294769
73440185
56263660
77417795
21481523
19049388
17634424
71878268
61303980
49025663
70580259
14848418
65316828
44595623
58711746
69938288
15768952
38957375
11167565
19520524
23643693
64917910
54265382
28314255
18862449
50551008
39715938
29961308
41680236
66231918
73027059
43208656
34970054
19409188
27367098
16075470
18801372
55842075
13844682
22264272
58279803
59703339
67154555
65061126
15149473
67558559
10998696
58725344
63908524
76815154
32579102
43649389
33869568
16498727
60540126
50530289
64600992
45262375
10628622
62315240
23748321
41350327
54577031
35000421
67412092
34917677
50340425
37000375
34248953
58041310
28770064
61861700
31273823
28666853
67251805
51551998
26355183
37728954
25346826
59497394
74348872
51114635
77679997
78201429
28811069
29077407
71613296
53333084
22604714
20028475
72364988
75608497
13711082
31834042
14907629
57067209
43653698
39816723
24014433
78900029
65762078
48329798
30104464
33395698
70212110
33622362
26107030
40702945
55985036
19376726
71514149
57872981
42088439
23633727
47490795
10841777
69015162
46316061
54443512
60939937
53909116
48092226
37631747
62814786
32669642
30553539
54988137
72635268
17915478
63476387
10676735
33028618
72808752
29771754
70408275
20832124
37136851
57707180
46692203
19261706
23180908
60633331
60180205
52692382
10535974
17954116
18377676
57534672
65175845
35895495
20946722
22353811
38533119
15690569
20550757
31612278
38883916
71399204
50522613
15955537
58388366
49206001
24736643
13678262
76698021
53152595
51032909
22972086
65134662
71721736
61503431
44295242
28024924
30683576
34178171
20963733
41757159
56111825
53876946
51862318
43781107
52213145
65464787
19089818
46040033
47101695
51845139
62929205
18702437
50500710
10437381
17824710
65012654
46627901
78788995
49612633
33224906
69574344
29867829
36146615
73545841
42192214
66036905
15371213
51259298
69252000
23794528
74177030
32685927
69172918
53255573
34121815
46365618
68364909
67362402
64804361
43541869
56161394
47098041
79429432
53676183
77833948
35316794
52299251
32894068
56438775
46733520
67824320
38068791
70571325
64500063
39249700
23620426
21360591
17204918
42777234
25219232
31764137
25851690
40984228
78634706
62895964
11455695
23587622
43117775
48388430
72752127
62346380
22130504
14016488
26142556
36069944
17211667
69903288
33157559
20281645
45680538
69354226
59752955
55697049
23094623
69334112
73275248
45187878
53789754
39158675
25822660
24170300
79541613
49095640
40138903
64797144
30052788
34522434
25649171
16601494
42525637
55894756
52978017
10987074
25443025
79282704
76730882
70431175
69980633
54518800
30324187
79324652
73448107
77774774
34381343
11647173
36457786
57991860
71757142
33949451
66047302
49025532
70586081
59631497
78278584
36811755
25840558
55372803
51909035
21370573
47413066
42799163
74683318
19749259
38945480
11440924
35116352
42383421
59115732
37217533
39419969
19682185
29532758
40545617
33124769
57984767
66062645
35348090
51594647
57956630
49648271
52724117
79647028
28935175
75548628
19280397
32801829
19623359
42752801
38314402
54196472
17407539
71434563
21769862
42863485
33444586
10250021
21210741
11400998
69704761
16521538
40518694
44529492
64707702
65147662
21333397
35690870
30855852
61867833
59100506
36284131
61107338
47137605
61897271
65721684
70573658
39384612
30622621
63346005
57315821
40473535
69794012
33364936
65299955
62730316
56651797
15999492
21894065
40839053
31235640
51239403
59142948
51402047
20115950
57448539
23006851
71765042
13637142
53666770
32739509
78357592
21217799
73857577
49400626
49209204
45456124
38679943
41738349
57414832
20698504
58615111
37347265
17946379
22979816
21026291
57488725
54116492
55570618
63127595
24941164
21611591
34878531
76288125
20536987
18666107
49300375
24494633
34312362
67772222
37433672
17051597
29807933
16308487
42996761
27629198
15046661
53682791
31986191
56434456
73765773
27490170
37115568
31488130
13234105
29680710
71906549
66624746
33894593
64742964
42670132
15442704
20179187
75953212
25709481
49373699
33923899
10707237
13022559
21316807
57554540
32078074
56224153
25080798
17767664
78410349
28853480
43918561
60324994
57035394
20702748
19572532
63767415
36012571
49963381
54956102
18662044
55454584
55085317
58813506
57522083
37200907
26560702
54495759
12709009
71318968
49340362
65817237
65462486
79741306
70414180
75534479
74022046
63034118
25595047
30494532
23298171
74749026
52190807
35286816
40297536
12552316
32759330
18606160
35118182
44567625
64299677
44323246
62781834
29169980
46965808
75748276
67078775
25311880
36770662
59191066
24093620
74248172
13054298
58712242
28206039
75026597
77464469
36862211
11152396
12967645
74297498
45544923
31729567
60553570
77914033
20842029
73904035
31585004
68389379
32572793
50187770
36144692
23311166
45705197
66880465
45623102
46307223
15386846
44714156
10934465
46634495
62476676
79031427
79575446
52394173
70900361
48702773
28065279
54147304
59017342
33304104
61898339
61061274
35510096
50886772
48310063
45995890
71421021
14314983
55969082
34341154
45320594
47472164
10741878
61055667
52020831
50606821
38730491
65545667
11447646
35437232
37024939
47960399
78593657
44578208
28286893
12868966
51901258
34425268
31681175
36363621
58603752
15440948
69356108
60001933
20360786
53623413
70407389
10440891
61296163
41745525
46359654
14639336
24334898
26436622
54929465
12837371
15755310
28804142
12402118
46417017
14532359
27064314
76606076
14375309
41673751
13079981
12345346
70533009
66018085
74102133
68326617
54038652
58824271
32758662
33070794
60311552
76661808
16129233
23794163
55707008
34802027
32403826
16574690
20006696
35841062
72054754
57380261
22102972
67674332
37140559
11139763
54630779
71781447
39568972
36277582
11992717
45730850
71167085
59648519
52404550
23000898
16572283
22352521
48298017
20069186
12535844
70114499
60644572
17617572
78849173
74471686
35197443
32611930
41308630
38339318
75609616
44005846
71231087
22807087
53604567
60629826
65420683
60949513
12299580
45563185
48952466
68348974
39986561
39325700
11938967
11560645
61591593
36883716
55794787
59353668
50304917
19569819
12533946
30941176
11358681
15559560
56331482
61642139
24942741
72375541
11877048
55281599
39299313
54923961
27926795
16769695
26936802
12102060
33394692
68768913
15610416
68678692
37241937
30724114
69224654
25813844
36416153
38310907
19303895
49469946
30452043
15088364
79337424
64357519
59754830
64819754
74635765
68228151
64419817
53373617
53540311
16449049
67773733
79751496
18017744
38627818
62980674
53659655
18156580
50784067
30833891
33804891
39412988
29435683
22263036
50262199
30711430
56081742
22763269
49537222
64582593
79675585
18649728
36631257
78859633
48678742
43694759
66707492
61571157
40192063
45339336
18502029
14787319
13759901
61290584
78015700
10643146
49191916
74841706
64199633
51177356
64373043
47146193
61399429
32317341
27570853
71901383
24360402
13677286
66015875
49762252
63299544
22071939
16470568
38083126
31967134
68297815
42947905
67933650
31828648
78366896
63193263
72681811
70911703
58468988
27248079
31802265
62755653
66661919
49948573
23204607
12618432
68390383
58183942
45808655
63890390
77102890
70010274
28992843
21184595
31607041
75813188
21648442
15119532
36788026
55923696
74726052
59491365
16811212
66141426
77973476
49351895
26036095
33915127
58778917
57647285
70190388
27918791
77100668
51863011
50702187
22603675
31582187
72332418
75587998
50573756
36862573
68991669
21073626
26835622
12052093
60463994
69720402
47617363
51611407
10776018
60073623
59765229
50532086
10338079
12727402
13568136
55363262
75643210
16324618
24218878
33983864
45504552
17964182
63046642
18991050
69388497
67443811
63890575
13721743
74714799
45198474
51176484
60501603
34868713
67014863
67301659
40619493
17459925
59760056
51471051
73190808
26250404
45906070
30178316
14622771
19013393
11443141
43697303
17713681
64694137
60152846
29800365
20850239
24638007
48642824
16250225
19039196
18016404
79338638
74413588
39873662
15510722
35617573
51673699
66016130
55409090
34118619
22328221
40680759
37118745
52257059
71559506
44548568
14652787
43516482
68122134
54326848
72776977
13715202
18035007
37588289
72499194
27244405
55251372
55075044
16669447
38539188
66478939
21683692
41996614
61468637
60260424
30063768
43781428
22299651
77128220
46834854
23288202
23810984
16949572
53344732
69590595
46731971
41086650
60737695
59797465
63613437
49766201
19740097
77662062
25318126
20525017
36199949
51510943
27274206
19509309
17145737
37062981
73584488
36154099
76774985
65188955
27199376
18065054
36562062
57530812
64654810
77667818
16447267
41972535
24324499
13075342
12011188
52870381
37977843
52474370
44792071
34085701
79536332
13347089
41380435
23477487
17153109
24694071
71404060
18634516
72633049
76571254
30465233
69400830
58258951
58415764
46084462
10531964
23438168
78066677
56411814
34113948
33963107
51606722
61460187
77290825
68099223
79063877
74621234
54252772
41448927
44620437
68806188
29029146
66245403
10262254
23382308
24623391
31589406
13795815
67783510
20676299
52303156
19650104
74164088
37192277
29361552
49565508
11382750
37442329
70455739
51711135
16173156
28983760
23149847
20089614
45582282
35472929
72093546
40345428
25403947
14611952
20276519
28898947
14858285
10877691
72449645
16586666
12816320
42977947
20953553
12238485
78947539
18116662
25592075
48673918
47434504
39750468
17389972
60482160
44715451
28105369
78843933
35372050
20681124
28359974
37383585
54270109
24595488
75939774
73149207
78035238
67338570
59297114
62199422
15732124
78198487
76218367
65669107
15154629
32145298
72871587
39323511
49738175
69740223
66804090
55142210
12947636
18374405
50272738
71404722
65951036
23037854
19899233
74896297
20903460
72018533
57918990
69018466
52886640
72105445
76805295
60163743
75760808
37734675
48628853
49696099
50990602
11510218
17755364
36797082
53421841
67092957
45201057
26482905
30790926
57358256
18753843
26255365
79949609
17545317
35994744
53473310
63151217
28051590
63505509
72665384
47663485
19256958
74859307
19156831
27437934
45199452
26788643
70506876
45226064
56889497
78508813
53598189
33170967
26541055
12280498
26290198
45646108
33379276
38375728
77773874
17603718
65924499
19397370
78278623
75571134
39098845
31868602
65262681
15873547
73113809
26689714
79332634
38141133
18097490
58050078
16632708
48011184
68967814
66724785
73467077
41000215
16597292
52573291
65273386
57776665
78193479
43260777
50383344
44384655
21281382
32061696
18946560
14533087
15989160
46107982
19019033
17362010
43716091
71413675
67973149
50186141
28426328
11800052
35790922
11963954
22731716
24941136
48010531
37543858
59953696
40413368
76796249
36492482
38976997
18634393
26943997
75905966
69183988
53054723
52168002
55020168
72695174
31542741
61881844
76029298
40578531
34214174
62023227
59192359
78944464
12939285
49681295
37639463
21746201
20678929
56250221
74787561
59287348
72736523
77766400
16262041
13632343
34696331
37238028
60489830
41851177
58726935
33920936
60447116
27987516
30159544
68549649
47992757
59827418
25093487
31641572
36200747
65212133
57121276
62876687
28167176
17484726
44134625
54227470
55025782
77225585
73080392
60835546
73895242
52723709
40711447
65180418
16744972
56831348
26941821
78908104
31086513
27791516
16196452
52913628
10259328
61519939
41045915
15185208
50638018
17042365
29723089
15257326
63668610
35864931
50962777
35463707
67085246
66661647
61769478
72202986
28840300
47610415
31926752
48223903
58437888
23249154
26315076
55984000
27222009
43446955
44118392
64826895
52065876
45782761
42287285
62873356
61014511
10991636
60939900
57439213
36823459
67126951
47650901
74706361
10672514
42166652
49628775
73976177
16575564
78804233
16127644
72956128
76532046
11356991
42551802
57928753
73172606
75890638
62237580
22591998
39700744
26743227
49103616
77559219
71201395
17263009
66115360
79286361
68167817
14402867
66121343
75715256
35656629
10141981
17286073
36224907
47159027
51002747
67414775
35094104
46051949
20293162
45534563
45711404
20085407
54191785
16082546
30994359
50051053
55407062
11626556
28150451
71402572
19773853
64962025
28856060
22734909
13316650
67046516
10227881
66863109
54855398
26757438
64840616
51292581
52208468
79736941
78238237
62968676
65326386
34128393
69818247
78136755
10677196
30585303
51977041
25321907
61178536
22287106
19573628
56777746
33445391
50880093
20702983
27509582
47846978
68551076
60317075
70911849
53492205
67889539
53294326
64654231
38581181
68402964
14143890
61993527
77375276
47251073
42853255
22000053
36480568
28160992
50652644
14992793
79301009
17547171
12289190
41122804
23348900
19616117
43870415
72269234
64721235
11897132
58315878
16536824
18319707
63918320
37271290
66598965
71646343
44259294
79292444
54405341
47816177
78606623
52882639
59234892
40197312
22810804
48406539
57915252
11578450
48948252
74742457
60458465
24662255
69726733
28078277
41286186
31650755
66280992
68715249
74100231
24575762
25623341
44187709
56030155
38833905
37538605
64068491
52286161
77809593
46159317
72688066
18658350
42475882
71462587
31691055
37483957
56838509
79711922
64033210
49201226
74237740
13340725
57506604
23018894
18770791
19954384
49057769
53288926
76549037
24903949
77272247
71485611
57445534
15337499
51071225
74623428
36372702
52541821
59054981
12267905
16512154
48978490
54696235
21117265
39308429
48228482
41365335
67634306
17256545
62157849
16671967
27079872
56397986
57720147
30106031
29362211
62923194
71175210
26907596
57805755
38267477
30744168
22952777
41128614
32505356
10865178
40405172
52903004
66565858
50482188
55137701
16143809
24214519
28866364
35844622
75499477
45848982
68623432
17088185
25031283
78208948
52250969
18531481
44696010
61757241
23904889
18336695
51918054
53832528
77989126
49255448
27899728
61881125
36359095
23959143
30473564
69192818
63310048
56262582
31589410
78682092
50894899
30619129
22570579
72539290
57664024
57972618
58937509
20893794
43280118
53407196
24345259
57555762
33425177
11436923
60346788
15289140
20704595
46009619
41636139
76205416
10733557
40302646
31247184
51414011
16733004
16560172
11144119
34117049
77223782
37839212
57705465
19342585
61516372
77056235
45593601
69365423
71023331
28323651
23186547
20162957
63415760
26508749
79808503
58130194
32051345
36423402
41383047
74963170
53642368
17378484
32503514
55057789
37924123
74271536
40122581
34840431
41152174
30752629
40915727
36688242
64539693
58565889
73508223
39806088
57888410
40876429
22966348
50256105
62724052
33559758
66177079
63139008
50965269
68241850
59607575
69405597
35855123
34290339
68123956
62157110
46432519
50242305
44825576
35412835
78937429
67858140
56455867
60388833
30384777
25724680
24578160
14469362
78537969
42688738
24572930
51533266
17077029
68860621
72388246
55610638
31395462
78828769
22312790
45709273
18376728
10596377
67914087
38263914
33187345
21535331
33313626
50565525
56605943
45517085
33415924
31799183
26816970
24964588
39292917
23149945
26644681
56413559
38158799
71131617
41121272
31608152
73936009
73323604
51264118
43341662
18019490
75668254
42098237
33088688
24506104
60902198
70617850
71817353
38169319
64750340
35254646
72444628
33559518
12891494
12381499
17807698
12621575
60415210
62530079
20377226
69704644
41143194
73316221
21757719
28003770
41068127
26052759
49242636
38549962
21069225
63958292
24455347
47554266
78432174
59752041
68932738
28067740
63696937
62053217
40602139
79919984
60933848
43926065
45416340
56322667
23262037
59636952
75182752
23655778
47023062
33617357
44083564
31786164
54462328
73054842
74307393
41373451
15576592
25039608
14711158
24839005
16777318
26077023
43546916
58764622
21757951
39943314
40578669
45637136
18882398
77237685
61946968
10515576
49461212
47994358
18089056
22889090
54126010
19324331
25313680
43148095
66715476
30606979
62518777
10817214
33122739
56944336
44173751
22977178
49533399
12319737
21867854
20238330
60008435
66284286
14414973
20666310
40189570
17218644
59127436
51336394
48750625
63698661
42200722
34500584
26162907
67241107
18863060
38740484
71911247
32411545
38419220
31718682
61252260
57379650
19331255
12834453
46866501
10461100
56947195
21924837
17220970
21500826
30014052
27721183
71182728
31635045
10633831
35358060
54247492
74553016
10039672
37024221
44086459
20244746
11331767
71135280
55244529
56022616
29094539
66554052
29178806
22667667
29530491
71805518
41991256
60623423
71805867
54337609
50354329
27620625
66026992
61090843
67065368
26838438
35238839
50805587
36911055
49675993
31027587
49151652
22792753
17270988
36251193
16157040
60095989
35651084
73576255
51822385
33287122
69848561
79369009
34673341
39225619
73693830
35244463
75899620
79962934
72530225
51128569
35995569
68434151
12528943
57223183
21113405
29486115
12416028
48977435
75813989
14355120
43462452
35999460
31608342
51507466
15310989
52315863
79435615
38854083
53545100
62524381
68732647
41737953
39310028
30348942
54853009
57019365
11516322
28128827
45699058
42263102
31990717
47898080
67363212
62696350
76167234
18319550
70198120
65369169
36494577
13779777
72967178
54412900
15668603
67933258
33323163
33967688
18397613
68577645
22374367
29854894
78541728
40768939
37657111
68583666
10959849
14103591
79585714
38592288
63220446
75125481
56662777
74865813
64580801
27877590
54737925
62171087
20073287
20593970
16932156
44627095
20198872
51534292
45865740
28979022
70128986
61284993
10845071
63495904
54583373
55173447
11064171
14813394
38313719
41454760
42859734
10745243
24057170
55430206
63208557
70204625
18767211
28990446
61296204
31914376
52293463
19204878
11303337
15606023
73004884
11799140
38884242
42370541
76203930
62982211
34492775
72645028
55424144
79166612
70318053
63777448
63177462
34149980
72399636
33231645
35002069
49720596
42281663
75112245
64643015
54406305
60385618
61814126
27008311
52410930
45891561
55309183
12763810
19441776
64077301
71943024
26397124
79213733
26519578
77652404
45494761
49766493
78569361
33540670
29970620
58781805
67502250
73684656
79487996
65643255
70626665
36855642
17895821
43034528
33053810
77527281
23502225
21965201
47075333
11042131
26734086
30532981
37477066
74508073
30879031
64933703
34617628
58416139
60517952
49386988
74307472
40025683
45705198
15683643
44978410
29258443
69924559
55881591
48594392
17066329
16534806
44395126
60749117
26992131
77530719
26894023
28228610
55877067
66458727
42129415
28813710
73146233
68080960
20435771
13028453
60355061
57965833
28887994
19786096
69321589
54379237
59214456
46052270
44958238
69151201
62673576
57481004
47001234
46020060
61727210
27871900
78963536
66625618
76018003
43172617
42698478
70458940
46702802
14778904
38157291
42566876
36041917
14346025
36774898
43801122
68132294
63613466
27159187
21357934
59257252
14072469
78884697
18453018
59519379
45454565
42944815
44849979
70175484
49580904
26204630
37205982
26043756
21111190
21741894
66559265
13302524
34127253
75700388
49398196
36926215
27555408
61349965
46642011
29493605
42087307
24442263
45804314
48814271
70037008
43266354
52716919
43856778
40532152
64231619
57365212
61748753
57833655
26249987
22671695
44821948
42446955
65434004
40650443
71074613
64754655
34437937
24997885
25328522
44312884
52774861
74771523
62138074
50794808
48758668
47685529
16107207
45496304
56771425
29181611
31773301
74748339
16902787
27064511
61979185
56277195
44077849
16031040
25370836
53871779
16864953
14951274
20169052
71662853
35086604
52017100
73202633
61596096
39373633
39157402
48383653
43981990
73875857
76254631
68202045
32005091
37325400
68241810
31503651
60238063
18813573
17130246
61457415
74196692
15319465
54747998
56528337
76941477
71461108
76623521
53954606
44582526
62594695
73031673
32107456
58884132
18833983
20997738
31997984
76836580
28413701
53506184
68665682
77029456
32569831
55824014
18360610
78948868
28626850
57414148
37656858
73510004
57490613
44419330
49810924
76642284
79665663
75286930
10153578
14393974
29576823
77749725
58076936
28154534
41799922
31303076
66800587
22924266
11794337
10352255
55045002
23842491
73411017
41512092
15952251
72418302
51496138
69807702
41270793
18076561
65574540
20534081
15838774
40806354
38921290
38505693
52270579
58882089
19846069
17112846
22486774
42269190
20224921
31126769
46022498
10827677
53740859
17236253
36752293
33504762
12963666
64339715
40658237
34611298
24387518
75607608
67083699
13697319
66567518
62415816
75952376
65256251
55353812
21194135
28868566
37730046
30690783
31574734
68073155
54126872
50420399
12878375
40115625
10930133
57745666
65261623
19896184
24843321
47869361
70111617
66908363
13390885
28787801
22705592
47668415
26056143
45737883
70167369
41085692
51789617
79598021
72627477
23190419
39916328
63846359
52311972
29017953
21863947
52363118
54651120
44978330
70673503
18583161
26061035
79603829
38858687
43544082
19823107
10787459
41656717
33025655
29796634
26756340
61841345
65553568
17338590
50008114
35568386
67327955
49295292
17401346
50942823
61123110
66837194
69060741
36581169
32950807
19212139
33389267
28549064
23979678
40539155
59552710
59167458
30741376
45213881
45798472
50101565
45598620
56753014
78003779
71367111
58589824
59061999
52026852
60214586
57847363
64569104
17198629
34085969
22030821
71382397
12352411
26119423
18925631
32362933
72025266
48573914
13641579
74061107
59988021
35919874
74222156
20721893
23570303
27999204
58924550
31563361
32953031
49202653
56195226
15632889
44967614
48332332
65826096
33611547
19575449
69610159
72555933
79764809
57840936
51673231
41894899
37316491
51615882
40767160
39594293
68286185
34071671
18616742
25549248
73809215
44422818
75727817
72056158
75382591
21535489
63155099
19621558
13291990
67894761
46321746
66273969
69746788
18102781
38430851
77164739
32470844
10725101
33125071
59071822
10365736
41952487
61984139
23780796
32964150
44464377
24134917
42499654
67847333
59508946
27048199
28606888
56894335
13390450
63705755
44029682
37015590
37523586
70575819
23080176
38338860
49782697
70146368
73186679
43785098
79721556
42239347
21296363
48753676
17618951
76537522
42265690
34852617
35056314
22125162
47394973
27411737
67503995
54684417
51945463
23330778
12189788
44165944
55951518
48936242
56881439
33551170
18309918
20655077
54952579
13194238
69388221
26535763
22429977
38779822
50114199
17772186
62857679
55772903
37794137
29015985
44330320
28901072
53831580
43112065
13819252
55862269
35021293
57111505
44660741
27930408
57239527
20677454
52837638
34731251
71099496
46019540
25851920
72787460
49814733
30323064
74096285
56725665
27091546
12864299
36364373
59810022
64325284
76682880
60245163
51457629
74788208
51362954
73497198
47313181
77845545
52585026
57867428
41160204
40560093
35568093
68758993
55246516
72228464
34468565
48017523
16754671
41673611
34438923
35835658
49583973
45945809
59483575
47001883
37402218
42525641
54281538
60361534
26749879
60589068
57997693
51037073
62842799
14209026
25587767
30196713
31026749
31331753
62365808
48731563
35128944
54693130
49334871
10611312
73804435
55637884
17742220
38096643
36049907
48130832
55594387
32123254
13927777
26665194
34434063
77161112
30926683
72477478
32283065
64576147
76448772
30287647
47813653
74908392
59060777
18777392
33310792
26819597
45142423
35926577
