50319643
71346033
38493870
14798900
54132586
39411814
58438551
22725290
20566391
14696166
66989464
70903795
71874995
74183528
31355780
12642581
28686973
60547712
22212111
62149542
52125789
40820810
38512664
33548335
14359119
23401775
42211153
42600335
17230110
41736752
72145112
64710633
60642301
46620555
19642998
21201345
18831043
69468945
70133502
76546251
10346120
59629608
41990967
61275040
13184819
14509983
45537342
14592298
76843536
68633361
26883992
52639461
58289116
39687127
24405605
50222022
39590181
36223578
47164469
35700897
49862812
55615905
62491440
74772606
31723649
56723188
18165657
55275749
33636663
71604141
10236319
65141418
47833107
18011049
42282515
66890518
63891989
72019160
50695972
35428610
33232697
24620097
66008195
58051984
17387629
31280539
17913427
53940605
67704622
40557368
36346457
69821043
14061768
38402270
67390622
17698937
43819331
52627094
10390274
13395034
45711865
58956773
10621289
31501481
78663107
76025661
47641849
17417000
51930417
40483949
24702092
14107505
60797189
74898195
40743298
17780259
74068342
21810466
52947353
78989297
67636209
60071906
19772956
30990412
69823845
16316812
40843942
12863488
55107728
27126578
47618643
10661919
75089333
66563146
33559020
14853849
74649703
40132833
24924249
47514040
50499197
20556005
72311899
23942822
15996069
68358659
57884832
42368208
12083055
46160340
38784991
29514367
77716675
57514243
65265767
29955401
53010260
21994326
53722831
14054713
31632914
44029362
62144822
52476497
54204836
13812353
47465050
11832711
15166551
48649579
64946285
47795074
60536201
52891197
24166972
76686670
79391124
75753148
64966069
19775387
66938938
23501524
25541291
21683591
56705802
19451790
37082177
67052116
22305108
37615194
26305777
45320950
39660827
11590402
60555732
61435898
50752519
63316207
38559260
79180150
18278501
29834779
57047003
59355122
15252636
72270031
49372921
36089864
64700419
74343992
46516566
66186818
52332939
49086828
28677940
22514995
64961746
60056747
11353370
44289211
69487260
29806466
16585504
56541186
23185103
42925828
40268334
72687326
78502334
35326707
23249578
58836313
71934390
41924526
19913501
28321788
75005978
67298058
69870644
21347642
60399196
20679829
25156200
59065615
52802357
63032583
75042545
36944373
72519076
75361417
69379871
28390406
19231401
68967860
44790159
27108130
54445672
79378569
46761243
43627509
74549611
54209296
58274215
62538360
24928997
14697684
55577268
77746257
68523054
77418993
23033731
74718574
49605670
65351812
69656987
70558438
41468989
71761673
11249974
50068160
40932004
77147695
63778354
44651614
45620607
58211180
31155366
62056977
14621654
53411929
54407886
15818722
58421581
29528223
66185836
23454312
25762397
67130703
76135281
33061890
26468691
43050080
66422256
41314939
67850579
61999366
70204326
79978958
57580787
79261490
40690638
43339974
57115757
46530577
26807100
35914853
65364658
76583978
12782230
13277841
70082498
18238748
10288970
53963181
54273623
58241796
22581273
65835980
23355281
24089869
47284673
39486122
46348357
71223758
70884433
59156128
58517179
39108258
63970904
56583335
13069795
74283127
74108849
43887549
14393647
76829490
21561881
20524379
51563256
34335992
33709324
32939414
23704543
16686716
33739851
77705624
30617958
61101928
77504515
71122266
13214503
73125439
45101379
46824540
78620095
59741792
19091882
16923550
69670012
26170102
42491621
72087930
17971060
70452084
22037929
79890223
52713524
54214355
42005609
28718638
45073592
79803668
63485007
37383708
19423306
53739637
51580112
46586311
60437489
50032128
66540655
56856993
15476527
74051157
23904057
41746440
15603929
50178509
46540360
72456358
29965376
52040959
77654817
68279065
66452310
63590120
20579768
23717321
49821573
22239671
44857601
43525101
25058376
22656657
47065936
46872218
12013402
77147572
43920616
50247419
53541297
16942994
37518142
10517149
79859546
29705439
69039260
16157063
49690552
14593293
30659876
41509991
33375911
41681509
42402742
55378079
40844169
79801052
71303390
16520373
50047545
26094021
78105134
16895140
54293956
57188677
68569860
58878554
43546187
22206530
16780720
77573429
75412485
71290229
53807161
38698441
57601415
66684491
57307571
22850840
70265585
79764311
19381910
79320555
77005834
78699107
78745320
74853522
66589636
24830254
50220805
51237745
53214724
19257776
31424562
63470194
43971638
24213613
51920224
75428965
35520061
48377221
38178416
30764053
37912278
64273795
53086528
19079571
70825857
63239087
50771556
74034738
56421259
15525680
63960226
15367806
70106781
48601168
75763717
36743356
65227377
35835147
76629014
59406407
18605319
33062137
50939297
67114137
36556936
11069890
22100740
57420382
38253583
53653730
41999063
28078604
62322546
70968921
29465837
23376089
55337582
39262382
65121707
35285730
29502415
72029745
18456963
72889080
37128667
56936698
79848474
47950011
46165695
21706669
28310054
76116804
35236436
48596021
44150120
64682769
74928137
18260371
71204193
63003120
42985024
32758096
70505498
46775779
19794781
27445426
14782394
52191515
71189390
78667138
39344274
14187928
18894087
36700127
63670758
70993780
20944749
60457251
71163093
44741315
60354023
72223004
49794328
23674899
56129170
53352715
78436948
22916800
13040698
13584149
76760211
19049138
77844812
33082679
51637050
53200049
78881231
18741486
17302928
15490494
60878432
46800114
55111195
79652428
15929790
20150299
12804779
52867356
30268775
32428593
55774169
70347738
41373814
46772633
76948858
60774704
74614787
32453006
37998847
26630749
68588435
19273913
27807345
66054643
59891770
55317452
36292287
26742209
52629698
28678128
45097270
38134708
32222174
48160075
33767443
26500904
77813536
64877243
60882642
70419655
29137279
11375745
62191003
17947267
53476574
19295982
25348657
62753406
31934099
36668109
74417321
60173430
28622145
54507064
33651459
33416848
24549257
61486537
20392408
75047493
48728245
42894685
15219075
79297132
55904604
66293063
75129168
62452982
51705244
21527217
71265912
40506037
63505358
75767443
79658522
26767768
28327569
30685540
16824493
34764789
63296054
35671232
16236186
39111950
73381824
22237709
68770239
67280357
48595329
17510512
17288867
13596328
21331475
63197311
51397370
42619515
35925010
22006973
78506741
65319229
24635328
68528257
74316101
74929544
70624068
49598326
46950919
26111406
63818868
65185840
48313048
36796014
24883630
21744644
25406240
53136362
78218540
75146593
61323727
67030400
59498637
22677288
15472369
35374631
75948228
25394852
54093076
13086881
44338231
69496150
65904754
71286277
76060121
40809248
39329804
35603498
44755030
31084148
70884194
59992937
74434550
38524739
70061111
60543953
28837684
27605882
46367798
73367476
51257979
40361082
63974470
11961831
67536830
32058193
39755341
28019993
51580076
63734000
20052353
43407137
60021970
56318871
34910104
14249968
67753126
74570076
51651232
55074458
71365018
57548531
54819699
68973754
39032744
45569133
18057764
37136629
68717555
63445049
77224572
34346523
58712945
46820960
13392963
17354483
41427631
45225840
79438129
44053425
37805589
25691735
26936508
17089891
14938756
14000669
52539912
77843405
45545536
56410208
23321610
55323091
41029006
55691833
11599954
11449747
13930503
18688813
37351792
29222501
19389447
58408919
16925619
52054541
55678644
14990737
51896206
55048602
29909568
47307342
55410873
67969045
29796169
54038169
35179726
20512300
49671008
50832044
10653177
15419417
71713616
75221815
29530701
65440847
23093770
64123394
76344367
33794079
29899734
49422063
76582825
72928885
55505394
13688989
31608159
42119649
74976776
52883925
51725341
25374078
32679084
61549289
20947888
33333473
22871615
43419282
52271907
41350574
27031069
70510042
22318382
73319987
53186864
20486287
29882352
15371047
78215716
77851896
55439514
35821523
67562758
42536167
10648394
37075676
22759271
72875266
78482154
54743956
63688989
46612987
29307492
37360019
79255013
19714253
16367686
76899885
67353418
66680454
70240126
65732512
75529820
43690189
34057748
46885405
64609510
70359954
75932316
38777372
18661317
63150704
28708239
50234209
60725637
59228649
62549578
78895028
38034928
23558711
55211248
32907653
42877557
49382104
35014714
77105750
69070098
79452429
72024266
70356485
71404330
67468049
40638993
74424012
70410629
33440660
46228881
69574976
79080142
23662872
46566547
73792718
30669037
22877182
49329470
61496177
28028795
72761676
65785740
55390710
45213455
78380131
19965274
47133141
25346748
20448647
27463695
35304612
12022196
75703993
61981056
73050015
14688172
10481653
54475953
58842380
75374615
79702205
67912295
12318356
42337942
25600591
30932791
40072432
34011856
22351456
51084868
42929900
77097649
58416326
67718153
77192721
70162169
79051005
16855223
29026895
24102437
37684917
48565604
23573493
53307464
44779617
72753245
20529158
26832838
69936617
23651380
36426476
58101797
64796407
39550865
71502976
15751443
18701688
35651358
32746732
46045941
49133328
12544318
73259897
62807479
42999152
48655657
30227396
49644990
73082895
51644166
47334791
58942714
74769360
23953406
40555122
68912430
19741754
44696809
25322237
20248590
57311812
66856731
35935222
59259468
50632973
50501718
31844631
11030068
53141690
66004608
49491088
65259932
73313330
66021106
78272103
24318010
41424756
60314686
21351355
36213855
32072019
60824952
42963456
78872924
66070596
48274033
61225603
14979245
77854821
63571831
47961345
19370954
37575465
45072425
26762816
45525510
66730315
68555426
52644979
51820967
73860334
69909640
48806786
29901234
24576218
18077084
67192973
61635240
34437687
60188185
79201156
29150391
43988743
53144620
24717326
37520501
68646435
15056664
75489007
66500805
71730101
25208006
65716497
23565910
17689729
38730758
62661284
31475539
52694693
72707520
18269805
25767586
16681577
16694880
57421736
22490950
47874368
59221715
20945265
63045343
17692499
32310426
25968232
32285379
73950576
51474132
63087970
71551602
36927934
76368388
59563807
75546170
43082409
46333882
31049736
34760767
69857941
45572183
12731620
57767290
20937940
36860553
64600665
64550186
25613145
47344264
42578655
41506803
63371494
10725697
19775007
54278981
22512942
10853368
49723929
40952425
57049423
11846916
26052386
57083808
40091475
10985066
13381089
14639585
15843897
15999494
62291698
58924897
35341201
15313770
62467867
24842176
54519107
66909202
41897724
34705698
17252051
73216607
27018721
20543436
47177333
48309606
23861326
19755580
46184235
48344332
49369284
55953139
54662013
27832249
72592483
23275293
33019307
41275310
72257416
16825690
16917957
71840236
16246691
69293991
13839081
69506965
50655582
18817125
18820323
38578314
27969341
56931743
65528912
47917011
22747952
57733372
37030193
33020300
66853306
36944586
78785737
62553679
30746386
24688465
61370666
18969327
79106920
14521078
38603167
27734874
54562004
20473966
65841966
16291966
51652581
57097801
27078553
55792900
16267887
39690021
36023835
79651066
72586109
48909499
73212118
50250159
13316651
59192282
26338727
40779584
74697164
18284160
63747765
65354239
54624967
30931772
60074942
75925122
44389026
55030577
68450411
30979582
68103656
77086054
56980912
65097030
56856617
43865386
38020712
15155532
19730791
24341081
75625265
45466623
56191916
46522506
61597483
21972144
66811370
13398196
64464192
21234783
43544686
53821819
19073932
14957399
13065890
20771645
49566797
16011203
23941351
64422192
27285889
34411938
28891981
56792128
24884815
60652660
55865152
45346587
55712877
54167950
28106816
71128166
24373190
20758794
61101060
53085239
22202665
52661279
62017174
15921793
68911916
58175537
40059400
19364643
29592337
15870320
70137919
48118976
37477793
27594563
61641495
67268924
41472124
64797846
15551782
21720293
11114408
16262248
55521390
17778028
27917603
26009819
10131726
24163183
69286620
77063334
28629524
68735776
29584538
73288111
53097631
41412329
70370766
57734382
46347703
50421912
25648931
56848488
30583081
31296995
35065132
62734159
21704475
40999063
24051391
35620950
60279825
34900725
39690081
53971847
65637579
16880231
12181312
67245130
40098827
78919567
54284780
49854885
32421850
18448854
14406306
56922136
79094654
44612631
71549929
79634757
36913165
74008019
19014808
39952126
21465850
77817835
16357894
44955793
55897866
10321793
71858483
40932567
60678627
33076248
60844619
31473263
39610218
24296269
31530731
75453140
19703920
31931956
64527064
50208582
49751946
66614489
14486168
48177159
72102297
70246649
66011369
30257997
72346327
75991922
76456433
45886780
47976405
34493745
27186690
48847708
25589338
75045205
47594185
24784975
54870981
10232934
77136135
21840439
42587584
31766233
44626912
24305586
26475289
14810239
57847879
64551627
38018373
30472403
27255842
45650381
11983967
31329714
22608804
54400236
38051223
27285712
73964098
17695909
21141362
56560169
46770789
74369540
11651008
32770050
66318457
69486982
51280804
67346941
69708463
29211224
47814522
13386462
27918626
69159667
76634252
35029650
31016697
54824313
48027918
31721820
50311770
34207770
49478703
23007528
47203782
19307432
67943980
34278436
54272991
20287394
68921051
43283078
26678576
59412209
76406391
77118050
61465591
20734309
77595664
27608830
29236404
15692139
67556324
52091296
38586741
25637372
36703614
75411793
65330540
44617566
39622205
26750440
45520624
71435964
72868668
44574022
16335741
10009772
78119394
25919369
39774764
44747208
25857791
34362072
18805811
46569468
47243772
23918263
27449539
78092262
49433319
61644180
10603988
45141346
34623931
37726183
60907041
66002609
73382871
67359725
18050431
58632799
40906426
12453872
43870132
68061560
44914692
63957687
63286692
18450244
55648601
49552874
55003126
14577970
34753751
31746324
31175313
26364844
60555323
61508011
76251092
67387047
76579604
59793449
42161590
11299042
33216473
19187819
41770173
68266544
52286200
53939214
62501019
56073273
40124678
78168276
70405458
36372465
56142329
63783431
72057390
19433147
23652474
11519889
57550563
41435046
79214107
35746027
14141047
78365040
46375089
35334757
79099763
24367870
68190192
29471911
44047445
32206971
16793210
15696606
25463321
39769580
60202455
20840788
24476779
13495573
13257528
19370948
32521328
51484302
68878118
11092773
49289345
15896498
57452691
32118511
62314569
17616735
41301428
16450503
60201696
28378688
63523609
60374121
76766959
41568644
37573685
58053905
38791173
34953840
68853030
24410956
60464253
34946251
51514100
20979457
70759618
56853424
56916178
13925993
40048700
69572712
14601493
63916707
55693430
67100099
13993311
51686690
73169314
39718762
42241075
79157100
25024450
12616523
72284816
32983303
40510925
38178238
23989137
73754719
26931541
29701710
65982236
68186754
23408403
71393573
71723531
10776482
17490961
72034266
38573331
62377861
25712094
45969008
33097987
27927250
59216895
28238491
13899542
44853974
24513475
69273759
45545904
48177289
68010144
13374480
50469218
62496021
38787243
59629028
22576599
27669936
64332459
10364984
75411817
73419459
78859912
60738048
16981571
21077389
49219017
33519249
33257839
67240473
47166742
68603319
68746813
13772870
20876510
13458728
16126463
77480477
22188242
37773674
43311654
65381295
42476834
76708740
43866581
70518818
71294799
53448814
49834132
59530528
35046609
17906774
72583222
67988646
14455035
14096293
16908133
18773541
60478534
71926433
43209465
42408370
64694018
12607440
50090403
12239842
58755191
32123190
42496373
67275974
61732432
51147323
10714500
10375725
42784464
72994689
12144822
52831951
54453221
14983401
43465238
33240738
65933228
59399970
50881702
38130464
40074622
60585578
58855019
41998149
61729908
11733530
42036452
49713149
60706085
44814818
25835728
51237341
21704185
51067029
73001108
14973401
62750164
77932305
14252649
70145659
36053045
13357198
40927106
57357534
69513093
77889148
69596545
12902276
39401047
57500078
18674273
45346020
44091790
33135486
37321746
11029808
71945351
55717645
42464613
76572720
66934688
16004434
69082741
78561969
59104310
64865905
70528659
63183443
54531560
43748617
53926982
74342594
79752546
77167312
65924564
54664705
67392671
65045984
42117650
15659965
16396272
71293270
30673479
66371056
43026633
36591019
11688908
43041687
75924212
65823647
30005777
54429957
21150172
52617326
42848282
68211162
19628962
37524264
23688064
15699139
43565807
48819844
72597168
19245353
65706434
27006476
76249905
73459852
55584060
36305813
34183599
10637774
40016046
71880901
60892565
22639312
78393963
44351660
24108612
11383544
28778976
25530606
75247926
73724658
36575699
58528041
14854356
65892534
78344649
64556950
37400019
67793002
66618834
36404277
49649288
51833579
52921518
69253472
18922563
61025103
38282959
74485763
29060628
59157854
17484504
32598352
42091145
27324131
62874166
31626530
27343814
45003150
18622369
55710659
68004871
40210320
37183472
52531570
75140157
44587835
52911727
21469128
66716860
67722681
20547335
62884091
21597959
62489601
73124578
75381446
76280537
52929405
55197924
36010058
74887238
75400483
27746038
56777165
54095820
57569673
52655393
16934691
30597901
26505790
68676582
44263258
11979173
13607234
55583770
65041691
25086734
30879881
37025040
60230104
47133484
54620988
64562639
67752260
43164391
25431825
40047307
28612570
39034907
15406443
57108866
45378306
26862674
55627369
31788646
29196624
76070175
68315230
38828600
18085384
29889634
52233424
28320103
39278927
32427989
67564316
66738500
51541260
31710982
33647640
35500658
21213747
57846530
66550434
29699491
71457912
48891253
23095667
12910514
62214560
13240086
61876260
56673074
23771214
51179693
65826595
66027128
78266775
37623237
28415972
32437752
55526860
41475391
13020906
72465978
36020961
27214168
40908602
39548944
24119899
28657654
22308080
16359693
58898456
75926221
17595945
30543112
47045406
51368846
63153101
30563064
34483993
57198354
16414742
51783676
43482345
41194580
75311920
57020713
39693590
55739874
77591735
31778866
29433031
70940275
18423600
37943541
16164021
66253074
26377090
11515306
37225162
50088364
30519201
39925801
61687508
65850576
32526814
36516662
48761565
70180643
25714493
60783320
66536085
11739944
69457633
56422906
14828762
60259029
72206596
78136458
12633936
18137226
45846598
75773696
77439712
47294627
76387092
68944283
54928463
25414393
17362538
23824939
68571548
21141174
44892625
25045049
75058841
72372853
14908061
54082317
49249934
65962816
60931472
20819399
52764894
54295513
40688370
27208845
21903691
35612083
15924278
53178611
57494962
66166512
18282617
22470869
21709905
48140033
37792087
23051872
31911892
27000090
22904830
73762200
49201743
67190637
33289344
54930185
73452735
38370148
23982056
62094624
49344090
67972773
64990238
28278361
50640113
69187881
70088427
72200102
68624113
41436423
68695752
20838005
11960573
22439875
75244273
33724338
14644365
63354660
55634920
62140272
58176347
75361916
28564894
56724513
24875318
31105868
60491016
53011259
62786294
16636755
65202195
41586711
75847090
21668885
57073906
57045207
60388500
44150607
35802850
76490360
36441910
65675799
31840417
11180642
12944653
31858913
28570987
11923243
74534109
12401325
55992096
10523716
52235531
26081423
70940731
46237264
34149056
46457029
21873984
34569903
58786882
42789112
63594557
57098623
69436816
72883011
75940320
48946670
46736477
27243675
27506616
73591632
64100074
17999551
44275035
48652515
63112736
79667169
57566945
58176027
45922590
44311954
79507635
30211668
24716191
74453541
23196039
71515386
26496913
31640393
52767178
33496537
37385732
38215617
13577072
23492077
78956669
63107745
78117163
49638921
36419841
72396702
59712346
72009361
67063144
21034302
61895534
16636997
65398317
56168551
34601080
39226399
72757475
77150674
74497117
73886218
72678478
44669402
26819738
20853107
74036625
76006171
64342966
21146713
18613428
35256613
70017884
40014467
34499175
42048990
43829404
39798874
64068479
69004716
77210300
46989639
70461299
70849537
33331251
23734371
59212453
69545189
70848965
16861729
54563577
78344188
62083970
40518067
46856558
76824837
72476490
39566135
53484649
64290902
16262629
43455918
25114261
42368770
53607735
24753817
49377217
67003029
58194015
48110228
73833368
53888852
31352331
57506505
74808805
64182701
53215609
61593743
44444012
23027902
77153062
69307291
56695480
72029371
49477856
43762177
12990189
36552038
48115530
28834569
75916246
72849961
56879860
60851904
56251433
28226724
45659471
38649635
75751562
67371947
28406413
46893283
28004673
57740414
42335394
14527029
50872233
75426647
12163131
67135715
41804754
30077473
22130432
63109863
61191790
65364629
53837756
23866378
75919476
78558736
45659043
18633395
58102464
41509819
72129519
36571912
27923042
33525778
65582249
62241036
77826618
20038772
54780877
42825120
78336953
28810605
63849789
10242112
51457613
74464988
37519750
76136551
32218088
52198062
71086922
77603703
79638867
13655301
56723566
10512615
35942393
47935960
30031360
65506607
13134022
26247629
40436561
41445916
17511910
45727602
54611038
72248565
38039148
25886443
43651482
59954411
76746220
37197953
31589392
52780409
76855213
77270174
74589894
74167090
68984807
41147668
16562585
55421405
18382944
64132065
58305339
64002993
58854125
44951173
78316349
38377775
78833151
35668493
51716050
35001345
28025158
21359325
67739130
67971897
32970659
30510784
11653023
18299930
60596812
73513377
12876139
19273996
62973785
46852488
38907241
10887457
66778706
55604038
62036182
11264818
17765300
20895873
11433780
74675433
18281458
50519812
63757578
50962662
15402827
31609922
27550559
10029138
64150866
19320838
25154595
60701398
67897062
45092149
21801679
59769507
55953078
43079291
47940249
26524861
47970766
78215304
48902501
64518668
47040800
15074896
11673681
61142454
63574671
30668629
62391370
22299560
23997530
45641667
55086638
34098771
68116957
30626438
33377981
25908778
35920937
79781628
76398481
57144627
24934871
48462136
46946966
42413595
36559849
79823349
59045365
69994742
76963331
22993332
24151268
70953786
60579661
79655488
24200742
39383401
74119179
66759561
51621980
54737370
39172495
41287995
50973709
36554344
78493381
76733968
60701701
13326538
79143800
64734635
54857567
15462595
65341889
50481305
74456411
20801864
62062591
77988577
37829530
52949492
10115204
43020650
71094391
30491013
51216795
74678918
29592018
65094415
47952887
12806644
23479624
57890065
22159209
58129022
60175891
62172063
78907169
43844864
28027874
54149248
52587276
68071175
64981058
18721281
14893856
19005567
66526938
51497170
50866273
34191712
76700065
59692550
15767483
48365870
46320046
40648933
72903272
65130077
30911716
48948887
33421457
73303316
36682884
64881807
42855456
57896935
43468596
13012013
36235340
21740228
66915355
49131272
34346138
36297453
13137901
50784718
14361811
30908527
33282637
72339603
30748798
46883335
20979382
38703921
18748825
42998914
20547654
40464139
68417711
56107035
53439525
53423431
76448759
18635285
15511949
27386426
53088411
44631155
15517689
69063901
42186715
66746228
78974673
11116333
47432644
14492983
43689321
28293729
33057598
59985365
44525573
33475839
10893753
33654243
76151469
23135755
55620574
61323728
18646224
55933860
49955705
21490876
57814709
28011886
62334437
44066853
65821779
67649080
32490177
68765957
21076944
31294358
59593993
25603365
12623509
25276958
55001843
68715080
20497944
76867842
14644419
11312146
42248642
23843416
36927215
35918970
28322582
52044319
76890756
14935756
12434974
53979437
75994940
10985288
41462927
78593382
50884216
54408668
33864770
24708742
79326093
13224357
58062848
19320095
55829601
28689320
63018187
15918781
48594916
38939484
18509656
68960404
13612124
50682312
24869106
40441396
58779833
16340832
66713384
74136058
35827115
41337372
15536837
45868925
11837714
55654079
29368792
51579521
63149902
55684419
17307984
12767531
34972637
49434219
70285392
78088184
16471868
19492816
35339241
75921908
11820015
55930528
13561549
35537297
11007758
62595975
60259635
52879939
20019167
45769435
77715601
25674305
70258701
76818543
21999918
51756958
37043515
52665044
24545146
18635494
49726129
72520433
64350609
18651793
50133958
51877817
49188475
41839258
51568615
46333527
16548302
69653256
26931289
73828645
54235060
38800861
37290970
36798945
65240615
23713860
33746110
70541379
78490221
72257952
42336689
68137366
57912431
59931997
56181925
73208751
69051559
76012137
39890481
55536663
78929368
69886403
22842789
76409222
39468020
59120339
23054774
35939980
63276074
42353149
59312996
27165236
40699702
26954389
56157623
15461095
54866791
54240036
71619370
65861429
65651452
17534796
74143410
69463981
13529186
13836849
77575600
67582481
71804559
75013854
33039424
25490721
28545280
75271471
62092724
76724704
46590212
63563038
10433429
69627609
60565510
40387485
37850404
26246955
40665609
55643195
67519774
13613104
63441628
32788709
19613788
58093751
64431875
56084846
51103726
57254092
20488394
73793664
60074452
69051767
11000178
24194528
48758189
29993130
39972116
17621519
72365864
10688052
74188291
29675427
67940976
66077425
70330843
56515155
65720665
13385408
13059099
77176467
55709501
68217712
64698754
27638388
22238903
42177068
24888119
62743204
27476770
17545533
75261636
42812475
23110545
27564369
65576971
35160089
60179803
44100078
60183516
40626731
25392825
21296630
62773092
23728105
21755843
56076485
54834139
57499824
69353328
71482590
42478517
57666351
69609974
12832235
30914537
66333296
65435446
11989210
48217930
14010478
58109902
54052876
12217517
18094578
53304571
73495376
67027860
25584640
14809039
23132930
30521690
15663071
11029283
17116917
53030957
33438368
41515342
37501241
37597063
50606837
34821827
33619000
44700589
24905398
55790855
23896569
15001380
40522707
65506571
38909553
57342429
15471289
38398101
50823532
72680995
17016243
22014138
20311245
59325163
35115367
21987359
59972981
48650328
19801977
42559598
33350064
52210369
63566467
29908871
68017856
18435706
48605594
29986176
63136389
24380814
75375021
74998396
18317048
79184215
27865946
60579319
29888285
57709177
29828659
61878166
53192083
21516321
55912101
20281874
62066531
16684260
16664489
25285904
76677691
59325541
71764788
44281440
72377757
71957429
42734100
13476689
60574900
67574313
68580527
78202522
62197997
61808846
26877600
47832730
73102744
70637345
62547512
15162201
29672280
63523934
23928801
70581777
64531969
19052157
41745163
44662886
65153559
23302638
19301052
37681959
74073501
26847509
52510971
73613931
67060443
18861492
68920562
73792027
50445559
35884459
42942637
74446614
26342537
76834566
54254823
22202913
25164381
30967698
59583843
14208230
51605474
26643649
69228775
40221302
42481698
37754887
58360191
10925714
43585476
15008805
58545064
21759020
52744012
37082361
25306470
27445553
68978058
45719875
36570192
68599436
66100839
22920226
12495094
19328584
49102397
53341704
43008648
10463343
42877347
68941374
47135527
51767932
15170469
60676466
74353804
42974809
75538108
42152548
67324473
11101822
19380141
78467387
53700359
56131426
51142355
79412458
51986853
43619894
19742508
35925497
45712580
31374646
25010699
29753874
54308136
32005826
43578333
45300609
38033268
43809030
42014860
46748047
35457516
29615751
74154082
40080570
64010608
69829083
70067949
78569604
44744649
65857907
18327900
76773167
32367854
42015910
77610878
58032379
30877312
39405130
68832396
64019665
77385153
29822123
68624203
20245950
64146593
11692876
29078822
43110459
63009934
20725171
79655643
45610225
63676067
53914078
40803125
43404941
64615640
36517736
66859651
73688229
67343964
27647008
25183399
70371129
69219796
35195702
69244485
72720823
79761130
43002694
11999238
69141444
25501565
79392577
15983526
15763718
63947078
57900325
49069319
32344965
71682791
25247276
16703933
19040721
57313963
47351282
67103544
42246994
47046331
30010936
52929730
24868759
72978115
16120035
75172646
65690048
73401362
14613406
53498502
31323542
40876787
48962973
43143078
15452814
47549730
28913885
62457817
40708958
16408214
28590265
76591998
13084501
41251974
24199220
21413710
26046860
31608524
60027637
21977122
54199480
46362435
48417274
59290188
75546330
42492595
32812929
43925331
14749646
15252107
25483087
12442802
21445283
34352654
39055718
46514626
57020656
47587928
11848099
60819874
67447542
32571639
24061591
59294416
75877592
70044261
68894540
18515420
37397451
54556888
15236508
49616002
29756409
60720671
27773419
30287252
14891048
26312463
34336916
63331086
25493924
68327453
69482038
13917788
29605727
25956180
27522119
40372847
38234562
33909838
10031995
44056207
46894916
41036445
35399819
39185813
17688379
22825905
37991136
60622210
48495794
12154623
59139591
69981786
31030316
58492933
20044933
50037141
51308566
71282552
22147180
70089815
65021566
41658581
50407010
53780492
19595618
19640103
50349875
16805783
77511473
55192919
24242937
30493219
40001019
58166263
50060748
11706266
74231656
33372724
14627568
56896038
57232827
14534539
11965906
58115575
31511391
71747218
22363441
37394912
31625624
20217725
30683113
18025920
35483894
64667971
10457418
23260208
11981411
35438538
50621953
59577983
39382041
47701622
23875590
17421341
62423400
50750442
74574111
52869238
36703582
34850973
52975823
52877295
56219410
68145011
12776185
54663486
35112042
41513283
14990657
69620563
25298621
31444522
13219662
61384047
12060934
48233767
50722849
40935846
22947899
60669650
23863854
50748636
66751688
14707150
35008389
52916935
52961510
78893368
46487851
46810059
47095436
24506375
73833077
28605482
53656786
44110929
62093681
26422199
58070475
73235428
58317632
17493166
43710097
26375650
69060314
41979060
45505189
58518999
63823296
20294816
14678042
21697860
45752114
10281189
27519381
30454034
41479827
10761529
47318981
29584165
12834964
27794392
38546265
24342618
70233628
44493269
75481896
13417084
36773247
62761221
64268282
53972712
57832120
79715371
56168725
60090417
40490799
37901354
52969356
49573290
72854144
24079695
77122252
60627531
50540773
44669265
36751495
76897731
48704815
19944660
15500147
40692582
30689166
41911375
44016391
73014210
76645405
25818867
33003220
11837707
25407960
36550701
72942007
18236293
46484054
33209108
29518329
36956547
53145913
20861009
17787679
71676846
65648051
48402384
77014696
45240667
43064741
62457213
55348816
68737673
19503427
77735397
59103006
18086250
32497604
21639203
76366216
43894656
55664785
58342349
57656253
53619799
56291770
69238524
20936727
48106672
27114028
42610453
41505172
11408730
76135733
59733428
65184302
16765757
46928129
18518723
15352309
74412905
72819496
10169579
59698671
24476403
75532624
15509298
25233116
45430969
76268365
30773289
48125285
32139917
74896247
32272870
33606251
45696096
25622561
73440999
15973704
25502983
35630466
48221157
42064896
77733755
13418858
11526739
72743704
22685930
34068132
52296503
19257465
64193417
26887434
37305100
10856245
57015161
27131954
76814830
75465024
42655479
41238336
41848888
72454792
25454920
47900722
78151895
27124729
41441423
57606787
61774045
13372270
50993369
22842766
45410407
20143502
66501797
36731600
15154402
71854821
66281162
36776525
31560578
12135603
47167831
15872920
57997603
14571024
53303791
25205309
43063206
28725125
38240877
30405848
64929284
33376713
62001276
23025041
24214488
55477813
62206173
26508616
24995847
45348294
75374022
52508985
62333048
37255040
21438675
54533327
17927513
68584236
65803710
36301436
55651357
16164430
42937468
69550392
10295779
55896208
21566704
58636621
46091643
39062498
59595194
13986356
31957657
44361188
23645278
53806555
22458347
33695919
25161174
66464868
33629496
23310529
44844638
57447782
45876508
65752292
30541112
33934398
23288861
33933167
40434155
39196977
31768622
28732626
30424525
30678913
71081721
32392671
39223804
64896440
17289007
65984669
52667105
21544225
57606337
17636404
67496248
46910842
17233550
64819790
71458397
53000514
74333574
66891506
12070234
62280441
12977910
49348187
62699124
56013698
77396790
10359477
46132298
42938567
30485388
38149375
45528708
53283808
30117993
29417633
78331460
19088224
65065733
33443251
40610664
46273064
61088960
13391908
11077988
51423369
30937707
42368481
16086199
40412897
15831945
10037490
44284769
14152278
60071400
70457377
43970199
25450207
41797083
47176006
63079998
76302469
71107722
57976858
11007413
28120793
69780532
69749656
66315811
21563921
43438706
74378889
19505522
74469737
52592805
24751593
76010734
55321416
59267046
79856089
33239522
35471392
37283608
76036162
75564471
45160925
21217587
18311175
42016873
28695470
45482732
67983532
17344235
70668220
54808775
18862763
66831890
46997117
23100286
24878485
24963774
16068087
50956802
71541349
67176392
71733864
42649566
78946148
41087537
20768027
11371697
65375234
74274626
32733071
19202057
66995637
50485441
68536907
26614499
76793655
35499405
69982837
46849339
29409448
78259478
45893220
25132863
44975211
28315022
70189679
22540910
69548838
79650989
42831852
28249048
65542689
18510179
18861307
30228674
53280882
61303912
42293743
39202699
23611176
14718845
54431214
33706899
55471384
55121629
13622932
30372858
62997032
22682059
18128371
39766223
29306646
60250575
48192172
70608165
24744778
20220811
27373401
28763745
16722830
48338117
15996911
62293933
28282322
20742369
23371402
22241291
41308953
20251336
19848552
75873414
31028617
64297255
50081681
50488873
47752144
72202758
26619533
29145282
58930470
43293575
33307891
28509299
21472525
18531276
64474693
20629932
67550189
57035732
79699063
36831308
58768825
61304739
52389022
67074204
65660664
21161485
50149816
60524241
38923408
43897661
15973799
11314181
74986971
78909359
15595459
17055726
16355461
39025521
27334799
45919087
16708054
64586098
32286729
79415053
24855292
78359899
14366280
16265249
29736471
65768751
33274310
34008536
77395314
20178035
27325393
58326033
79540248
64874554
16739443
12891214
12669926
78718983
16589702
44874767
60571862
68914353
69839010
68815187
51354161
74939983
78086525
76182487
77191010
71168743
45613554
77219395
65726348
32546639
67124684
50847490
64493000
48551914
18488918
79200954
39539894
26357397
77964202
37282702
38388138
60591415
14495653
22751765
17864182
65236939
27329082
26334553
39084710
22040326
54118497
42515607
59537519
25482843
16284768
29468003
58120321
23517331
51214821
65184438
42049316
79826247
54523809
20653407
64342339
37921668
44447315
73308359
57379588
54216043
68460426
22988191
26505272
45893434
37712997
37002138
20252502
51051464
48341315
48301880
63935429
39830168
22865022
50465723
19559923
56938276
46625751
41833898
54900347
34343801
68458329
31026842
23246433
25934692
20567703
11235449
64710021
52101367
73719463
26654270
65897256
64150745
15774701
40161206
35980129
18037113
39993952
32670332
33071731
15796359
19180529
51661819
50634892
49548648
30763841
75964660
16197043
20393148
26344087
40565535
67391313
35016347
71327922
66481602
11683685
55134917
20495443
74775101
79242847
20152509
35040152
36324735
36256363
32986389
19501230
26108765
24462935
68074698
36832888
29977711
18095624
69132560
51269835
14438489
48158467
20235710
13953806
20926231
62987162
14818141
57522545
62546556
13231569
40852512
55263914
39927084
64507141
33529315
24954434
50328518
14394028
11136328
54247834
25770565
45729002
47930557
59132157
60656748
45119849
27996051
24589698
56440401
32167697
74325719
31831837
15419609
10276503
73487104
77944102
10152871
18783394
37801892
13790826
70562628
55327539
67481827
30453511
35657977
34401766
79811213
27313900
71556715
12909068
76132215
44939034
55636390
55992829
60872773
45233173
27513090
49049193
63151376
47262461
57280163
74769799
53043437
20928767
72137884
51333495
33981446
46187890
58857641
33641990
56797576
35936623
44651271
25282584
52823110
75034632
14210958
44932856
20890310
70429579
30078796
37862181
72032172
54717494
77300832
31257703
15731457
56530599
36082685
68655085
24313574
19140937
18090583
39272752
56242601
62729642
76641908
64555609
37853662
79922361
74125132
39415593
64311629
39620859
56282500
28446882
53859313
42155690
41170746
30735076
28207102
12175785
46093948
50743241
52180841
13486808
74460200
30073484
14537947
24277946
50098154
43369288
47526723
73827456
66999065
51404150
39071603
71681088
14860341
59814764
72955875
39960216
42288825
39918571
51642684
74211686
38988319
21265908
19438883
46170531
51029018
63232900
18357977
27932908
74414756
21502897
58782786
44116765
19775401
69560769
22759695
65635164
17434651
70960075
34698495
39466277
10630162
24261188
61419355
33196324
65794139
16376897
63422209
41323648
66074215
64594548
27073132
30178993
45560237
51328307
21888491
14288517
67617563
13111520
73662756
48700428
19816096
59998132
20126770
66200335
16891373
55356174
26353474
10177161
36885446
70953225
11812330
65487319
69090174
29647366
51286598
74074467
23270266
46679705
35543606
19274978
64436417
21875243
18764916
46714411
38321311
54748214
62575976
18981133
59532481
54350161
35133026
19087750
42510511
68358651
40116592
79333133
31544579
16768460
14091485
37667702
48810358
49281021
69323050
57414048
15405636
64468406
38280701
48506353
64764747
65888295
14094429
70658169
66387358
49908567
61813201
54880676
15369295
29674174
55008491
43364088
53112713
12511889
41076084
76953122
19825483
79012166
59540275
63279895
68658596
53535832
28085794
42349101
55348575
63143916
49424436
51530034
60914559
55186250
48211283
30067334
35405646
77435312
32155644
72222489
21515554
74651223
23943988
16604241
75890030
16779127
71590859
49819349
57666066
16083933
24207772
77820786
67666134
35312850
64188342
37352875
12990511
22221733
40609044
72495693
72111669
42033331
14021128
39698900
64173385
27965275
53730962
30647798
35868566
48134097
14163827
45004207
39231224
76791780
27720853
18622262
62133046
66126584
22809823
10476402
50955261
22385831
28437883
23649731
52347420
75002553
13383778
16369049
16439605
55521045
67260931
36566884
25078642
11145911
65398678
15338531
41321791
69303264
49644856
31706200
64986884
12395573
67720359
70566438
36050485
20124434
42884551
24037302
51329633
64838595
29589108
35273010
63791697
30880031
55179742
40154663
52429779
25215741
18301768
35219101
43122948
78328705
71698721
70485278
46369565
57850765
50599451
78661838
27868070
74318038
45198827
60728649
46249860
10980965
68386117
16828134
55364922
64057894
64901435
11905822
73964979
20846543
24971624
58884674
53039487
38141388
32057702
71420651
29879190
51374248
31751484
70403440
35650609
23809475
74595942
71825442
77128745
23051416
60417594
11236252
48023685
67788685
57235034
37461701
16766391
19558685
12773147
52459692
18956249
51203187
32199614
22539607
64784699
49691614
50517568
30648019
15404461
46880766
55567711
25130901
19575922
19533410
53821873
72695163
37983012
53996649
76568753
27050040
43899889
55419329
54674384
56634661
74263055
31523063
46831740
29770998
67253109
46973870
28169280
56757779
45706300
34011290
65047598
23534928
51440198
36841873
47726248
68108531
54732676
41392369
17145780
75879602
63478575
38476727
26363150
69877643
39636600
12534186
74164347
19953850
70609281
36744722
16582111
13484176
46549700
38844218
32081962
78098895
33098709
38752786
57778169
71985715
41912349
22731201
74155759
23820149
23971409
72838630
76961352
75490517
64625035
62772580
15638678
69871473
71987861
46195270
46231772
28825979
73717155
17007506
30806527
34475915
55504251
52350699
12681950
79356712
29880834
34877759
18469791
44239819
58819076
16728304
22052851
27931111
73621130
60829501
66418328
78756644
77723911
51763439
57242594
45378248
17539839
28438650
21425339
49337335
32874904
74234905
16898427
11018320
15377293
42919895
38177216
46131060
25111246
38932382
31664356
33327592
42652950
72078059
31035032
25741094
77096504
34249367
63948877
56461620
74189868
69662525
27214827
10994058
15857549
39274219
13447584
37616047
47810947
58318114
18897844
57673712
12362876
68113554
67771909
14928978
30930189
71423062
43175260
47128894
33774730
61716540
52047049
58501276
45201234
30917507
16219898
34058407
77194238
30290381
71235468
21384322
59465748
46737154
27675822
16060719
53969235
46504876
53814564
12928674
14511971
70079869
61044860
39422422
41746181
29597512
18270985
13088855
57954026
15912702
10709351
58645583
37867838
18110184
32182956
76941451
56498177
73059451
14987142
22667155
53800803
53171792
26716604
14176060
14460268
34882928
67412204
79324687
29035152
49346964
29185450
78431316
42667229
17101146
45224428
41998879
47233898
18855046
23968492
78351136
79642508
70009943
57089876
37834308
35250438
16353529
15276944
40290058
68658919
78026201
19467898
50322909
49925629
52657773
20205506
18133925
24420035
67079455
58263730
34625039
29695946
50881107
15277127
37448745
66854580
19883205
33065742
48481556
78445306
76964399
48855684
78109534
25241445
63117393
72331357
20779311
31959239
38559914
75019863
52754384
58754402
41706843
26903594
79107734
75166351
37650715
33366676
12128888
24620924
78564446
59945817
51022828
67934057
39758841
59796461
45262810
63495517
21231414
41297475
60250002
60312018
23448936
48690098
30076920
28372080
69451955
46239432
45930652
14099624
38639798
71761789
36473691
19457189
60458200
53981747
78056982
36703086
67307645
39943748
59039197
46458429
23383205
75443254
39775067
31378404
41446890
22265865
11638994
59190019
77832380
36986188
20772799
61537373
18228081
23506551
58928007
40036838
11102675
31935662
61084592
30823985
59670495
12439977
74022875
66510510
35144989
77827367
55316232
41986592
16171187
30531202
10718179
49445197
32022531
68480696
56813924
41948630
34017762
23779708
57191162
54936629
23101569
60044860
35273802
66193648
21151682
35032838
67507788
29332018
78317550
76126610
29632829
15461534
16422649
44332151
69148248
76544491
70795287
59522527
39437864
31787203
41046389
64770451
40399752
40898278
20659313
34133762
24871736
50792508
36493448
17752490
73204949
78927632
70145992
64850006
49450450
25180977
61456913
51700725
23639605
69261392
30000780
21016404
33187901
29494755
35375103
16869799
48529589
41877433
60387474
14498332
12139681
40258957
10543608
78926008
45674223
36862089
27319134
30370600
39512148
32602278
48231635
20548320
36135924
41647756
27608165
69498885
27281578
53425908
21291335
68756660
26613654
43263129
21650933
17987186
11679739
64121885
63435266
66950195
78856255
41519129
13827432
59279989
66558337
59827075
44767753
14288227
19704762
55910133
59665557
21061858
74638035
13291278
10377539
76653466
53937683
13492888
35841098
16012628
17448294
40601694
42827656
26152382
34499868
34027388
60452849
52163895
19480801
28181326
64555023
76384035
26203248
47355434
43855566
62945058
22150003
64913755
40240800
54797345
13334745
37875717
12141660
34658303
38072680
70161558
62088466
29131072
38823932
37051770
12341206
14142669
75093629
62380698
70605649
29199188
18084987
19298738
56366290
48397071
18873148
23429623
11225163
10516735
27156034
13214493
68577036
41585531
79331983
54377985
51096811
26788656
47914125
25707632
11089982
25391834
21015814
51347844
41383093
33413422
19671837
30410639
58325738
49579124
18795715
44360143
50960293
23283205
74217517
73006351
25420120
54568343
11271252
63067832
59740041
26972798
20723257
27143109
62223080
70599295
20481559
28025833
23284549
49491726
74905063
46451073
33230631
40811669
43649554
47226161
35156310
46954723
33276417
51568984
46016919
32697017
79756178
25432008
28064775
55198795
34629778
43504964
16978580
72790496
74432345
75450720
19492442
70912488
67025368
21232329
77051909
53660034
35151081
28983782
13996530
50266254
20529383
45972670
36637412
31947796
54357965
42130247
27927778
29959684
52404772
60638395
38414898
39046666
46291514
50219703
36282857
54952501
29142181
38809478
60421608
48968112
20623764
69418036
75245965
15637087
18441433
58551121
73148056
10235635
10495020
76634106
51740591
49697992
17729825
15473457
24548780
30237543
49463176
42251785
30143124
58863358
37224015
19540132
62992754
17484688
36387147
78309728
53406678
54096125
78885680
33091875
28077322
54855518
10063187
18706827
77661673
76722620
35968246
38591758
27918602
69432614
33282396
55658066
51774433
79742289
37010537
64545407
38698185
40941844
70166930
26338191
71504686
17942498
22319172
67635116
61140582
24172685
67936605
38283414
47933631
59328489
24473112
15016322
17316565
21136518
56381318
61139827
18726370
75320721
18595321
52689800
23539717
28986769
20220530
31597952
68510117
26319336
69395208
15321603
36332450
44458768
16466163
31842091
36429878
67565799
62570926
19162518
55939473
22769301
14121376
20021244
26280450
40526602
37334349
58512898
59626287
66423919
38044580
67417107
25158026
71411626
40247203
11230315
12334671
37805766
52344231
26221748
38982267
32864183
37777602
35092232
61089348
42322917
15280223
73672810
36315789
49530650
27445256
72314578
22725054
61255592
34584293
11827755
71360593
79421836
53192571
71212653
29207712
31321348
55555555
16007265
20657043
15644048
28016207
71076063
42211186
22359365
34247930
66302029
54659656
13332589
73843613
22940814
58159444
34236818
45170412
40730501
72962953
36220166
18705661
14069505
15608843
19457111
31932151
37020722
17415512
10926650
21360534
75516452
55223362
51342216
15695058
79228950
18186674
65118604
57151691
42718463
26464274
50290763
71208796
54919908
34343662
63990129
45138802
41374670
59625505
30438420
58706085
63214594
55869115
58017089
64544391
16938627
59438079
77208804
72068921
49949464
12026004
77296392
49181032
20729642
34412461
73507155
17348029
57298104
57448899
12866267
11457998
25076983
63192533
40394151
13960765
22561211
55563273
11254869
60935466
69868477
28791733
46768723
17613313
74567561
49807124
31452150
25517868
14757101
45638695
33180754
30939883
52381032
75633032
22423408
50412009
64900066
48177498
68695921
79836774
58222231
75106991
33466666
11594804
60206766
45735702
41204985
21980588
17115857
12221614
61090716
59017917
33528876
47173404
72009530
15781841
25659446
14410624
78866365
11478423
26329715
12612745
11883307
25329791
23162975
27554674
63617127
75232347
16957217
32507148
76792239
74648549
26222959
27965541
40840271
67924566
71622471
15041442
62367078
18742809
47939048
50487331
35907004
79936752
50688423
55383443
63267902
52494537
11794586
26995403
32518573
45705854
17392100
13688997
14600716
68702511
75742369
65423544
26893284
79936314
60419412
19433524
72380742
18881999
28258883
11970770
71587280
18800607
57718781
30457909
76881630
59861812
34558916
55632714
72207561
41185874
63523713
60576201
34551391
27833020
75580211
24911881
73868519
12242856
31400219
36461534
17843022
48109181
50783379
26816510
31477683
52835921
44349970
76840368
44470365
43847975
40329456
45125188
44983597
38156733
71065010
71226476
50130379
72324726
48266054
11594635
26671591
55188461
30487409
59758562
51590022
15320417
45458673
18058595
56383179
26293341
78252291
20777828
36522414
47480016
60216631
60775993
79362530
26910903
69478766
45046245
30798477
78940458
49406450
35937560
47915696
28396568
34139942
20436187
79835684
34903851
54766088
19009494
53305390
64751690
35859042
78061650
42188699
39644842
53847978
34348114
71099076
65487769
75886379
64022881
13257108
37984292
60512814
73897392
11114048
40935498
45461908
49198003
33845730
37040455
72079164
53704617
36000288
58018523
73001317
52084063
53612138
50111531
20716963
71224561
43245061
38391657
44151681
65899696
13551692
79677428
35168772
26335945
34788020
76558866
49603378
29842159
19813553
59925510
38949447
44811448
36849177
75502026
54408723
52979047
39713254
68105249
46410889
33300101
21382513
17940376
61267432
62356708
39300851
18627934
16807973
45016880
26644584
64185449
20510725
36558224
13176836
20516001
39310183
38138000
75430101
59354266
72814696
20960210
35841076
25489868
44778307
51572772
75233069
32394398
43566140
43597114
30382211
40624362
66069040
57284011
30205921
39114328
25115039
65839741
69130667
72871667
52136692
23653856
39869702
22970080
41135375
28216762
58396623
47464801
62280440
19972501
62669121
31964891
57538635
75811096
36395550
31514671
35243394
14229766
34816018
25428892
57313388
23398886
71955535
72175294
12963799
46643417
11818087
77772695
22677000
32289047
64170088
30933420
42303648
50206977
42842120
76821636
36336569
62090560
44116560
73342918
75541293
57944010
33470923
12084678
26764306
32402994
75050717
34967201
74690230
78312679
72770558
50464055
18530279
73145253
61890373
48691575
74841518
61725501
35003086
67246342
69740654
46895653
18228699
58419914
32013878
61659716
35385066
21625322
42864423
48523804
30805850
71348270
47482757
56796812
68389666
79658020
46487210
53973517
53802419
46213176
25305814
36329930
38258087
24954652
55641718
73738071
42640218
21410324
15607089
24957394
28266756
55996577
41254222
27596405
44184744
27482705
18803510
37139543
19514774
46220332
48808888
59292081
43382631
42931047
63869188
60051885
24392721
37280464
45482488
24591334
67533341
10451259
75890082
77850461
13981484
38603007
33739242
75454738
24246283
57788023
42732308
34695302
62043997
26796853
73847869
40696623
56582555
33446023
74261647
15338256
64400540
16879579
42993353
71019140
62139574
16123933
24294374
30728714
16247143
51444133
59221757
30194386
29860388
74089234
14781521
72565346
11161938
23357967
71666682
50458402
19472415
40616905
22626105
57916566
32736626
15761461
44682427
69922425
76006807
38360589
55045500
60221216
68064688
11002424
27053801
44904122
24180508
60526459
68941087
36041829
16072101
29633379
71228168
67622748
63674198
63935187
19148038
58464066
30124331
71841431
77979652
21884798
76219903
21275932
38737066
30578531
60727965
68289415
26286938
11453142
74981781
77402858
40256119
25450226
19953216
18517952
15923644
32905375
77494406
36554762
54221664
45997009
15678527
74196231
29539122
65607936
59349599
70554885
13856675
38365742
12654307
67070871
17264762
68229919
26009845
23169958
79633970
57044872
18911392
69982715
46211956
52552300
78513827
75593857
56518337
40146000
48558742
61474876
72074719
10164310
42264423
28354626
26282420
46778370
15101053
78538452
32059563
15854654
37492485
27614552
56487671
28609786
21539678
73861836
64025826
50130292
31327237
11403634
21558553
71761547
75574881
17913261
10548367
19731690
56921448
66676202
75564775
65408753
49338598
17744445
41825110
50722777
72771779
66309351
33435943
23252096
74900200
58329211
77877487
22324705
63784899
58920571
55285371
66881469
11269380
75847345
25269434
13885419
37756992
36351061
33577731
10253603
14359522
75201354
48731473
40370766
39235940
46572743
40169060
15388511
26912078
57113861
30413780
67707664
10507150
32588947
16623107
68242165
61328195
37469696
58264909
63938141
48323141
33272782
47557799
18948973
56543171
49558388
51316856
55106710
79998534
15399409
57577993
63072165
52950610
15864022
51725398
38892909
41152014
32670387
52340513
36102626
10164109
66595582
72605626
46117109
32167329
28205403
21016279
79525284
43583761
54189484
72225853
69882244
49761113
65572937
54443697
46485101
62550763
37836132
72525192
43672527
48262341
42929170
75941077
74134148
71398775
22400744
38730929
29942270
70213082
15320764
73339883
19623846
39297918
22116044
20326578
51844756
16497963
60206377
79081383
14514619
58797079
64525715
17690243
78214012
32702390
53836423
14971485
51119799
78704540
32474149
36952943
38845424
51863998
35245406
19523875
48083000
67513560
11852739
76061809
11841740
26196016
63952379
71368271
58646343
59392680
69642864
56831888
13533091
69647458
19528946
38317525
76867053
26762947
53070514
53839946
47763692
53765569
32287116
48572137
35928781
52148217
70514239
74183444
19895945
46432789
17272759
68812917
56329824
72687439
62328479
12735899
27414872
25918358
51547360
16059461
34068138
12510224
34869081
44342641
66587816
70645761
59347988
19186596
39756139
27969112
12239341
53925290
30689046
77796533
64892743
77051226
43740145
79655394
64195734
51445507
56149565
53139786
16763184
36835787
72025877
69145577
79226858
34136094
56481313
48545834
11857014
21969189
60878055
72234549
70070461
21066683
50632894
70145249
70314024
42770536
37519259
47403783
30271982
77361675
33773671
41642825
14250993
52990802
17402929
58020157
67428489
22775475
51719847
13835964
51520950
26984819
66845189
60856560
62042516
51689457
36436775
55713021
25894590
55648270
15022395
25516582
79908979
53841597
44319777
66223234
64362477
21228214
73699771
62849104
56361067
17902865
76930069
50732393
41284742
62476471
46411449
23335896
25679588
69775099
44703259
21754423
26966425
49394021
34634959
79729597
33509244
31128622
27104401
57115794
23570566
42968342
73802370
48472173
51312835
63067816
19771450
59748223
24668582
70129196
68916149
78540265
54862366
31367820
62029861
56160162
77134161
33843585
33125103
29919525
49104060
27559771
73719407
31743304
38508789
15284589
75682851
26662918
17704237
61777878
75080647
22500848
67853605
73644066
16764691
76465887
60587332
31298855
69955564
28224931
73465329
31709530
57925989
69589497
69354751
33635952
31979634
50543966
48393576
24206840
63981015
72185377
77607990
57847232
47236558
43888613
23410078
25190732
31171994
11294069
11973378
62179483
78758459
52629615
36843901
17980722
15282006
18179599
52487233
67524142
29147813
58248262
10386666
73953783
75687365
72578493
65319886
68196037
14982503
57266836
24288814
27853922
58231790
26868507
30901070
18504781
25413711
12423626
10781222
13421189
26999471
55160207
62047262
47588065
65864825
72359131
37356331
25225620
37197217
56686677
60992567
79450795
46782741
75073859
26861652
17714157
75379982
42422146
53223195
28886642
41414276
19659438
26441811
12491291
40327000
38955828
51238471
16401595
48988218
60804213
44289656
23807007
48400847
24470913
60781396
53058026
61900175
50672383
22798689
17138645
57970480
18908725
17894747
47113221
58948086
21197098
64460591
31370179
51596242
65211047
30888882
17982662
52988855
71965994
58420712
55846532
55867003
48925655
21512621
41236295
44988038
61887192
23726400
47576468
48937189
77979423
14061605
48468876
79527845
58132395
14986070
69361361
66835528
41390139
71753453
29147354
60170421
70315860
18559449
22467966
55296324
29013266
50611984
53457413
38669194
70737974
32280306
35753119
35998328
28170323
24051840
55489725
10059854
19141366
40681322
43311726
29884950
41307281
23889081
11270086
51087563
40228697
72658932
68903600
18738622
19121543
38574963
29162385
47524371
12389134
48614773
66078318
73765905
68925171
36707131
62041467
27506901
75219266
26544542
67338987
76282328
37507105
71764226
18440040
40600730
67659850
57451666
59116837
69085021
39915912
12194276
14498457
53621714
51907415
10804748
34612975
56346720
36069083
37796781
40313459
23028582
31958035
75126493
61940566
28725426
44426559
17292840
32644543
74329600
48107345
30314631
36648267
33622789
35284840
17614532
30306308
26477563
71755457
65757073
53434788
69444576
68850169
70738729
31169435
17754795
11055393
75002564
11376699
57405357
72922492
28630203
14821397
60327566
34103345
33746738
43246952
60915200
39710241
77469108
26045826
76408184
73353084
47082502
58712139
34450323
56558250
63970284
59557944
11662584
63320070
76243041
52670592
36718523
52205001
78449745
57124168
14514167
18705206
18118183
18476930
13488522
51261820
68826746
66963370
29880614
34853487
75945514
31160294
53242656
47051589
46004728
62775341
77946503
50519400
69614828
42386220
54777718
69018234
23679679
48762684
72198605
75153813
39525163
47748371
50827924
12559956
19325576
78717811
16568775
66596302
42459797
22438710
36312911
71898394
41047325
40783164
48063778
27642626
18225224
36915206
23149677
29647380
66838051
49681868
32499599
28156968
52374883
59823378
65627835
30187726
45636567
62422063
12271468
58319815
21731195
10779776
30619594
28121111
33675302
76042817
26181690
33185109
65767392
71043472
38196287
39468014
55372371
52950060
62749746
19781093
31349059
41271542
77037007
10855371
55166758
17873034
79948090
26329535
26189696
48254782
46391253
12940724
39499187
37059970
16904842
25383090
44032745
76842396
68608767
64208986
30110875
30603952
17050172
48546062
25386452
67133818
16064471
49296615
56451388
74838190
52988916
74459369
18247443
73124904
44662839
12272119
24121883
17416841
10402372
67861510
73337536
67147728
14868975
62685307
67308309
39756604
47803548
75672410
44795766
66788794
68238908
28484231
39757219
32042869
43539363
32761209
58792599
48859074
46012741
52201581
72108486
23888628
17630508
79222429
25370170
69248985
70981844
67132618
30723546
32363493
60350538
51074350
34855484
11097496
59347793
43929107
51429556
43413902
39198055
63971646
45187137
68093549
66228502
25521339
62744696
53597454
70299056
20541326
37244135
46761628
41122423
30244870
17114749
72820117
58175832
67375289
24831212
23160260
15728651
71040826
45477589
65532023
49076648
59292985
35447619
39512311
32208402
45515527
79759897
44196216
36517966
53370923
67605806
64311502
75819371
54680090
56568557
53738225
68982150
16316261
60944868
22975622
62824692
59612202
53138103
15650430
44297897
45301312
41808111
69660563
72832029
11749085
37922389
53836898
40886414
19824162
19380095
69486409
32975609
17902735
26336565
39931675
20139865
23349209
44079739
79891014
53243704
26019891
39846182
44221548
29502425
64520904
52357269
48094355
69818811
65399634
71940390
53640583
44961084
68025243
40556074
35948559
13577060
22680989
55274874
18273017
50052920
26249880
41352658
28133033
68440868
48083419
37496515
14348135
21390057
36415526
61171623
11611590
78284560
74941567
42021534
51478819
44659076
74694185
51971792
74717269
17101214
73392929
71860207
63898904
61226148
43040135
47351290
65336750
23955194
15638519
23478789
11567648
35833074
33066454
76527140
65544919
54070419
49597300
12141039
65854431
39913305
23922802
16516444
71044132
57361938
33902272
49053558
67585594
59009870
63032995
74264804
43940827
31727387
48181978
57164267
35862624
38712776
53316032
48064495
63786353
53530330
72108823
32506815
25061398
67913790
69562129
18333496
17744277
18410371
69696641
57496585
72566998
76179124
34933335
72939085
56142898
65629653
16721302
37779290
69620915
58172447
32753314
50348119
12093771
24253835
65314595
24258745
63406892
74197919
67041898
73903066
50732614
72658911
15897563
75109879
53653448
61851304
69779654
19821785
31716376
19656012
24542273
57866433
37635174
38139853
39127464
26637419
58027746
37274821
63974285
65117612
68037813
39857606
44873177
22630390
70110868
77156499
56228932
29662780
59967648
40324120
16120105
63663423
49053129
50776521
40714768
78279870
35706019
21134038
69083965
52359197
69807748
20009739
63212206
36114062
57761488
46965099
19539212
36916384
31606913
48376545
74185477
32150312
36419562
64846096
25664376
13860956
20864764
15639066
53258375
37854821
57139911
43435151
17333193
12045699
58839667
71799831
22073637
60163654
37750034
16204576
60112607
73076213
44043348
14601982
23628647
74215021
74043531
14219007
73182890
22486908
32127443
54055024
59783129
56328453
49952437
30196360
44991778
72587259
56475547
47601461
63936341
30461473
40373681
51723071
19694044
56227455
21937970
15021723
65067695
52717460
31891468
51156592
54676716
58459471
27747513
68401089
62810492
62711312
56511657
19049541
79108673
75831802
20222815
38548144
18094392
74469523
52657495
67303156
10157134
29975280
41789171
45126118
55577834
67226295
59426283
43651605
76311589
59625204
37123343
14558147
25377129
15893624
32577917
27150584
43945237
71931684
30097740
42897313
77213507
18035019
75368981
24430431
73204518
36614835
17982779
39182726
27381735
50914694
69874728
51511222
59723384
16109012
42794085
30565834
14479241
21230745
44351813
25166742
68413188
70743013
36673994
37199576
18368813
65306490
17473224
34876811
50958265
13743850
73340739
28477702
51618840
60976691
20666563
36923617
68392376
73312895
32493600
45125181
48257897
61992220
58092109
22829774
56968118
46171271
61695251
24942410
46590778
51775002
26436961
66799150
14347171
54774798
40813383
35950229
37138858
21954197
62988708
75836809
39703375
39803072
21137504
73118990
41413508
62534171
32424935
36903168
16221932
38120722
25312949
36644721
45361456
38854913
79094582
65632819
54247093
59032685
70934925
49355676
58638718
37708264
75264697
62309199
74765124
54156570
13310646
52486431
69531200
18552234
71319832
35155725
53742107
64573706
18459821
23406376
69982804
75272489
50074344
76795696
21318997
63154387
44520505
31393655
53755571
44441436
18094083
15984258
66495467
74718175
75828279
54822315
57795435
60915691
31495360
40606961
41488752
72482587
14514265
54219895
31198302
25732964
57760931
49921100
59275869
35180876
43032941
28819920
65197036
64882964
77109791
25809556
63578931
39736110
48821411
51957613
15262728
27551743
35616001
79475679
64041208
47780617
34448610
36378203
29093866
10364675
31062116
63782704
71755806
73357925
70228170
43169555
64020159
65508322
76152127
58871692
51322904
68199902
76365439
66596244
54305481
18660457
55930157
15461000
18029003
33059757
16857474
37802988
46571936
35032946
76381232
74568199
58860862
24314819
67955694
12707358
41449287
67534928
43629695
64574181
47338761
78063014
23192774
59681073
69725632
79986964
24253931
61345829
12539269
17069724
30788033
43827572
26598437
65244171
62246928
37753772
29773849
67308180
79160013
59236751
65488908
14898596
46542645
53392071
60808037
12285277
55249568
40868885
32058951
31421845
23866154
15670137
72698351
30124085
55305606
78070890
77059587
70440691
19038102
67972990
43554478
15261100
70173072
58310714
72154335
66628770
39897851
51369213
36223680
12525074
22643407
36750367
48665378
78656635
48303144
44134865
62525319
15391499
23330525
57377635
42564515
12717103
77407346
32834097
59414868
79154166
46387532
66882230
17221534
56529689
75081666
16222187
72402169
38216454
42011894
70725262
32315623
60591870
53299294
55077478
65650137
78244048
29875550
55733079
38250495
47698434
37273723
36120634
71526628
67408714
71194395
61468261
66682710
37225385
61722414
42658697
35935852
59816381
31746930
16749753
63065939
42810698
55462718
77658744
18497077
36885180
12027190
11646862
15123647
68482678
59773216
31656622
67980498
15905372
76483214
79113971
44425489
44295525
13391449
66194769
23338517
33364610
36730149
69518992
36199357
53680955
60011015
68224018
70032981
55615019
51745153
53070312
19799106
59229840
38450337
53797290
74739540
40246002
10471127
15177694
45910825
64131547
74124922
14935065
33473122
14917151
71234624
27727116
47820266
52158000
55881779
10383243
74958391
41891194
56716479
74992497
31919208
42769678
45583072
48741489
53201657
18414030
51993905
25888767
31845444
16797631
47960576
50298392
15453795
20103383
23828686
25474028
10072970
56811239
24180424
79395565
33006327
48019961
68899982
59909980
16761845
34377284
11834086
61706138
53405772
20973712
30532764
29164185
31810931
35744499
51118304
32806983
61396527
69069293
65902351
15132758
42135681
20974285
73567118
10019479
40385198
36457327
66119652
74901743
50034185
11124517
47037957
33596335
20611029
20627639
22782446
28638137
38030867
54913404
32908939
33752018
34997729
78958204
16393466
45351390
55952782
75774550
72831078
66832896
76230430
41573019
23647599
49531068
34028996
60754897
48730964
69782240
36523587
34971471
46082304
15171247
30819992
75749292
50449026
52394860
44509954
72762914
29728049
53525375
77302463
68036356
51299054
72323677
52847490
18440171
65986700
57987366
11348508
43589830
15435390
44584165
43553471
10019990
60857222
17322818
60543841
42472904
34467767
70564787
51686770
13096220
45017285
62657988
17122811
45399798
67667348
77633797
32456017
20869698
15603392
30824740
63310166
32728291
54073388
23667795
12376651
49218210
71027200
20527647
65204734
62717187
62057665
54746033
25090392
59381458
13178925
37817557
61221698
67943922
54160903
22817014
57634328
33888749
70162841
39116354
58067566
29870646
25604103
10769300
59747877
58551544
27347694
34502271
16551301
61023759
36084802
61160126
21583120
46031990
51376075
48628345
41832734
30540141
61462589
28295473
65604732
24983185
49396572
30543578
42130706
45969552
68556911
48820491
34412127
67636075
67918893
60454562
64848449
70702595
77519204
60922676
40540474
50202595
15859814
17490959
70109815
56384972
66729459
66711911
46446908
15767302
53233979
66904536
30385266
43490216
39613142
71395731
42781765
37198255
19690394
28850857
10371666
20758801
65923011
66582464
70249547
35131797
35051732
46061688
18096673
79460145
37843829
19114542
45537511
50548539
50277607
68577972
66037515
13238588
74812129
62626965
12723505
67562021
27584260
10441183
55698138
29546692
25130405
19830694
24286413
22477183
75648859
75905826
31385656
40055129
74800958
58982946
24337881
43349373
46049953
18096844
62833489
10448283
21758718
15548512
10544350
65914942
79993135
16093954
25514777
30471415
16531423
34825372
67472576
42130154
62468633
20216144
71001217
71808217
13550847
32510507
26956878
58848876
71260923
32323879
73201394
54283019
10843832
79136140
22213025
74644285
12051340
74132363
52067427
38430260
45254141
13636254
61202926
16225346
67250937
76479105
37629614
37038255
58100600
51693849
32732202
77033538
24201545
13434912
34615294
68305455
65553253
44211002
45137113
35525609
39184014
24931673
61193267
63578713
73046252
69172240
16461533
44489330
68041065
57595393
64039755
61037411
74821900
13482972
78190916
49804471
11634296
77951388
27752555
69220453
44082744
19346838
44463718
42627304
63744587
27097872
51821734
71825457
22330696
48130280
71632725
15435130
21817059
32825646
69841162
12888998
62206637
52631206
77113611
79694718
14366006
72517859
59565838
52670969
11523189
19518804
60069579
65605190
11274866
23728168
18811721
32399055
22279813
25087462
68076204
40344076
17575914
32406468
65565847
20974134
59057166
71012422
48205903
31857423
78941635
30519704
27809443
70445641
74071809
49157063
71440500
79987567
44804819
49957154
59229860
23120163
26880437
25742079
36128699
31739106
71620286
54806640
76196735
78797915
54995570
27551526
49141021
76652075
34232253
77858441
29469381
34126923
58353299
24584624
25441325
22976064
17694113
56385903
54663417
62346672
29235364
26798800
74095049
53748984
22045645
38781991
63916922
20751526
78857599
56905157
21592615
65296376
55159461
12886386
35043123
65349692
74195906
30816163
55518478
70684447
15186098
52525640
24505614
10661768
11429278
11229407
52899284
23857922
17609455
69380058
57996231
74070964
32074380
59126407
67530978
42022262
53728776
34087835
71525904
53561738
11878832
41642644
54532510
30785534
30510740
62380284
47113446
16392630
53418257
15815359
25202269
71208233
79333473
59253495
46091000
66173807
35862017
15320255
57843015
18678068
78146326
75243253
79912962
41914609
15967505
53861329
46617559
25830476
59436718
33553323
21763590
32333714
12268626
47394734
72040469
50576608
74072105
56703565
69247463
33842879
20054074
45259136
34601548
68676640
71948439
29066640
34928536
67149648
35040514
13858587
73401082
13173117
36007743
63021991
34003965
49099712
78025598
58943801
79707097
78553540
53330693
49605567
38489179
53534705
14010003
53209432
34643728
56279430
59807194
60053996
19117080
51296938
50147239
22726933
39874666
16569489
30818509
14492228
37343399
42093702
53350020
22650926
14795411
59963589
71962174
44531451
35805529
56808676
50167398
78130977
10638809
18994385
46124232
50695772
69207258
45126655
16811413
54654490
26856580
30957680
35057479
33921586
30832032
75189789
44002615
22265433
18274176
11890699
52178199
27253143
35743021
72098911
18842951
18225707
15314060
15577050
18230288
31843035
51329438
42698558
47087553
50071144
20949052
66742555
43310003
72515958
50453460
13215739
62793023
70226216
59546448
50176325
28700258
65062558
42440112
15695747
75677336
35072803
19499263
10834088
38599941
79795339
22206992
23495663
12587306
11012658
62419953
44546105
49156626
37800711
67829253
30002045
18411536
76987709
28189633
36703687
32712790
62693207
55804379
13290531
42280975
17144903
14439742
13604975
52373809
14081921
67840841
51519396
11201706
34737966
26272803
27479401
73208372
39011143
79900105
38008324
66619653
66829466
59815727
64712133
66887851
40662077
67315270
69057119
31675548
28842212
41656394
77084931
43815629
55100898
22324595
42386807
24875449
32445790
25369688
50873956
25351932
22368203
68506521
41761246
57911496
32741431
70493522
68217864
51317731
35332494
49519708
76975627
73517184
57147586
22033884
16474660
76472289
53104610
21229579
50523659
25817997
52249866
18910046
51763954
19464491
72927873
63282855
17141779
19931770
21197182
66643051
39685429
75186157
39599766
61939690
71948807
52804015
72406143
76444559
57036711
50826286
29529457
37939152
23441809
79030827
28589996
41765913
56478336
26895927
38854426
31063877
56197456
57109794
59544788
37240721
19067296
68577739
62670639
55176479
66161014
24794454
67788142
45045844
59485978
53437604
22651525
37019886
30064165
40953282
31794186
33588866
42285476
22502707
74975974
45036195
67920835
39776250
40213716
18878259
69380995
11631419
18237993
75685206
78323217
70540618
57072510
33089475
21134785
38492226
48551836
72165209
47536260
43146848
47090303
26416536
60240046
40653918
62293947
21439609
75273277
49164558
27732308
32647107
61177361
73857344
64358264
53821898
35577348
19573259
25483493
74949616
60652314
77800979
67171362
19733901
69157550
78917440
47028330
54764125
64332394
48372485
20343133
73893359
61901158
11286926
21392560
41485356
21545216
35212921
24962239
68586991
43813726
41495135
29310164
78846216
31901802
13537591
25370227
56651779
11548888
52793334
42973771
58623963
46623729
42096607
13848973
56001830
49098471
38428416
47097708
65352124
55061410
70362187
16953249
32819681
65203605
31535383
45070705
77801521
42638068
19683455
48703213
56534137
16522250
21263662
76796164
62234008
12073636
69358834
44347108
16673369
62275130
55823775
64127504
35743791
27689900
27105214
69996006
75112755
17790428
18939915
15110677
76278761
11016570
11517382
66190950
61666180
34979678
48518353
60041243
21206317
55965282
54739152
12189842
25247363
38122910
45831642
73187758
78876632
12118966
29445866
35189846
70453002
11277763
58014338
45813380
21718116
54008214
77174722
28659812
12864652
39371272
19241668
26684581
73263791
61488499
58781535
40163134
73242763
65191675
39181987
79359898
63270831
31039230
26388215
25797362
29612301
25515831
51754800
12242764
62387977
68015246
51454050
50751540
29065759
60220811
17128151
57898813
41834793
48866113
78486406
79615394
63542541
70987786
19086245
11252832
66207490
49005701
59612323
56465786
67503461
64578372
69011342
14597923
11643512
38195040
57124102
53476022
33882229
32290529
35274403
66376324
63073300
62875096
31294808
12940875
67059821
69690949
64390790
11819143
70553978
67421553
17318220
26200087
55414480
29816567
58600163
72464851
11738059
23428308
65169147
76808288
42292677
36125424
59462148
77005076
22792523
20549503
28897531
59276915
63546634
47687308
79645208
60674797
51979151
33639419
78377548
61306184
21156946
37418642
42387715
35964672
34778574
17404097
66761149
38288960
54481436
33526960
31227430
15074448
39629044
73373574
33201967
66889068
32552142
59972433
15875885
65919291
72035758
31169658
77705258
21657040
41062463
57680574
48785954
25159142
23481384
50937038
44975773
75747419
61043355
47559225
55796609
35757086
17741436
31251279
35264031
61035794
43253499
59173086
15995227
39855168
74818455
37064335
78073204
52639380
21967693
16082433
31005470
74253026
14691498
16665028
58657360
23840054
71858555
44427000
56014241
61482410
12041897
40951025
31614441
67365738
44471863
51523564
52055666
79393206
26976406
65262405
34524231
50645816
31776134
40588959
58863276
29181275
26640330
43621448
16543301
58277589
19730745
31907972
21016796
25573317
51328245
74465395
55145469
29786859
14675009
31513701
64787894
64298900
13596488
52617445
44846305
30331327
27932596
20938510
79154191
62410846
23600183
66870882
18435683
17267605
37497179
27596141
21164415
55554958
73509582
21146172
71015000
44564151
36953693
15530595
75867337
60496880
60444799
67794918
25943356
24198022
78282232
38841882
18979767
47849464
32517882
22871111
57333827
15278732
55008729
59890786
57747383
31042896
62959845
64858968
25093288
51234718
76024844
32125375
40720778
42083186
71306542
45990213
58560708
13709562
30050886
16182306
47620352
43130237
68736378
66064717
22156343
68115090
57345586
22311176
59959959
17913317
18884298
13358348
19143938
38866682
79302205
76937935
45258637
13776015
72010964
37412048
45194741
54318674
55434163
35819791
67138441
69966573
63654961
59152270
69690462
51047670
31369251
13382364
76480993
73876739
68853823
50774560
23270166
72346699
77153195
76452905
45544770
49174652
50141806
54834063
43194613
27094933
32630264
32010270
26712153
14202908
42432540
73381857
55668549
31228404
48622491
33687087
47462280
24220488
15790111
46253467
73723672
30931995
51930101
66345225
61471281
22254282
31064298
36391535
17001641
60868939
45727792
21542654
20220558
48715620
49777501
40207231
52830819
57677357
16080978
33145020
49430567
15112647
51050000
31124043
38139242
45556089
17717177
42670551
37751010
60909428
25388287
47034881
10578309
31212108
61617833
66262573
29178105
37570514
60906965
74033591
32108662
63478766
27452664
32975298
79472618
44652201
10666288
62369906
65297932
10533343
75460003
33404280
63213723
34206440
47509722
57098041
33820479
29657034
55343354
32493932
20991663
64257724
70447727
60262717
62706128
39262195
42086689
48838261
12181134
47575707
45382868
19555754
37093868
25914197
29297333
76740558
56010459
11655088
54267697
67226784
43541003
13519233
22227698
46304502
12941192
69756862
19487097
79003157
71761307
49556811
45194531
14864693
12072452
55261659
56341616
13953944
75110430
30891154
78141134
20593265
26327343
14262373
43639276
57708039
34346638
29458609
52719887
72451847
78679374
19218062
69475983
28325488
34782000
78104001
19472074
56442309
57068429
40474331
41074288
34732240
34206325
59439672
42094777
60083276
39996765
16670592
49530611
33493823
28150445
49165538
56257530
20803141
78804223
70364161
64243446
69983813
56210357
11242690
42426728
50016961
42443652
60794628
34821154
20373505
46860977
23304299
15584534
34397264
76079604
53508454
25213546
52676236
21351886
74043939
57512777
41693472
60040895
41830797
30105084
14720652
59338887
30130274
75655580
11123125
51180862
76462753
46445363
45893608
67275767
46572385
55835097
22169780
27874547
48536318
78341105
26404813
53434593
73178696
10376182
47745128
72869154
20565217
19484472
57683109
29204698
40484161
21226230
19559809
27307109
68136742
13511219
34489781
58516747
52924615
40328993
55468385
44746875
69650781
40174448
50640265
51961348
31197738
15262194
36174211
57396620
77348694
59519166
49867101
49441859
39871554
33264885
23042680
34620177
79032480
42468728
12088703
26121758
46850310
43076323
50122538
11993379
76918136
16363045
46582399
65166248
13812359
25567774
18265297
33773882
62688346
61839572
49897864
39657010
46443065
33003838
36817058
34927686
19894435
40438072
75195247
52047524
66984879
60854949
61861328
26131765
48062202
61767569
15083837
20461373
21884406
61707468
72064803
31343001
55641740
16406277
26982520
18044120
63646188
31315037
40330683
68242404
77739349
46822486
68259590
11699647
46552573
36393817
49691196
65864983
22862815
51748492
63860674
30434438
60794815
11169971
30096868
77650660
18254970
27749438
66810795
29274234
35120134
39806756
28359281
31009638
39123426
47287847
32299442
12027328
26555327
35836652
44029551
39845312
41650768
48396390
77010123
25971621
79931236
41441382
26757724
22888717
46733794
31594506
16628305
17637104
19582940
69760523
27060303
50220042
74150209
31592703
62100838
68281247
30263750
42802944
76633832
28743686
20446317
78548449
73836749
34706298
63818228
41299640
52633114
72434476
47776113
64777636
28672447
18905943
48498380
55856318
70878419
60387826
68158403
15371982
53786456
15471424
51002180
59613709
79469809
67115172
32710338
38204338
36883373
61379155
21785649
18676649
58126878
58778148
59691846
51650017
29714571
35497132
69369358
59049281
12179810
58327128
33078997
24221685
24905098
79675669
31809633
75561781
65463860
79656022
52058703
15630964
20947885
16146288
26896809
22425243
78733688
62866221
52268666
20245539
11563559
40725372
74616802
65720078
65488050
22427809
77268329
51644943
23840579
72783554
13977244
18711614
59219371
25343138
10921368
10349903
27269209
55353736
46139602
35376683
46829000
36330958
14680228
66729729
33328059
65412996
46089553
58994996
32455203
39385126
50152165
48601605
25695546
18249191
54123110
22235250
10791549
20710633
79881155
55090420
77349204
48341517
22274171
73051734
30921552
49044771
54299724
75027589
47120225
12538639
74045833
73360098
56031474
54757778
53392276
42841640
66025830
52194248
71286559
58201052
31655332
48730363
34643201
71043120
20970003
59874231
39356860
42725174
18998173
49264837
12510786
69724066
11743232
25500535
46698065
79126981
43597148
50831957
14442403
23109120
26418483
79565605
63153411
59363454
61134021
24936367
29819070
54036442
33442092
31450944
71986893
55148438
75183765
22934832
78807448
63652058
31228352
51242516
69864105
48160191
31918768
54049600
52703253
57559883
26840851
30905108
48968991
48094467
44912901
60730198
35884208
61929477
62501054
35552540
15832316
44627244
64244368
75052954
47071535
38699957
73638255
19755418
72305240
13219933
24215423
62974298
19193283
79576253
55247067
78439174
29867404
18048791
36735570
16322609
24176547
32554474
36869169
76949705
44732806
57498804
17056306
77081214
54296363
52685727
31046139
52634027
51229314
44600679
35021920
29183904
70001945
27130354
64847435
70867660
33020854
17174973
59340166
46631253
69630190
69988903
58108763
13643102
55183067
29535186
11381195
16482035
74840417
18627786
48963064
42872155
34566883
75395550
67532966
77435846
57761386
36323750
64937606
75298349
14464431
28510809
34632338
73623609
11694478
30060680
52592225
26342344
18161947
29051999
21692619
27213252
74571487
78167958
19533445
65555373
77029792
30153821
22860659
19926753
34112999
57232001
44866333
29752818
69439156
41095769
13605084
44789876
54002200
28053325
40411851
17657159
77363046
72419283
12469658
33507008
47493601
28629675
47637082
11234122
50455862
47526834
48091070
69615204
48913375
59355594
42894467
64036805
47191198
68925515
56594507
71701950
44390470
41591786
47645635
25668762
55646290
78172134
43926104
43710614
23185396
71259177
47863832
12145980
49009676
16126204
55898825
38087598
35011891
63977701
45178553
16698678
14693108
25232407
73040448
10227329
45074930
59612557
48055012
15185598
62504964
71153450
42554516
63838859
15363649
55343223
53038816
30859985
63922238
78772975
59534595
40352722
28243538
32775985
76756200
58765249
76589425
10255433
20164624
54529511
65487030
16920524
24404953
31416158
66245853
46213991
13286784
19229866
34065983
59542905
66171210
57789198
24363169
11235712
45541109
51702866
13220256
76749329
51129144
35772120
41057122
72211699
78568669
75090532
31621380
12429641
51398862
23984933
78593725
51870652
21508293
11296118
66316501
18707161
29197014
60036059
49308386
38905644
40407674
20253089
29827732
77943330
16017831
28134626
40329577
72308470
34127981
12936710
22736099
57234283
60995196
51720818
45663399
37193317
76270138
59543134
36212783
48593837
30827827
27971908
74165753
71803676
19399669
45956410
19708858
16840708
16042157
48185838
13383500
55757375
54236172
69694214
78358804
31597993
69468638
54303507
48375809
42638213
77715739
69238949
11818352
28326695
47336319
31638010
41104455
49978192
69041909
69904824
20817708
46531006
26012116
45905188
65966932
30245230
45369998
17517266
73091420
70855621
42350166
37677530
20760971
55914394
36466925
59841015
48068309
11302310
21031995
18236916
49833578
68151065
73733353
73688715
34677614
53772681
75988186
62012221
49392236
23436865
55521853
47756297
38807653
73426586
17785676
16953405
66246187
65439786
48049599
13949440
70763569
25617065
52240306
15279728
27251900
16077985
10998753
56494840
47790455
14525221
23751306
50428448
54818356
54349595
39157232
72252917
73011943
26300088
37315710
54492561
66051757
45077020
40225865
38808740
59583327
59137604
68569957
66762397
75079884
70283120
48029866
78458079
47868813
21759148
18869595
27820857
51959974
20448707
78207456
33585669
79035762
27042169
50142682
57214216
38077188
12684241
52497537
25100778
55874289
18921878
20676155
60406548
44285134
42842538
43542460
46699582
75381724
78252555
70180923
74447462
18701026
37617707
57100009
54999334
70022398
14156680
32541286
45503357
73503936
76712649
36736095
40390885
30922318
66337181
55503402
67111175
44328796
64328027
16672133
63971945
20865522
18911852
78123532
53763876
47273190
73509759
23715942
21594177
58234259
64987503
59760303
60123149
55136643
23255878
22364096
56339356
30003468
17068994
63703779
77693245
73155083
51185359
49405864
58052327
57222266
34465341
78639336
76588842
66764263
14906661
15504997
17484365
41927142
55815200
60657427
34404076
33589877
53148561
45490071
54172155
71059628
46324859
79013359
16564753
64597170
66960887
53043542
15193417
54604773
33865032
15378332
79067598
45913639
10249899
42699925
51054962
25077090
29062678
57919442
64083920
59481749
37641765
46806145
49321336
54325214
51110235
49858417
58601196
52610783
64216355
18993048
19600959
47457368
51774613
50957679
63748434
52413568
62348016
73628362
49709752
16821846
39410838
15132733
73649670
26121308
13312177
29181860
20689263
59051913
23703159
27124651
44552277
48041035
34179948
66969407
49192609
79516898
32353795
21620548
68774092
45813310
23818366
14030789
19252729
30637969
43068012
43148242
32947005
69176675
40280245
65404918
79403061
65599346
64291308
40909004
19237909
72794881
55002273
22565731
30601267
36075760
75961678
68397367
68130051
62287001
21023159
68281895
35760130
31695063
65900755
48750570
36170206
76645446
71485455
67080034
59735055
66413391
73886796
30923857
27333810
17638882
43976400
41614179
64445928
63442971
40748624
78256939
50856302
61373361
66531376
15518608
25163534
40405132
35506007
76450621
26159857
39330251
29120080
70828986
54941224
61131213
42319979
20889166
56187015
55421515
18562779
35485604
42924478
26118100
47654639
56482778
39335072
14038069
60292652
75213424
75978098
15037154
54311222
12516808
50209857
53269233
15718338
59596508
29844896
69570231
20814903
31349914
11180369
15333495
54494328
65879309
41964292
24592491
57932394
54773332
17085198
42381296
69016247
48969395
35304722
40635990
70171133
40606520
38904367
56590192
34183915
72858798
47649636
47349308
65763735
73439497
38054761
58398026
64309343
22051845
57796421
61955261
57355788
48545050
34741496
17051703
39210660
69046489
30507102
53386712
62963266
79497312
18507750
77375966
61468414
16134043
44792181
63282954
18275411
25255315
15007262
16071112
22970953
75367736
13289521
13045027
75542873
21643025
64373665
64616844
22258542
56234355
25382861
69624834
10030197
41101718
46502489
59102900
20894950
36862946
37329550
79384668
71065314
52287922
68921419
66355513
54385962
52340266
23886236
71007791
53811383
43682622
28276189
76717227
19382336
20541360
20100904
31758767
34830262
55142904
75902283
74278934
76419670
16617085
48060964
28479998
60220887
72404734
64525894
17559825
21820834
55464424
49846033
63910399
56445988
41269365
43106300
19428518
23999446
10772929
24358076
24549504
55446196
46986057
57405052
42283526
71573193
66018158
16839503
51255683
21724408
57112747
52372888
11679378
35670297
39350754
47404150
59165138
34073653
63175604
55117870
58809288
65050481
70802225
57257039
48871386
21027328
55714869
46848838
49678915
17719078
42884118
31388702
28389874
46936932
63687354
70930075
76101905
54935035
25329288
31004788
13169137
29961078
78304100
38227364
18055156
32187742
70039342
13969070
71220555
27215839
16114357
13499567
58656173
30582455
30127495
55772359
74192814
41174093
68382239
71171662
28936591
23884004
77985049
22691121
32320085
49238037
51290145
25077420
12916499
62899063
52823358
57172584
66965392
14487862
76336986
30559990
39994963
75689016
71982739
66479959
79535008
25613234
62916935
77568838
70687436
77852987
66607425
77463477
29343943
57667418
33861728
59184582
46888166
79492604
69733518
56241875
38244003
24030008
62801557
52523973
67986497
74123593
49934441
77783130
43844437
75871117
55138018
34771494
49576949
75875399
48348809
62542569
77640405
56263439
10261585
13117900
71118857
39802437
22327439
45669923
67189858
16431019
23282175
60962566
10763148
32190542
10343914
62946564
12965863
40698057
62034742
54387519
41844497
42425649
79619825
32793514
41981867
29882687
28629512
18407514
63486330
20696201
18164517
34244752
68214463
19109720
34252046
34732983
13653416
23534799
78324796
45860830
64781203
62465665
34237541
21635812
34230122
62514405
68685177
78594983
64957195
18526072
50083525
56679292
17497726
26598412
26532388
61694320
28990096
50339482
72709603
47682106
21519203
32232657
72312689
10359887
46852293
24359509
12822782
47862680
55492844
55307263
69057338
74146946
52510788
79077690
13541855
29478286
78727593
30886570
24796755
79676964
77866942
27135102
41676470
70492090
45075050
72851034
47549054
18575087
63599119
29487363
47204446
20477881
15268686
58697626
79195509
40867892
51053081
19500441
30777466
65226829
40508655
27188732
38514828
49670961
46695552
64023781
77351943
16783927
75309022
16021750
22474928
45005959
20708303
22674364
44354014
39086196
73944306
15470805
71867717
70302718
77600055
38424997
33767957
66677440
69897566
52062073
65262839
11714202
32326192
57243322
70479233
45669108
70009026
56310199
42671634
62117050
52577438
36331776
48362802
11206837
44603953
42595526
23845093
47463575
21881994
56579938
40345886
67567991
69288144
75620253
10986555
69415699
66523107
68966157
75237924
31554014
58668696
67809609
42780074
78906316
60586463
49316306
20387838
22539469
40948260
37833387
50338133
62981529
34131569
72222407
25193985
55862921
16665443
15862556
29402202
58163043
68184005
63581136
31300702
21460215
46624663
63398865
44015635
12325879
43988543
70456450
14923419
46172071
71697219
36010148
62869969
22952326
75979596
39096360
71654314
23128518
67172538
21285610
26979937
62799223
73721772
10972194
18861971
26582942
79658328
18119213
48277687
21127341
52075272
20721876
47482806
63057319
73631898
22640257
14321466
71817585
21047555
11336045
16254526
24431176
45359997
76352494
47103122
74074270
29133013
25583541
76650165
48309084
56924468
77833279
13189820
35787765
59641351
45392419
72394632
50559856
36658296
24453225
59046578
71213175
33890516
12289399
36357790
65199600
12122753
55296226
52050682
55885514
61779983
68447809
57051428
40645738
16771632
42528138
20553414
51671317
19650055
22691490
59521299
74554812
59697418
44547022
76475811
38175758
46080114
67795723
77725738
33560756
49774451
78771403
59293731
50404869
62191689
19450874
45094574
49675741
74733509
52594543
18363484
70507086
15390803
44562862
47692353
22474331
52497190
61503963
14555363
54167120
64161953
58588470
11701890
10882006
20632148
70610229
31327264
56000465
51074336
72393771
67564159
39076167
36921514
68705302
11699064
19942605
46116378
45227556
38444344
31624921
32723763
37925897
32515928
56552870
59141498
11937864
12541107
76927289
71220486
64754850
51784090
34859650
57617081
62300489
46770857
41351345
15507496
41157659
22752825
36352092
20338904
12677104
53466869
22123374
22392986
25951546
58542474
29209096
71289804
62229268
64362342
41732721
33159037
40278970
44677831
38741689
39572593
61301807
77923448
46234214
40662986
19405302
44705031
23440931
57770229
77416419
12127311
47281769
24117632
62496843
20809229
25816016
41542487
50214391
37564237
73284116
54457360
22353798
29971554
67373124
47001231
63944378
15728141
69129096
59290825
13525267
70837022
24544337
55700196
33415999
70589301
49832067
39906075
16697095
73133618
61963526
56845061
39643822
43053795
51771802
19758919
41898839
62955214
27382649
63691156
36437724
48708191
75370377
73950368
45107273
59507903
61273940
19844815
58596262
11630264
54659520
49309136
19564220
59016759
49265827
74574157
56969924
70600318
29687047
20957026
68549002
50004420
34554484
66093518
12637518
69778118
23440165
36393364
29873505
31776357
53299276
32871959
66957154
10042180
53344951
78012517
11997334
47475452
77368125
64689984
35847578
76770831
35219606
65207844
54207132
14439109
58395329
17442262
28783874
71499628
23067196
26868185
40147387
32628126
79503876
25735688
66553176
70717948
57677458
48987890
25139756
25392703
74051846
23908164
22188586
71522540
35605810
14632637
65573434
37971175
30749205
15004767
76717712
31361359
35924250
63716174
73561653
79780742
33187293
34384561
53828743
10687675
79005827
46193298
51682850
54038841
54956149
38711453
52627469
29132136
56266027
28626543
71352031
21026829
34390773
66421507
20758305
79950038
36929458
26809219
41796470
72867697
76731296
59443182
67764242
65905424
22288928
26895962
70990026
30045068
68445612
62752521
20062733
40477442
11493317
46520839
26782490
57435755
38891787
20360175
34654123
47265085
72414517
12064977
57262378
64590603
24760839
54093456
63873370
36973117
41885637
12528053
27900578
70689445
58552895
66501428
38789826
32271622
39827520
76868741
23618856
71987798
41605147
71045383
47826829
64097155
52670565
70618274
77412350
79732102
57910698
35340682
40464790
35890076
70843724
16305450
75154300
71152893
70440096
31538983
78957434
24804285
10079527
11864283
49707377
39905120
44620325
27305020
25583317
35821023
56965960
11810271
38826364
23123358
19141972
45402578
55833375
22097876
53744847
14975958
28490657
36428890
62003971
31799793
61350774
70973098
38189501
31009603
79866853
76987921
40859919
56246166
14249959
22110288
37745260
21477306
50763306
49353577
38403999
52038873
67591959
57447165
19701773
27139814
75735201
30954001
15783115
72192014
26771473
17440027
73265569
18369299
58806043
31193809
75802542
39204996
37054188
44570773
60291223
44151487
28066323
51881700
66674793
24837316
32290298
18352483
26535047
10212206
45066155
66265836
38281465
35777473
49823789
39076175
43095923
63911386
50462386
26926211
29855454
39482880
31642677
11677655
16567897
51726197
38254035
31906735
25079693
57656603
41061931
19758272
69086916
51097734
46934986
21948695
18218211
57197599
56648488
75760825
50774480
10207770
79000492
64106460
57403082
12176674
50617526
56366678
18283568
31251708
22789638
12594186
43067177
47182600
49371234
78255145
31881517
55029784
41219666
16072068
62179194
44076013
71332356
16869995
46553079
40973226
40159370
21593959
57218947
33843294
16043198
18946940
58601464
53603438
34282738
53737971
67375369
26891292
65146686
53982001
49666060
31266959
70458028
19056725
36259130
70849333
78920989
23504532
75983568
63982251
53338852
63545633
41330421
11164874
57400572
39723100
36924047
22702948
60161933
61066644
34190074
39515832
16237938
34029713
55875059
26918161
72709693
12546578
46035241
42521689
33385355
28691313
66944670
22522655
57070861
76512114
77276278
41767994
70537039
68442901
74953699
72838765
50030904
63323197
56097595
40006896
37302826
37656511
32796171
71127443
40677500
52872054
71200997
51050575
74089414
64703941
69237889
72098065
44784467
43583776
41360720
46655742
57428034
70974099
14124261
