49597259
57860935
33720869
78144711
19010825
44752931
60335518
78206280
51192372
78342973
72612430
49773484
67633759
20723731
75034774
67915658
41167013
60473627
33010770
70694488
39103525
20256229
41134517
57300978
22454121
42038607
43381378
62871290
49808050
38971550
54138102
43183417
62388813
48730968
42636306
18894679
37887304
44234978
45712790
39467008
74168145
54003689
43866969
79005389
20247091
23865267
51011017
32555221
68776968
14437784
66052760
66720921
55103078
28107275
44310794
77797127
77405677
42137048
43501726
42749589
56626007
63999945
70383517
52312523
27698880
53409508
51581516
38679480
49398184
24234493
64961280
26119727
12192811
74320389
44991744
21288440
17691191
77713211
46480135
27693624
76106394
40228183
51545278
40214053
45097802
45839831
26800878
27104495
45955764
71148157
35403395
19121738
58253714
45948454
38004913
50252230
38306141
75983344
15437889
28208257
70560267
61857413
21630293
41299051
17412766
28744989
27108931
48433133
32673482
49200520
64825576
18593756
44346837
51450257
78495437
51226062
51274895
63669004
62443336
29105283
30483072
73437418
23184305
51046829
78353865
70505390
10831062
16293715
43540244
58998279
63798758
24746934
66880765
69308572
54326297
18474907
20807071
72754811
72388193
42764325
76398413
61502864
67909891
67350611
66768316
44961291
19574419
34238907
28169313
59524427
15352737
51481173
39923217
30559847
51857095
58548310
18949534
50244920
22449388
12405488
37685467
57391623
33049012
58168061
65914268
13374756
29960673
23425732
61433807
78330724
60906764
39355333
62305009
78843118
34469468
57673678
77120330
62193119
40598947
42373647
63133903
11035755
57630660
23883373
76923222
43909540
58602954
33727067
43041534
10683738
66747074
18615873
42888071
20412132
36728747
65676952
12729957
22555901
42466457
64643794
43256092
36932285
50849953
71311577
53531499
77811498
62407181
28019284
68732292
46809237
53265061
64654124
20717153
75895297
39883848
24974267
64085417
42371377
10063360
35201577
20773403
22310019
58230351
27424328
60712689
27913588
43886972
65838671
59471649
19801534
66286039
49806644
39555418
58290957
13818220
30150815
62677826
53811612
78751681
16258070
11485360
59867776
79181884
53716298
63535120
37077769
35362252
19771863
44274790
75110231
50324887
64259924
35677338
60887718
60093958
16852527
41650904
40026447
66886281
46646520
25673175
31748739
26763747
20451110
48728341
37457365
63615070
52923866
43749758
36101271
49969686
65798596
68438074
34673354
46165269
77122657
62350462
74050413
58778196
42106311
16701675
71914482
48510786
51747233
72821123
12158611
75109914
31860700
60246657
77888551
11242341
25022648
73917416
27751445
63310979
50642561
25347697
42132400
42027860
48595800
24701140
59827732
42466507
60149279
36118109
12274927
21634521
46416588
66773862
57703283
23151037
23993953
45689847
39027282
47864191
54882892
71057151
15448972
33234255
28755129
74540576
60332761
79561261
33499324
66349207
55666669
60004528
32062148
15591738
42784490
24006517
24649115
37249072
30912672
41883767
70210164
34487158
36783773
66161102
44327908
48241892
38387717
60238624
27765266
56474758
36117729
44828014
31124807
67826109
78114258
44462638
71289387
46791288
34522802
55648741
78001279
17751786
45044282
47013207
14109391
40115754
33931686
52754417
17128995
40157039
72059836
39231971
64834233
56153053
68573916
31175234
31491497
11975401
35390612
34050908
27916844
53713710
25895565
63793767
54496491
18414275
33852740
16154672
27076393
33110986
35152407
12390626
23189215
33434089
37827211
15540923
11866150
43630851
58080517
14799572
70274537
77399852
62214293
36229764
49036699
35668184
61118960
49412767
72217432
52931264
28225280
41866768
52147388
47556351
53398700
76616715
76846968
49418503
65280346
39222560
55955948
39802746
10108897
17669668
13586497
49639521
29238088
38907137
51956884
17424803
11308303
55031077
39549505
28156806
50992232
58724275
63089627
39987021
70559578
11392642
43449546
69087782
21333832
73122152
54260594
64234950
38634812
70989552
63139445
35656928
13481577
43826533
71129824
48080855
51123486
66850639
51400864
43123434
57958283
78466733
41725768
64116604
76400004
54975245
78933486
63965561
34366068
15763445
74475185
11493275
29813986
15544025
11718009
74650393
65586442
20758280
32481413
53399554
45775051
43862891
54302603
72922892
53870695
66358979
61280042
38958900
69797183
54035790
27986482
40932174
73832152
30628405
38584708
51413965
32707597
63980185
48086016
75343345
78975454
23552795
16348114
51830105
42618302
71500314
74760505
44613291
32568513
74298649
58947510
22699298
30508297
41384477
30532243
66709958
24549407
74182426
75151523
19100775
36021983
74809555
77251447
32491458
66254613
78893160
73464809
15854469
72163512
68807387
44227145
61417129
16435010
29245221
63992959
71454803
32260676
24509330
19155599
31401793
12691269
65931081
75015173
74780406
13596533
50332802
64903365
45465895
43220869
10162374
71395271
62836775
75429494
33153334
69316781
17082618
47811853
42432225
27530050
25918433
20905356
52013151
74402046
26168582
52567273
27798765
19296035
58302815
26238505
62996286
65953178
20850272
59708780
27075781
53484214
70457052
13864222
70331949
37976623
41690000
74106775
60379772
64948909
25759476
26809199
18227205
73434204
72508783
50027977
37048339
71246961
30526889
30145510
58330047
52981656
64141525
62474712
70575155
70125184
31329965
32943488
51803313
11821984
31191747
52036428
62648079
55982519
37515803
68664271
75594016
77380622
56504984
35023036
33420143
25061370
57680447
56360705
64223896
42111617
42712289
75791331
40580793
66923869
13586029
59619252
51699644
14468062
48702271
29835120
54066270
42720514
33342910
30769351
64256464
56842706
28334645
17463649
68720092
39455987
18824474
74946592
24274789
10194694
49344488
26336077
28439865
73093752
71907740
23253471
18471586
34470230
52139745
46077882
66031659
71628425
20959491
59107877
41459993
33311952
39582428
58529721
67982347
50179711
46581362
11605581
36741686
42101581
51146004
27134692
41308140
43361988
44516665
25575385
15733721
79368346
72236593
64512999
31311940
17205493
67170237
42742214
34781561
72139548
32440050
77147602
23451224
62751830
73685235
77887925
37790891
32170954
46725866
47398484
12336336
45962634
50640082
43251557
64760378
20329543
71619950
17323371
17382029
48200958
60646031
73361796
24826091
72485916
64745373
14484814
60956242
32233085
79435104
60884855
60766416
56868682
33325119
78839175
67161496
20928423
55338421
32483812
34975676
63253436
74034982
23733077
18652263
42293089
68940627
48467897
31945208
19673625
18860315
15665595
28085154
38451463
44772312
55679595
18334706
61719876
60567876
71432318
26931120
32535530
36462148
39882505
79422627
65882682
34132729
35468389
48258674
23578184
11907156
76504792
79704309
39395698
75233084
22818479
54145439
62348476
60275257
12085468
77714142
21359377
40011528
66061386
71740079
40296153
32529287
66100687
33132527
20598808
47816595
27310059
56717890
47030272
56798144
30114679
11570949
16065660
62255243
14014486
35694970
29807349
75566621
60835478
15987535
60074398
67596710
40400322
21244079
50694876
27828813
71906622
72297085
65601931
64005568
59484997
33977684
75313988
23248246
70422627
55180158
73441898
51160475
47117463
61368172
34040396
31279621
51560899
30502537
36243443
13619459
60533813
39031655
49658109
51303381
27443451
13774231
65467265
34300089
41545695
17772201
66715902
50626729
74729140
45066464
38220528
21248468
21351710
61948158
61213450
23528228
17662431
62827990
21722244
58893647
26038701
44701902
63449504
64062248
10742107
32730319
24152766
67995030
51102985
77181495
49474124
62393872
69004155
62004905
44439752
35214625
10396595
14409141
48296313
62345331
71104232
67547286
17810790
35193706
42380103
65446019
37017404
40305547
58279765
57356078
22944516
32932545
54398955
75984330
36975083
35016968
65982202
43326335
10429771
74622967
60916905
61489587
29132319
54228572
55494918
25125127
58420404
28569114
16087311
35787719
30124890
13776316
54120913
29711664
18172664
35502028
58190727
74087894
57284409
17914515
29759014
53987995
40106531
70561379
27998597
60459707
15728779
76574612
55789886
49465264
79852989
32223682
64770341
30269357
40130449
28894869
77640091
71444210
24387053
68467936
21146966
31605669
31352583
41051423
37946458
29448914
47705493
44336108
63643689
23768341
54800192
29380753
73597161
15462294
63389461
55764511
50379149
12129357
40228969
64559149
12501620
58556712
61573429
68883648
11462053
21530793
56730152
79432299
21625207
70569842
79468673
23538712
52921178
67474130
71276648
72768271
63191136
23233441
74835845
62448078
17646705
18611791
27272034
36305890
32210875
20726064
19404818
52430550
41741054
73312044
57507010
75895874
76633100
17115375
27189064
28883852
48482841
18471835
79486544
60411149
55996892
55716667
34919793
71941207
53057402
73901773
58916131
68451703
10227081
71796911
28798834
75829383
77449411
30916666
40844964
60180626
18919259
34635276
25477888
78136066
12824128
55081754
72791043
17462507
64847381
58079049
34056913
22850492
60511432
19759747
15653214
28537112
39465160
63827732
18021081
45149615
40333541
68127540
61212527
79804571
19697599
20161835
73515610
46180074
60578759
52083296
27074098
52683002
30981928
41657572
50391283
37693857
67298307
73222247
24762184
54619865
35244281
77665228
49460456
71084896
71365358
77753111
73508676
33769100
74316276
21921222
71209923
72734998
10627479
38791528
34705378
16708307
47393218
59452904
30997048
56436195
50484474
73292478
67074305
44260840
74991731
72865666
18008746
24905761
28203564
57693917
44365116
15992196
32886615
50434104
35051488
18238119
44775653
63786175
35423095
40848830
26085013
36899482
69535040
42469352
34003750
66305448
47946028
52736822
43336096
43126401
33346968
32296174
22224420
78297373
38957824
10194338
42476687
58776800
63543723
25416979
58389342
11201762
55884791
70248675
70978972
16307233
65344740
12201093
51413780
28727998
39699429
18212594
57469902
26875234
30911550
58031117
27097784
47886374
54749789
16824284
67332346
12328263
77015577
15853418
57246142
32022646
15723877
45598845
75608923
18760858
33411408
40349719
76984017
67135711
13381535
68413314
27197529
37517177
71544121
40706624
44449838
60552657
11866638
33393218
77788483
55410758
31125335
45485301
21374957
10848521
63933396
76484906
46986233
60050076
50217938
62545460
64886207
15293135
79131075
30342525
53489990
63775180
10248529
37721758
68652560
21136232
74596467
10583955
56138505
76172341
53387438
57783997
18741944
34491676
50410464
68540037
13809027
38225599
24930319
62227281
10124587
67990747
76819767
12947155
32552341
61410960
59948868
52233138
42804784
54405453
19106668
33074204
54901055
20761040
18147170
55736004
68470586
74466724
24239852
69107942
18901609
74223315
42923668
10909639
26414992
62102592
27550955
10908160
50425985
61408089
10770782
20932958
53939111
10413419
31055151
31205398
56333808
22052845
18005415
76605704
77266305
63019527
47809755
44732364
16035099
11664321
34756433
17297179
72403495
58637247
73892803
16271494
30624846
46340820
76662329
33350273
57508387
18974519
75144682
11401889
43956066
48245215
65297071
46464018
42799322
40977840
34084792
29069163
76378667
71049018
71746537
50313130
67901235
15191014
20260536
19738925
36228354
43924876
79824029
16865922
68897875
23068128
56901251
47920920
45109167
55747895
48403021
77987976
31466945
59815666
66489537
72776001
22436959
47216291
63193142
71392569
52364151
79481432
47431288
47487449
53200852
45428031
78202787
49850634
55748123
77130794
19582582
63511775
39326130
17223957
27321102
73362265
41204283
77573308
43786327
14898712
41750473
39762852
65451310
11501471
33792661
22462404
59936358
73222397
46767083
58348819
69003969
61130343
44884302
34021192
61906624
54128383
32919867
19967127
51719630
65046222
57021961
64116147
31117369
17636058
69997571
52579118
47002844
72146099
79350391
78600740
10130235
56540285
67149929
20552605
59624963
66991256
49251306
10688814
37981092
71237245
49439001
78772484
66941763
31111635
29113348
64722633
45780787
41769993
54401839
19075343
35479565
21118851
36866275
15867372
60771897
23886166
44782284
78712793
32231440
38527216
23702122
65331402
61327165
49447335
27897680
31000673
18582730
17784046
27319682
39725336
11774841
71815977
42746145
70713417
15131932
36306808
22211260
37548889
27788832
30974891
46926190
14961025
50083558
76953455
51599685
60150269
34339568
74255334
65613719
52369842
43090617
46541149
29025071
31206429
40862625
59616867
39835281
50104129
38255627
27954935
29675969
30341492
70221298
52533397
11103770
34813684
13496635
65963410
18883396
74032281
62135686
19415998
65311590
39365238
18014159
63378817
34225672
13054600
56748975
15637116
19333053
32374770
68108835
42656216
15142904
30907294
17300148
45003541
34936150
61769926
50878012
57882363
72589824
75683158
19829908
44335245
17863271
17780223
27986667
22808505
46832878
67833781
42272856
72929781
29095282
19992048
63562592
64494618
49752484
50459411
49076874
17784103
57368009
74437752
31882322
41288254
18833793
36037371
53971956
21375457
38467289
55399877
52742103
78453304
70957053
18929237
24853453
53227361
43246325
23576933
22233523
76551068
18099055
17588774
10533744
63416372
42035704
31002120
25496475
58123861
19330010
12259804
66790451
19178298
34659560
46678996
38831594
14158692
63066948
26264781
71400523
68539883
36924165
44827093
62742876
52720562
38355474
14929118
14231389
58142191
27420640
65640238
68848244
57317989
67093418
47304770
35613575
16098983
52852144
66170351
76158954
51406105
62367607
68372916
29494425
59591764
32695366
40034095
74481590
64588801
32050301
44174421
61580786
61664683
41035119
31864119
29255527
38361623
61449718
49411014
47681799
54205596
69655468
53064327
78624381
47925867
59686544
76222483
26302772
37676267
39439810
21382214
75035997
41129279
15796148
75883601
69291716
43686856
64582999
65410046
38871450
51693304
57417123
55113956
15233858
32270832
17027663
29837160
61631752
23176560
45051518
17315298
43179908
19922159
40846993
47645156
46742337
27584716
19648266
47267261
58391253
76837294
47651822
68813554
77968020
67655288
21037691
51777312
38398995
64390607
55623324
47660940
11620700
17370441
44485546
13765215
27838891
54015359
15245694
40665987
22501237
50056895
74733509
68608323
14615250
28503333
64481965
47950969
66918204
48038052
37907036
38428021
53190830
14905499
54297794
28333368
24978096
51488862
63111564
36048967
74688838
77943624
62801968
28228349
34032017
54840225
30285621
60347727
50923484
24300850
21970998
78238394
73311554
49912522
45463737
41494614
33994472
73555226
11504601
52013256
13594087
34641635
15858179
11021054
51760036
29158391
29312802
34230619
53820790
45158054
61081675
63832332
11553270
51684601
34699494
30747405
59168809
63640760
15537007
72750202
14514570
52407111
67246289
56165509
45787569
54337676
51798200
18871870
64933031
38640019
26408402
43062220
31880488
75332839
56940673
12710233
67000384
66754048
36763642
75420427
58122405
59097675
25708058
25331101
21847891
15485736
72794678
70774926
32161898
49761462
46226239
19343152
74153489
72418184
67702571
61259814
27951599
66065699
76623039
70685003
31509885
22507057
46685387
28756567
15462598
74259352
58142364
66651977
65791186
51478632
47272851
70162778
65388134
68667682
76253593
46508797
75006422
55513136
53797190
15993358
37152464
10038666
62719766
29620146
33181319
52052330
45709017
47738058
12255931
52249400
58597853
29188932
25505066
38911970
20145032
29488611
52771657
11783281
15621748
10288036
54799506
64078026
67486410
25313222
13454229
19436728
37821010
43634961
34805118
69840862
58062756
66408893
27259642
21750739
78903244
26988141
53733820
44904477
42398496
47116560
73556426
67091860
43728084
75246967
51796196
37979913
79752211
31973653
36615197
79432022
59981271
26744558
36095442
49372542
24075797
56594401
13403581
19688353
32512718
52910888
56163060
72948246
51244724
24469424
33260344
12866257
14898806
28936699
21692758
45552361
24788384
67035193
65770904
35103830
57074911
39965663
72268034
33386538
27296922
23450357
33271696
30805941
11817436
30646189
79285820
58110807
34154032
13780444
57856369
19059312
51286804
39246106
22748366
60740662
74230002
23890634
53030583
29225583
29833276
71387647
50767265
57356911
16431292
37953123
72563339
31293808
76398964
50909090
39469923
39945635
17357056
24417444
76040727
52910168
22950564
64298527
20096973
15152308
68519933
32944371
13479162
18963773
77824937
60587033
44756585
77533276
22624254
60436124
79324893
73768478
63483768
67343762
10423300
48350252
34778355
56397050
59314959
78315963
44586956
74492291
79153518
34757264
68572101
52635749
57457079
62017831
35530901
54442837
19586449
54677907
72087157
44592831
26317545
23062778
48016278
38033289
20434193
23822497
29998943
55976011
11666995
69726660
78771466
13352818
12800665
17547985
55351033
50135878
67666413
19362315
34413281
52195307
55698410
44724012
36023834
10046971
69592341
73740027
18014564
34155372
33295395
58884070
45429664
21915570
70909215
64319305
57558604
13166223
57450958
69597333
69423483
42297511
61993702
23564486
36480101
54168961
51324842
43343460
52660291
19540422
32787465
19007044
49021126
15029145
34260046
13903606
69479929
14980133
69694538
51598459
61705854
43625594
27701513
63065072
65776064
13960888
68062196
47129876
43332092
23923013
34250936
32766924
53621462
70629844
12064054
50806768
35215145
62371533
56942187
37500281
44464097
39778001
34063872
11575244
22601228
51134983
41953435
60862345
53627676
49703437
35732141
48226874
53825625
72419630
45373328
60747983
78022304
73674880
52977484
16758682
69164060
40095894
28058317
63248249
63702210
36018967
55931818
59761668
21051944
30584593
52143366
37118103
27180893
13169938
33016290
48654958
33225950
11955954
21103902
53904229
45487601
71968636
38665572
73892133
55667952
41776579
78181607
41927590
73153785
19621654
43379115
20208445
12544313
35616565
33960033
12248482
15567253
15882339
27882303
17308456
62025053
51654434
46867372
27776732
66446332
44076011
30457397
12831409
11381165
28727040
47333670
56557974
44205781
32533104
77118020
75119160
52202206
19595185
47820083
57287484
19180022
41609555
53916577
75705174
35079434
35769201
22780502
20368904
22867439
34003119
55501907
76313744
52645975
68737598
55812457
43026178
23738276
47330384
17408628
22461195
35829167
33856931
61591853
73036563
11220119
79383316
70998260
51783143
28200169
19810131
41197923
45499196
46896919
37276674
19757799
65928404
63292779
46619988
61033728
19340359
58528295
74551616
27828529
16313050
15390673
71952036
65841099
53180033
21483338
55615668
50829916
41371053
42708540
64343195
54370046
38561192
17747827
15101728
36233937
41328579
32107873
65860561
62627301
68065391
58655983
60248815
71905488
63455279
47437647
14120877
54429176
33063452
33851691
67443185
67431066
23446274
32591850
74665618
68401637
73526179
47162759
75741232
79517830
46744902
32256920
19603370
77482073
13619397
78064460
31234250
40174720
46856108
15675465
54859002
50680086
66249987
51894860
66597406
45686443
20716601
50428161
13071615
41628798
30193784
62512733
52777645
75463528
42486508
28299996
66053093
11247650
57814473
75950474
65591216
26616493
34943465
53969162
15193822
43672795
58910193
22170446
70836127
13553036
21859642
23477991
40753721
64255212
10320203
29786338
65574390
42457031
74654352
62610200
75330065
59702801
34474788
33545655
58110301
74748882
69821867
50361306
36859578
76966459
11928300
24649615
52024723
51317796
57425816
32998448
36705376
22430875
26235188
47388815
28067116
40945811
77897474
29758672
64105492
40210233
76444422
47427899
48023363
43135724
20539464
57224513
31787977
28069123
72568827
60537131
64876930
14516446
46890674
79351076
22913372
21407282
61028924
59083339
37327333
53471878
44352634
53273324
35548807
75024976
37016794
60895762
64552369
40168356
15466694
49553065
50570397
44281688
70744154
73946352
19042471
76387353
33729352
37511718
42984802
15371849
52054441
23152636
19327989
63277961
72225302
29887595
12159624
27157391
64995651
49772045
66764665
51062492
25468845
22491749
74185627
41717596
34915293
65775587
30940458
45818130
79333068
68090493
22078273
39410758
46248100
68073032
61125155
77095295
26936042
29451883
79480467
20107561
54677061
68745121
38817288
42543118
69897715
57224062
10514492
67477322
25098746
69500413
34516840
60913204
44426908
34859715
71101858
49941849
13650757
48283021
44931989
35285905
19702774
76187727
36559011
21134715
52677344
60528729
20240014
45763620
15111251
13416850
21846626
21356650
45702835
38655147
72365361
65655271
47399581
50992009
67615715
71496189
12511200
41660007
56103824
78357165
14540691
43858978
78976711
20177171
36187077
38970364
34943302
67789630
68902671
71858566
24875380
31541181
51605579
38311379
55263133
56892988
46362147
66957044
37741581
59182802
55806252
31257140
65637216
31162683
72302642
16616802
48375042
71251681
28448534
72446179
28661188
74453905
29096469
35437070
62603847
23978406
49258817
50256895
78877117
37034771
53517645
30284714
43681504
16386500
64120557
40135388
32709417
13165280
21450046
72437596
32845307
11816670
79816803
51870443
32079566
57103043
20910147
64205352
50053590
41294045
78771074
57037057
14499041
26957721
21866430
38731008
54505854
55777187
21696932
18306455
23401554
71176893
41682378
32776328
17720038
12724869
58994282
73097062
64445719
74697194
21194903
48988767
70970230
50477168
70188739
28284994
40360855
58685401
55560274
69783692
25030993
22498277
17872602
71373815
11762753
50862548
68602822
19090503
32765190
18367625
35588388
54426554
53931919
14682933
31283772
52227319
67376158
77093495
12056611
77857033
14124961
43924484
60516979
48673363
49843704
50357559
31288160
16671636
78915204
50403373
31157898
54207915
27213482
23992069
63679872
18651764
26374886
63777605
26435426
34221714
56499561
42074090
68095073
34427956
26983703
58175512
18503920
39351955
65932078
47010124
27727820
67000204
12934067
24394304
38353635
38331134
71080519
24791452
55198715
49315893
14792799
74465133
19001222
67995344
11825217
14333740
76224199
12694150
53838376
78832960
50483074
39097357
59298015
42346519
54575727
53746879
34879336
68203378
55070093
47002215
18334394
69890041
64900776
24362513
18466115
24935776
47031665
70295696
16904565
11873454
56558474
65455661
54018414
78648601
37002222
50378212
31681870
72442889
37813814
39967553
34135372
54766734
70419698
73928864
61173805
13346776
55532399
17124757
23009610
35359626
67081825
52488559
58728008
22803509
46091798
11770979
16813605
71211966
42359050
68440516
66660911
15594500
12640606
40657441
54246515
35041539
64785920
77307189
73724323
13162161
12519167
74109967
13106673
32612355
14466386
19286636
40846789
28486680
18417107
17923989
76744989
56019588
72681027
29312992
16316292
74464922
25895656
50059513
27802194
36331397
56786051
21967240
77624676
10123249
24862538
28048137
64360994
29215970
68127622
22891476
47257685
78485944
64769422
45938262
71878543
66188686
14558762
27276016
66006354
45942494
62054144
10203759
20067667
50124965
36218005
23896353
61565106
78269923
36202665
34496482
53363045
32426239
30118022
10074061
70726518
11393344
30292458
76182818
64633752
72765680
13387371
19687074
42738309
77523526
72878085
67023654
18744709
53862066
45088911
69806217
73335920
12848913
43231614
64099384
70886815
19280482
45246627
63449225
37512715
33668830
24525767
51857455
14196036
14085539
35753991
77213971
63128779
72522604
54394983
58984355
61574996
73779912
11485067
39235470
11975546
78428801
10247488
75430381
64404714
77373272
57004636
61245473
25818670
70874301
63789729
64616055
37429314
52319470
26287714
77712202
65081940
61647228
38902465
25419263
28497777
39056292
34802272
72190224
12932221
49837595
25746224
65894042
35837640
41233553
29961967
62054757
28762843
20884622
39760534
34133756
34741916
44707622
13680212
66430031
45256808
45737913
23789383
10888585
37258837
31880729
61149764
18345736
78494594
69903515
20100241
37016115
43265070
61844989
78685894
76299092
77065904
73186032
14311450
12321069
20160505
55497568
50469634
15488847
45723900
74519865
32545715
69099665
60129852
19256827
61993696
13441669
77469803
66178909
58525817
25469879
44112786
69022177
44852134
54829569
10175332
55854914
10936874
75180395
27513751
18178180
69119545
36521103
42782852
19709690
43946609
15269465
42894264
53204107
45719628
54683845
40938789
77858564
58396102
43499504
73384932
32433603
47593261
34986546
12414887
24516609
49602561
54061913
20903824
42984929
66933514
24450028
27649396
20849240
32344595
17248451
47661000
18358683
46152862
39764783
56648165
70655674
53694827
59129391
10652311
74003555
31556485
21453044
11701935
72449861
24423339
67909245
73088146
47918942
24618458
47289619
17927547
79032003
34121835
54268021
54211164
23118983
53966807
10138981
79405665
40706928
21260810
69680005
61142886
70867428
36722522
37522032
51308420
36903134
52124167
58897271
46501092
12208109
67225637
38271390
40489807
42498968
30956521
73086891
57906095
14577838
49420411
41969811
37179267
65382210
29460978
17029580
69217035
63278158
49187673
68938491
15849412
58351924
55744586
39321108
13561743
78372480
50060025
21460088
74864649
24145960
33216222
68060928
40378027
41412124
57288774
46062318
32884838
53827461
29299589
65540565
11011190
34646983
60311398
23194831
57754237
61491048
27085279
36044476
63790473
71855752
69929165
28050803
25924015
23678827
46338272
53001138
41529224
58810217
51281410
31353539
52609295
10713535
60363136
32612847
67030651
37201407
70257392
31082241
34398418
16078638
52068210
39863461
41904826
62389972
10084075
27917643
37897468
55681217
59724332
62955459
63060026
13253880
72001057
42657107
53326927
54808095
56366336
29582862
45451029
10918715
65011820
24099013
79731018
60132397
14920947
32940447
33882882
45107094
39745770
51036656
56071413
20286658
55000712
33177081
11889928
13911386
30540764
55926325
45844693
27989743
75887270
15052147
43530831
21583678
69188236
52717366
63121697
20756138
12545064
35278484
11890997
22916716
43817120
36267260
34193342
35615963
35225793
36749329
71216185
19011224
19648205
18384877
38368264
50063005
64004171
17934900
53673810
35857477
42705223
27978781
30212569
28216533
26399853
26727225
68357695
30971703
20714482
23315795
75642998
28735805
52909765
76006117
55335678
55472782
62672537
63058328
56643190
44233114
40395386
48553952
18433822
23395291
20315583
54083732
29303295
21259562
68509491
34309293
16974152
18801653
17342028
76316610
56034021
74101912
44552994
55196065
32962258
62846002
38672875
67593176
43560373
20859912
64884632
76437515
48730142
40472915
46571595
43740240
19222429
27200789
47968484
41458687
55216158
55040574
60330759
17115490
28452742
73915303
44981738
56988238
47821568
51016868
75053589
44100491
12997858
54249794
29708330
18884585
73804198
79242431
11392060
26559702
49739361
62309546
45903294
25116617
25435435
75021123
34103074
38392981
46638165
50905597
44425856
19637843
54374458
28813091
33580078
57638111
19739489
21436784
24378326
22102108
36577900
68234923
21255097
16563604
60059088
12745278
55163866
76580925
16248386
35022673
21744818
24061594
31066953
40711714
50350005
23176605
13487172
69248904
37581221
46475561
44438565
77904463
21219279
60072165
14837304
43519116
46961878
63979277
67847998
73637782
45694482
75990729
74308782
11174854
30454056
30466202
38801347
62429401
74832732
42233493
30112542
25396035
33933083
52747220
21475519
54777711
70084939
69110131
29921697
70634529
66861357
58905942
49411293
14991725
66584515
49518161
39013995
56238283
26323605
39776786
32965895
68652610
64110426
35788115
24278044
66066745
74701548
28999081
40304015
24956981
50059746
64014365
31198709
37512677
57421801
15033994
56434614
61817085
28202889
22926277
58465233
28158775
35975193
68129660
77952919
30515369
15735779
26221759
62180735
55135936
43262614
52509063
31171816
49767436
13515666
31802487
52537728
39992495
67033714
18739189
40476457
27019829
43679051
46857178
79860557
64116882
63544856
48084259
58457951
25853917
44425993
30610230
72844824
56439870
78790980
42661321
16509071
73024480
53032870
47341545
26080874
13799136
41037404
23943484
68054161
48539148
41396421
56969498
75615784
47581719
57967436
48162525
72752443
22854203
36560987
24762714
16582154
51835050
26984048
16165518
57456914
78634325
69876091
47091281
78151294
35714513
72741133
58652765
31620764
28487572
61862258
32693220
49089899
57289770
72455686
22433433
24827506
68124040
27900921
28848149
56312065
26269589
43864771
36547704
35503567
35926952
72840603
73109848
63518070
50354228
45174920
36961803
33853253
35167523
25358167
55982184
47749501
56256730
32970302
10414274
37515844
29565557
15850577
71017632
45995116
29685428
16295556
36192092
44122191
18980779
77764113
74107976
71763613
54011154
52546788
41902348
24365367
51089186
77905000
68909869
27954106
54190687
45374827
24083205
40795774
30842356
13523164
22197607
41246112
66209062
70998694
56039945
21846066
48132125
39682384
75309441
47838671
43224102
18213048
67490577
70433772
27837414
67686674
55232766
76579906
63368108
73812356
11347138
26671526
25187966
67084273
10141223
78247621
28748562
77202670
68507743
65043168
41702197
47528523
52956200
52137949
64629742
72069491
31886881
60105862
52528645
46372834
65500800
44289001
15047854
61906382
66474878
29087982
37037611
52185761
20176723
77974349
39960712
41151439
28218522
14036682
41156613
64073628
32011101
10895532
63073013
69372441
77123013
75403287
26784248
36059173
74842876
49914333
37527836
37997069
53193160
17688823
21243297
43364608
78904159
59525447
62467753
21362698
46273287
24058540
71820109
67392491
33672540
74517479
40708033
25717202
49184207
68113275
27848200
60402626
55852483
58395489
54755562
59537198
76516083
48884761
23093370
27563600
75093675
52123860
24913313
59939338
12568307
52640151
22754702
51904781
53258194
50202069
18117789
28681124
12058523
63107769
46004173
63930131
30795572
62174441
54000993
49604312
57685594
61585383
51032484
10972767
52448789
73026700
24676680
67190194
18569763
42946480
76662629
19508011
15558624
10455884
11163440
48516359
58276687
20952249
68620559
64734409
68808138
38621058
23703898
69129501
56426999
46607970
51962030
64082870
16849360
22861390
21150015
45510347
45782741
37204364
22037567
62771308
50082855
36709593
42257238
19119024
73550756
59673448
37100582
37640790
35966398
61763689
15656559
68798782
41891108
27449647
36837289
56088729
26099307
73888693
36976189
49688831
68410032
34389959
48896533
39537485
24281499
67848354
23089956
38566371
52626232
69715170
67181058
65378757
47175367
21864204
28888603
30189125
29442845
29486475
42666842
11713956
30158994
59575486
58140124
51683992
55627635
29195655
56406745
22256183
44313878
41197794
25031030
55659737
28735569
56844664
55296408
27030328
75549803
40683572
31279886
50981929
57683360
43300143
18366064
51891686
65207552
53954865
12113845
16214859
36287634
29113264
39966985
44788298
31371978
39281790
78897074
39803515
33991804
15628556
22971407
28818487
73697818
34128909
71994736
39572798
44242522
13359062
23352302
24899896
17949622
21215799
76836612
16050605
40475970
33186080
60162117
62176267
18464042
71425366
26205608
22221673
14986500
23478814
35828223
22818524
67467694
63053545
26550842
67464838
19661442
47642834
14100843
75677117
63727942
11232071
35172361
49479318
49761865
55118599
78997283
53602549
46061709
51552571
76197598
65982617
60557830
59845821
25958339
16783514
70042983
27910703
73632867
20007444
32978375
71772778
55242128
50788761
28734466
72237555
25111740
74018789
51785645
60380862
24954261
52610454
37970033
71879907
57326165
45880751
18401014
71607876
48416412
44343920
36602410
65678889
57869797
65685353
45772400
32074376
79434719
11481530
60457724
51700454
58738729
55987165
54226906
44708201
77321137
40903726
67336132
78403055
20618327
63518244
29664471
78979109
25650479
54449147
37536556
20113932
18056905
40246452
30673775
21213408
32478668
35613551
63938856
37788844
32805941
39493157
40426038
49349502
14284263
58784771
76797351
38074461
25831620
24594153
68814290
25453866
68611062
42927909
40399937
32067096
23764722
67189706
68279923
45160960
42499239
25747659
74512792
15676247
35991465
72513537
54383677
61207901
20699211
24229741
56622326
46929111
42736652
54732589
32591779
30197514
35336966
38594101
12565695
67716084
79819712
67212846
57725210
56898524
62748892
35676676
46123320
74251459
13022196
46991904
61285111
71408155
31665270
17200733
36713933
14477552
20279701
56264242
76964652
79606155
70557404
20622101
25879361
43646626
56775483
70382111
34579074
58858545
15407831
65232146
31494258
74757130
59494695
39066581
74596593
67643241
75932528
13410493
22909373
50716334
17403821
42861159
57570930
56133340
67275805
46327647
38135142
18277607
11336723
17438980
66531547
13157966
74919215
47153252
69623330
67644069
74068821
49541247
57440707
37551510
11466676
60935946
56372159
18805936
65903927
40821835
66523736
37788321
63133246
29531407
55991150
30289612
75954072
12851140
62544182
42751042
10527860
61641470
54685716
23762803
23516014
18431364
27726669
33102857
78302560
54607558
57709293
43299635
77195816
63973372
50343979
64396491
67979706
67808337
14667605
12159174
48047024
52747939
78488705
53101518
54259045
35041152
30967008
12416722
52500353
58565034
20001783
30498206
24411152
35713329
30745930
46259445
64280780
45471962
61989035
16127538
42816247
68048919
48238453
41095331
50539606
45410376
10875915
61199745
41670683
38238335
55989541
70118328
38990545
28834577
59678325
67088155
69593997
69233524
75928059
68678344
75300136
18560161
12401737
64078784
20111917
51669181
46873147
13650108
45347014
40996521
70529307
27817202
58005631
40836699
71115204
43302435
62227962
16402220
73213982
19947189
13262787
28580875
67301870
63754038
61491001
49079824
35821021
53960017
17478462
42536021
56548821
24067896
76062599
14424573
54828944
58228500
10078798
53144968
29346690
39836362
28779058
22109405
50478885
45130877
74528105
14346281
31559744
21540867
62431773
64628257
74574469
35980549
40345241
57607744
58939842
24536725
78340216
77992848
61916556
65080856
44825012
79972749
22601507
44357279
43580794
57688466
27866820
39499021
42112426
45465374
55978741
53595550
31099704
39623908
67173361
79844531
61825077
74470656
77718394
55633061
78429077
40218688
57510793
74443112
75951457
36282107
52847815
19732152
71940977
28955778
17990194
72342938
35474001
25079456
40035165
78073518
72421468
43106928
17000277
11665233
57159127
11465280
20689136
42691001
15870666
43380391
44595211
35687570
24517860
22337003
39052667
38674131
52993072
18707546
11781495
42468867
75969574
71514605
57609258
29164820
36605113
40621380
42983653
56643100
65372329
15931834
74668473
77458563
39357520
10428268
16429750
71598477
58983642
55536642
14952862
30157673
79362779
10438199
79280758
75414703
22780939
24561831
45205975
59627343
39340738
48740815
45509169
36435204
20361662
36978489
56040586
34936370
62017313
24295259
63763674
27607858
11083034
20249200
20430655
18795141
18463605
75633981
42344067
47554209
35696812
15699065
13042077
31607548
35434606
10487239
24994663
22260868
32873962
17921870
16837250
48347433
63897618
41121192
70809523
50677203
62126888
16694175
59323307
46924418
75839241
76999829
51930771
49473868
35073725
43937221
41879958
70036501
76871316
43998256
75906196
79935488
66296401
69714393
51191457
51931172
50368804
23512311
77156684
26714091
20896844
48949441
65875354
50983304
62231893
25909069
66403269
14887750
42253300
13974610
27960475
10944313
65596020
22226393
28694441
50322936
78961166
18591976
43441282
75075397
18821196
11863043
43652443
46045893
77954375
39135276
21086074
24101864
27550557
54041103
62229248
28986501
68428349
63250706
41048315
56150158
15349997
75934420
58963471
12607118
47828288
60276096
63496157
76628115
38980044
50633981
10769791
77463174
44172560
24250827
44865988
44696542
55412630
20118205
76967570
24139296
10383458
19414919
23566881
58156961
25089870
44414321
44521358
35397732
63498928
60778753
38038957
47912151
48837522
66857751
79328259
28633440
61977996
52612783
64302929
61119405
78687544
60229056
47751589
20867730
22777093
15982490
15007769
34228866
63032136
62811892
57882443
51100821
21950116
25090518
69642304
48596888
77600339
79657886
78815713
13617639
60218942
20210616
22498035
51537394
42874538
73943846
18425109
62819620
11453340
52952147
11199192
14942857
55101470
74238808
43656986
71352681
29147681
37447720
46565622
66088968
46127587
26066241
11120429
60408277
65194376
16458127
30938198
39145343
30002219
38481314
78175441
73604733
18498157
65785474
59076114
48121976
75392623
49765205
21616692
56521585
24572123
49927711
23931808
46152750
76248478
13080431
68455441
51918051
46826009
62303669
64428646
42695883
13268435
12914971
53335478
49566083
60977962
44475652
47010506
73148190
18631884
16524982
72323859
74619832
21668615
25761275
55522217
58341197
23090097
44682188
73098961
79123358
54022092
41460955
48803483
66275939
18250095
76282156
16638850
63984352
32832858
73076011
14837707
65102656
70200561
37996892
74692196
15499861
15137556
46166273
41799077
70370816
36356159
29605557
70803661
55204627
61068785
53701787
17503198
76766245
60953160
16335923
27103969
67706680
29330004
30596681
30285248
79131382
11676174
35434619
28834149
49368728
15799989
14473103
13352467
68499407
68288371
72402374
53116297
76155674
34786090
74600926
41628046
32623933
43049007
76852856
27372444
50651607
19612959
55175231
18374864
22872853
59793401
77521641
70691989
63736008
71102869
59905106
53655938
47792382
47747666
32937962
75791708
21414022
67421310
56063237
31878037
73420439
73779889
32822148
32407774
15468871
55851533
14257507
45299399
18391905
17504174
14406028
23398134
43570326
75675487
27569532
59091255
51557874
39902149
11119091
79663759
34833048
30230366
69395203
11261169
70598953
40807730
35259241
38104652
64133320
59225439
46057564
24620442
63712079
72749997
10426680
73492040
26021829
52692969
13199507
21536475
15563863
13856727
55100406
33525459
48842580
71410155
54784083
58477040
19131598
38579779
41160365
62777456
68544761
51374935
15789197
13966272
45330238
48566798
43705675
73651675
36013985
37601091
18370584
40894524
30190014
35363233
40891759
11921580
63475244
79539586
41477368
11333847
14675266
55242851
40496287
29190717
74537092
11296610
34360414
22890910
48663780
15898715
59070979
70456030
75463923
59975126
66943701
18104242
34722367
10725118
11555005
17852719
49998671
16223782
36681965
66924515
79828264
27116413
77272369
27218976
76839354
19875530
66173492
73709035
75433692
13376168
52995210
30204035
36347307
62624535
15996353
39999054
52590773
13813448
52821720
18957991
16687566
13104292
75200838
34052597
26973301
14129552
28732887
37967314
69309601
38855928
26167194
68195835
16908590
49586390
23505239
59907728
65049880
54320711
30078995
17848903
32863436
63311126
23441244
48212566
46810689
27237245
39783485
20975327
25024847
46170783
25636300
43444843
62965015
46235048
12541594
31584779
63036305
54455363
19022781
76122335
48534920
56700291
48652385
25456719
72802545
55528938
23657213
75829477
32564314
74259728
10312503
32790872
75207574
55205886
74334206
19162098
74437730
73625708
74949250
62476150
63375513
25211566
17908472
68961017
55543306
79930483
60203752
48500764
17865865
72099963
13276716
30598704
52968624
52356390
27672067
30645830
16022970
44550161
17835599
41751603
76785664
78962460
69663346
38115026
37300925
54047594
47014441
24202341
17024164
69658524
54219117
20691634
31962048
50966082
39105639
55955998
65787804
45073224
22029236
67194686
20558712
54463770
72546109
45022352
41725978
65392293
53090006
50688248
79823565
64666323
67984909
79760408
38275432
26428152
73973315
47472685
52053136
64721702
59452836
60922217
10241651
67806114
40592498
14478750
50440642
13773825
37934208
25188233
72711687
56748631
74887241
29425835
63495373
25093541
26570335
42719568
53098958
31273764
23644926
79595497
27597598
25678498
29906771
15380464
67406177
66137953
13870313
19090736
51782720
36342107
72378320
13461585
24423607
62009285
56602701
16373565
37871682
19795512
26871996
31595534
38186748
10744705
38599730
19251572
58235753
40509446
38094713
10535725
51699309
66242183
21349635
75274469
24345994
71762026
62666985
33288206
54523643
12399473
57284727
11620694
23803674
27328501
37179359
61343583
78496384
58818183
36718435
23346086
19252927
11919926
38768347
39196685
67616437
20322977
25844322
14684167
18201426
71037707
73643530
23521909
46066003
70210671
57654009
59717695
12411385
44845552
30539088
24616454
42718663
18243922
39732583
64152464
26023119
62186146
64905341
16656827
43750137
21780567
33803776
70625344
27715304
20098889
48908917
55782523
77738067
11124752
78251296
49300429
37591947
64348462
28635740
69821109
29898992
28734163
25963694
16662441
32010813
56834304
30580471
56349619
30657958
68964844
47394888
62675115
39432190
35236467
16392279
47773160
25413240
79406833
13773856
69542996
36708692
53126159
62495971
74729382
45619408
50073035
11465432
56860138
67102402
73826332
56601036
78639597
77341600
66769904
29832703
40304255
50582160
54737884
47461503
49826618
51282706
62289199
23327991
20511344
19301114
30448911
23872933
10477025
17932185
60576613
32679567
56836912
69177296
53543590
12872019
57425697
75116059
56043446
10806396
78359238
11907354
29433185
50421442
38092206
32095657
24101049
10443568
48630800
45206493
21684549
34876695
68927487
56436634
49231380
75823081
38662312
32273221
54573059
78931328
71678820
10387225
36440428
22588107
29127403
61982181
49763923
22353543
23019233
77480368
12343838
24741616
23727745
62594970
67950305
39045093
38918866
33129014
15236579
25796468
26085401
54768862
41759838
53190217
27886574
74959325
58430886
11911268
66400742
64578577
20644617
42696783
61239238
65465637
21079857
44420127
23025323
67022512
68352671
64166972
63907808
62330406
21788022
63490216
37142734
21102090
35988280
10350519
15441501
78083875
54427161
21006647
22376443
78588518
63048091
16904072
65620446
40732564
17409977
46069507
12137809
65753206
22110850
37759517
70400378
56872999
28395467
63631347
51376644
64317501
73124715
44924564
66613809
52080521
66392001
71541738
56404615
51285108
52906140
33744661
25622595
26277066
43099885
77473414
46075187
23921263
47119760
20760033
61259996
13849472
12758404
47879710
25133840
73300628
71051085
22030269
70572860
30433305
11067804
50088991
36124941
69274179
36548583
50607409
22817018
62885144
78897152
31529173
78279200
64129685
71800277
74818751
40446700
20989816
16379078
25639834
61673192
70952107
70533168
53860797
63477704
22917116
74670169
69169737
52519208
29151269
57420537
17606037
52961229
43330629
39789041
25367563
11436498
12889971
31540103
36810267
16791947
23186005
44710863
11322497
62870042
39598760
78702963
58190629
34350513
38966192
65408097
15808226
50070610
24162004
74693538
54757000
67722101
23789173
49081005
51578896
63905046
49900442
54350184
57514415
49306794
48012920
12112194
72428817
50381438
78292867
70955006
59853379
55036843
16137694
57124717
15808566
63022209
31848422
70796734
56470086
61407905
60716582
71540101
34683692
28801477
69496113
36319539
53586235
26392828
70634999
71382984
45626556
31429708
33457009
41513565
71128937
46526982
20707466
26792833
34146329
70169941
44233035
73821709
28888524
56751786
22233624
71177455
38129516
79739647
68681991
15610204
78632463
56543044
24695368
60312273
35073517
72245437
70927715
48149029
76620470
41493628
45337289
63562001
62947264
73338942
18772962
68500238
71121647
63233223
59926776
49894387
50880162
28360691
15041899
13538440
52266324
51050321
76528483
33935450
13772317
17568762
14086228
11072587
40888478
61046594
72542983
24886344
54039261
23800567
20867782
69689367
32065851
53400007
71883592
28655651
56669478
17238200
21083324
38674209
38553389
76989431
69431775
57022215
47722865
68226888
30639378
29172314
36670069
26552651
33813712
36067701
73654062
42832242
20526018
59505231
65727838
73525341
44706086
19875810
75045510
21762023
62509993
67320180
46228609
72659280
34873095
74855445
42837533
67273573
54198994
58850966
15004172
35272299
16182167
37189354
16476476
26690213
37777742
78613996
18301002
54520644
45032229
17779112
78937221
78381822
45492192
64576052
75387185
31339400
64802769
21951077
44227962
51570571
32589053
25926708
22202121
41896231
63636006
39769709
14854037
30376777
27340596
10094710
41235659
13779029
10761444
13456589
13064385
21541416
14482305
68364666
21036267
75516234
38385257
23745072
48014203
46732573
30728321
16664148
29028085
11494258
13807624
50385126
74838696
53632877
48232753
60361909
44955893
17533734
33631831
53329841
67912872
45348617
13149273
37149092
26187718
16687837
26318277
48387403
66324281
13985943
26103889
76017034
74106870
71144928
74572031
63930072
59555664
55900149
74270876
66393619
31776013
16396926
53888415
35590154
18566929
13287943
27135972
40720004
21562417
34250462
32848709
68081332
51285792
27714298
25961085
51206502
42700555
63411089
13811924
31954313
67262417
17910907
42796637
56322471
34957049
40835464
24718260
56325106
70481963
18477419
38208393
55226109
29364588
70021464
16673560
14314987
43899944
76422014
18466013
56363302
53953258
22915411
49936638
48338431
55566906
72998234
17718280
43765682
66318602
75783571
10741271
40817782
41923408
65587155
66532296
34368277
43398412
23087802
72277583
36030656
43463924
11729305
62256898
72806231
42216350
66086157
59283895
30621140
47432459
63464379
17505288
23607843
10310840
46475779
36865367
77476495
59998442
32272410
70370619
64681924
45714117
37364115
42958810
43348445
16767888
42471189
47519088
36585607
37469764
43852763
63274153
66502079
17241909
68065423
21870789
12731451
52362246
47067249
51351127
44302027
72706654
54227734
20761843
42877373
28820161
33267235
39515596
55533661
58394553
54852464
22397225
77271580
48968129
48845380
20232647
54270926
77582941
66401366
69058708
32211663
76107845
39529236
43306311
42541974
57283950
38361040
54041312
64788941
18351155
27530672
11209318
38646669
36777223
31608506
32309923
10760853
58369939
42811283
51837111
52044402
38902535
62699571
56794960
60767330
78780396
51964882
59983146
41315184
27977489
75620444
10051200
24944201
23213049
52699522
31698515
22672220
78802775
22318746
74025304
67174643
36661695
48367079
54387046
44983777
58367982
54183672
32135148
72891491
15968476
73755767
67757278
79000198
63349670
26467616
12997784
18922594
43558649
17732981
43474849
22636371
31736662
74470157
33149774
63925132
33230401
77001111
53554110
24242771
65966367
68663068
28551964
49470291
50498353
65410868
11941108
53523027
35676461
12640979
24199793
63556334
31664162
12291491
79358025
52736951
46482199
71717392
68381019
61311123
26847074
48595442
40618380
54379067
79843456
78104132
49200945
36161729
10537158
62333560
20210950
25736756
61960426
74472473
33203204
51093915
33221345
59142594
37349520
21019985
20333053
39162279
74948103
74106532
68004999
49341278
10866203
46057130
51581878
72853413
75405649
13492489
58279874
54599577
42776826
66012971
79561869
45792658
15635243
60725286
53576928
21686778
12391949
17052678
41332969
56397175
48171134
51320109
60162288
27586021
57837643
39490685
38116792
51205684
54900085
24060846
61283549
73074535
65467338
38849605
32840935
39122835
37361874
14580091
72974660
13141821
23157298
54432835
36973467
26314034
21506499
60461636
12898798
67237924
68638654
69236979
44515160
54340137
73569553
17823630
28493798
28380618
46552592
39891265
11266201
31601357
13505246
75027128
42701355
22239449
54912136
40748550
32938240
38095174
50386909
25556958
31045508
53626890
17579776
68511540
10434854
37115177
74981504
19422414
72650100
79899350
48212680
54571823
13312496
69206912
24770454
65629072
35095357
48956967
42725407
61689273
13095918
78519247
38021060
21282939
49401447
73760531
63737603
74111279
55582012
61557435
31380939
10289502
34008494
61865471
36614917
56284754
70755348
62913060
34224515
54754364
43024781
64627719
26752796
49031614
38324842
79588703
11979202
40544137
67135885
50147286
13256891
44267116
63988408
68935846
74815719
58786770
63049580
38068324
43756084
11996847
56304659
26867079
17419308
43220535
76991319
50434868
31092046
59079494
40240640
68717322
75470038
47891418
46259953
60246387
56856962
57091067
11539934
57859944
34596274
41317286
36249169
56867520
76439240
41714781
63920254
30471294
27212035
44809723
23245817
27553893
42809815
26863952
67773243
71279481
69632019
31901610
76890563
27076886
24998213
22764121
79494764
16426590
41549112
75588250
55886042
14247441
59134876
58513384
52889235
31467052
15632411
50464066
28254743
29551601
46580902
22747220
61918611
17016011
79920066
69871543
43521355
12078021
25824058
71768275
77365966
13615846
16748512
52405232
43890901
18379631
66455290
22140387
63494163
68591779
67459344
10366727
44100298
29497861
67085009
74792698
13431563
23585653
11011660
75403912
12582937
30574216
56882209
43780932
24035116
39774473
43332721
13190282
31786445
51583233
33592103
39769788
26986628
56361964
57280235
57483152
57756828
78201643
36555693
21174818
25845099
47549838
34231835
78061300
77051355
49356787
14861845
28032348
76232349
20497098
13387774
39606558
59567378
73661908
41227357
17146207
26302223
56333922
67524310
55146383
69376628
20286153
57846384
18659177
17853913
26887453
21239155
11697353
78008962
79412682
42478008
56142145
65832909
31885757
55344991
27628372
66918432
61356970
42533442
17726592
25917033
44534732
30671423
79368487
65305316
49719568
19885288
29104592
41715640
19140656
21227094
77626902
58270723
55857189
25242137
12056544
25096901
40219686
73860989
36730861
72557042
55859657
66273567
75831971
22473962
77621991
63367411
12684091
70430812
55023803
57512184
51982127
38683874
58050056
45339561
61097224
18537455
27462926
33719905
60847464
46998070
20271768
76961991
78106967
16717253
55900856
42854857
55655606
68572232
22902000
37421262
67698118
16705275
22111497
76677909
14463726
28592089
79225280
75171181
21494124
67526425
77812915
32174303
26517063
75457367
72509788
37020330
30520980
10596989
76240758
35517400
74716052
49939487
45215878
30391467
66953399
22693229
19289972
29210372
53680511
43895466
49430116
49015331
19762375
16300983
17826013
74610125
68791256
26090057
43758273
75729710
65242712
22500014
33796248
41381948
12615592
25701121
14414729
39238035
49295431
46766677
59398038
70330000
75593557
69659926
20091977
65267556
19164839
78977260
21225303
66156448
55683232
47265998
25789560
14705792
28675822
23751102
79808347
71750878
56853977
42583354
44855112
14524329
76845886
10339876
62323438
76435964
50452921
33235390
76832156
24659648
38683783
37047643
75472431
58666192
62527880
58345509
21416439
39019259
52808408
54132447
31654704
73744219
65636748
23368899
13227749
59095322
29842851
10865911
36017079
53017347
19904273
32063819
56169074
39181186
55229609
41045135
61153789
12296044
60181891
19662933
14934988
60131683
69814149
57429346
25257412
60971469
72963459
19478877
52185521
62629258
36361160
50051471
59961081
18051930
24799831
72400641
45552984
65739570
55565748
37725490
21340997
48911960
56441153
32969528
76388590
65648136
42376334
17390661
70570491
77153828
60314884
58440474
56223132
40388315
40755093
23517193
58589333
58654214
58177039
60231109
52826218
40423827
54313899
66234824
72454734
16122010
66408835
18655324
11103776
12468281
37225109
68866222
10718174
66404581
69510726
78002025
70055764
61007003
42719295
23507488
42234055
71995020
64163009
31958713
26068975
30512465
29067171
45130022
16407966
23695383
75607632
66652340
79700324
32089614
24065814
52725282
24216598
69718015
32396632
76719526
27006046
62134397
53490849
44576070
16508749
49793013
63316104
15190089
32037405
72426464
25802993
37584230
28505436
50777846
58833178
14118216
48587705
69429921
68014409
16895650
18509042
56799579
74447749
44739778
73286406
48422676
56807810
64457977
49220495
26152224
21460479
53959867
17517079
64707900
79066349
62213448
71344977
63614743
59819811
26658940
70524867
76980547
54073759
24959226
28454569
42213859
18223011
60166758
63904629
38323479
73658136
18598835
18733239
55735601
51619310
28084783
69294600
77591462
79683277
66542936
52318363
40325224
73657747
23517806
23617968
31810729
33379509
40717196
55632386
53559743
33586404
25315195
17358675
31518536
10387374
59421365
75759532
71657059
62730184
68881900
30992367
55874499
57260218
33346531
78495169
70566589
22508658
13911789
64763266
23531976
30793553
29324924
68592280
48946645
32932204
18869797
24384851
79350500
58050909
58123720
62284348
52395754
79776634
64993689
11004565
71664004
25547632
23729507
45229226
12608246
53822543
37912855
35548656
37028120
19645266
68716036
25003180
78565975
58924554
36106619
63813018
49002418
48175357
19702313
66977596
45429413
42055934
23096917
73780750
14704952
76229110
34384243
23913476
33327147
53897279
53502143
73328025
30059530
31890299
44568987
61195426
17954503
27749807
71798245
10085621
63459730
20549137
52564409
76483524
53242028
68118390
69626397
50705975
24603831
65688348
59143718
77945067
15019186
71537717
74735886
55908732
42456174
51546530
35671457
47139262
66950319
14314592
54345690
76862789
77229523
63799763
12452601
46151542
72959553
26736105
35503695
61724643
76242913
23180969
65818105
20547340
66309651
54698681
26656700
35806336
26295015
58261477
41395499
18583123
22174514
36479471
33456216
41411946
12301671
47701809
28503177
38317294
74493505
11379966
61219412
11845494
38313157
69904549
38500633
32731329
31963123
24202219
10996913
49357716
15122196
77157807
78825475
76799766
39291428
48308856
49923389
64790317
28177845
44721021
59701775
62017129
46078661
53718107
70542545
30872102
66162361
44117917
30280440
75087931
39101782
38733555
62326276
70386481
40709962
10262756
77814428
66600323
27170242
22617843
65617184
47572432
37957971
30146973
58788572
41075297
57731129
72538344
32529745
46731980
47741075
26011541
43894507
62273246
64302782
22493865
21762355
28100375
37129642
43598546
50405753
31577335
75838970
74313561
17000106
35985693
38918425
40184669
25670158
27869530
35638868
13248063
45911245
72889915
36113365
38795821
34366251
78983047
74916111
21005572
26087629
25753867
41461112
60967260
28139191
55536916
56847940
26574286
30586654
56395636
61807480
28443626
60710300
29730346
72657038
28391373
60303982
47829764
15108108
63439701
28253198
23783782
46534261
20019116
72606672
39561859
39125259
42288272
44570621
72179967
68624759
51832222
10580263
46934843
11146829
31911114
29129783
49942072
35593057
16221794
35068712
11527643
23865622
29682651
13078044
35477211
14566419
72141450
77578629
75401587
41882601
23528352
39740561
64630820
42471226
14909291
35705495
30523434
18852877
27063527
29837396
18262176
57419652
28336044
55342123
10745155
73861635
54770673
36572708
52478936
51585134
76367104
31013708
24484972
14876493
43224723
46881431
12472988
52010463
42542671
25345685
78057505
79353952
25073859
69065489
48013444
33185540
11955577
54381460
76756461
22402956
69708389
14052291
58371182
24629877
35651431
66107870
67771704
39867670
49192325
78515208
42676832
48957953
15614914
50663225
14018545
12440077
19243010
31857545
54526749
72544385
28548543
36069033
48457124
50980570
35662568
63224300
38797810
53509883
71963152
35954649
55972359
22893012
52468460
44497213
53827542
36860886
52335025
38604070
77832424
45612081
48588687
10554932
61683448
71251145
23937947
35021524
69497801
31125530
16532696
16604020
39487273
73967930
34102463
41810195
73281262
75765796
12442810
20407321
22173819
41046102
53590014
58171191
13136540
12849169
26175264
30416052
33270564
30968618
67038556
28022284
75249361
47392024
16439616
40493502
72815664
77982782
13651743
36992307
49861925
33891105
75966469
73633834
75536368
57345404
45522062
29596113
43068097
37635343
52872943
75171669
27067105
48880831
25718262
48841068
32537619
45033834
53558313
66385674
17581786
65019088
78911269
16893719
31106217
55858606
40066917
28467669
56483746
71224026
75166478
53142115
78655483
23497866
37767602
15951606
47263086
32082275
36088189
41481355
73132571
13359394
55522272
28908392
30073996
24021830
21754981
59066609
34797814
65108037
26886652
31195456
28185681
72329711
69651392
38765963
16320241
33568947
21192282
29722355
39127865
65835012
34240472
55764270
66480084
34008031
67807215
50248742
42646650
24674389
63334183
64351260
22134997
36899146
11497771
22455848
12210666
71306177
12341966
60471155
43471393
78550303
17325409
61064323
70321808
64649952
45958447
32387238
33633060
67308048
61146669
32149061
31818545
40464464
55320544
22687848
12250526
44443341
43384042
75483101
13134675
76288998
51507045
59397765
48481216
45743163
38408788
19035349
45161974
35297555
33998400
20227980
54040789
16151193
13533926
49498049
40040607
61285730
13425496
48600656
77924485
22922153
16138024
57772481
25271778
22371713
17331614
47770534
48045706
70230555
18014693
59859180
50964926
67832415
44150634
16675161
10095287
32116777
11965976
28718888
40395145
26410927
16053675
55487976
74731923
43894495
67475700
15916870
22822147
61139693
77017126
16379621
39022364
75004083
10445089
34843042
11766512
65897157
45547831
54688882
10338879
62323972
49471229
26888227
39490302
45958863
55965427
25292697
35565860
75010387
36178281
51983953
52430936
76245298
75139895
59221672
32018181
31708439
51796029
64298595
26210702
75972383
32772020
48819189
21619025
13897464
63025129
52628648
35007661
58077801
18258819
11649021
49774570
75124789
31549329
33326060
39956998
33500652
56689463
77428808
24920119
70070689
54236852
70537486
67608227
63286421
65312036
54089847
53496292
36073852
19562460
33090794
32194612
30498911
45922575
24746887
27338110
66019548
56737749
48983989
21236516
50083789
27874629
76816619
34915562
26449591
42740619
60173043
25312605
60054804
18853119
71979912
56794750
15592239
65116538
44132046
53351666
19808817
68565109
21602003
69405771
19160204
44529626
36712546
17250375
67347393
12405287
27271736
60078600
35862102
15574326
37566353
18121990
58116862
20747864
22886831
48604664
19877550
61446903
57516023
60939298
70543171
34571825
78622360
63725372
61082683
74659427
36158815
64095428
54384783
14800148
27900091
60242037
16462186
36102276
18829751
23851492
59202195
42335851
20945330
16958576
30446371
34436928
28324196
56384353
52399836
28170962
26662803
68835171
13018338
66664278
40287063
30363505
60669083
74947106
27842001
33429185
23706012
16919973
75311685
73966352
68961943
74932481
57637045
53283674
21048706
42125805
26851912
12518430
34806248
34304221
60143782
45724423
49466514
48758743
72621183
22034670
72242008
62858483
65084799
52917302
52329760
33560507
25131837
73621414
25600839
77325478
55765123
79590941
28791342
11723541
32040622
39275796
60566750
11537716
63411152
53917964
62913707
44699597
71562299
13525563
68180958
74264302
13430119
12434832
44862706
48909246
72323438
18078623
53916436
59472867
23802585
68903581
65780910
28625086
53390194
56775226
63827892
58320068
20686839
72066403
38722079
62741821
67282517
51553950
18796565
49015306
61862734
50597898
17011571
65373603
20217293
26033868
42191443
33216357
63672643
76882146
30303262
38461935
71271584
73842698
16985967
14295658
16109707
47811789
74273475
15380698
64043764
39040512
15230919
79824144
66761321
68629352
67132847
54147986
79312089
47204299
63128187
66624701
18447454
45988174
49508515
55389642
40327525
41938427
43877737
43710760
30024102
19247409
33188524
61610512
51895737
32489653
10520234
25445989
54252387
17989087
59945304
30628217
62198738
25961067
50345720
40313073
16278485
55030577
73531735
73709654
40416743
13746765
10804388
62245620
48830821
58479329
36801699
77336161
38296854
57087230
71975990
76335827
42433610
74005853
23886869
39832458
49066226
40342202
31574282
48837792
40648273
31049672
11231943
29235739
65328949
34313207
27356887
27348671
78310110
42941560
62462194
63152621
38095648
31085388
72182480
26740020
17323387
14220649
19311960
16178591
10465409
61696645
68789276
29831902
66488630
25379897
38605948
25012392
44298858
21038172
48114649
39992969
11145813
63453157
48482633
56045693
40278828
62868744
19188874
46365712
59366487
13124785
24901476
18417745
34169842
78606557
46411127
62957181
42311228
64742893
30572764
31967203
16356158
28408750
58154278
45350988
57470715
39541108
53730895
50898953
25511146
53125306
29315273
16297305
13007248
16926466
54085781
37297045
33788910
29217707
64037950
71847245
79875894
10303960
20457605
57199874
63816586
59819828
37896723
15961855
64176224
58305963
79953996
73494443
49580632
46724225
40431703
57163026
51024268
78896149
17250090
54022500
63991561
41044736
56564847
38989608
50748019
72543295
23760988
18666630
29363088
71448916
50616946
37824679
26144711
45653283
28016346
35414032
36666999
44121578
34903612
24735267
33286259
28699772
11132095
26645744
12085292
18459683
78830323
36777374
75900541
61402380
48544678
54975255
65032475
69737210
29638481
68880155
57677652
36039030
45595443
45084651
23104879
48388414
25324174
55177246
60292372
21144447
54333237
76323942
60550760
79030165
68008359
14151911
56739741
39844170
29029612
14312922
34958250
16830078
36858563
37014623
56527700
70882073
42062933
63766685
15940030
24518096
34780979
65975962
56957672
29211699
12032312
76011734
76524053
64970433
27270179
64300636
74169715
64761189
64024851
24199399
12160939
27381560
61360934
37021457
18781089
48786505
21877490
79401591
34645031
48001351
54844397
51588497
53071865
38938567
39054954
61951910
54807902
51739872
11261457
24258559
47476219
18530855
51579817
22155516
29882983
22458786
79259035
29852452
56482229
38575813
34869415
76251436
27986198
79500462
73690819
15477357
65541793
74269205
75041303
11046600
79354236
19266193
23931438
55621416
65908432
15860411
15054149
46152908
10421163
10826576
55216196
64431641
45892181
57219212
48067144
23985760
16732277
54535034
56700729
56225177
53305733
33038116
32809830
17275762
28040360
35474632
73884279
13010852
71875941
28746965
58875516
37955072
10450184
29698759
33770671
78231650
13453233
26317278
67402653
77724372
37861861
61304449
37394587
44639277
36868458
17417651
73229792
14907668
48909267
15875219
46204853
44541695
10756371
61219960
18040201
41853207
70169164
48327396
34157631
71004470
71584727
21205575
76097168
56776957
11907568
79853869
57865305
18027357
67313328
76979044
47886829
15880378
50506084
29692504
31481903
27751277
36477001
47662213
51600952
28956621
68609122
43748939
33452046
59508205
35420885
43368722
24929875
28150072
72326058
78594196
69608440
32938727
52526515
31225487
55715872
59305191
74162664
54604299
21068089
63296723
68970549
52451855
22749137
20612348
68553582
23979688
78439937
78307565
61000777
61936698
67874785
23060526
49482037
22257141
50101039
10741754
49827602
27452624
51837879
37185866
41299625
62957051
27255566
52602061
73007020
16290567
56322397
72331099
32200541
25628800
47295524
16065358
63034493
44268854
17594954
35286333
69036736
44631215
52235691
43943533
26912317
59260278
66937142
41362277
27990242
55937730
60866585
23725512
54334231
62306562
72210008
68149212
40724440
10760250
18225183
26515825
24011743
24138009
21978568
30390378
47851778
53566688
60902520
45358339
51557309
70737510
76039965
47026860
16594379
42472021
69336808
45925391
69207777
21898276
70074047
50940726
53547607
31785989
69939177
60728076
21633021
76945792
25412781
31946378
79526121
27693290
47558340
63841083
18598464
48762309
17936154
49533950
65842406
57270868
64385516
67437316
44125617
57485368
62476663
12505324
56630399
46332341
39376146
58553460
43184849
46196230
13171440
41478250
70236196
63033843
63787433
51447335
57892171
61912176
40087922
18118639
76284229
39953139
34443391
59169908
61277643
66634756
77574505
28719287
72964022
28485293
48680376
33573098
16637994
17106517
20051020
48996319
63248208
58735566
66596140
78945118
10006418
70814621
30327685
79056589
44814149
65095423
48855828
28577352
56231258
45180966
42930311
50760048
21861910
70106127
68304253
52364042
62630754
33659551
62391091
62907226
24960086
26649388
71217168
22299703
30928901
64132522
52344699
12406352
13757514
69070488
36917133
60148311
51674553
27648962
66878045
67260189
77225575
20250149
14766132
40840798
29731454
50798560
10462503
15224648
33732574
29396431
21960986
23433615
70179239
42716541
31593143
11030875
74405325
34227934
65709335
47210384
62103782
78904316
21047919
42198111
29822545
75737407
79254397
71133388
52546902
23148012
20623987
21859846
58837162
71698183
72088054
38326731
25408439
21047313
19336048
75716730
53231064
65576918
60893440
66420890
46469166
73400470
37068866
36334608
70588821
71679709
25611662
34318205
37051052
24472628
34050215
52921941
12092679
62506855
49067621
47143178
28943269
67040636
72124116
19043512
57395501
22932310
60239772
29213455
63348149
36236084
13187875
14330621
13933339
61173572
10027220
56928471
57483853
60523718
70795852
60024142
15288303
65772204
78837452
53446554
57696525
46927582
75276484
11822657
12035344
32146529
31822480
57691548
68080664
77425872
18597102
21234903
65828367
63900202
31229047
14684055
33844665
70350960
52146833
28728983
16144232
33301947
36208787
48814289
61072246
72233110
63922055
50781532
15108544
55762920
16142828
40512047
17150458
13957554
40299105
27025503
42898466
50905535
76151954
44294039
44840734
20936675
11552210
31960665
59841089
54148267
79516809
34461748
54412436
28653991
35545050
16422421
29129916
61160048
62871266
40922686
10313063
34547113
57727138
20632982
40070222
56110157
22581639
52604616
40548413
73777489
34378941
52731881
43515831
69981995
59563962
39640737
29795980
29179612
65005504
70589000
71413430
41615416
18963693
50623444
23281049
14952686
20265696
25153911
43495823
63115025
39977051
63251458
72686088
52361314
32864791
15012395
29063085
48766524
42122419
24706594
37975403
30471070
25795885
69866156
45152405
31521528
57394072
64823233
57424979
73828745
36631816
50420481
73463932
12269909
65343174
66179330
58084124
13542142
18609456
57196694
64178270
54909169
68900416
16769795
45784438
54429162
39090130
40177797
25066744
59983989
23630301
35683933
21412017
49986333
53995289
19139103
63137167
11367693
67163252
18204927
30689199
63253266
41239490
11369984
47930452
76992232
33242951
44225994
39018552
64148987
36966179
18502540
22897120
26504140
17692697
63139907
25802461
18345012
68150160
23334942
19055030
70274995
59597263
55026701
22297511
34556240
21759406
14918295
33070886
46709367
42713319
77910038
61968528
67855465
59987228
40631599
33693646
45458544
56763329
13234977
27767821
47916424
28509347
53960045
34926744
54833157
11164185
53796800
52456468
34929420
57779259
63219713
79047459
57357354
55228906
48022284
56927365
48597896
25109473
37611709
12687900
75272343
38562796
35004112
14817075
71214465
56625267
61791947
27162544
68514488
79368071
13931997
60947639
68100202
17619435
44206582
48890173
55306214
55961723
15731750
19444670
54479478
60231782
36586063
44844549
15690308
42270334
50531302
76251891
42818491
29005075
73479606
73994721
36212693
63707160
11404574
35672730
13974314
22806837
28124674
39433694
78913667
25191683
78378490
34212133
35139455
32958508
29985361
19029188
68668906
49417855
12428595
77416320
56171022
49564850
55318897
19285557
58100892
59957107
48483272
51029278
47224452
20267935
70556866
53349511
33638480
64694736
26343211
44438197
24081606
23941319
69877333
61363063
54586364
55484876
14707917
14993324
66098065
50514693
11030008
21677957
10599333
55444623
38069218
72564661
50650270
16944766
40600706
47257097
60260994
55390512
13323500
10892256
16681535
35845824
77703452
15003424
25901421
66839329
76986081
13670568
19616113
47400371
24490946
61371233
63893301
53138605
14012185
72804703
25501484
75402443
66029847
32999475
26584933
14165372
37973785
10684292
22829377
54240059
56605147
38234049
25844722
64163508
13196858
27960483
37215183
12729607
76214244
68404058
48952699
51882210
57497394
69067882
31513417
43130240
56406841
17976848
23743137
35189025
42023516
18358966
47993903
16032735
22292191
17853858
18390342
40730875
60186401
47366406
50178515
54459209
62293576
46661752
46655023
26571303
77483549
25308440
47587166
35603487
57401903
21432070
15004226
79260817
24833384
61376523
55376980
56079251
38326153
16309891
12103837
28866144
58200257
61844732
65833487
37373313
31224883
45552898
52155386
43225416
28365233
21399687
28137754
22833646
77762199
51668022
10724872
67720762
31257389
29403799
63265458
38611521
19763394
74283658
34249338
56239068
24409931
26578259
74953215
63387394
67469272
44411757
16098063
36379839
15547504
12350803
46680509
30316364
77002885
32281498
52334047
38520145
46220943
59237242
21643592
37436498
30071498
52724377
23833610
29847717
45218878
12001743
26820239
32771188
13132602
65220498
18048762
20521400
45586347
52874573
11297791
73203119
38577276
26742830
37833194
46889413
26216948
52464449
34402316
27194548
66710999
70066170
72026313
48313123
72365327
71098370
18425472
42070011
23961369
19818443
28055219
39702518
22996782
79053207
15286819
47021896
61941701
50240141
40591296
75345856
67915383
69118229
10371008
56378864
36178260
40729752
55422499
57776665
17811894
72230574
78615215
32677907
22057063
11057879
69620956
60540454
79218137
50237522
20661059
70718080
52890838
25370037
67157221
12346025
45727781
55190806
68664557
64305805
66017154
58556113
37841144
30764617
12214311
72830534
42464372
62056271
35710349
25214044
50522448
69166324
67988248
79890606
13814881
20689885
69099958
70197846
31746986
72858541
49263260
23631039
42944513
29264522
45386066
47689480
16304507
25278458
24982433
11493549
16572368
70018244
35433232
36026250
68035345
22580128
53721141
51528358
26190904
31577329
11665768
31814345
36885677
26780708
60801227
19853072
31832202
67073179
29938989
24932548
30487743
18337415
64228187
55314901
76989749
17434639
72145738
64459412
39148875
38109174
25253489
75984735
47697493
59778422
17285420
17241929
50761919
66510725
38844288
45692985
26172394
37143097
17523956
16419185
20924499
40073360
65556323
17131586
16626681
48322501
63182001
17856789
71322088
53422082
23353901
27331864
23608123
18073282
24547484
15368831
31642531
37587980
16346242
71452527
43094397
33004517
71651941
50165626
38879833
49689623
31410067
78563094
21604287
53283958
79447615
31303035
43974243
55245197
59742875
57856360
56157976
43782190
69225838
18189737
54059929
60625580
27631844
20976643
50901500
72464573
57806884
39500255
47431237
50600718
30981817
14166439
15187274
74805695
49353770
23968430
14635279
33470007
75865619
50620107
64380687
43306157
27490096
29454734
18023163
16812681
32728968
18691943
69326607
70870531
46640438
20763093
30965511
66707533
36973091
54220693
79209592
29981718
29419998
27289559
16290271
27375443
19520642
27807520
19227653
42326782
53843328
78574569
64719990
32459511
73790571
27540225
75366705
62160302
52469042
45237566
18076814
79837708
21008472
14298762
12273861
38041793
30795416
74780473
65024934
31812635
47852410
45734945
10661894
22227468
78203247
10695017
44331133
62758158
16084009
24545712
77654851
40667077
26649553
68715546
36226681
69963523
42531967
56781329
19128756
46190557
72192372
70282661
60625186
72919519
29697755
60324272
38335118
19396938
24161349
13890020
74842821
47202815
79145222
72036741
11064025
37968197
56272823
68467168
19124656
12716676
75005523
66246165
55870806
39933671
74744730
57122630
11958622
38123075
74932418
52452868
74195441
61648683
33126280
12231253
77282688
33862507
61876324
25997591
27690673
40699458
43550950
13552063
32999529
71665346
27393775
55466265
10068454
71558477
32685994
62739866
44269849
27535280
20997472
41885532
37247438
55873453
76330698
66856901
13532641
71083956
11597974
22706273
66926620
42994765
47506175
56958670
64433828
75872065
13744866
77954390
77037890
25149342
74442123
31176876
43710441
58076512
74975696
42262107
24078169
10499555
76270634
56995515
54040069
49808603
35793038
14481722
69540568
70851603
57044762
51699833
49754169
74396300
16340219
26861886
68069660
69234073
41000444
47218857
46375953
40002492
65584976
43856021
70299773
33511587
17907455
61496515
68739567
70042662
36100110
53494862
15242069
50348751
44416670
68934232
60854619
39096165
65858240
56453898
50950065
58470008
44016286
51136768
48747585
14470315
38406286
19110090
51173395
32483713
63774452
40654545
45206608
56026533
46117757
28534438
32599425
58882208
59943582
12945023
57877435
19439818
22651940
59954263
26566964
14937205
61982886
75641492
56790598
59940767
16207340
37967024
34621277
49183260
27179165
75032626
33382809
57293869
61835528
22112536
69465288
23234328
51115501
48742432
46892435
35294194
59362474
49724802
64470696
79567923
25922084
30287714
22292875
77952612
44819880
62946232
31701494
35778750
62211708
21582240
22628562
66118830
11746485
31445636
31903056
48730031
52925044
22664782
37640571
63680454
52068557
49093150
12424537
79708624
29383730
45804425
10789263
74177930
23359238
47724930
26706996
22646768
31167328
44632507
43004871
55931830
71501084
69744238
23859675
65859743
49397213
15943035
20019333
24067499
30649487
71282008
10844067
51177134
27158417
46699691
14080202
73929997
75693463
71165650
75636285
33910398
49309729
70025749
49368785
28755166
20939288
58652363
15718782
79133358
68184616
33734025
50607648
17583832
56305243
68850281
59609951
41523212
60774676
53187280
62851306
28548207
51348331
59975321
13507003
13714498
78329108
43496779
42678482
17627472
74781632
62298236
31718322
33994568
51668238
36473698
19047626
18119258
61479151
43307658
74050004
68209079
62753503
62842007
23675157
15049960
28172375
63007020
10021367
76969252
52222260
53953075
59496416
27266303
71903517
44791320
26081617
59139743
45909665
36525171
31707780
40402736
59329385
35200869
39061653
38664424
22891106
12277561
50389629
11563345
70182228
65354481
22239604
42318534
16093581
58333192
31967272
19052005
32596930
57578398
10786897
52801502
28685073
73387508
27993925
63040641
16544191
28777428
40971340
24785453
34447231
45407541
74358065
16977424
45726589
58060299
56258283
46828096
39713929
15019801
66478942
78699260
75497515
11446301
27545844
78430975
23069969
68072151
19641908
59280417
52917203
54908754
24561623
24787804
36066940
37475615
53202655
19395886
49887954
21078406
39953424
17954595
36466901
74610632
62808047
19440589
48441608
35287753
50145250
10262148
61983368
77615854
68410437
11042338
27495509
55809028
42339453
79766407
24758458
19504725
65871818
35562712
48679824
37426868
75728469
78172818
26394958
64002178
71139174
23655121
26196177
25466815
43384379
40404310
21482714
12648414
37170339
55732368
38837588
42659651
74750066
40094983
76209406
16536596
72574466
48425112
46569733
33081401
73940228
47402484
32259540
54682011
28539749
54598568
29792992
18183301
33007381
64879511
44345193
46038031
67367400
74608743
58172730
66881886
61960831
35989156
74017091
57357610
75929300
12112180
40687039
63493161
35421650
34477870
47129159
58813501
46969764
50018136
52455353
68088237
69802396
36328508
11505983
79689655
73530863
76690419
29028789
15068422
42488340
17125817
66050885
73357627
32364852
71621050
67459692
33907344
31821076
63900393
73419857
72284343
78205931
70184061
68579518
61148306
29329399
68350418
48555922
69128995
55710542
37331486
54086516
40467435
23586537
50547324
72099595
58747856
59335549
21210171
26001462
12727257
17573024
39518776
48732209
54138761
75148629
28106986
18254888
30062955
51757639
75847516
17656272
24111240
57237195
46778148
36624651
37449795
67569221
29464455
29374757
38371768
37667017
11645005
37861617
32290471
39839754
22270919
51246447
18558597
68998862
74635210
41082123
50049087
64457720
35343150
11261149
68331327
22079119
43520456
38917053
11725487
59079179
61636685
62395955
72919909
27068760
67793721
71311742
74977213
63816134
50929549
67449563
60505310
41967121
20870541
35514531
52232757
31277433
49121516
41578456
17479029
41999611
57742847
21721531
30744331
44018470
38592010
11354738
61466526
15204394
77311985
52825639
14699689
33848298
60156756
61074221
19315376
68599342
11250387
50646571
34547656
10133599
13189905
60855105
24480784
61553926
33367887
13657855
57937998
45187386
79872677
72502230
43357962
30548442
21549435
12681328
58758587
52779867
71580373
20570907
68589065
52840691
53631048
33550458
10714564
29456072
17471930
56036686
19389571
75105583
33145101
73674153
29211135
26322737
43386186
36734131
27847751
37469270
18747077
69742708
40418625
65567562
26170393
36789003
26229138
47548866
58165487
35229820
55928037
12297825
28328992
23906760
74605526
13157312
11046062
62377787
54831895
14087343
49951756
43439981
22659235
10010330
44480031
35773925
34350977
51974202
66748442
62222794
18026777
39813300
31630227
76701632
73133936
52428474
61019928
72565899
39957690
34011148
71105755
62363856
65908744
47840145
23109098
22367740
59578592
31485386
67742511
44309859
25368019
35195008
51659789
29360033
66974593
68991963
55069676
27252301
50973085
51929176
56994902
38409231
72026631
70043303
58807001
49559710
37500022
75611989
70946406
75935908
58295954
72290186
11401403
75974016
52803443
54316998
65111034
50554259
32734202
18355897
51517580
67012062
66551823
30379439
36709138
25857455
42886886
46909025
11128437
13220630
21162477
63451404
47938695
63498419
74139171
35359345
51892209
49116718
18380780
29219799
34374352
22574926
56399118
15383351
25336322
58435350
63920691
66373196
10783100
26399260
43025267
19356162
35433501
19012802
72667756
70532194
39632616
48501296
13466606
62440839
48302771
62981464
60429345
20365944
20004235
18877792
72520658
16143876
50226017
35674012
74412603
18052327
20729651
75425973
22036057
19219745
54723609
69231195
49622338
75726556
70578426
63117402
72567273
10249145
39430252
24333664
29481151
52814688
31192429
28748225
31812120
27558610
23345181
72349123
57637772
65329738
26535598
48652272
76132008
52275354
51049749
24373564
42916649
13544580
65883630
21698893
46224335
54774985
50176278
19954822
19011612
62599183
64308899
26606986
59787136
44177267
74200221
72896255
31541654
75407658
67634827
23089874
36248188
73619743
76060291
25720772
35452444
19156708
26818277
21727527
34696735
62983462
42636122
29644520
70216173
47932668
56997976
26779539
22304149
43544607
72827294
22387068
58357387
25398010
30356909
68611375
15097390
22777729
22509989
37366322
40630380
21285123
19008565
75695556
21128511
24561317
12248664
26397388
55743129
54955644
39970133
71435400
63874547
12577689
22964289
46263102
15835698
53595397
69265330
11141449
68157943
59245090
11164785
56441976
19473242
50661057
25010037
27286465
55809631
32164601
11278328
73413100
55328114
57089018
47508324
42444677
33127322
21777027
30141691
65665482
51934846
66984633
48741399
25672680
73042641
78380588
59343003
68778424
29502585
30255377
53472283
50155522
24925209
24649533
41909781
10688407
64909246
36500207
73891759
30938354
26284922
22540567
50282165
33797075
39886526
36284595
29212579
10545408
67241240
12184893
48815919
38182746
45586999
16535765
42351831
28391459
43510398
32756983
79846504
69274836
57068483
75556428
22890553
55600860
79805669
49132552
40390181
24331723
44048278
38486515
33549363
39681320
66706020
29051205
28185582
51747126
42456015
79166593
32680988
73836302
34927490
47129694
57972822
38775604
19272938
42460910
14806182
19476063
23496757
68920948
44341544
59297225
21765748
16477867
66962711
55139970
19974387
67657722
13601341
10540782
62628825
67978841
56181909
19675780
67888827
13760673
20679262
32277193
57019590
10275210
64051182
29171967
31262588
23342468
27560271
31959777
42191542
70225024
26314410
70601553
59226878
77245465
74896787
30483505
36703354
53376645
75106626
35990553
58264492
21303993
45870722
14136677
42164517
43864771
35950084
28039809
26888751
19491322
70800046
72679067
74968627
69119154
17569340
55614892
79580166
63151892
62197529
77392654
78275530
15422486
30061742
54808537
55588195
12295403
40241951
65863304
67042355
11598099
70409894
13743125
51842734
79746382
67550390
22186449
26525032
41338744
15207770
18181983
28445333
54387760
34483382
45200191
42497466
21199170
75842530
35243311
73200647
20463087
68135968
42596509
62336777
45977098
71360773
58594409
49066230
66117341
31227135
66945177
28954310
42797337
45058143
32240529
73940289
29556965
15565932
43449852
16263805
66202023
10231598
34832327
69630209
49621136
27102675
60904593
15169917
74837106
65962052
66222458
64505146
61561426
18126969
31556325
45483785
24138101
28684792
76891972
34767983
30015895
10661617
10004420
13676488
43338396
25340449
37766224
38085961
27729097
36355234
39972917
30682072
44665057
55242495
70249129
48587400
30534135
44394530
41283137
69962593
30021246
14651998
74157703
62318603
57385143
61603185
62183649
16243090
37063490
59561228
53516920
51424429
23714904
37474348
16741875
10424226
71279362
43510089
12012554
20762606
24533077
71773406
71158601
45985003
29222220
75318361
51351762
31786505
78664064
13499270
35781875
25945442
70240875
55364561
65387993
62315691
65202662
17594005
70002278
65022788
22058218
58648017
23644988
11370799
64360022
34489688
55599082
14846498
21381428
59075559
21148331
20167875
43075491
61897739
15617402
64795155
71194164
36696363
50916751
46675012
70018061
17324922
63139664
63985902
56372729
34198491
78966562
17493293
25371906
27537370
67852501
44225659
68226008
68097954
15015733
58442226
33814256
73902361
69224665
14118431
48477818
45170035
24039298
63755347
16001151
29349651
30993743
21119307
40076480
69432333
39075370
23320902
38745236
48374100
57205169
77554207
33721812
18127216
11277818
56432783
65418589
16763985
26530112
44998438
34364451
18817570
56326880
27548858
50640040
10057659
66935922
18101349
36282398
16107244
46984661
60815581
42987546
74508754
14160231
65932852
30607220
32694185
22103991
72542065
42892397
26445304
10274203
19958439
33909656
73210148
17995948
37230537
50723810
23338908
21778568
64694102
37496427
59638062
13685964
32859188
45767680
46031951
44569536
72304178
33378411
72266150
45301037
23169601
58039864
34367846
22049774
75864241
42389366
32469516
61539874
32256143
20564582
63188263
33170562
16099110
48607160
41837668
75633639
56390548
64166966
48344661
49964902
72471872
52851072
72007380
65716067
79484725
65612490
25135286
57689366
33289509
46157199
48444463
79950820
40704830
35835318
69611015
35075460
27960301
10848168
11997528
43828772
28443754
12437486
44013815
76726465
63934992
15731084
71130729
60930416
53671501
34781334
69983928
52305450
76349495
34013299
61507892
47573370
60349132
40599754
64293075
54312642
72289968
18727799
27258367
11833599
31621437
59065202
50323230
34319960
56620797
67784522
44854076
24183928
19296118
12217530
43107059
79982388
72207880
14982550
61862176
49125893
38310098
19043638
45954667
39783457
78999907
27144994
17030657
75951385
12064335
35185638
79978896
32610356
11182109
38446496
31010207
16724990
28032291
71951587
45683765
44119226
37190190
30299013
48952502
37316729
11685167
65356560
28955603
29736611
44106154
40093313
27060397
55378351
31845222
41073610
14824498
60466863
25251286
58905953
55488062
59712820
51141996
72024777
12686660
13815807
61925073
59207135
25975439
30860282
10622183
13591138
50959850
25816666
44768667
42679838
29920459
62146768
73625679
40591293
11239397
29616229
78782124
19728173
24777620
55394432
16474269
61286665
67887363
44935240
12213262
79536376
65164932
40243393
63835588
60212751
61940476
58606715
46871223
65233183
73884210
21066743
10779074
34988906
32802340
22755397
76971518
17025568
58905835
26521372
48580629
52108105
37325634
37741492
11527089
44727824
45771205
75192448
30214130
26546751
38594650
14538963
20712030
77742623
13402125
12043021
78597840
54088038
13442084
17767880
55909777
52872254
49095951
56287899
21225223
43869168
34271531
51148578
17272707
29691685
19121754
47426630
79793185
50610329
36378440
12220437
13540437
58832019
41924344
24743647
64210800
17973662
55508743
58778309
35080306
30523789
34147275
11208390
24791410
29871068
67293431
30905375
51937633
76097990
32543922
50041686
17926558
58515082
68335709
23899700
27103560
26417347
28876421
76746363
52797571
59716983
14467662
39701851
71964199
12136635
11164984
35641362
51783004
60842844
50068554
77549501
72455431
67601783
58101098
48040333
60569218
45571932
17976949
18939392
41483232
37839283
43246103
33062907
37451610
58072299
79007452
45760169
74143488
62257900
34846911
33633120
38825557
74588595
23348628
22212232
53225401
60536902
49765452
79718251
14904166
25879289
65165492
45268600
73052723
74948211
34518370
22121498
55113635
58705631
41908664
18688547
67238873
60496148
61693846
75170555
36215352
12436604
68389016
19303807
73355784
48502095
70645421
28619995
30848659
69986229
69721790
32334939
35124778
79684161
39502737
21494399
57827492
74116867
18485430
50225342
57882151
27399748
41991055
66684375
35318401
76624020
28835180
26576461
19889419
71470258
75106700
14034182
44438482
51683191
41141262
58594437
40901778
70052466
10748861
66884903
77045728
41641918
66126857
74586604
33754705
71845261
49958512
49694624
48440693
34600532
22158590
13422630
24954325
24623242
15510531
28824040
74923252
51348697
48614710
24684437
78645767
14704161
35509467
67593110
55927837
42758648
24704777
57458855
66440473
61669098
38321270
23046868
31015292
42045566
40684983
35205663
42980708
10402879
42570393
53463455
38989451
16931506
44082141
46634224
78739709
34252593
67736976
15273853
39633863
70374910
65434173
51502552
47665717
19432558
63863817
77437100
50882221
39773051
37792136
65418050
76059096
37147530
21519305
35763780
34047553
46885871
62415710
62850461
71275491
59968185
18901456
45312770
14035404
10997519
47983655
44848578
53141724
62537158
51837331
59400740
27983820
51124274
23855124
40188184
68357414
49800694
63475413
71364673
33315231
72013434
26865153
50992732
51517976
10505970
10021708
68862731
39644940
26106230
28735593
33330390
63004593
41617914
48947851
17313790
51657613
47243419
33145128
25256646
72046183
33698865
36569581
16984485
41954414
62524816
76229966
15956152
18807495
44324719
19711899
12133273
50620318
70746424
61340125
41753243
66532529
24997701
73848806
42257320
58398647
75029870
44896589
36615740
75444607
73977710
48419114
41852552
63471252
15647390
72290353
63947155
61778871
75112392
23348206
37692671
49860877
24591822
62093691
69719820
53688823
53103601
75378093
55078158
39663682
68614413
62050536
67109912
78672795
60702843
74705472
49659168
76343678
11125159
73639068
40403472
63606291
28275879
14196416
19077132
53160171
18679165
40751263
40351766
65511506
20987786
17357176
25383792
14448900
48681352
64067832
68301386
58008137
57847925
44455403
47050484
11986432
16829156
34066280
41324767
24393308
47252529
21710236
33118585
39871653
40563277
14874382
16032788
14309698
57041273
36173257
54971214
30285923
76057219
53976038
35960523
30382553
28410877
25844529
50086172
21756652
42465379
61153175
51193104
60832219
15942923
71155700
45947267
13600572
57093328
23274283
74314964
71656421
44925963
33044195
12894038
29613641
62434746
22855241
40499531
47094745
48584110
26982619
67335767
56872200
63931377
66621445
60588805
26500907
43807775
58037221
75227943
11035740
40653516
16431371
32860923
41375779
79690637
24706405
36891860
55129720
65113285
19175494
14303920
64169801
11566535
21504002
71123713
42314757
36978324
62440785
13905735
73744779
36512499
51795485
19883389
21912651
68834347
22303125
45127072
76200791
47795858
60543889
18356862
43543055
54341554
64730126
44698212
48931114
38981190
10074523
54160580
70443888
23866262
70884852
35152065
65346723
47689717
64314695
72080320
51471795
53201230
11130547
13397795
62731493
14574697
27502209
54477668
64028997
75868809
45895844
53644648
26244586
79229175
72847744
79157272
10854183
70396819
43852384
32305023
38101158
45876177
13511374
72193207
59135313
11047733
23103311
13590898
40401857
34907673
35496106
24448702
45206839
58444803
79728099
33137460
65409619
52025496
29787577
55510358
13010680
36731143
35876638
40185404
31544442
74323205
40269438
26068561
77657172
60417059
18015734
13431304
59124180
65479375
76310222
36024245
36844930
50310147
65251929
51114754
60711785
27441914
52510019
21936645
32344204
40119181
15225887
12539164
44036875
27431932
44743225
69351044
32880242
79524519
12843556
65094943
21452086
55754961
67515099
28707183
35685396
33151273
19320227
40216107
67698542
66051448
13970800
73968829
66785510
69491052
71336277
51406979
70534169
76888262
17130062
62820732
60783503
75764043
20540335
14367278
17695272
17698906
12944047
56960772
21561427
20907096
29763740
44309816
41798826
46581172
71841386
49201406
41831581
65335548
14469936
67297048
21351482
13678518
21826897
34924044
50255273
25311778
26317053
76177637
71957175
54353819
50673698
43142735
23055593
66875432
33438069
66776819
29299619
25120372
17384652
76187165
61623358
42509355
34697929
69179212
11582666
35396599
26995518
78384552
49937405
39915891
48358461
57893709
56898573
37078173
32910690
47126469
78822462
17689016
27918568
43243519
18130861
43546619
58393421
63932714
58293420
54152107
10071692
33235634
57478684
63536944
66906413
38117147
40727218
32456828
24437445
69548063
72652765
57939911
32234363
24701954
31806878
41777068
42860759
60679778
56928288
79387147
68340781
17427464
37350149
79856299
46921326
30539051
72493184
51398738
45479103
10174724
76162433
48201230
14705032
59811426
48333204
76035769
24305742
14633448
27261055
16649273
10668438
67549580
26193083
67024460
31755977
52803924
56208105
51495707
61585987
28010804
32184324
37556306
32885567
42469910
59064430
72923745
22385259
57585306
74669026
56435197
26353032
65865238
27489426
69163198
44080869
49689056
38998305
13328526
77775024
35167027
64395027
74415256
16833178
76230944
47109358
43552226
23929424
63106290
64383767
65396824
44250848
29468230
16734579
48624903
13553772
37700732
31022593
53486085
61023525
62039340
67540750
54614694
35826415
33078395
35595556
18088008
21548125
72532137
39526471
27400142
64582190
26652055
73634473
59128903
72825658
68285081
68958989
45129824
16136604
14837592
46323863
73395478
49711676
45368601
45446398
50215413
33365820
18937362
10124250
62856940
13767801
33096794
39911610
34422683
37705029
10081739
69829275
19119990
14228639
34352477
74712084
69785923
52191705
22667717
58445797
63430059
46659811
61066978
23801425
70946239
48483937
59221352
74374857
71166931
78007683
25711034
33826353
17208743
10551378
72221037
45690640
66018945
42898484
47348409
43039654
19069508
19143171
74314611
34458485
36263836
14678339
51044450
31118375
15749907
65185716
14189174
72408045
51381046
54815613
63088352
12193771
49090098
14245088
69994548
76131606
35520358
35356682
16160368
72557453
36129977
51455693
25943732
24127583
16983222
47626896
56188934
18078587
50839319
50080182
60210960
49981301
53193265
71248701
28763240
