19805410
53611791
78678008
72644175
70764857
43510783
22245036
51974528
33027461
38406987
60023137
69116066
76870521
70621112
57081672
73063988
21585680
41842880
56040864
44446070
12239283
59784512
56694729
26152178
53707597
27989761
55765500
75068036
31796832
42749892
68999743
25670478
29551066
35562833
54479036
28136197
23942378
24656599
53152393
46820854
38765267
37424158
22260379
53972692
41245338
72021449
65937932
39701648
57909987
15921319
55540846
68940087
48505135
52472907
17962775
15757391
74730230
18090346
66163218
18743687
46810806
15046189
33680715
60969347
77958763
12248761
63993665
32561537
33743964
56475226
51791528
68261637
56670044
18804613
76864217
39718177
69159589
76525719
59881818
28303404
77814676
12055788
29505315
15982098
61099585
52049783
72719531
12151306
76607998
19393996
47426414
78086500
69718488
14579941
59217314
26003012
31436353
14200463
31471282
69416047
78729711
43256624
26159191
13537259
49866302
51562501
38110471
49948358
24506080
44594563
14100414
51562026
68291521
41389186
64001731
45844083
62733579
20683496
16181080
28332836
39642994
78379989
30648517
24617889
16734460
34162577
56692979
24983411
60105558
63547502
54918434
32202674
44517556
59921248
14837679
23044471
23338256
59071982
57447958
55853776
72332094
46784835
76830102
21354964
12882989
38045940
59738879
60544224
56140409
54689834
51880349
36332295
32354841
16671202
69403119
27518950
68505520
19627055
75739874
22849687
56858310
37736674
56992010
62051099
61126890
14093483
67617847
17035167
38224401
21696525
72388380
47956425
18604267
51405416
24003451
53444688
39728641
77240464
34174602
32992650
76005469
71180202
59090290
13080821
20195866
58620799
52038489
24949962
18018727
18902350
44993281
14941582
47106155
17156716
67931244
11813608
75826454
46821097
79710246
48435615
74444109
45405759
14286733
43740429
47637996
53673126
60882703
31724032
74196199
77333216
46210691
45786011
30274829
71785971
16795116
75003518
71399564
27700168
56602773
26567058
37658049
76098135
26661924
43331848
41879221
18870398
67705701
17070501
47296402
64314937
38124870
43045490
56784567
61675684
31994398
62449796
35535827
42414989
39916425
58620230
52826804
10148844
50049655
25055930
78711767
20841062
63769405
44572199
60549669
70664712
54063125
28204251
70712006
22252929
12976341
46044838
36781222
29370351
32205148
68183924
54412075
28285785
36947807
17417009
68421712
51421652
30896592
43249424
40527744
61672588
51449256
25337122
18245695
47504658
53808775
53489156
33632672
14907126
15922533
17009321
71428830
75059204
28138749
32400669
45145074
63378681
56388271
32591331
13674323
67275229
44712211
69475121
52923286
17661831
46432834
33120723
32320530
63962566
32661709
32814706
62415906
52265432
44923594
13984359
22840978
33222297
33211756
37757814
75760942
60129675
33860474
75401084
32478824
14259313
75649633
33933228
37516245
77515911
24713566
62428956
10188306
33413128
77615924
65798871
46390663
61779364
39020902
44698209
50139552
54145975
32014380
32191163
68817895
20418245
31729576
14890312
27197035
69013654
54099791
18123003
77173816
36719705
68434520
19462538
26364460
16202258
77802389
19422135
25058329
58333808
76926011
33952128
32877489
30477023
30520149
24160567
14342779
68418089
77075532
14948639
57752966
67576363
73259339
14567999
16848464
36417898
12029560
70214600
45525808
12068603
14290780
51396450
29232183
21013749
23741204
11959335
24063990
41107531
15668285
31050329
48745391
33851797
11259443
41960434
34371983
39508428
28694969
35430658
20739972
72636640
45928987
23043175
36285587
50115291
64211251
50125855
14864978
10475887
54725425
24459958
75951592
13354585
51401273
26451300
71973073
46401200
33986000
78647902
27624885
40712303
51196465
19190179
75143322
61597129
25096776
70100657
20377574
38111911
30345275
73180866
42375333
20299849
42802917
75881184
21913159
45796216
69289709
35142564
35547095
33991857
36694383
20383548
47416322
76271369
69235279
74633674
62221687
75210489
76095264
16754404
15171753
58163316
12801786
27343568
37003401
23041255
77077831
18664444
71994207
16028840
56390937
53653793
54206504
15871074
63953670
33893106
48746756
49951324
41002388
53835716
28275229
30405242
66426920
20471554
36321564
63246948
30007701
70928232
61351638
19379823
70253464
19287663
77805277
41822753
35716339
41349294
24159530
15639735
59760989
45659218
21615882
46279452
24507579
28483157
78028795
10206468
71226504
66032136
44570903
30809626
18862904
66833405
28360798
73326975
62262618
27335531
15271237
28699984
33395563
32772719
34682619
51136797
13133267
19035277
76895536
49241680
68294158
31676766
54273990
49633624
28896523
19500496
61215576
53133956
13792847
50659977
50385667
56778369
41546388
56444957
11291606
33687240
77279411
47621301
57752643
12457075
62729965
40268018
69201617
57729855
34147345
72901562
43618145
55720227
56917874
63767242
16701536
57953178
38534893
54532811
79711041
68364573
72931612
56740005
60288551
45116601
55960285
76020539
20284220
75587686
52038130
69629624
72277142
51626146
57761246
17681500
65703734
53592932
16918018
34840062
68122795
26575901
42984026
57176368
24158893
52764050
43308887
62755239
35191002
60715028
10829797
70229625
71653481
32208895
59704352
57962805
38661394
42501693
34985989
76868643
74445524
55236029
42629418
50379914
73197847
30685108
21562222
58807609
56096129
28060961
30118364
18021853
74807753
30794100
64162983
49721568
30093821
30060213
61171366
71506917
39818231
27954886
36709033
71585736
10259645
56925757
10433333
10094593
60739018
74793545
12739433
37790970
46751464
47842918
17138965
57431976
32604800
26853142
64361968
67038070
36575368
28407529
15826285
61782200
50178726
78421296
53582438
32263652
68002562
55840948
63905727
74355206
68582547
72677560
42499761
37319740
14578590
18388577
36391540
24077943
39355368
52681900
70024148
53206784
55414677
77389047
72709558
39747605
21226105
53155801
46280782
52189547
18143076
43156790
58111929
51373111
10389113
42273226
62018241
68650112
57481901
24620025
51478098
79895801
28230166
52861785
47995718
13216440
33442479
10580367
29915043
52784835
78511516
68564634
42018643
35460311
27588546
59391651
26258564
71072836
69901886
59465618
26678590
47401706
52674166
19202042
20346159
54220015
77138419
45781168
59120773
51727451
36210467
30290640
53715032
71543404
54642457
75752167
46954972
72481446
28818275
61491271
31775127
43842073
70236956
72962991
56256262
13747288
43365171
52302358
63682718
76205818
46920324
25647501
55350098
30710263
58644113
32944825
52212423
38354049
48397884
43243433
55121440
46051501
27374900
76396644
61417243
13528867
60407202
17708862
61279504
65088400
67783587
14794814
69435733
25664658
60145942
61127799
71308821
49775875
50755766
27918309
55523066
79091363
35606277
73627621
21452391
60885660
46135018
75610437
65395248
19206978
76520845
62567687
74333237
23471311
57236411
52251744
13544448
24062721
43335022
63981877
25718726
71238728
65176344
20965093
69943672
25228412
34455629
35407673
49824325
67557585
47670675
36787450
16418090
21717941
63570885
55217089
14507768
68026819
43969798
16733959
25603329
43803265
24861195
70649824
53974817
67598744
28564438
46740521
26148864
34660818
23657957
27552647
68101795
59040419
15478722
76094378
27509136
17783266
54729399
35265477
58682790
29075474
17337909
49309804
18763021
14196786
58706284
77789807
25570245
67364743
72454920
37773424
59035244
21791341
41965613
40339154
26710169
66862501
67735458
61820448
20390839
20406210
15332374
13102858
47481841
32333693
21099642
59725655
27547371
36375463
59531150
17536477
63528506
73282965
12095902
20507957
35210899
18506774
68899821
72016719
23096306
49301496
13103346
19120410
64402405
10575985
10075185
68422058
67378325
63089443
60965327
75418484
37995271
34257185
21841307
79794256
33121393
37270480
12995427
79538248
13396285
22451457
16354824
68756729
37135051
59653809
76236887
23407228
14943554
33643060
11907411
34331980
41514109
35738577
46440786
30844126
17869154
15902414
33614435
37385875
77681078
64158673
35489207
15816301
16746350
79696701
22554435
62126921
21670012
63826914
15409837
71197028
58235378
47297966
40892637
42082993
21626413
54612219
66707583
78226306
10728985
60692909
49299745
75298727
28438043
37338117
55622679
23688640
59164731
48939376
15006112
14417953
78405773
40453041
24303381
54040205
57596354
56605677
22367602
48582156
56803308
49508188
57800500
76997099
18952836
35909850
28673338
70408749
32131801
66970764
14443758
58933179
18771154
57741711
75425169
12674404
16487254
79068200
32116225
12965348
26453052
40722602
48295176
18800763
62767634
44731154
27029092
46925906
75830400
33772383
76448960
73490183
33139390
18062489
40215751
10980566
12603618
46642603
47101843
17249427
67098820
55334068
19133721
31810358
19687399
36983019
54054140
52246496
49840568
66155466
67842967
28510144
65920227
44947460
20278222
71076346
71851218
26600289
33141180
51625994
63356778
11205150
44360092
53188871
59927455
69770544
64978581
72946028
68165929
51648420
24966579
64216816
27976573
55031732
70920959
75578696
31602694
41701924
40828463
65124723
52964022
55771165
58139662
55429249
47650468
76044030
12990957
68741379
40318141
71794740
42464367
77164724
52416957
52679675
63524926
19443974
21495549
41730904
79968078
14888554
53635019
52661217
64169189
78200862
44104843
69850012
52528619
21777141
23798502
71414342
10488225
73865768
16927145
23502480
17315160
15101989
48668643
69899128
31052193
79411694
67981278
24026065
69132720
20189693
48339731
68905387
42974674
75441202
55609306
66388341
60921434
25104707
29966347
75842794
21684071
50533848
55936198
73297824
60111120
55204662
51817338
33462925
53629218
78449826
28651870
70751432
38891982
23959723
31917365
57801327
50766832
16086850
47982879
64675766
19672586
55892533
52066353
60741123
77224812
61653265
22451920
15676274
49335725
61494729
43490752
48882649
53497700
18936539
44699049
26009309
67445431
45570591
65608709
19176744
60803726
35986729
64522448
39948223
75840751
74201770
72271741
61495592
54461173
55969997
48368326
28960111
57984746
47265225
68671030
65063779
53636077
26990938
61033170
69387112
27268232
37521873
61409995
46521774
13497673
58125891
70986332
73385788
49794736
65007720
26278655
37506779
66727558
70595543
45305701
35341538
10087764
21452171
52958502
62228325
75299430
56601600
30064185
56326848
14067037
77556999
56711349
72351388
44278029
34698553
79320539
31997905
37207169
28915768
68968889
73311579
23124466
77394462
69283552
23196284
34734090
45011427
12669717
52066091
12290381
59809162
58551358
41671149
31746690
65820381
42541036
51900086
66414047
46095292
58321599
37087654
32368046
36009214
67144359
60820697
18720063
30209232
38906609
24140974
75074038
12681990
72214084
34611954
36501793
28789639
13367948
36651794
40651078
26144123
47506482
13356569
69148266
17925391
20485256
46383173
28238146
34530772
29128819
64751253
76325279
24158611
41190604
72467015
44255328
60211730
51837289
44625660
28182060
15737622
10055711
44401864
38558796
35896629
18775911
54797195
54179468
25565009
78969823
23370424
24646248
74576605
24260404
30968911
23946680
76632111
65847549
75786371
14334710
34699376
12746060
78768932
29481640
25421566
22852084
22736658
71250771
68773801
31421685
41185303
57919851
17045502
13741618
59649715
63351110
33411238
34563807
67142377
30802737
62153322
49150874
75327620
46127307
16158042
77165579
16775690
69997749
35919871
38947208
23906603
54213482
76287933
33663046
69781625
46654769
37481989
18051856
65653620
65187152
27266501
62363393
76529379
34523193
13240226
29661188
12992471
66612022
15922654
51834662
27336021
61049532
15485340
12058799
31376950
22983529
15045845
50248918
47539670
34697939
41666691
34331943
11084702
69674608
68899188
67325191
28172354
36630221
34777370
14353902
27410886
23522185
27975942
25967085
12170495
20919369
33775689
41395585
48093260
48953025
63823431
10377688
65786486
67738567
63721505
67995686
48059882
49710339
10946472
68780871
51642270
66746769
42799659
22410225
13077436
73262732
74023264
71658730
78447057
42619556
15111860
48008909
15001368
41374265
55678267
59278387
56847441
34766672
70969510
40604017
37591384
38105023
19639835
76246045
10936011
10825252
66198282
64498333
78480198
42742961
77816783
66844161
44306667
13513210
48586303
44817079
16179698
69204439
74597877
51349698
20068693
66584788
50774781
76116147
25148112
75628442
67917370
35654867
78105145
78318950
30754082
49726738
33189809
10136908
76880348
52580136
37380325
11385669
54675404
57340737
53881734
48692070
26160932
54213252
58142893
47888989
72700169
57437752
71323524
40248676
13976448
78008046
30297100
21344026
25113217
79905355
11961973
21795416
61616609
70322925
38654541
55563247
50787705
45988851
52209669
74712267
18840163
27739365
10632125
61147513
36797594
16248178
25471397
13564266
23603228
17020483
20776956
28418961
19343587
26501627
59435402
59010599
31174020
53679347
78355444
15617516
44141416
58994072
23081246
29417957
20202183
35726502
78393036
56824888
43110925
69899689
55159243
57375403
47217307
10924199
40474067
28225114
44097179
67200109
73287491
51545525
36140043
46895020
26729031
66787029
30864184
35247216
49680504
30812746
72588608
29347546
32168561
23934085
61145855
71444963
52033623
11917054
69780537
56678267
59467434
63614827
13552447
54937724
63594868
68269894
10718791
60386327
61272565
28941427
55717881
63225120
71559892
51559450
78401822
64990053
60919117
12660749
14841608
60279562
21783599
17106753
73962517
56691958
43149753
61250092
32185071
68323623
63285581
12006125
72958735
13935408
66579697
62975613
30432423
49361645
21322128
59762124
36503429
26404294
24903336
40845954
45366388
69813992
59414672
27050022
50325827
64467505
39432777
10810784
18636059
66883374
50014644
29996907
19426209
46631524
17998953
28682631
34994286
55623047
70526844
46264287
15797531
68955179
76780282
69574093
16366289
31424740
18193036
49209473
59026765
50627201
50631864
66473609
17054039
48314627
45740260
77313989
47093101
33421670
55957945
47806661
70514187
68250563
74537829
38740719
77398365
62358710
16970728
67020939
67780909
36304237
29540129
41146754
51292921
57735587
61582612
67115926
57585420
67693315
28279433
46684861
36440493
68874113
41406452
45240944
18321844
61480019
23136779
54130303
64893255
30265585
26455534
56906810
68289620
41703231
34515066
54110075
34669864
57156343
43949238
72038354
19324892
39353869
17513353
48867440
73571563
52300961
71050783
23536510
49174828
52276083
59439944
14718455
60744809
30723118
26339662
67466749
10083524
43488212
22847017
20709459
25168331
10492068
58683269
46824722
71694575
10591488
39063602
22632861
29404540
16920088
36817527
42699215
26339534
63410535
15297697
58408799
47549725
79054444
44724612
13325646
35719717
10133835
72174922
79826194
54383654
19345842
41823680
75118221
53651703
33452556
28459918
52143622
17657903
50574736
27074113
41044623
16972801
23319633
60386312
60987273
52297529
29506948
76132062
24512212
35525336
69066585
78082427
13977528
78838099
44935492
17974376
36358103
78704444
27988786
27418346
22323539
69654152
58708483
40085257
75566658
53695706
75679455
61843774
65270941
20831605
71036845
15256326
51897595
28632427
62970321
78255399
39448305
72899274
67068953
23455505
35273370
58992056
33188166
10257213
48889546
34218363
18013108
74101996
46650797
63831612
49313653
22018602
62415792
75719481
65854932
50775219
77250906
27229931
74624118
68146053
32129395
54783377
40821228
58382040
51481978
51125341
42743531
15956421
79000277
27077765
17749436
28097442
40328279
75223403
48652030
32581613
73430727
44528620
63117660
18306471
70669539
60110461
13967307
45092734
31643432
43772340
50895787
44133460
63364782
17810406
32762119
77056892
73000900
30849027
41500294
54560988
30917778
14540776
47956190
51165715
35104030
76974652
12037528
21355086
55664415
52597667
19746168
34635985
68350454
41118430
52301577
50719351
39906591
32821764
71357808
27275323
55254156
50578707
34264567
51058027
77682697
55320046
58510290
16618134
61026753
14301949
32316169
65097086
65469568
38416099
31496215
48369054
28353482
22762279
11431980
54547575
33103547
68293742
13400027
23532008
65489572
33314325
16387923
65745468
18684642
30066181
51295157
55996322
15686229
11503933
78333175
73701240
77242314
62359150
22909272
36087150
69987625
43809872
32741489
64749940
56841387
63352954
22107779
33929795
35456251
56837009
27241324
74018160
65062908
48688077
50032352
72457179
36268036
72600843
40239402
13599423
46970072
28137602
53852144
27586739
72156277
50671336
10595631
37806763
53071637
71684015
45765238
71856418
72339882
20362039
43623135
57999054
45940768
66920943
60617498
54397586
59306622
62879267
45520209
17218863
28505726
34664540
69693331
12467035
28312003
36758117
20791685
41071812
15730347
27685451
11071193
12446251
31514267
41221608
56182837
65572239
65197322
17463319
49735378
45581552
68243189
26795916
10343157
77978809
66302209
41332352
69697639
42082916
52600831
26383865
79567884
25114836
69374804
31522107
39768164
76297312
22077352
50752387
16919685
59965404
24406877
52878850
20538706
39773089
65027534
75544589
21093947
38281268
18329939
19447388
27025789
10752562
21633287
24969731
42142932
69865340
32688072
43841770
49862511
26402859
51471225
52004704
49078813
23615824
40911738
45016674
21414681
12723787
27031830
49600480
44091887
71724462
51395671
77887234
51607774
30481564
69908802
67531606
65518267
76784072
61301143
71458038
65343422
59305884
70018829
79620574
29202687
28785756
31292307
67301549
30647381
32840322
10776912
11708985
69635947
12756890
60226749
33762740
31027968
48115745
72131143
49653525
31804178
17075404
58360297
30408943
67334570
63829662
51879062
54063609
68059685
23049347
29622388
53544322
32217912
47263250
49203604
32401871
17951935
52695269
31463280
60221201
18298633
63661166
10345350
30338799
72192298
76261206
42447958
49730649
53201959
10776714
77425847
77104903
36929406
19161695
65073065
27433888
31231474
20751083
15087829
70406155
20553881
15996844
61568635
36902747
35020970
76695048
72635445
76837693
66525245
21371910
77178692
39085967
78661844
64474515
41591747
40405863
16148358
44572627
65068620
19503909
13137413
19442161
52406051
79925945
22712821
44197517
78623172
37771560
76993367
41892061
55695962
22810057
75766229
70017765
33700849
69161722
55596839
26821201
11776945
69638532
52260249
17609715
40617724
77908153
79891879
28766474
47107545
41010027
24530734
75463333
71967980
68060187
52528381
31679888
41905724
16978122
10053463
63543341
40791452
35575497
59194729
63055299
68447151
21733819
34361989
12024813
33559187
52526041
13400307
61597646
77129995
43109326
44637746
13851242
37010748
41477526
22580831
21477263
17643978
15769392
23150111
14591910
72796932
34017517
54274588
26552919
15229857
69651663
24143026
76776060
26290576
78268307
23430684
39685845
78241835
33527157
42410400
33227215
70312855
35855494
71011527
42834575
52242283
44018128
55841798
75710537
43254622
36046792
55872548
12797614
10592909
55278165
62362592
27611944
38988058
18277098
78655164
58870155
55160282
65818410
48055537
49368682
67932100
43549907
36573655
52594252
60699816
24640784
19554665
16901750
24789185
49296258
76656000
33412711
26948483
16741381
39996084
69891094
45346767
69840538
51241084
28676247
46382996
44782850
17913947
35300005
62848593
26963180
66734931
52995040
50137125
76619689
74603584
71005541
38092468
73550395
61088360
28971890
14280850
17199018
17459699
78529726
33726613
69630350
49322349
79975100
41274621
79487601
73936684
64042766
25159123
54689635
22865536
44419179
39842010
56921836
67557181
48010656
37565499
22446131
29260982
45871541
20203376
71943011
12917809
37381564
60942454
74560013
34132891
45467263
23128298
38513897
62120177
13589222
74245525
42890805
45076084
14647443
68131755
49235334
12718225
30933339
66853650
55310077
17077557
70811525
40379902
30652106
33080368
38416203
28294365
44911651
61067106
73715093
78544393
43588614
49452322
55312317
65938461
66438168
44199907
26762819
45137590
23555788
67726750
37545023
13348319
21849104
10503752
38268468
10297884
11211229
43763705
48153402
15890241
37866277
18645549
33215420
67489793
16940895
18481800
67345361
54726661
21833217
64352830
10226233
68912350
10037351
55418245
70565110
51827246
56013717
20427146
10980456
68755895
40112291
17401848
75262850
53757486
78102887
24563708
43298679
73423491
58109251
14649040
79529669
74394039
66721730
74702975
58643186
13094605
20224818
38193260
64793533
77366188
55434068
62062966
56227874
38583521
30309130
64362414
56721315
73681507
10317639
69235944
72689096
55452407
73970099
58172233
47576090
49790732
73884784
66135240
39381245
26106706
22848153
11499581
39946885
78329788
70241483
34280453
70919124
67310044
11396271
35853788
15455625
56417031
19017069
17193818
30680198
20727259
27809469
22389233
79158950
44018074
47795347
45790342
75022982
17313796
43482528
79165783
71284760
28017482
69204462
17184217
41339740
44944266
63370780
40457478
72641420
67968557
23090385
40555917
28945364
65009266
49593171
47366046
37135794
32752810
25123917
76366260
41459843
27637656
51895611
69532338
56120919
61156087
66799973
71977558
54750823
48278923
65717282
29100194
62785620
61683652
41096854
16242934
77432414
41497330
62132535
52445597
16424274
32357188
32634036
21262867
62246571
70321449
55229268
58722463
59684790
60130259
68118308
17209678
64304975
70794475
78703136
34337852
23450203
32558284
18444069
70064058
13189186
60350085
45306501
47741276
46368116
43974122
76521832
11682134
66827137
61075905
69118434
62123595
70762104
73800967
47075010
63897676
47673274
46284395
33928984
13678077
67951765
55987360
31542686
35947598
41089876
35664391
37573536
24732945
73032255
53721271
12369569
10035325
42440955
36647508
27967694
51890700
68905507
15927607
43379164
27402604
56299007
47984638
28858622
73683966
69082478
66133041
74902510
22611335
71465896
15645826
72043476
64300187
10220093
68570632
43731192
57099833
43848439
72579841
60397775
37450990
51339063
46668089
51607541
54946659
51219837
18131667
65233703
12391843
64053190
58401019
37709147
21765791
60073330
70539144
41273679
67179510
14157363
65719658
19140533
72825043
51011593
53063952
60722964
41866046
70648420
44388449
22828806
76332990
24470405
68627142
27249907
10078453
64737953
67143180
36309835
39064131
45997748
31895774
17891104
36526792
49171542
41556808
58979529
57202828
44892919
20923230
27073456
39377023
50926639
41268784
74582077
60309543
43779452
34023122
69334543
53618809
60327457
46839445
36268082
24227414
40955870
53671690
50960227
59366546
14922642
70167080
75055994
17355336
16466654
18140871
35486663
38704039
43894974
45027967
69676995
70009696
59857740
22638774
31637320
28066214
62790711
21184329
27221351
26711717
31071781
33875451
12329900
66150444
66000755
30701421
52595528
16310277
52423362
78863162
14510460
73805092
46425626
50812674
57804603
10453449
42718776
78845054
49375295
56605693
45580707
61358329
66214618
74456073
36235588
66250270
39764726
21716685
64059606
21338024
34957395
73818344
19701075
58329881
62882090
23077517
40748742
49144660
79546767
75861711
22045713
55244969
30860918
13845500
69055171
59033272
36006466
79932914
14261678
62171351
38416166
39216910
79462840
76796836
66551192
35128327
37233937
74015793
56225018
17293735
29912080
59024700
70696990
26592112
20092431
34454403
11968429
20428297
10603657
45932672
58094728
30404269
62764027
11427212
25690134
44466058
24078293
14801129
36204503
70016673
50134111
42289017
27200386
65104557
76856606
21145249
45805786
27139063
18350878
38605140
52610854
29794956
10031436
78145153
51055220
44510788
43174471
31222039
37674501
25425258
42087429
61636528
18493603
30265230
67314341
56952458
77274437
67211832
14464323
37183662
59280934
79347425
57076472
46238579
70514405
43408408
47144005
38431107
49297118
59732182
24973932
41502636
11994948
30509097
71755151
20407322
63252530
24097064
38082181
43663355
57907511
21191851
54131985
35132133
61326312
16693343
44769790
45457457
42585972
63623023
70696684
75519906
37614847
23392568
55837816
62255408
11231230
30336877
51008410
31421056
12272832
43207729
46286971
34602667
41364668
38323678
33727414
62086667
32419265
35624173
33270107
13466168
55373056
61285954
54215837
15970874
24614342
77857033
74371459
52225130
75239165
29204744
49516372
35445317
33271024
36177303
79067308
37819535
27610665
64415367
18173845
48028530
67657881
65401626
59385494
16798702
26317161
44538550
63713385
27721840
28547337
33219699
59656490
43015119
24639477
33525301
57980580
36204857
69172061
25621607
43639368
40528775
25504412
36277773
68468995
19578281
61537879
54061634
67134331
49516978
36664684
34701313
14427808
17246740
18553814
24181987
59712285
75469175
54442718
21453302
70652060
61752233
56795741
33321899
53440741
73713802
28103799
59871718
46887845
51435954
41714098
15035007
48794881
43188588
77432937
33927223
76429648
38700240
69933087
73256338
56550911
52426255
19265127
38803919
44883183
67793516
38586606
28015094
41857630
14632982
74331319
21567820
25724157
29555623
37431920
25567969
73889678
43569602
44694596
61622991
68959014
13071103
70764193
78890821
34937121
44753810
43246759
79426480
69794796
17785729
18899767
73391575
33097952
70337828
34491761
14337057
51501427
32574925
33952040
21786395
12048457
69943839
75659741
11999912
27835997
45180712
78305340
44905969
13973030
52017075
79594886
28364609
21166875
54010214
13122514
22476724
30238659
73645638
26764599
56261340
69439335
55443621
20814453
12423482
52171158
77143016
43931804
41013088
77256864
51255177
78410803
74580121
47623264
18014948
15262108
40156685
17093929
12697836
61530328
65572530
27409688
47610400
59804434
34807177
47067553
20542346
36806983
33448571
69469968
68450428
27268287
69202527
33099146
11133708
59812922
46197681
52458218
18098099
42286696
59938722
46931059
73379862
22933072
49476959
45450777
12620204
78075195
57903318
28892859
47448012
53340091
49518692
47672558
58559319
66136945
26579406
30578158
67494836
39303436
17800035
26289612
38327351
25884038
52107360
21818457
52832823
30081592
59292984
26676149
43437639
24182087
75079424
67863577
66302677
45821675
65237649
52011831
36864451
23909438
13481246
73767735
78621151
69705329
48051510
14086594
25024509
23952986
60088099
78366806
51855659
31224347
61238198
19753483
34597343
42052054
41157497
26791786
28539731
67146158
52512690
24428933
16961697
71496878
60628961
56398562
46795258
46835857
49744978
46050543
18817014
50059952
69186149
71470252
74728761
41037106
22712493
35519334
41270811
63347416
16644730
68570672
13393814
47250053
37582851
71099940
79535971
72179290
10448695
73745433
40686786
79647774
69630306
35897294
59925396
46109441
54275428
24502085
43557810
11303549
65792397
11318556
64781897
19857532
28222182
41959435
37094468
56840064
15492416
15878052
59080796
46107323
50137276
51687507
35585434
47786845
35269048
29984568
67051303
18362031
17522113
24267439
60541204
49937894
47560505
54372686
68323017
40246023
51773599
10785415
37491432
33213914
71504499
11250976
30757392
75841581
61083878
70400033
73216155
62513591
66923968
43836513
46425062
39726564
24222621
17803333
61898436
15756974
15386285
77241577
56750794
30151227
42975527
34568502
43833798
68928074
68629073
67562802
60428358
63726017
41578967
21990153
32450769
35685605
17404348
12640271
17684497
66460135
71366643
56089594
70641793
57786291
27064072
42738092
64648390
55220884
46948606
30320471
26426358
32502483
17015783
45176137
18667286
22706042
61383949
23466705
14828639
30005533
25824177
12298199
40369203
14426706
30906519
11637105
24076839
38741973
64710650
23565725
68066006
75360860
39916553
49937727
74919244
33138987
18563340
73420548
78015487
43162384
77837901
15784837
32050973
63229185
65093517
56144318
37614466
22500307
22754164
46901347
10254948
43822749
31845925
62410659
50002480
11517505
49754122
71596053
59793239
31250536
35729158
72610224
43106065
15018286
54206332
55869585
57173428
14465579
59517817
65909599
19876467
66551019
39214322
63731619
53277928
68734072
23133319
26040895
33834539
27515891
74468130
40012635
67869848
67385778
23231141
70335010
27338132
68440285
13816178
21839378
71967922
76325659
66654101
70244715
54822199
40625472
67838774
18410668
60090226
10302843
79800420
14067948
57441821
66108880
26167670
47924080
17383261
77735845
14616072
75258370
16302031
51464060
38282222
17927497
66229372
15493638
33944369
40927468
62487821
43018445
60144933
11116415
65387615
19575769
53915232
21635003
34699538
27410831
55048993
62368515
33991775
20706825
40393514
40169673
61190107
18147020
13197457
11128427
33866272
44686610
77863467
41061700
71835808
41054422
23300011
31129939
33141005
38765229
49938857
33297001
26568714
47478242
69658495
76242712
40516111
56954882
39544828
32624004
20771257
23597040
60770363
76706944
14579045
25438253
26449359
48498284
23355039
25291211
14694667
32924750
33060940
31841664
60357487
37006171
37882004
32285984
69629543
33981958
73309013
52359645
62394157
14833132
26291421
16653355
66368783
25955305
30359386
56423811
57783649
18134164
29689583
55395089
21545458
64084506
24228270
55783188
75677826
27776789
47691301
75482948
29116236
61445056
45617813
27631558
15714166
27953389
19069441
19890589
18999248
26783521
26878220
66659776
27300916
46446040
19904609
45423922
63824371
59681758
56906121
59383784
20271273
53628377
52437635
19466789
17331161
49898299
47030729
37190570
71911921
38455112
26774892
49744401
57258905
44572062
33913739
73314558
27792292
54915279
66490992
16482010
42282597
39765921
18188949
60281341
30711754
60980576
31675210
57942526
46033153
68140777
29714570
63734256
76128631
56164186
71689864
26506465
29900517
36157342
50827649
53164397
62770361
21070537
38590387
11099683
56837898
55742391
16605432
50313402
71773244
40729224
78980900
42755526
16313805
10767856
75413480
13412855
22496384
10685028
10389542
15895414
68138925
43356611
11527214
41769085
69902978
47470838
70957524
42606394
42242741
45287271
77454186
13521541
74569193
29301540
23937314
34149889
59887847
53602209
60894582
71043376
37048622
14640590
16818118
56251756
54846314
14502526
42119857
42846649
75103880
22092912
45941869
20149617
52950042
79623612
55003649
19863832
41127420
74055071
14690967
63515917
27875218
69091631
61913841
47936758
21681535
29910502
26973732
43469614
24543174
66588557
22033248
11047921
32062854
31920300
52125282
24289948
10303091
40247015
38634460
40094845
21627326
47800621
48822375
31104671
30733375
70184737
16633493
71299955
78864130
57375194
68800846
39894562
79505195
24474937
75121355
59423736
21799355
44030079
40108859
30537310
43535160
38560079
33978105
35355943
24885586
29030914
31266653
49729742
61711715
54722778
69256435
42105075
79919098
19912004
57269365
63890551
36204430
40183922
56804178
13258021
68538012
77053469
72237410
77581070
36603316
16253008
61137942
25993048
37758239
15161632
31039335
54797287
41836652
73267192
25033332
76682995
23708875
48001544
48298029
51166761
71571402
48897591
13558418
44972015
71618077
21081138
73747649
68950508
61778101
38844706
60028481
54711370
64528401
54023926
37937739
77105831
14708278
42215256
49160871
62144663
51765984
69489869
17633499
14106426
35021599
60567199
25421182
25911806
64908679
29228420
28359865
60782399
53271991
36921351
72552362
24969691
26496721
27385327
47382211
52136874
36891094
28895862
54029393
19839989
53128022
69530673
64461526
62525173
19805301
70606528
31281629
21908213
66311480
75533702
52674889
59478116
25542894
48882487
23936064
29088307
52556502
15964796
48682549
55887127
32661449
41829120
10157957
51933473
19580026
76971483
18419620
43980547
27275741
64564629
40089787
46027611
30699873
22899481
56596245
21262120
67020604
62570654
54447204
68188028
73794659
35681110
11100404
36408233
24233302
79072668
76304612
53531994
32620737
40107027
64735264
40518338
41683740
15606002
41139914
48756428
46243247
41885099
28386179
64558999
50270532
31094913
64117309
13951331
71730578
39939008
73251944
50740354
18791061
75746103
33467341
30410658
18833287
69616431
44377265
61163530
54367168
20716861
74961725
67983175
33547352
16652639
20535335
55599223
53191245
67981422
61130579
54681296
48032537
73096633
16253390
21804429
53199712
20846195
67450285
22754042
23681274
62364337
43304494
14815567
49386414
74078503
66960803
49144344
29886081
71117302
33368101
10344726
63811483
63067148
67230134
48047905
63537852
70668305
32715788
70150382
53985899
23836081
41695194
77612239
68487484
74059470
43391183
71804460
22095995
70194581
63382187
68429993
46653190
11914266
31587484
25480480
59673281
13466490
39224132
55246813
44224365
71771189
13610830
75409701
66544837
74992568
17931947
65603983
33568587
37894004
73209673
49386793
29771878
50532150
66376573
16832806
35033678
72319972
70571474
43815309
19065253
39117932
61749825
10446383
35187006
72711963
31306484
44110282
62388368
67174272
27997776
22135500
36910302
71351762
40356817
46651742
74796492
26220284
28178909
35218733
64348631
20954661
56893724
39123030
36578312
49608787
72395421
68234524
13629966
49317928
63305240
36422584
29223139
59602716
21599771
51251613
41323853
40995257
27760590
34142279
65938456
64623308
72425015
29870325
56494778
64893149
25703880
71481113
10430949
25673859
43916243
25329497
48253271
76457954
27485909
63533814
45334583
71283450
29975011
49010550
14448282
63939224
49068904
50171517
75440633
37744799
51906618
45777089
24649344
69680236
52832405
57317112
75589792
38805625
20859538
66279793
73984358
27506262
56478352
75491808
69796056
19585343
18176692
29912259
31689267
62099055
72315946
79537999
70899147
25205810
61687496
13181963
21136062
62094167
17871737
75623663
68013692
39450516
28201028
22813569
56745051
63752731
44117977
78249427
69962516
50334561
52223160
38485940
64323634
68731045
58709940
39480365
54662149
39284711
63274829
28190652
16051334
64868984
49453198
35413156
29916563
62122714
78859891
63954894
66838091
34363468
63028557
47784725
73750058
65194845
67329339
33604415
11771378
63612287
42301802
52103777
70167658
48438679
76195555
72125830
19118603
20584716
72915837
78608088
26872775
30075531
59631759
55232812
58846532
31831641
24336119
12668003
66103042
33360483
44606642
51140389
70040793
43515524
66500355
54218478
38977121
54831696
41367049
71612572
10841158
18986619
66278888
18947325
55576311
73464100
19720162
69786824
63369351
24453862
21701409
32603811
41268295
15740104
14222986
59314079
66197073
65177626
43350658
52499667
39193703
69939488
32175554
35062457
50575493
40933948
17606551
40243274
31413377
60629057
75406925
78029306
61251801
63000948
72504924
55561341
65649352
24193272
68691918
55834702
72116898
12507234
45043775
46559784
61246555
44409487
62488352
33231239
17590146
28073770
26971945
62481394
78299600
56210355
19005657
63431118
44594623
62543900
57615244
22692862
20630710
41510189
26808206
56789597
38380468
24907533
77701669
36893165
31833655
58542291
29207518
15955277
40859897
74971141
25166544
31425895
62980866
75893233
63646655
46118744
74864343
57008255
47271737
73488882
30971154
62727489
43063218
50268431
16275525
17198559
10709308
66186687
76728390
17364310
69695758
10457391
18810882
58030986
58425363
48470160
55363705
35920660
25811157
61350105
30180245
58049528
66485197
75070962
46152883
79486262
66849349
75236511
40891457
65926272
57218124
40290413
46603487
47551269
14197415
73117508
54770369
24126881
56798286
10314968
37193961
73775455
75660321
71053935
37189527
25006528
53200784
36629138
71244254
51702608
16818413
23155695
52595570
10099820
37463853
61111592
11960563
51725612
44780715
29793768
57207499
37918594
38509227
30451093
79099072
54192944
43963504
42127270
60628547
47235969
59684283
27342386
33155993
12082159
19979610
19517573
72645533
69066070
37127229
14981870
17502326
70362186
24070989
47816897
16395824
65342441
37596938
50581621
26402628
71185637
13651723
11091551
36478438
41206561
29080123
42623301
38221054
67001622
73310035
29619222
50055296
10486759
26631834
18914779
38212716
15076980
52693490
38025898
70715935
42306112
63533387
60799375
49073821
44078990
38156216
20382802
12777162
61787400
71451319
66294595
61980654
14599556
48002604
43871664
26801109
17958434
41476398
43635531
77268045
47502170
22212426
35705979
30709205
35717540
14750831
35551537
65976121
28539696
19218472
45410594
15597112
41970650
10650232
32323413
53221048
10181945
39853620
10920697
40110275
47182653
32485245
71853655
31703125
23500560
37462591
43933161
50842798
47461227
34508018
32235516
66422836
26475853
10386002
18125957
58321713
62045309
58952562
66653744
59088186
25559756
47355002
70416667
10215456
15543473
70449044
30656768
75071500
70504447
25399941
61944714
27482038
10464182
31643937
45634569
76395292
72013250
40258149
41696525
66849193
33730811
52923089
13255031
70043156
55526127
60566201
35396866
24658036
44899879
43705701
35233962
34812293
75175243
68864427
70083105
12198376
25634368
43889303
73020843
51460923
44135838
35349494
17489577
52272036
57168748
21581313
61068125
68445132
24493734
70263652
17390797
72741025
57173539
54420463
72848901
48620879
77127574
25786456
43516877
51559600
44679379
34318909
69331414
23870343
79664966
77195421
76674250
20636692
64753931
46945672
26262840
40984450
59056468
14172298
30291488
74777849
25428944
73657218
77179771
66788340
44719774
19848285
39535638
19817517
54884494
49248186
22070295
24288274
36544653
75064032
41656932
43658048
44092524
54352731
19105692
66222472
75711978
19845274
23593830
49662094
75943102
59475919
59448022
55595708
69911801
62235089
39954682
20481971
39145372
12096583
38578557
15556221
77954792
56854350
31087841
75897383
77822015
19566171
10816633
36998022
35342720
24108318
51163011
68188795
64109324
66937520
78207828
18418903
47436385
12269824
57379249
24519658
79439040
35283575
60984379
47757872
77120942
71194308
46823794
16142206
31658491
10502277
55572515
43115919
63000736
74862795
67802860
52201909
79486727
36278912
63590032
54670066
15425053
10233841
27612757
17019345
14319955
36731308
16321776
30318662
76905816
63709079
36199155
68237008
14994646
33484496
14886733
13451991
78036078
13533212
30186776
35319046
51489975
58161476
41979152
37937794
44317920
30349079
50789366
58781839
46060533
19025214
41154898
22924885
28316336
24718698
42944777
76126313
44396024
73246344
58449309
79746467
35717034
44700207
30710486
51709414
75083319
44131675
47275323
40238949
36310097
66263656
53981112
54605380
74882348
49158868
69881107
58470952
56917321
65090419
26385821
48947325
32826998
23577498
14743110
74167087
44318677
73730327
60416035
53850587
73265027
57278765
77184423
22351261
32732997
16204519
53254495
44619538
50086177
64072537
47380122
58069765
42963616
10671087
59626987
65949616
22005819
25328392
59549928
36850009
36841692
29649864
52918153
35938589
75689829
62430696
37878073
21640806
37703195
68023642
23826452
44723849
43381598
61138195
78300543
18071704
15805002
43063559
41734968
55192046
77538587
68252963
14593360
32032129
28448407
72852275
26303351
52250099
61309352
42319230
73835318
49900568
56582657
60928056
18966048
33975972
46092797
30868743
44830030
31240857
15097617
41342211
53078135
39912600
27659405
66211268
40704441
70956867
14991682
46870567
73528537
55942126
28646613
40613085
79090571
60718850
10833020
35771310
38024436
29760447
68377220
20784829
65002538
11538219
41520826
62918153
16715242
40732279
25152132
74092955
49247411
15548964
40838325
47231770
23183256
78058240
63405029
42015023
23869645
72021648
78537512
45076755
16321094
49943392
25620663
61605471
41178162
12998820
38394292
11851584
66002813
76834428
57920599
68627529
74656092
64330897
16776290
57133039
71386385
43355212
47260105
17091938
28809952
12415357
64880863
76108779
22682601
63821374
77208221
35087981
50043432
19523604
12559908
71417559
30884984
67768546
59546141
48105383
48724410
37795963
68775930
36678421
14620990
12362532
32016123
18823959
47946331
47387981
63367370
40322390
78140064
73556196
44681013
14539288
77852438
15196522
69966080
56603185
63037485
78866860
62151938
18011272
51162164
51624091
35394590
38735240
18472827
55012768
56196843
59524444
71231885
20963664
14256343
75669189
61322980
64334674
54657626
35388718
37930159
65835226
56901669
60344014
54108335
20694921
16388041
65058091
71021884
44537946
29207618
33955587
15382938
24412940
69317758
61185440
55621212
12198955
21909017
68752579
60189180
11265159
69796699
69734976
79402772
67281991
16528894
13846002
72633818
71039666
74777295
19079854
17594330
79418438
25906234
63004322
12853219
14349587
69161979
35555793
76752065
60837579
59819415
38958876
70538876
16096959
38041342
45084942
43310506
65519034
56003789
21393697
16831631
21658699
48338005
60817755
78773034
17594604
60352101
47331272
35675287
75100784
42631169
46435731
31447945
73138333
12712190
20725540
15148762
37902175
67618148
41049397
37908865
49879557
48302604
62856836
20878979
31186200
25812800
24920642
12357093
18910277
24997185
54815298
68831228
45586414
42571948
14023273
54825403
30728083
71215474
34599169
55315368
24035045
47241845
50070727
38321512
49889273
39748904
13213568
52200636
61806797
57276996
75818126
68226176
26913668
30841002
41337951
69846832
60277029
24236411
56968148
15360803
44792781
48293533
27243811
28221788
60437672
68004233
68429905
61779453
22977229
26262144
35326525
77551661
40610929
46736517
67591631
49038216
70807112
26155691
36719049
26571285
41844685
74221057
62446898
37579093
31379032
54809032
62416696
28972822
39114114
13111466
20274240
35757739
23127196
27953179
46194293
32437883
70401625
35036441
40814427
60484176
62150309
36509278
70566155
77158897
62553893
78766625
69636437
24307379
43825904
52389528
78425192
61429821
40710825
49387008
11280450
53354081
45868131
38713204
13810214
24487712
33010287
67026982
77395631
18968468
33966420
35320332
56122553
54270584
22560987
13186558
21744931
13255066
37542660
65133043
38840612
79071577
66556518
17168653
27879612
55955245
65051628
18035807
29767742
21002230
29534416
20316513
78097957
68412303
49188122
38593049
14055743
64618481
18776698
48024370
53051450
28810661
17501096
24409312
70881661
57242125
45438363
13496093
68010536
44696733
62334695
38906177
60016077
45500602
23647198
67388010
55101177
58905524
62123279
52595352
64230154
76749882
17662791
67269641
56914089
71485006
54404106
20336036
60958994
77909331
34488422
64692446
62673476
65499794
14192961
38568856
43608577
54766927
38174954
22598241
55469816
11091048
58728933
58562705
63247454
46848378
29056644
47252854
60819503
70125341
77599729
66404073
73747244
54287625
63684504
48677663
72066693
24468784
64815355
49585016
78072859
69533171
62497476
40726815
76663753
56502090
57251445
18438046
51707149
69488068
39983493
68964819
51575302
13579379
27404201
32907542
50342742
66835733
79427538
39853177
77845806
54844725
22682899
48155329
28761083
61786648
62099430
22915248
21270151
74585663
11955220
23045367
34359024
73456588
63993679
75706579
40102299
50658401
25560187
32182309
26507050
49113816
28046044
69034608
50824884
57908735
15259387
43381736
24417938
33165361
29519351
33432824
57171663
43888990
15629290
67197193
19134149
29770969
79317784
22987910
20509540
11740533
74243548
49344608
55349202
45567969
39367728
54394262
56285163
37304123
19300889
57210923
15464793
17972931
68991692
58227063
10325822
31840389
36316007
37924031
35341179
20296484
31766616
36581844
20723876
16628051
47588404
77506292
30568059
11573115
44456930
16286662
14151720
34438843
31701862
73947608
43700859
37895248
46945357
66499186
59108455
54731236
66263363
25446020
62548031
30089554
12093127
26530161
55727477
59112710
23964010
37874893
56088389
26919808
76175141
78373560
16274998
75582450
45110699
45249638
28789861
49081992
29760666
77269420
11966898
33928960
12067313
33300182
24622841
62157529
76181230
21701671
67442775
17556074
46178107
25856178
27543868
27440806
48659542
45863989
15719611
72535157
12355680
10740992
42222702
79605831
28717714
70494726
62879560
66169318
13741102
53340105
56916305
36183483
77681014
77695321
71795513
62413610
61285763
51810904
76897593
43597426
62485634
35964490
17029106
65250791
61444897
14748625
22297844
67335726
37886652
28030078
70633030
42983152
44463297
10031918
31332540
68067768
16879137
38391333
45505380
33642167
21911618
70382754
33141133
49067498
74593528
66692546
22238451
47274939
68998373
51194326
59184107
63315201
10445212
71297521
12581926
33380586
62272860
33447523
48265852
23195146
45116668
44561317
46221932
54325515
74403296
73706863
61606073
76700467
40362416
56861668
70275180
17982704
36231808
31408253
15213664
39815903
21415959
19449200
12667283
35514335
17684366
67136441
53272946
16718542
56459332
67253950
72260729
10983962
29909616
56575078
14858107
60513294
51369230
16743929
40475361
22877871
56801411
78378707
14848936
38166532
63039086
27525670
71434202
28543111
15281457
29631165
45335729
21573639
13394903
78532796
20384405
61165630
35584768
67642002
33487693
61573600
79495058
41100244
22649703
30106453
73925626
70544082
60842938
32819071
64918735
56077414
77236308
19272701
46514751
43719118
39149373
42205858
40542748
38847169
78607333
78684145
45176337
67097878
62614361
72019112
20510027
27619539
77602455
77053852
31182240
45530866
18566317
40096549
65765070
76620597
35840322
36260261
76130456
62216507
29520725
53270162
10518901
49919346
45006383
37493606
59647469
27385122
49211929
14089474
46392577
19803620
52070967
48724588
22257649
30409728
74039874
22400218
34411558
13146944
58299027
78300336
23219627
59184257
14498475
48191691
34840510
47394515
59884979
55036255
69551404
38763350
58806207
42970493
21813939
55094007
58502378
67611078
55229747
66450170
41755172
67916911
17620223
78276297
64065850
42442439
41225661
74701358
11582534
30777009
13708953
56722519
29809735
38325329
11100563
53055862
78890832
42490711
39606241
13737672
69161174
49157132
76533747
39957749
13778850
46696430
59441317
79875493
21286155
69937524
33368909
20302461
42711105
68092225
75696485
39822491
58851569
15942862
13880195
76290549
73233955
23343190
25763451
75864483
71677192
77851402
66717902
34180533
32429084
67254966
14729623
10473199
50340153
61585833
26499808
33950133
14780751
20458024
34638763
68556397
39919551
68158323
28934499
69526372
12590654
11668340
19721336
66514901
47393530
72117389
34297130
38093783
39114230
32183094
61256665
42835905
67838465
49277638
19017101
24325488
23086202
12680171
29821450
18251479
12252370
22310045
34018950
70791981
78275849
65609765
30782152
34300495
51719569
19715868
56574390
39507608
76337492
38432605
37525376
32421609
59179122
14498323
78449165
43086857
75373939
34583538
60193206
12612525
40122399
30855560
74592099
54666217
33240229
26362604
32499613
56640315
73314067
76435628
17600300
23380634
24362137
73777336
59363251
31806841
58617395
53712883
61518876
17064209
78135760
34180903
75783955
75122058
21447688
78726601
41552283
59609862
73118633
23252342
46572395
44511426
72709870
52692986
23340923
24925244
79733218
45917689
73545920
45672763
77463209
67261545
30370263
62499533
30290900
53076794
23781380
52188467
70198706
70717731
33964816
62275219
49255995
77997084
39730071
62011171
42250732
50404104
39346622
24184916
37217123
18375811
59510109
21671523
14415738
77722066
31261084
61997626
21380167
59802684
30707886
10479724
65611814
73062509
24805029
65509850
63164772
34799591
58801682
77925931
21637210
56405469
29069783
43648141
10567652
17886725
49230518
60834920
40438025
66363029
54753347
76917676
62898753
59303097
18363314
14596668
67077199
20949383
60746496
19369716
72768030
23446934
28055338
29982407
76685869
65856598
70713540
37331330
14847381
46455735
78492647
57974899
19178785
30697761
61878476
12807124
65987884
23497477
31191103
11862424
21391996
25218329
50097634
29307502
12387606
77172697
49374673
59540869
19419726
68089487
76345598
18699718
30114005
55134303
42148832
50991432
55059082
32671839
29785712
55444500
18987617
68274132
17238973
40216711
13491175
38930393
22677964
44472401
38522175
68088684
24800516
53392676
60218878
31516763
41801323
35698494
29623550
49590121
26518484
70346630
23164727
16489300
55543289
32019153
76688706
13089277
42584216
12259746
51799601
38676687
57192243
56164431
60500514
36152628
40613997
30341317
41583475
79496332
59125539
13030821
73279327
33631163
25077359
66511537
29667537
59201424
13618847
70130902
42526771
70189740
28771717
72672714
54793809
47158028
63428484
42043345
15393841
62736874
40375521
24104786
78613310
14059377
11733600
78644332
54860203
54277753
59342142
49671435
10612034
27900449
29308325
37722304
74588668
54524095
74497523
59456120
13823464
15843311
66240462
20856156
43627481
61932794
31704722
79466628
52666063
44731333
21070058
76873649
26163210
60626741
24869056
70170189
61058766
31522320
68870116
31722097
45237883
59380322
39473145
65217957
11939583
33408863
24566519
76560368
43330115
28400658
51480681
59452274
32174939
58578911
10079653
52361180
55710269
56657941
40541873
68541267
70878571
59787340
43584363
29724126
29119704
56378976
19600942
16129164
41210441
19287274
51985886
23176342
57064903
29432260
24081179
51242690
46706531
19303765
52530915
73029775
37997827
59851542
62073308
71771635
45787957
78012214
77107340
28605870
78092262
31162071
19059626
76536426
23031055
32314705
69373228
28748413
69980682
46158898
37735169
66929280
74486459
34823576
74152220
79350923
32558979
10318782
21271257
28973890
48510271
47058125
78321198
65148285
25875109
66309592
73461785
70383304
22731118
52549751
69091077
61294832
41525473
79048312
37841358
31484968
31500171
51941117
59372493
38359303
65358040
30824338
53927547
47601963
61748145
57560534
34214922
20276322
77880323
44124268
54150086
71213244
26167344
76506397
54694668
58086573
57136585
34432172
33164201
67467181
13256404
19280109
58160986
65634713
18406457
70433132
62016232
28892968
66962553
50759252
33305400
21610868
13591086
66841157
78807464
63648817
57090522
76797759
10216154
13657831
60584434
61211833
22719576
32353465
56737590
16533650
69353436
72841347
64517762
39720710
50817948
50645732
15279995
40317798
20001112
66782609
62721330
47911115
49354943
58517850
26630862
72123080
50883165
26964060
52334867
36426849
41026671
44900191
75798672
41477370
68104315
24322543
60502221
48333675
53148828
44457631
24053117
64788633
70295714
25101787
61752081
45690402
57280744
33700162
74010555
14567601
22658232
56404347
16387881
39845958
21378681
35873873
10528219
45219245
62400486
32379858
68609106
59193871
29662570
38699588
70853250
65329408
36328494
50657425
41979989
43609723
51557584
62580409
13442223
25383816
63923808
72021224
40877787
11330703
62173381
70627055
38520730
56903597
36493585
40324903
12897803
57516376
76773786
56816886
53207188
47419145
74043204
21471752
15907213
13722301
62590255
36198997
79584707
60163758
41193985
67338186
73143004
40401159
42658848
33847278
44501141
55108401
77741880
31427218
65794385
41618519
58816762
50907007
39870404
50152266
31738382
68204004
26578578
18700124
12260607
34399085
64406201
77315486
63607222
73301410
74968096
67573170
12442664
78117236
56773593
10761836
59286795
42219419
66997112
36159625
30120019
24193839
23136513
34754113
49380676
15340963
73337923
18510208
44147379
42913050
75058188
18043250
74863574
27300572
10166083
43226611
73469830
50549690
78468848
36557396
76453101
38014359
69718770
24307657
40493277
58038453
74533610
54918084
45966571
27037183
15803626
18283048
46831406
71696510
33868889
26660847
16445105
67404220
10392310
75881533
62654466
48274209
56346079
18227427
12974582
57292567
51967395
77388547
28374868
66762779
42375273
25673033
53022770
69065315
39277723
59630475
43999898
59737005
16898393
28663268
20253699
55064268
65935538
28953518
43795107
56681867
27448486
79220612
61025566
78230918
74791647
58811879
45435370
42062424
46900902
32153466
26099223
63178106
77201306
21150897
39585022
34767745
44879276
72336515
29583110
52615434
59428554
58631854
22622249
40689793
26890311
18500281
17206447
60495596
10576114
42552983
22350665
54046135
25167618
26513503
77205360
59148186
14886789
65486912
45127161
12237868
70776604
46641707
21156372
62904684
55811166
14714625
18724243
63115805
56024515
30154921
32082953
59082554
18228363
49184220
34196983
56427683
74133723
76505517
42677394
16188191
55529740
52923634
20192804
11053556
63140894
18077167
26471072
49547146
45864630
67115973
57052957
68332278
45535770
68733780
57922648
42444140
34153914
11110488
58073111
63001954
64446371
48044375
18261141
41647098
21509739
72880183
37971403
35560525
44029107
16971715
11387260
50614183
74248789
29285132
64110001
18076183
16476162
14769370
45794780
61707034
64155286
47284141
31055669
16329526
60870144
41262947
13340176
60059233
15995158
41298494
54601498
44165113
60404733
55202715
24707388
15054964
22157791
40591727
53873673
18371680
20048102
63255614
49672222
13678245
50366668
25729904
40405899
30577006
63452176
24466368
19747599
56624765
12018016
51592045
20469854
38917059
66976631
56045916
34800306
68434492
18905945
55056060
14201994
25027038
64367436
40171348
37255095
31655931
70446558
21611498
65900291
14214214
35364779
38139610
10463785
51365340
51646040
49181363
51205767
26283153
23978200
35341273
74872828
35721166
17763309
76125835
17449413
58500199
14343847
67066231
48098395
46608892
73934616
28718273
74282985
37758720
29941437
28504964
39955127
17366446
16708920
33560453
13337317
65255810
13549737
13819278
78620615
55407355
13329976
33341580
61790631
46798540
77682476
27794053
44440478
49092065
45189799
64877992
51406860
36485198
30859925
46955460
67195382
74897045
53562439
17062539
49882602
14456069
49280092
11815182
11187128
22072795
23693961
51825361
30854064
71795742
26529213
14103987
65303860
36795664
46193162
62698581
21183181
63943974
52983187
34393019
71022605
26274898
10396412
47225623
42858530
33420195
75295611
79794723
24731058
36225583
67631004
75040565
27333644
46058922
17170846
38920006
66932179
50914485
40842252
60022662
47446486
61534339
38683110
33737010
53058005
28667890
58060021
73544840
18551774
11926471
40687681
65243420
13090373
73829523
23413665
20080851
17922828
21463826
46200960
53190360
29842774
77905811
72158364
21871712
49796871
27174575
51897225
73237432
48033836
12139903
18252562
74879911
27944095
43189559
68263877
45281383
40849894
78050359
70840362
42037580
20698658
74668395
68749710
61953502
41777423
44855057
60625577
13503035
34091305
49967154
19581168
20801193
77205106
64565982
36420985
49372501
38070161
24522022
59374115
25299304
12129670
31664367
31579929
35275652
40434800
35096580
22003764
13524154
19845677
43972383
55652738
66935534
64629149
39822383
58103308
13483081
30009003
77078634
46524982
62862952
19701294
66566552
78147860
11614827
27609497
19305022
78563639
24561025
36397305
38205053
18682992
24782255
30655743
41659773
56724722
59046120
27968061
48513992
75655147
20667308
64389364
49869296
57633048
18001548
27203095
53794188
77778464
51144548
46486670
23564088
75150292
20441675
52847140
11523139
25001033
62247669
52774087
18937038
64038660
79328692
33245171
40565897
34699140
48234602
20359778
13080522
58157154
16007626
19393554
63568308
10064439
29326530
13918868
68182451
35602214
38291538
64800018
29458553
24461594
20459272
48458360
58965310
24448006
27801170
51682613
63946244
17560445
56307719
13864958
72418593
53643441
72197371
14730703
39815928
57193325
49100427
38377685
64557583
18128389
16384509
59431798
10613673
29062813
23873093
33812980
30983893
15796897
46637483
65042892
32184595
13751389
46695614
14940648
14031506
13529435
11348581
27703505
70872038
46201084
10244836
20503595
73580915
34958024
65658015
53003547
66660018
35951508
28213778
64299585
56331770
40826380
34436923
70970463
33631787
52986182
74483427
53608462
35310565
74338015
10857427
61908745
63649621
66362944
16950170
48235370
37152822
74583168
43212303
67211472
46997698
21086916
72954486
13966845
72345624
25188353
63756688
52195636
76028782
75766872
52359465
72949781
76829265
11160617
59309424
42144668
59263692
44314471
20203854
54282731
39248341
56189827
70161559
69367082
24091348
56623264
39257709
77574975
70611174
66682219
41916171
79844636
14845525
60297914
37190440
16099337
69008351
17227361
12826151
72729132
15285625
78053133
61495400
26886664
55814598
28592700
19250962
56284426
38404873
55449505
31960507
13543729
75407607
59467816
48836747
36137661
53357832
57015891
17316986
13552957
41390470
73128554
44552865
12929607
27003239
78007226
44124748
31188198
65764354
20588804
12907456
39137969
66509638
43398658
23839438
78083997
68572406
65365292
24124521
18489725
43208068
78439024
64443193
73545724
74548720
69283836
32574725
26022303
45987240
66790010
57298586
73743941
76775879
14487062
43654753
65136529
10420408
56157457
20312327
27258409
73493721
76336135
59446029
68336088
29303749
53974297
30439193
46512197
50146923
24160352
31244473
17329732
59462952
36632861
41965305
17056236
19030122
47001035
24009821
29267483
63044711
68079688
52397077
66929428
60143238
53867800
17785673
57138224
57619129
56426133
32599941
76413022
68857237
40020390
64580938
25257009
52324937
70762833
51339221
74195608
73153222
79355603
34062462
42599482
40906563
27836211
31472835
30245142
78852354
74215295
52722932
23916667
70728060
26514794
71749586
59120417
18419446
74640119
34785745
57519400
26225387
17841802
21857945
21042353
59312553
25586690
67293030
43805178
43354484
58311658
43374950
70187712
56831295
14861983
34463629
33685513
77516529
75018815
52033761
55558065
15158769
42771546
77726798
53292979
46475275
44333923
60997457
66696875
54631164
76601081
59021756
13139895
38224517
23697510
36820290
56554291
13497289
40992649
71162213
65864087
75300229
61364118
28446785
27810790
45487597
57158624
57738658
77666663
52772658
78191799
13380493
72821892
71608362
10569410
56139022
50580182
36710503
36726255
43969248
10017370
11677767
14458159
36554563
18127264
30761455
16922289
42115745
30247262
37761739
26240681
26745030
25374586
31020334
74161860
74422858
22198252
40665799
62099663
39524095
15568165
52966702
61248558
37204158
39693905
61440797
67750076
30271223
72731896
57165484
79194611
27052605
55833205
77994557
65722897
29961193
54993729
64061137
27932944
26843790
41351081
18666249
64194031
63477430
79886048
72431850
57933039
71455271
43299903
51035999
10713384
66820271
25083024
62571934
42658185
77918149
28666614
13654864
18871345
35903711
37153500
14403253
76866726
58969941
20785067
43180922
37415226
12470534
58374510
44296714
56761685
20693320
11884102
16565943
39987437
70974697
33097526
77746825
33328402
27149752
35490107
70473096
27186787
42687326
71248523
79282680
59470545
24787837
46773867
61199821
43424858
36147130
49818488
46628003
36815025
66481459
21786796
66989993
42187536
53011457
65024835
20350563
26239140
47946538
33315375
32863021
75805470
71411203
10546253
54545549
13852494
52593243
61039199
51569185
74085486
41876114
67249129
44052499
32604479
16814305
46531510
35428589
73799182
37256993
18839068
65987807
33635317
66189412
70399509
20628499
16559963
36179059
50438230
63874639
55260580
57116085
52425298
39651986
36847837
58691997
27893108
53329619
11033099
57291842
53816913
77280692
22603671
48647595
23614274
21970551
14402161
54866197
16967039
52708790
78963018
57787211
20050158
47369031
13910938
44108475
10520318
48048708
69454288
18861827
44612885
15897005
20472997
27046620
25632917
21323244
37963979
10093869
41198298
11680224
78839598
50226740
42772905
69633846
19381945
14938524
23729556
11747035
58051981
72657548
67995256
12359518
28088859
67479769
45354558
72824731
53760218
10110359
58032766
27606823
77470221
20606376
64779061
31512660
30076619
65390112
45841680
45380632
54737049
47877086
13734711
73509180
29137919
73117866
20297333
60645956
45377254
60974584
24715568
10799035
44477642
24471319
56866607
16632391
67587904
75434923
24046204
72189038
18979055
58519961
38037194
29551095
60983027
26649482
65304286
16242950
34012913
61720031
38589186
25066802
13471318
36522973
34247253
32229222
76288167
76480534
32227675
17717052
58522033
44554721
50874344
60836727
29733468
21274196
72696856
11004233
14987892
74068137
59229022
47884247
77729489
41357602
40184282
79136756
32650370
43056237
25764100
24368297
35851364
50814901
23298534
36516883
66462975
67287593
60758622
55382174
65299061
54407521
37826374
53495598
40650357
76387358
62426865
43426221
38697504
59270952
46109848
50327595
64083689
52657230
34940614
18090785
53362951
38163659
22497711
27987685
73578821
78730825
26399539
63637141
69427174
66768933
71092820
50137910
55660695
15197319
60946915
19672734
35731350
70918829
46512486
10939829
22877208
49387961
26234216
57969197
43094885
70692228
55084606
27618241
51456466
15216208
66548629
55595617
30488217
75544629
78642584
71060260
21236095
24374530
11267787
22140596
75193508
74310220
12678279
60554635
23810306
70904150
40291290
14301460
16765997
45450802
23309775
49467608
74451386
74853663
42820866
41635533
51432195
61278865
22065554
35896488
18716865
75843242
29481988
41351900
58070545
71874590
31549720
67482286
31045432
61551985
44781456
22398709
62798572
18726407
77422321
74940786
45929885
50143049
47899296
44314329
15723356
43377549
66883680
79195893
33147799
12445333
55581828
45485332
10770028
54578414
44793073
52672426
46212801
37697264
57071179
10998455
35478211
50973855
76187889
43255179
42527441
62919842
54125414
14879177
32856842
55411841
65569151
59631991
29066245
66420847
14424807
70409785
79985953
17420869
42265916
38472575
53914603
76656911
38530954
72130874
73860063
76088322
27164211
41173172
27968786
14912341
46219371
66185981
18047289
11414578
33735238
12312647
10039707
66201037
53075705
45553106
10690830
75954690
42363883
63101314
76563725
30795063
29120282
24865569
24852046
15701687
78652870
74669158
36707517
12140845
46601382
73128814
53922363
55757383
77516977
38259839
53963773
38163920
47711743
43427553
33010741
43354203
59125427
35167064
16877305
54916298
12210785
66538435
32478661
61677182
38238252
61874509
78596403
36610063
16920019
21480496
46009819
75409560
18320188
49767683
78734107
32855455
34715488
46626975
68065719
35899782
17492203
57198627
33952778
55775278
77624252
77479465
41406180
39412891
51662500
79045652
43610783
64844984
24432654
60085822
10269803
71946215
67812127
23545856
59587717
56507334
74075917
77701527
32191431
43911343
77528758
16457775
71591228
16267537
36626836
30875011
60632405
32968198
27040635
49595052
65038937
61698111
60925005
17412534
66837438
77868433
26588371
77242910
29364549
67528861
27157392
47864876
76311887
26834766
62805282
62222993
39585391
13431422
25787020
57724697
67368586
46289944
34729461
32989613
37142414
13171128
49243088
24362380
14172879
40656560
54230968
75588846
64862248
68728928
13961820
70826295
19321832
48994798
33382656
50145077
37693934
67367247
75458673
44290444
41863630
55990586
11296734
61128629
29124683
32603912
70283236
38329077
57647400
37762619
49911351
35659262
40703603
54072723
40054813
72445130
24784426
26409224
34277843
69338042
69153138
48373134
31059213
52324807
28486063
76411696
66327125
52063692
21982159
79224013
25917749
76534870
35323996
35328579
48674986
78844397
71809242
23035738
57859598
29543737
21843336
19414324
30761846
22948932
62471019
76612695
17750736
22735534
77371821
38529116
26923141
22810622
12853803
21232119
58612870
45937896
49319546
34774366
23178995
17294415
49809268
21874867
28001926
60599565
71567707
26925927
37711314
52875218
45245898
64587021
68940173
56572059
24249783
29512122
19509042
27301935
74095610
10082581
54040299
35697688
78635373
14368256
24983795
24279177
76816942
34970148
24398221
24949731
16072164
43012563
36907237
28973755
17457528
51542264
36809855
17976788
28251918
36024345
52407067
44461437
10465372
57521465
50411901
32052805
59877536
54688021
12457270
19603442
67040489
77617836
37551708
29018867
20753487
64855606
60789557
66201709
16578796
56880184
71313943
77811324
22419712
28724776
79794814
44652872
57383342
40090686
77108759
44704669
43469451
23538772
59919901
54453222
48565657
17121497
52291473
71863884
16897979
13467039
70908359
26823773
21979344
52407250
28308730
11753455
59016805
30696288
60054620
50801543
17677236
65972555
29725682
68862494
21609103
66594864
75446746
18489137
79974226
16651350
48290999
54635234
47150849
29067079
32011623
30602746
23443497
60971915
28563791
73971235
72743075
33625455
21177372
45652519
15090013
62329897
18483566
77129868
62619198
76775986
63950847
58130995
62128404
33489688
57045940
18091474
53225252
54606794
42400257
21525535
18305879
70396845
16669717
40517003
54801484
61719022
34001969
39286901
21621429
22577578
62539938
73581887
23229184
24000496
25257406
12665443
10808716
40807632
30804887
70608306
67021453
66758564
43803074
34840080
25447332
43458433
54886673
56008377
26128495
76771794
25081970
54644677
47015579
16207889
21774476
74345803
51173246
60740349
13694137
72622975
62700128
53680987
68093522
72764264
15839469
32718422
45294618
75767455
66368047
68546468
63416321
47547824
30319695
13802992
17615727
20445189
50412712
13640214
70331794
43000543
44707288
69257588
57497748
58733442
17134548
38337482
66490610
56152458
26801526
46515885
76582197
25873844
58202120
59576118
59026838
18975635
70943453
27240493
52384398
27671064
47712566
49329326
17613532
31835437
13362939
42074955
60709405
18595562
51005235
17092969
18374404
23689601
66597810
20447323
60086354
60322899
29957310
37256712
58174067
73596917
37970923
56979632
59850323
46139121
40186161
47720046
66371230
16853923
33344689
16593984
66302462
12651988
35182897
43753339
37662491
32830818
27925989
63406860
55845447
41860578
55648797
75918464
22985760
11421811
43126458
17828661
26448911
59166580
61352870
77652431
70061944
69912089
54587214
23586384
52120335
16715311
73704425
39985298
15734060
53832092
28593213
37205546
70425898
79630379
37212231
12618892
55172274
50746064
27336234
58525462
33234697
44410741
13907019
19343302
61635562
68669132
58855755
45541973
40270020
40796691
47855283
47479983
12103558
53872142
52159413
32961811
17916843
75833373
59874964
17486347
57528089
32548299
15765618
76199911
38879431
52072546
52297356
19409915
20216494
31169829
38970997
27635553
12739961
53332661
31343531
37644797
51350200
15465739
47943000
38742941
35443365
75616702
72599336
22548535
15227735
24272653
51299454
27424571
53949902
51749369
47873252
71651344
48715071
45650975
31592426
19550666
37914928
59831660
14379410
13293813
41568855
12918874
56197231
28504853
52820357
68169983
41858409
38089274
14296258
44938889
53035913
22620473
66771597
39470049
11453971
65828430
10046035
22084213
61300965
73248301
43032530
73490340
41207646
68356168
36708011
77013054
78919951
78811165
17783014
43196116
75659342
79482804
27033267
53369985
49114252
50432549
70429313
67112210
12972994
73127022
61717096
37370523
25057071
10979983
72782257
73380119
60392178
69729547
55466525
43845778
70763384
74648736
58470286
45983779
37556709
67339739
57535035
74187129
59837237
35748280
40648449
55319491
71166656
17122025
20052753
63561313
57248033
37979061
21420974
54227189
72192327
10904416
25544508
29083223
69606090
66932084
17659618
69836779
49528409
11904832
30712144
23156377
53223030
33948480
49956829
70087744
77679690
13551884
40921598
77538314
35640717
30107092
41969236
72362881
26743146
62006534
26636260
43765824
58261265
76288138
45206864
17306237
75465672
23567707
77105588
11552931
36406719
24768950
60031480
23009998
64207985
18667659
39896629
71545464
14977200
30128461
16637973
28885677
50154768
23047434
16462777
15634153
48616092
67020940
50967721
69015882
56960739
59292385
73720120
77552038
63361010
21247140
78287192
21055882
45674038
65350981
46805290
40804699
58604543
27668083
64331610
39620790
15031448
15153176
54625091
27424102
32241294
32957623
44134181
19373900
17235910
62996325
48428315
39732045
44718289
10365263
16585026
65134658
66023892
61632467
49996213
37289504
79035048
75065895
64471232
59009959
46886352
54745345
77630419
71310567
73845538
51560471
37505414
51631500
23270512
52190974
74401513
22455010
14958070
30808084
24805260
79036596
64111638
41146114
49685655
25600599
44908600
16262021
68168932
48586090
28369754
75695192
48597360
75478532
21672469
32980033
42869897
38908456
17447371
79151823
19114094
26983750
53193754
27558953
61636093
59462518
78944231
52129470
46932045
75065029
48355631
68217769
53659980
55824075
60308615
28171911
17157713
78393484
60044759
21511537
40031713
63987199
45941635
24243356
69989950
20888645
11322667
24687470
67320588
43434094
23516264
57236795
10168867
41194298
65692233
66687560
19570595
59519495
51774290
43009654
31242896
32281540
27621409
58518651
39003508
39652818
24336916
16495119
23589037
14556829
54171799
79836984
17504656
42736473
27955498
61622797
21315867
77064802
33460816
32997825
53696217
41185354
54327336
34935980
71832026
75945105
20293478
60063348
63705803
68851758
77754160
51242189
17546011
22702014
79009509
21206585
61784779
56209627
46076144
28760429
71597949
44073827
73208515
30184041
36773012
59993465
41351295
31205525
37173289
31210497
42965113
67727614
58537150
52536558
31580483
30503686
35603853
19007271
47054268
15919983
50715888
40971471
52717351
52111128
34205245
25089105
46693192
44809851
36509653
10654300
61904927
55566181
78543291
51939422
24740348
61470625
58767207
51248175
65414676
33604050
13752323
17912674
13705979
47323521
38635355
68959376
45210385
46152934
16501438
56041624
46723224
14626238
28688486
42704894
27792511
24711485
16787913
76565221
10673909
76972882
67346051
34417179
46310980
22967407
71924036
13254598
65653578
48864138
52862618
56415081
16098107
33336720
36695974
36894734
29920952
28144567
65933278
40394252
52673635
25665882
29126710
13661309
29549797
46890686
61589296
50532805
29107800
34144604
45921961
60516879
62855346
69839613
16967008
27404830
44174040
61157272
56958961
29273191
57595992
44418656
79409436
51700669
20939925
11465839
76998362
65499530
52938205
25627217
26311746
23222645
30119615
69859190
27934139
32050125
69207393
61621741
36822609
66145127
57501388
62482317
75796734
72406095
16206943
22071249
56799214
19770201
60124882
71842633
70288043
65310038
33508639
46192594
71412514
17030500
57653416
18076770
33053825
76280942
19368643
77186824
75598383
35157689
21746781
50362569
33077025
62219049
57971458
68257867
30229458
60765623
58199075
42933225
77203821
79027223
42255160
59232113
73198282
13996519
60141936
79696909
15819962
56346227
35021263
24746447
30381792
15156518
16935709
64195189
18679006
79443090
43872466
60894300
49002669
34713317
41700161
52952277
57304335
42309568
39161083
58519318
37416902
79419695
32239045
32393825
50985293
63430166
65399771
25492285
19435942
44471819
70216108
28937744
52846616
46957088
56965489
74082050
74536229
19410677
57610020
64778134
60974268
30324963
29346753
65826952
23516512
73462147
77067824
78391672
12126507
57322725
28040526
34478518
12778547
49329298
36190269
20759658
22142730
64041325
57232966
70169961
53054051
44455555
14818705
67873175
52993832
45070454
36949158
32562860
57261798
26814543
30291702
41414539
68941828
69595566
42223591
79707907
31429478
46081581
11446899
33017507
68390475
53459176
45063800
62168898
26130895
75983612
37303288
44073215
67090790
54520738
47943295
20313443
19425821
56244965
53049114
72188215
31079365
31981762
70770663
55725486
36648541
28535065
40700404
35896115
34477143
23199854
39548444
34132496
39779050
34890041
63145346
60462773
62349259
10369130
16148303
67711555
40480942
53326306
29149442
69076688
21060287
15304428
54084959
66202927
44241131
23911259
74142272
10610875
32152134
27218571
43415647
34106966
65510441
74075782
58083771
37983564
42043042
44288864
20526212
31372434
24218615
48545071
72307333
46547633
46897158
27891092
68569298
36092913
13701313
31219021
52100904
14587659
41093730
67694496
27702676
62111542
11639927
19470170
75323349
15977968
60470757
52655975
48408908
73657923
44535022
69470085
31040106
51836315
79712821
45134022
65433962
40227068
36928727
68612905
28963413
26436326
48347358
25347730
19949364
24550338
14692482
34019442
41466395
59417202
44077163
63141435
33657658
48189949
19616535
12756691
55718490
26130387
62627948
55606934
48035289
54378714
15241245
43704617
76976621
51276459
48203852
46962383
20641487
16348355
17594916
30130291
76035546
12771474
19860659
12211412
59346408
14832627
23599548
69652454
52667746
14381617
28096260
30680301
27280086
47192632
31432869
45745166
44929046
18620368
15634883
40846839
46366784
65099398
58757935
64252487
51232441
28872560
19921103
32476427
27936068
73064892
34499981
39943719
37444525
49969037
31596327
62169408
37058715
64483588
33914945
26814489
39750001
14043001
40266582
63440940
78116699
40571934
74474501
66182024
32501095
62099068
63357720
61244280
34659636
24904732
20317581
37307882
17314807
36103331
32244135
24668918
49858709
21093276
60348665
17121900
43183051
71764284
71364878
45248373
51625745
74655922
40883207
74004012
34307175
69108464
33793547
12778294
58499628
34501644
74603201
73174663
31387504
30261417
69139486
14496975
79907570
60778079
57143496
10733203
53100474
65131214
33586994
39640459
39897252
25190484
61836699
30021956
29374156
78255001
78038247
30637395
44631884
13259226
25171602
69584899
36483460
28382455
73222599
20877778
49413028
43618233
61081434
52796294
78954900
60717231
74447815
69848985
10919342
30643094
33421130
11963658
33631362
41112689
73610964
23965950
46026637
51386714
79753020
23570658
49794525
79432238
11779013
32010877
75270014
18433460
15334162
41189726
62355790
38036170
25039549
41347864
24890724
64530848
62079974
26798460
73294472
66277596
32708328
21102485
17526553
29479669
63986680
53511764
11758270
53466677
33002269
39149448
46922137
24920679
11589614
66998033
23340714
57427996
55799624
11642673
57537344
72524345
40695190
30453985
45977671
70958908
50848577
68461644
54019870
24128486
63513413
13176100
68267920
50598833
71285271
68677054
26378651
79590567
41509995
70325251
70707865
21574222
60979553
22406105
77016217
66959459
79502297
55688779
29860081
39346270
42076991
36633264
46163959
10081194
33853959
47229827
38189544
54807742
11796001
20727191
37126771
18217615
37139954
61512261
57851840
63917073
18872354
21262308
14507586
47106338
77863787
75024574
49686936
67618932
34205628
58193291
74411871
41011126
62147406
33089070
59904742
34595585
63867376
54801640
45226973
32412820
49709183
67160842
66523125
63389287
30472127
32611660
40221765
16109329
38026527
15844105
54217397
11787092
34089304
69317427
59494413
32409815
26602244
57772315
73336648
19974817
59138807
17479739
54071562
42229365
22763157
62905076
22799280
37930834
40675874
68722749
31187072
70529324
67208249
13827872
20647380
42053492
60328365
61575819
30127062
38684399
33323531
77016386
65678152
60964328
50574839
25948755
57781449
25212726
78447502
69703363
22057260
26728458
33689415
70056257
12267075
58905865
19431390
18695567
27696248
76884312
33570466
49745198
26769824
53605811
19946923
27896309
30708757
76613645
51893727
66089962
74125932
57332129
67887567
74117724
36931509
17441875
34033012
25062309
10423519
51762521
49364910
52325193
59530009
39021448
35554743
42948696
24875766
17336453
78874777
55827358
10961953
68541381
14493735
39346696
19676508
41466068
25235977
51479874
37529338
23460721
49744719
75134366
10263713
46288792
33634497
67031139
31065394
27610085
53817661
58209254
73018415
57148791
32690938
43547396
76533183
57979163
77208364
22379665
11948103
65223861
75446862
65838534
74535076
23649687
32217425
77462894
24702710
38691364
63920131
39443953
61253636
35520473
24083781
68946820
26186366
60130353
75567271
25786632
27030670
64013677
73137107
71883233
13902788
31358146
72020577
75667678
12335830
30276683
42363205
46352561
79443907
53660044
23242582
12283248
39213198
16296808
50341680
41526294
26024043
73362541
52549465
15975414
38655230
38063911
65850823
25698458
13931960
34060409
64014313
18007843
23211100
50191821
59163834
66673889
33262234
51135358
72224872
74523769
24245482
31386871
52073012
51757125
18298274
13392719
77683588
63995700
15673060
70597711
13216179
21816636
71376601
60175711
51096912
30233614
51507697
62402694
23748633
19240038
39017764
77485095
61049181
75198291
44959060
22867114
10093889
19634497
19780701
70948179
23066066
74546102
25378023
68563416
78419813
45941162
11992542
65125589
13781316
46448237
56526054
43264242
77397083
68975844
27633274
58125460
18778556
40827978
57788919
39988779
51042103
60754752
57345232
32703733
58488113
50903388
77877953
31996915
78633158
62287368
77478211
49830214
72234010
35052318
75850325
50474154
13783177
65390866
22039426
74566077
78797474
55462606
57856481
16439617
11575473
28574461
56553655
32895097
59778800
49873483
46465436
14771320
65446224
15112268
12743871
46222785
23697508
37146877
16911926
45363411
26397414
25019733
59899982
61243058
63748234
74270047
67527195
33238721
39618169
51644634
37664900
11492557
29153277
30425216
24116198
30579706
69913030
53682977
63409588
23721576
56716681
29512061
33665019
11248643
45953575
52949842
69558483
22244420
71177735
31547588
11389961
24558314
54631839
75968492
77782145
43536751
66574548
21701953
43707910
76116605
14105858
20537847
68141824
13007585
55030217
51529568
17509568
24993266
65028785
62686643
50142117
21000048
72025127
52616153
48586441
41944762
21967775
63958890
70684077
65500175
61310463
62738659
41890287
51612590
61049619
54594496
34469076
51426369
77665894
72396697
38647483
23711172
21343123
28163289
31668445
13834345
75559713
30025150
48563399
16508370
29282479
74472319
38140850
24327946
10368723
60973700
22769663
63045587
20169653
53653030
51188215
68818147
36800723
59343658
51939061
39873133
44706997
16594720
53400178
14935254
40982613
23862374
57484453
33169861
57157922
53125096
15406657
69801625
46066794
71619991
78780272
55051856
46452838
37332066
28470171
21820979
45407963
78162928
76695527
44291971
63298651
42911306
46152162
72415168
20151996
53430048
19279264
35241716
68367720
10756617
40452727
11383283
44723731
49360664
23364282
52748089
23488075
56390559
70547516
79321265
69420344
11047786
31964938
22753345
41955706
14083863
30642672
13583790
37168801
53142146
61622753
60366804
16732523
43959746
34055774
20622698
58636100
40793317
40719855
39545116
23877426
66729927
62649698
26862746
27455248
62245825
32383969
24710935
60462403
21248296
33444923
16464767
64132109
42689325
55149413
12494348
40667076
35684689
75411303
20621840
41645225
65579548
22761327
74558981
17442620
24810174
53765887
20019290
47024031
21652768
39040671
37928998
28027494
68603001
31122618
10433759
14347463
39322109
54637997
34748660
76560422
70330382
46588492
42515561
34482828
69428972
55245034
64819000
75553257
69517717
41707612
56609092
54253664
69108395
49308714
71956329
53388436
74953128
27446152
52718428
30454915
37432350
16296372
24686792
56472398
32028465
74936428
31971498
27085899
13881415
58520958
73555793
63247000
45296026
60379479
53418858
27461274
66135207
38420401
26531384
67564255
59200436
20103180
22625630
35487227
62308993
50228586
38914239
50402222
64765631
25606536
26609577
33691322
78377418
34474955
64246064
12652252
50864247
36703472
24145448
68439518
25293260
12676798
34648309
70190351
17161889
66407957
50196766
18569434
67753405
48949931
12116563
38979914
16175941
22824302
54001056
16093349
21698553
78178236
36361620
29270872
28369401
77829841
55980992
48075664
31763025
10582236
55827637
78582143
41179669
51171740
18094802
51296418
48049414
58045635
16409655
33872970
33953399
68288864
19958436
60353097
57922506
25908543
30184343
69101243
34714215
56123285
28883432
11708381
64196079
57711992
71447334
53696208
66857930
59331107
33022755
21638422
15788519
36969511
51546532
67456795
38190917
60445748
22512126
70358930
73026296
18957364
58824533
17301584
64380725
62260330
67319153
41915649
37303607
16955404
51151379
74535568
57073469
79600289
70635317
59280191
20082339
25607096
52647042
21891349
72398563
27056034
18353525
16769949
40383001
66605327
40067443
70348794
64990952
55505697
44433564
53029623
19114082
14192825
52880588
25006854
78774130
47990019
53634879
52388334
56887747
72999296
13320355
61397422
20368081
57372785
31405662
43489632
25346228
41215678
35319223
32693728
77028045
69360579
73207956
22055816
79126153
23318645
47697651
19428535
52159817
29692962
60628048
65028552
74154112
41829307
46108536
51609310
58408669
65858527
68398805
47234116
46642781
29849803
62749706
76894582
16166568
30351299
34508885
50422329
68787924
38272970
56308883
13852554
25410314
57872559
65265547
61203117
22828568
27844851
62956678
29567928
17010849
69513979
66323418
59872335
34737369
16309046
40618568
27237846
54261868
18430093
65058082
12458020
64931619
10706905
28920351
29944591
76991758
10327901
49515154
60191002
17477135
27389580
21225419
66635273
22887692
18281026
37168987
17400541
72952912
50680529
29689688
76797238
12065356
66134671
42679574
74080925
52192587
72099881
35467334
19386960
68211432
59110269
50851779
61053722
73454201
79617747
40950100
29942525
15184405
61178732
53291734
58679658
51583836
17648177
19686286
43880619
60342599
75581568
11583401
48751838
31014497
12502210
24506293
63358556
41296543
54091384
37243116
19096559
78179925
18440203
56318072
70602883
24107413
15274473
34002182
76655738
29577825
57085781
58890342
22222000
45242048
74802568
27027981
67403091
72605367
19174949
50536141
27796905
78771454
36670987
29801256
19122304
39283130
71656838
43534029
10137100
36673483
52938224
52469646
58782276
41460413
31183487
30248505
43862961
64441069
18180752
14500107
47702278
65078405
11169617
61644932
38015725
35094281
10973419
57386908
31528983
46453382
76790617
35410009
50360857
16470475
70154401
33198715
76315651
35668012
22665427
51329062
69651907
62290958
13053899
61842852
63887458
51352203
30639119
43544123
40578578
17472928
16035957
51811180
37478455
46899133
36271107
16545044
77504498
62038659
78900776
62559259
10369303
50437288
35239482
27435677
53283228
61413831
54494912
38911343
38888044
59043030
50910066
76265183
47013672
66796521
78426147
31683427
21998487
22915236
57210574
30809745
16525976
25252902
63660059
42313334
30371507
29929591
42068940
74040551
14452888
74465872
39820043
48046582
24096951
56920809
14498298
40056553
53203559
68051342
52900362
46359002
32170778
23245396
77882972
63734055
47533149
48108855
48484935
25335261
16402866
33446383
56344444
79674058
41746594
23313924
12393893
30310588
30126224
78498900
75009800
20402777
27765600
53279680
19117012
10196192
61224601
68477334
40015227
34628246
69038275
78956873
73721880
17159335
56637059
27054307
74343932
17672383
27838327
15707231
39281605
17219571
40241374
20839795
79303461
67596348
59698136
65225466
16807147
21499858
36586345
24279325
57381341
73810859
61330265
42958242
62277399
29081631
67781102
78404201
27340348
23238497
68062471
33092599
36947629
16303197
46654291
13791211
74619510
75097193
22682408
49525156
49422868
57477631
35347413
26810222
70339338
33225307
34427953
47696529
56031949
18521646
34211924
39490929
21708157
38340077
22820997
60918709
29179439
71930049
51642127
23641565
32332386
25536854
34419553
35489174
39965999
35009235
33890310
75032470
41432895
62696096
69335033
56356690
12080207
51320520
25612526
43286141
32232531
24929127
32379857
30347797
21675560
34161886
46087727
50580304
43445814
64353899
29781846
32616491
19784030
21924185
51976022
56243850
49356125
15265287
33676889
23648027
67353657
69889576
73936176
35501101
75563733
18715354
66815699
65721589
75305026
67896381
18775358
27873589
73733041
36544216
35950193
51999925
42784508
30658724
54888812
69458269
24650608
15101942
53889176
45405816
58721421
43346887
40355187
21974156
75264185
35212951
28247510
76755979
18402007
46917406
67179395
43132863
39278184
15530660
79439741
60708018
26418582
45614057
59146040
14873838
36647074
49941932
66453846
63436873
28219142
25975348
77535993
39225885
43713834
25751727
10674940
47370829
63112200
35139375
74037871
79457281
41878906
28633857
47872764
48546913
44726694
73943253
56003357
73415467
37406302
23265781
58236106
24413291
12570592
73703004
57951535
36642135
32548688
30138463
14513325
59140029
22129344
22710178
27850787
57660221
44923401
45677070
70948225
43584245
41307694
35785605
20776398
10445232
44161991
68594875
69764826
35391328
62016823
36427702
49853116
70835701
75211583
57442968
23684541
15152900
23644860
57357528
12595761
51005102
51389470
12361545
59835940
29171820
66014897
12441904
79229695
49510562
78929426
70179654
45277018
55528273
16918442
60775346
59290676
39153273
67277872
19226718
15399978
76462509
30670252
12648640
37964282
30437567
21488107
13831094
11769082
45454222
70766759
39702545
28617282
67359381
55451021
78517135
60566714
70068786
28805596
10700828
54899299
54888239
23099156
43124500
70210863
67361311
65528681
69375444
73485837
71695537
70839455
27160318
26135094
33813545
58497551
43212022
14999041
78488428
37507245
78002018
37546733
30121396
67488275
54696317
14382219
31161239
12099158
47466507
29083615
67056708
32825973
25169241
73965779
61761240
17497536
60618977
79641156
21389785
77367226
33408629
39396374
49962348
66065546
15692682
64837135
49794942
72221940
56480356
69169355
42112920
27205163
35016793
68933097
29910475
17608248
64470878
71045000
27622062
78943993
54715676
29380875
72822806
56420907
15306976
73321341
40342328
43965125
12770781
68045664
46093631
14467941
72047837
57592523
21149368
26399497
31656927
23887170
64484563
58423008
51357246
42997346
11075829
51668513
71708275
39755914
68217316
58344752
20916909
16816074
30712179
26843943
38029854
69202956
67029487
70230474
14133241
35379326
75364850
58880710
14539897
65566570
43672368
33783501
16481300
79745901
66101402
19159319
53362173
55731445
75268817
25843706
11068079
11660713
41143460
39660334
48039133
66152515
12564308
71678030
72061141
30681040
21688155
55946956
21430925
66878050
53441846
36166656
47938046
18328492
59951656
69754444
41338885
23577209
11027826
52994547
79903465
74248141
39194839
69816963
48718969
49570805
30756417
15458068
18697243
11394731
40110694
13504778
10886603
25106417
28508768
70943023
47645641
46278250
59696539
31273627
72394004
47276733
42186793
13514533
70414588
20348886
18409876
35540575
25233984
25163487
39659150
79704025
54408163
42482671
77256335
43128372
24386339
39058587
28585226
60287531
16393813
69322947
60135207
62365683
40353155
43211314
42494077
42965524
74328588
65037882
62352181
47623684
32993205
51721047
74695094
15732843
35929727
74286954
21072749
71684306
32038726
43421223
74595560
57991582
59373366
17559566
68693639
69507928
53093682
12834162
44456356
54871771
12267168
71049743
37744663
65421484
26753685
41142015
73293913
15548039
41646556
10716970
36399014
37794583
11550621
77676687
61559001
54262819
20762570
11845654
61667764
66849924
31490646
75005528
65778988
43921510
10978194
72712051
12721487
74519092
59483403
79453826
47318467
30551351
11141234
11564523
52083811
29276606
78718367
15480340
29396237
40445040
40375624
10064584
22185049
69420801
37246074
74482139
35211767
52346703
57039874
30324119
41746457
75091709
46360998
45980994
15321240
18976305
61268417
49760421
48129787
47314380
77848237
57255765
49966465
72142070
36740336
30871092
64701972
67289897
79479438
56079585
41410714
77266696
46045534
36385784
49909152
66277034
53888788
21671775
74305893
42796730
10352229
58819318
44106303
17037317
61935997
53149634
71879996
21415981
31584766
46340737
69012690
45804225
27693434
45069212
32976539
25005424
25658353
76754770
10059830
60957413
67854484
21362396
56400569
59066918
60143446
35374483
53244456
55949800
78483160
20026344
54653365
39177870
24464915
38470417
54248131
69347609
22453165
17222285
76813676
57120014
78272085
39087582
78080681
28514997
64562228
33018630
74373606
36984778
31963251
73391075
50951729
12796795
21100638
73339517
25789615
58054732
79087185
23681454
42272138
48098810
39689859
50528008
64707682
53301266
65680479
42336007
32054456
74359010
21713079
42284142
44949702
10865711
21993194
74399485
22523242
60344730
30809080
31591447
35598199
35294295
73963735
29324664
48690323
45221337
47269873
77931007
49385153
69259349
50282889
37968065
52155793
69600656
38507372
53368039
51864640
60461345
68701278
26266792
41693799
20377167
62007814
65145009
15372012
66489615
37287273
28943202
39859438
34346285
76699028
73571307
33753603
49474167
57314519
37150444
27802668
67174464
76941528
65608167
36001334
25765263
52495184
13974227
21050398
55429228
66765137
23239858
17002047
48354008
64011779
79597338
10563416
76706688
49496424
51939609
59354622
24508393
47194994
25290469
36832350
67771614
28549398
73791997
14686795
33536894
27077407
65302466
57344781
52214548
76737811
37568803
42145965
46630122
12947796
33780543
14576137
60956540
22822006
41479988
66400698
57276928
51239460
55091165
15104597
24338454
32559425
49752734
45872189
31659716
76766280
45185873
59982684
55182007
25201993
59927358
36151119
32747384
77894597
70102230
30197545
37503499
45996875
45540977
20505905
25313542
32692265
59150271
30899295
47706894
29432423
32302517
79384441
48017916
57322621
51190392
24457597
13939064
43571306
55551822
62019670
30853536
67929504
66110637
71184735
32813177
19165033
62972695
26894390
50592762
35409431
64660606
70802713
25370003
17732915
46704554
67591183
75618613
21939465
45334044
35482977
62228806
36899409
75118987
51677984
39410810
75112731
29027106
69021312
27578289
43312710
51376615
60419749
34022104
48733709
18109551
58748743
76862334
17517533
66912748
35956954
46639901
36736017
72481870
49663663
78454307
15676390
12720163
10876368
24137558
46837445
19881350
30074178
44965285
36522390
44281874
68782887
42284963
65495152
45487449
11750478
46856826
71838710
13735503
65808599
16470093
60817780
59392685
43071531
72285505
44798007
72114599
77108015
10689403
34176094
30680802
41781802
10182701
21728312
46428327
44298022
76354785
46537754
28316646
36403934
22691827
77106383
29687395
23039275
63017673
23800677
64362843
56252684
70959994
17157297
78105843
14534655
59902044
54350224
31198971
19287023
29856373
40028155
25885221
17747095
79699545
27201150
13032023
41972577
63627784
54642460
43802800
32945642
48447325
29648214
15105949
73014909
41390884
72024902
50484491
45785045
53338156
73676966
14358926
78097590
37804399
50768612
55562841
27171631
18678177
56670530
44292975
56540188
68621845
51321159
69504540
67346883
19691340
34119723
72722685
41471807
42047717
58057384
68460351
72125161
13117460
26014721
31543810
11117628
68201070
15544364
57965229
50540510
79832845
24486364
12230676
21340960
19279950
51695384
27040056
28434812
37274757
12733599
79574482
16943918
12565002
11872937
15455084
57343282
31940325
41417246
50065212
18439818
