41875900
50527459
66634833
69421382
43426624
26350596
56814349
30272651
47850497
35062157
51053506
32439920
49533837
65567496
73698313
57377287
63864092
69321341
20569504
70910462
64610087
47669221
63050801
11231715
24001975
77912362
57873918
55865043
26394487
13542911
51313187
35659872
55998725
78680117
30718067
36882199
35535132
34619276
49506494
59894936
43097718
40048572
15376599
43814140
39271002
50318194
35049171
58263363
42364472
59954569
79766942
36171417
30295350
27699929
25277747
55630103
64614039
67579257
10584293
24243648
12643481
25490201
57268775
68828216
63349649
33663291
74343472
59263133
60241123
37440660
58270773
71861263
62357072
15404107
37072249
68711555
44354190
17283386
71385782
36258587
12367878
73740042
43420700
25644321
41054707
24043897
64298748
75261171
67114461
56385370
47120439
12840677
39330471
72768503
66870078
13039094
44015242
19567935
17574773
29208675
63927241
39670197
40568271
62068212
43368925
37363682
33242448
68745092
48777842
38737160
17969795
63835380
23112430
68519877
15821661
29471630
61127146
50677469
32978895
33281827
10355197
19016705
52398063
63158206
70572926
38411710
39271824
31330408
75002021
55712803
50728479
56730933
68112024
75635451
50144920
72911950
65185070
39308334
46320487
41590032
69522392
69200534
68453214
79977046
16643728
56411698
42859984
39980180
16676730
11356805
74952109
46967660
42951830
11697464
58043964
20176735
20530342
70588972
14300261
52942977
12168149
10911524
14606405
19154366
40101369
65609824
28878539
17024599
74842114
24818604
69403196
53485930
35312310
39748934
66570315
60233329
65207452
49839294
73828628
59871160
56000396
43765530
62004035
61963735
51522249
29946736
60581531
29476598
35673877
61389097
13634847
79235853
70154617
78269126
63338466
46874624
60471831
30669750
75560421
33982633
68496299
43939816
23214782
18143565
53430311
11171710
33047930
24317557
41954819
61067301
23650948
74594125
51395266
38958986
53132643
36362409
69252514
76284148
42029432
75264687
51889492
29978948
27751511
36075973
23547694
16023852
37812806
70409329
10302887
57604733
34919443
49349965
53789505
47956376
24155011
14499368
40884086
23099488
10844310
37707918
22628786
76195607
48657061
66264277
31143982
61195901
19530959
24127423
55287494
71337569
28903096
68198182
33138934
11524508
27894635
45261337
44612621
33204371
78380369
60589674
73416777
39450077
59288305
13158507
61749312
44120684
72594881
47541262
48643914
52737375
65691845
49988059
31786743
42441878
55252235
42650159
22069487
77657353
52043571
76910907
25058512
21706056
14737966
27836428
58676425
78281109
68734235
71544369
39847419
58643569
49520589
34538586
57583415
31359703
13178381
28611684
21563925
38570221
11783679
56983344
57485538
42359876
15013728
66149284
42509400
45384612
79437063
15610292
16264090
47551420
33053794
20515539
54803071
48040620
17308476
52020855
43445937
36784559
61054792
73774894
31588109
44455514
31366973
44266245
79181318
18332121
13900960
42338984
59662280
29328718
56279620
56308852
66942108
67248518
23756510
20369717
16719969
53521490
47419478
34989185
27407422
49216001
34788055
69368265
21167963
62661521
34035735
16511268
65068829
35460538
31731734
13459415
13409294
32360247
73650752
22471497
52660460
41783129
27037238
53023435
17694337
35643002
61494410
53355723
39218400
29227817
37660369
20894683
75248006
34626030
58309285
28336900
18808475
25880376
26955461
38539598
42850587
17655972
29928951
23755640
35221732
16895596
69060695
25115601
50210816
74819296
12067182
59762946
16721018
79063344
40569060
17378359
32857432
62412412
18699148
58019636
28195858
27846266
24146201
45536052
23610040
11660918
22549000
17439405
61199942
73650684
77930705
18693573
67519196
24315205
48550689
29326177
59550481
46117757
22270362
64189577
28668161
23869941
45114298
21957112
20250330
33391627
30750398
16580072
50482565
31588700
60886949
48205258
41234760
33287695
65537239
60007037
13547562
45086359
76630896
39594597
55384984
47957032
31379616
14689771
57647750
75477562
24115363
72248936
39119890
51208035
30446772
35016556
55917697
76528362
29745951
17815536
61199101
57063856
29508690
66574671
16335803
27224318
76102043
77823957
30236442
51719446
37210731
48097934
14015962
53066746
47584184
43735470
59171044
74644213
36359735
35717876
33403699
78932831
75019133
70833086
39429682
37363141
79060136
37560487
54667663
67951995
17191453
43130504
69180839
19664813
54177158
17295146
28851711
12240431
57102320
20012519
14342416
54000280
78963718
41553682
33511789
68192907
30715402
23833267
38409929
75253865
74761286
62479229
57131294
73296090
64164127
25790911
24316312
22134247
47732292
22251203
35366724
37817669
49412376
51990665
64849547
24910402
44907100
58054359
24819800
56313582
42295332
54021878
45115786
22373415
63944170
23637619
20850702
47244808
67737541
42388287
36456415
18003987
24097020
11397329
75128674
10542899
56123977
78190051
50728029
22715422
30214710
57786819
37102520
43499072
70326620
52455161
60438024
79416361
38069471
29278929
63266087
62060497
77546375
77711206
11628786
59781610
13681779
53822028
69052894
63252023
49694236
38378921
56182402
23493723
64603081
61942947
73976631
35327263
78991360
73580156
74863343
31851982
79716169
59750679
36030668
12246074
33568637
74562245
72517212
39234710
70401424
30922977
13991513
67788401
64614552
43841701
79985769
73550217
26606448
16673616
39161452
44922458
21077807
34759342
24924347
21733784
58860714
56078509
20009816
73861532
10344149
33137985
19341594
72461777
10882031
66249143
39494126
52679615
26841492
11655831
27044953
39751820
13548377
20793455
66519517
73043310
54390132
40207908
51651301
28808861
66875474
28823581
34152506
45052587
42347728
61696896
54617677
43899622
53708241
13958312
45846973
72830267
44122959
58293257
35923691
15989883
19468609
26683640
33663188
11060417
77860930
78158194
30093443
77014361
25920506
59264363
63937393
21680149
63539721
45725489
69712158
76563047
12975262
25180106
28066947
62307825
65073244
42809051
74997976
17389782
57337560
71888134
31684567
54198183
63561974
50042166
74843946
48137354
71747585
39577550
32780275
45394727
40636267
12660141
30795546
31284929
79662233
50707436
15521607
43708303
22249811
28573737
56256413
72665682
68350999
41351188
39555881
10523599
74115175
31121768
72661633
17006940
77677446
25670294
53476932
75046596
47994124
77017267
34519263
74831030
56721409
42658714
26864962
73450612
49079133
62067669
51805258
49097413
74762525
13465997
17077728
16147284
13363170
34459206
27755949
53301873
43238667
15937105
41680421
58371083
18608536
53324716
71588476
79842797
55416438
73580373
20361623
26727513
72953604
43388623
31287012
36301797
47509083
58479295
11910283
14361324
51171149
42290914
78827640
21925212
37182669
36031056
23003192
50314532
63803418
45792284
47458065
77488387
11388284
76857495
70049705
36884283
10000580
14337379
26855488
13448201
60880057
17779490
23960835
65541186
34025591
19778531
42631064
79742603
43397300
75392381
30246759
53421365
30274922
66957181
31112663
13306918
25816991
69432726
39346799
56283125
37975874
14049944
53746309
44342368
69016032
30793486
26602306
18743171
78798458
59489413
54914424
28313267
72067474
64255737
59944367
44180312
58658520
11536083
79445508
50552361
29283051
18082417
33314082
14001532
45345122
55045544
59701535
74679203
37742237
78399099
16198438
36439772
50520792
78023483
64677175
71141689
19247001
46856196
58250551
58845728
33373960
37128095
58829772
41363690
51181595
48613591
39859836
15425128
46435934
66026433
72472191
41217732
27410743
11695049
59076718
53627379
69963683
49452599
43651708
57217372
30427994
69006521
49722485
76145555
40941601
24217778
37989411
77676886
55286560
75596977
45049056
79394956
69481365
51662519
24195626
68148553
20538234
75843726
59548908
36677371
55590200
43814921
76777791
72710668
35621473
63893793
64338691
53173814
45102821
37813721
46163521
61238118
18951657
33992890
76400193
52638254
51479450
37020948
17663706
70040929
25435120
11230986
12975765
35928768
30340282
58525771
50634053
62578160
49478768
40696929
51290267
30652952
52917102
38391680
55991196
42810029
32771532
30569784
63219979
30255175
44806438
41060359
78090321
27633691
29522718
49094203
71850150
32866912
58027237
79154639
48363578
71880784
54008782
59843021
35052051
28922079
61416636
41866506
12259685
78533148
40163588
43110859
51445098
44889750
79069105
22383626
56191175
34685089
78433470
49454224
56345505
18882098
73580520
51620233
35145320
78614686
53510935
28763757
16829322
55356790
21491375
58396269
62805767
37418082
51154678
57767893
74608882
50018204
34470467
74644693
40876024
19847111
24756180
50829566
52041007
44217077
21840693
25881795
14346361
36443076
35121635
36605745
76134924
72906376
78998555
64512139
21987980
17766292
34435507
32628121
36685400
75050389
32904563
20601715
43694535
65713316
47526247
74516727
30355916
39005732
40838797
47697809
37769801
32542777
56378973
43079862
17258238
67650476
31550074
29777355
11309492
14361374
51772231
37706082
33407214
75570955
23818930
21323948
50801378
14533164
21150040
36844968
17587713
23142592
72710676
34912526
70639158
25823239
79918037
41058111
58870745
45879046
25302305
57933130
17481431
73049500
58412990
62803872
55039916
71461509
36522148
28362036
73027457
27600733
33368027
65736948
72969946
39876134
46652202
34856767
29676708
32044702
41126109
48556429
43445367
16316030
63153843
43995226
73785769
50513030
38865512
79186293
71252297
68334763
42141244
13681439
72976862
31387265
13263355
19072354
60455280
16117004
45959411
25592102
71337177
31107587
68425454
68513587
69371191
74626439
50268142
28688173
72589013
54775971
77916722
35640812
19056686
18427141
57100561
72403957
10094471
45852456
42772412
15360019
23479903
64081079
61724921
20164097
16702101
21226329
45013484
41705611
64693361
44534089
61331903
27997910
68910580
18051380
69713705
58112850
76085356
25072933
29101584
12332187
24713176
53013999
68572287
20159908
49479132
18091214
43025451
70484589
13948859
50743836
56081876
39851436
11044514
40815494
38508968
20555907
76281985
33371770
43214948
34944049
43135730
44669682
21844358
17044857
36590502
53288112
78832642
53615613
61451652
24598342
11519602
60707360
37694582
30892944
24407293
30271450
65391591
69422995
40610152
70877217
23913327
67021589
28445020
76111738
32321162
26550304
26837157
11360448
66144638
64699276
15559215
55656307
78129047
23558563
56812307
63108266
36485868
28032170
23069504
27273458
63932077
15624433
58587973
32420219
45485800
22497064
49182969
55556580
18723986
31844855
23417960
66678798
36302649
29102536
24057050
36429405
60109057
41998609
76383271
43788921
71886132
21690119
18705883
42428587
62272966
76872180
47862013
17087062
18595852
65130156
49804899
17017633
78732100
70485437
29032289
63781505
62661459
48528967
28646308
38609615
10201301
39812542
59756727
35008702
38704438
20651508
73013290
14745494
24489337
10492159
34454323
30680373
47915339
77410468
21692249
79815354
46363666
22140010
69475377
34499570
67771506
12124882
69689991
28987923
46340472
12307170
59897679
22257229
40745082
65474323
46393337
18629203
74245824
59773172
39083619
34916333
15396243
61074905
14387314
12010906
44013352
75272269
58019875
14731755
24610471
48092283
60600776
35294829
14930397
37170495
16354716
62035991
29576106
48263045
52231182
33508519
38322266
33665852
35583482
61172972
20955144
30246035
47091312
73767789
36484244
45300056
38271399
49327070
10831237
66599294
52882058
54773289
63122169
74661690
75992758
67115005
77698982
50875954
51091126
51899851
38743082
39981612
12179151
59865343
43629672
70754215
47818178
32319842
45614892
69117470
45556095
69368736
18357861
51585842
41741007
13526752
57481825
25644091
47680517
46141710
16183647
12666203
11135444
50708335
71310868
64361922
74506169
30642637
21201684
71445574
69113628
29612878
38014763
21220750
33770133
70520601
36163623
67930375
44357860
74342608
34697976
72368390
44677466
56405865
30537561
70781983
45628493
30782418
29509000
59006314
27053242
14423595
77264757
33396755
74205302
48908287
19046048
67222568
59719952
45663735
14481292
39517552
33435562
41248200
31402605
77904832
15909543
57537699
60265009
66107988
63135956
53629659
56706077
49786891
74393088
69629327
62624849
66331251
48217449
13982319
35333652
27956190
43906836
40280000
41436566
30911706
63709243
17236350
16759087
63319652
29731224
37493571
14873375
66556332
41931020
16699268
58111290
10438579
57455630
53011773
37650802
68190534
17968853
60431156
15584542
66946322
45862561
15902813
71966034
19068200
28113844
11158648
65193279
30498343
75459261
55804598
66153435
71188469
73639050
16649673
57829846
19953327
17819750
21979711
65704291
28224641
21744119
32619594
33508339
36705571
28563106
16526569
22186867
21045728
19563832
55094380
46079157
34571148
19674903
22835901
42536743
43824127
31863226
43576247
10319547
39654992
41711200
25617643
22099128
63820733
52311626
71888447
40437316
77742615
76033526
40976506
67338876
33074498
64540760
17095988
24341530
43436928
55030448
14670927
65283937
42077322
39695608
27227863
59727586
27608213
34852071
14123109
48071366
43653051
33970268
66776830
17872392
12546560
32029252
45131523
63781036
70987556
12579283
68621076
38099890
31606214
13006095
40284511
26175281
71443575
54051996
15819255
64851477
69724883
28052353
74029593
56289442
44607079
39085316
66305550
29024653
37887377
74979915
50208322
46118701
65049952
70616181
64072888
70348967
51566681
12259116
62431126
69998423
15101563
15050877
18502490
51162855
20882098
70334848
35650252
14588632
15373398
56414186
17145501
48458525
43167852
35013648
18210712
19778675
24328082
65272506
50600230
69605886
17020643
12914765
61703685
41766617
59812794
18232991
51895468
23931232
15286857
77412640
78804374
35809912
44039715
42594909
33673830
72771407
61532998
55457032
22311775
31337578
79442842
18238418
59745002
74742230
57440705
63936444
53744066
25678668
47990623
62338584
48646796
42396128
44969694
24004893
24088722
73683551
63757494
24662928
68563937
70194767
38638077
17141818
24281252
55037366
72514547
17147397
25964609
57891268
14099045
53389263
10896989
25856221
12667529
43720231
41377075
31454868
69899890
26058726
14693070
67664114
23927189
41753182
74469555
72082432
49057491
70793627
52966836
16377623
37162924
64490568
32332990
33252818
31043752
41868912
36519217
55125078
64199968
76103338
12270674
24847030
68270372
15723710
66681578
70174464
50206261
13907326
15082304
31593512
66648797
55469791
66050179
78010559
79008787
49686965
21664619
19875314
14890574
18413725
21492422
59079208
65168977
33954781
29881607
47472340
26636268
40165483
35086660
76565671
44920637
45677913
12303910
18524922
20041120
71358913
59566286
31977062
43305798
69958483
21157788
12530627
65709138
47157219
28621311
63209498
15386937
27663696
50279109
44981547
20883227
57494332
45926949
23134732
77311708
76388613
37297983
52191078
15630250
70070838
64245689
55296279
35643377
72998617
44847070
33007190
44701440
37107536
41957037
26030187
64636507
45946496
55129540
19272129
66080842
52600034
18048897
19832294
22358802
75934066
52192743
32568835
31156269
13226400
60602858
11887005
27129454
11664717
49158028
59362355
54390374
13002952
27206695
78507301
47513000
33238335
31520951
76343126
15287519
79743348
35711270
52479567
31046070
41901442
66782836
28614407
45411662
34291581
51894216
10191988
12222929
21833190
52050547
30747323
35004489
72153483
49575738
20681249
60057259
65623134
48199461
17109784
13064508
60878803
60175791
31575203
46803462
18713693
13043541
22440924
40145365
51878594
49959473
57827095
31991897
35667780
62654092
50889205
71665237
71946470
31409480
34901093
69552546
73863338
32357059
72770631
30538366
62694710
64738129
46454553
79171358
15686455
27566263
21784756
29207367
38936124
49410733
79634889
40293487
37275786
39005682
30936934
30237397
30638013
40923956
68886217
21554600
25990014
59406316
53106206
70910384
10835768
58976564
29485801
51299947
51353782
72716040
43031455
75032534
38388703
22328504
59098756
29543926
17773632
39041137
72166961
69998014
54029625
50395704
10869512
30931262
23982497
16093829
42228324
28257725
63662427
73711444
54343882
53091695
34269424
26231041
19289420
36789243
58316426
48494123
23737574
11053222
73618712
45933267
75839440
11138742
63357888
47176412
30601682
36898980
69946617
60049610
25176911
62362139
40673715
63854655
27571050
36176735
54974513
76326597
11047392
19888286
34381624
77135113
48437003
11690886
25378762
44011767
19825243
36972480
57757199
20907811
64188169
57652754
49690441
23063616
51431625
15785021
29423908
22722013
22778071
51995241
28614113
76559005
19844127
32468775
67507525
64733155
67947499
35854036
72382945
28045408
70594470
71759984
30341356
16098487
60881127
52467476
59893594
67827998
39740641
16871878
43730812
21924284
27510359
57950438
64451712
34226637
44058272
13294218
49814652
56117719
61119982
69245237
70406271
33896730
14028890
54062389
10438529
57235030
72097160
31004359
19681255
19800681
79766975
47756144
52430578
63862164
57064742
62238882
74556171
22820407
67295155
16697746
35700285
74459143
73919482
40964804
13354276
56291415
50439633
51092009
26724838
55090382
73781330
35923142
69003107
13728334
59631304
21008096
43959169
43550598
38911806
76820361
11913388
73215831
72383798
75641653
23680107
20359936
68398559
19450528
32568368
77081289
59964695
62922797
58836086
69901893
62221816
13931643
70138891
73742803
36669273
37550155
66472893
68091083
70511683
10956560
29713706
12563108
77497591
40036379
17545217
62754299
51335725
51536933
72733844
47874582
24842016
78185331
37610154
28253941
23591875
44645473
53342074
47954552
64521535
25787556
76764366
58383984
23581974
31316841
11578145
45328922
66915203
53940315
67164112
29150539
61195109
61232742
47093475
73486557
65633229
34232956
55312909
58942785
44911830
23868169
36993058
61386113
58956382
75826692
74705328
34168828
78969936
50551243
29708871
36199092
63550177
14095003
26412884
27095412
48095095
36535401
54649297
11838935
25281088
42001059
79896375
26195650
67346080
73411366
49691787
42130292
36776147
78838224
67636906
76052039
71038092
78274002
31627481
57798387
43108073
69069100
76116952
67304452
64487280
46027701
20801276
63354729
45960013
63803240
16516855
71005845
60234579
17118843
50744431
16140742
53215035
45298836
65144242
22050467
68054604
18327137
42907794
43223343
13713147
66626193
68988627
56273216
47334203
62948131
32437585
77110931
56032871
39063109
52710778
75529968
18611132
79372260
36279738
46592789
57653635
23552441
61787833
11039899
76896588
14236344
27406237
21983382
50656976
11694389
64353758
33941019
52011271
29796383
37028074
41189703
61747701
67753557
53974397
62973351
11063026
65458117
21290872
71579489
77795688
11306588
46147686
61260471
79422955
57261234
14788623
73460479
42268165
67133181
59197160
19383841
70495839
30716600
40594708
60776096
70974240
36466203
51882731
53796544
47935008
16280644
77803043
17203799
75938357
58084914
42087347
21893742
56798459
18228488
69490591
47357338
51476874
33758740
29760171
40307084
29763737
60322725
32238307
26139414
27654919
28396534
20002020
27876632
59462389
18596435
74832131
64294100
50916691
53069544
14978274
46489787
56032470
42369108
10180778
55356981
15064499
50976916
48903447
12870692
67770617
38733943
60086844
46422955
63666010
56214533
27058800
33569741
44321334
64627913
64472656
49362854
55999483
63334269
21195756
13724675
46381018
73253941
28879624
16687896
20170711
28827321
51697499
48425617
37605419
20998245
43481677
44978413
43494949
76093760
32516560
69225072
17966672
79717481
21950337
57483283
73702239
62871938
49143971
29730692
35525523
43469186
35070947
49955430
70697175
45999022
71975844
62412423
68774117
79687503
64197120
71824973
37411500
70897737
54767573
59948903
19737694
27561539
69893674
47214376
72802187
24459628
45108103
69204183
39114240
60506393
36585546
69277187
43085511
62562552
61305643
40658786
31326552
56158430
76899120
53999333
65207267
60521214
14531593
25936069
52270979
46192532
14367145
12445907
38774864
20919283
76352650
72764753
71229942
40926920
16765195
63906718
36603690
50090297
22049969
74418038
29115727
72175272
12820811
40863820
43295564
13014315
57626878
12061680
15992206
67653204
40674987
68803534
50998235
69649413
36775012
34277066
26130004
74649082
58345555
39928925
78957673
25673829
52902452
58027898
68241690
22238020
19392196
47893998
15096216
30599943
10363238
69627998
69438140
19445462
15572587
63181382
53321742
77917381
41570381
73252572
36323817
15857351
68704952
16534666
57499770
68320529
74509356
29989199
22691034
17764365
24981740
72417871
30901984
40753032
42661772
65747500
70342535
36008375
13587537
74605914
38976736
41862348
55400462
70793015
76480743
25239972
39412927
39834472
23301264
51709660
68260244
27946189
67883100
45015016
53999342
71396309
61671456
32584041
13140959
30292653
78306245
60109898
62227453
76328790
15067539
71940291
56038356
52566955
20938142
19512549
66056499
47575634
53484337
55796307
70309512
41823198
61190535
37587732
12345968
63293582
28699719
49570995
25769549
10974211
65426906
47045838
57494099
27171093
66341936
66570403
12515808
78164059
61228837
77245507
79791415
28953997
72412526
59035645
15720188
24705160
73493246
27291479
24937916
34167529
66096299
51999079
18981783
26063592
55660099
48305652
37942417
53984479
60233899
73253345
44067706
79553797
63072007
54779746
31155573
67309938
79585832
21312587
46500591
35563204
76616289
26438714
34926358
55364399
60824901
71703721
60920476
57061588
28161478
38426980
59935048
11845054
33591286
41460243
63377517
14220050
62381897
48997713
49702747
13103531
11613182
53153158
58163742
34653349
39116353
15865213
19190350
78012780
62784181
76152885
51820677
32267837
30460395
62530218
32153463
34552204
22516846
39277887
22087483
49035150
62428548
29903089
31010213
11120349
71405877
45781115
21056091
77842342
78729875
68340089
75377683
49206684
43540514
72257680
72426247
64028948
52226522
30645369
69280007
58849506
79488964
79644064
72566589
60512832
57188695
14154656
17089317
68590465
29050731
26362980
25358529
38814820
21698646
55247134
37061492
14375717
71658780
67003511
66894669
53402360
15633657
62887015
22431638
55026971
29863035
64015194
77641199
37276140
64517981
32552568
73089725
28826405
66354946
54427469
47223586
12372907
22413808
18159386
36215515
40565531
26789503
62966950
16257673
24637630
12853640
29221980
11471342
25758747
39910410
19089244
49842574
30956311
49434300
16665491
66890169
67240163
29342011
39318566
66875411
41655511
21620799
46140195
12592908
12904320
14524534
46992162
69907975
31333521
22378394
79346360
23374321
15625535
49563926
75093320
36415381
43183153
67985430
12080851
48217872
37099010
31589928
31775080
37254934
30902436
48325059
56019068
18344081
69658402
35807126
43419475
21682736
47262329
51538290
45656387
41487883
28034420
30964737
30892537
24372526
75229258
46627469
27542298
75957763
26186021
44038375
78050049
43947376
78676759
21932306
65587005
12685055
13944027
11869388
69357639
71272141
38261961
74164066
79277515
19444337
77595403
79935782
42084290
28215750
73581398
15993036
70379210
55120920
69907699
76440752
36618365
36133274
34553925
45837800
22164153
13591801
45085576
78633553
25278976
57460593
76027249
39458112
44025819
49680919
51682553
39341837
79063565
32484697
10837455
74370519
27641119
18950533
79963888
19261820
15294296
23239795
34085121
76784680
69954868
26722430
23944711
30413994
46492714
69774877
43003809
71404493
51385942
18744398
23305431
31905660
54035279
64473333
68636513
44164302
61026258
12430610
49469423
29493222
18926841
25315356
47366158
62362195
71010463
57434380
14726150
67943861
79248545
10951680
77033801
18330082
30974594
73341397
16695525
59339239
26176983
45683295
70956400
76636890
19804260
51434140
78819992
44764050
29535296
58474210
15018183
38733638
21126356
42853962
16475481
29753915
60146766
56150328
61686572
67975219
74374203
16049060
31464530
40757038
70954964
46679332
54573693
64808298
19002449
74716969
27791663
68294972
58779709
55581238
20548132
41581710
39097918
71598657
73914281
43667230
65154437
61170981
37290233
24867406
31328564
35409277
19726077
21714378
57387757
43453197
61079177
20339322
42568336
55372905
14101646
65929858
55024149
31626097
66636602
76238054
76647274
23996209
20799088
56631228
65929084
39234333
70593337
62214924
11730503
34319895
29226436
78724614
16921013
50242866
64413736
62622710
12704753
55042080
53171022
18840824
64831237
30472442
15972923
72127653
36901669
74989108
50390023
19126882
26929288
74060584
20038546
17275537
23688267
67250931
34959198
26011351
13943855
34437700
51527623
72015361
70885813
16415333
42436521
54458658
55458294
51554747
76160889
34733921
29564509
31975830
15487394
79177741
60066709
14474882
52076155
10258057
72149186
13279528
60421679
62352561
67077956
65853497
12171505
42421893
42352771
77038486
45756864
46809783
62238305
43350590
25787022
44676099
63702894
65465887
38301832
79738680
73912998
67130023
26930441
49410356
27118322
51455900
50476817
46370099
44137503
23676516
39937312
21618154
18411402
49581284
45252883
43420949
50907487
44494151
34460245
33032206
35665615
75483123
44309281
43388338
31736396
31759389
52707064
72870511
17151453
67502979
44575934
22372245
33025333
63714112
54656382
52595222
67573526
77545093
61177407
59781974
49290597
74920902
65840672
16955929
27662906
15122761
47704949
75020276
78994118
60945374
24947072
64579420
28007198
74765575
29900653
35004882
48692569
45372219
56584201
52280721
42830717
21413852
64960449
65262078
73795976
60230634
61019055
36107725
20502269
73362029
25810429
79065521
51208919
40857214
64578418
21274769
79057763
63989665
15082664
56327926
23477758
19704624
65697625
46590292
22299275
11200064
78138096
71280013
68929206
22203834
27856078
75533367
60329411
63333917
32454734
52095504
78245377
52722631
40110917
78576475
15721391
46094462
50997636
11798547
69231302
45998557
25764174
24889434
22961352
73162010
20748131
17373607
66111079
40720723
14778257
14931698
36207356
44053634
41681424
37258333
50042453
50579966
31724088
42649840
75601674
11957172
77167274
13376940
69613864
56738239
49063822
25221801
10351747
56183750
39381544
21426053
62319952
40013633
74934298
45323018
40102259
14333425
31298676
56376305
54597298
41808749
15366528
28915845
25802331
47204348
20213647
73650225
48728519
13756260
42830182
65210437
55112614
34828473
25448802
70731995
54966200
14166735
42699114
48894902
61348118
29863185
64410649
62797934
34071143
50535747
70052928
28366905
25204762
69252844
30323829
10740453
26904877
24891428
31384056
76516420
61829374
38450702
29474843
54433891
46655147
33532685
42676626
36357494
75118642
48554613
26270263
22192502
34869374
55678307
51392849
64217601
34416377
60853161
58307525
77930951
45660908
32825795
59697310
70146809
64786322
47334490
35069264
73219423
77789876
48167549
79828068
72358090
76052653
32471811
12744961
64097138
56972640
40383992
12678568
13690277
78061888
38200049
79292554
41443130
22465229
33764454
79396071
40264152
45883734
24241796
48934169
20665681
15912665
64286690
61783323
66693854
10283318
73860409
35988937
37561609
24038831
36871515
20988221
44339347
78128343
70667176
51880415
74919301
42444802
17836615
63036960
25132725
32939630
40201865
62729618
33313672
38229766
51093692
54075533
44157973
72081324
65664403
72051770
69429878
27001411
32436839
73989400
73909044
22435836
11828746
56376728
69125054
78306034
78253462
21309583
24817539
60213824
63544967
59089839
31575934
53381755
36816286
43247457
57602806
10498858
45643141
79231666
37633796
62878701
62893879
37455150
57842806
67615138
19471037
26249324
46782222
54269474
32425722
62504049
38493684
41152719
44045063
22344926
71794297
58528524
53118679
44850028
49945725
42574638
66247867
14693043
27915127
32448459
23372279
76362700
23384772
77170444
43550829
61256310
36148254
55991485
12210955
15425996
16094696
21439213
22711083
78110749
34531852
65397383
20251204
23986154
50029759
20917683
34774581
51914645
30434110
32897143
71630173
75876046
37148987
31619347
62574660
61781292
39065892
12531549
14167625
79074120
10365789
65159388
19008677
37806953
46179322
71597239
67211939
40922919
67699802
50395545
46461657
66062584
49786082
22365124
15053711
20750212
79856810
38400225
26136258
62318438
52508266
46122858
38857656
74704523
59719469
15554411
55270259
10376474
10614281
76204712
51592072
59124577
77136616
42853852
13152209
73037046
33559133
46909176
45097516
11843743
12318759
26600409
73010677
39685422
13683184
26322890
54025380
61758988
22288911
36406617
28780475
14877964
74272662
70922725
79222555
12338201
62821213
30621299
46822401
56361201
26950125
24276005
63859220
21879514
65100711
10895938
68065252
53707312
19103257
14004861
30832573
70188484
45174253
18037692
73183149
69945543
61414065
63485928
60934273
70984255
35546229
16573541
50158053
55448874
56941036
45835572
54168027
73008466
27068510
76650113
70057244
39628443
40083328
42508858
40603087
64283348
60180010
65972624
70753166
52006063
56252510
40006829
49457968
21456227
67102810
43661795
74321781
11795270
28877670
32957387
79022404
65251965
20810146
30557338
36932959
50794200
50461626
30270516
34306981
74380248
71742979
39928810
69628723
12071035
26398824
78243755
61473397
71525705
21984094
70370756
52846685
53629590
30223012
60417412
38235304
41361883
45471226
54021073
62639815
22822429
60300629
51190917
74210364
30985309
70076150
77069375
24949743
49752156
72132190
51458621
36242936
77796889
37152314
26361964
41346143
62915522
66987749
55551886
16097202
41720380
49128610
61983281
45046831
59181442
32310197
34683375
12063264
53723975
78761227
58570602
76995997
44485376
49157299
42967119
69447101
67239684
42188114
53057685
59188528
18738897
16368107
56341103
77009485
18283687
44088026
24704349
44981516
63971431
23957553
28045356
28884483
61002457
34446825
38999525
22726410
63537003
34085972
28700635
73285445
10318808
68587197
78209697
74969720
43383705
33126837
54407194
68655956
22525109
25281847
73989345
58173609
21681901
75945241
10073671
42402291
15379793
50879028
30770243
74410767
42809752
30592805
29969671
20165312
32863648
36226102
32789247
69924676
61273507
25689199
38156499
13543740
69966162
63962278
73829918
24575872
21326179
31908009
18773540
12818001
72961278
75993747
77985345
73110871
74667894
17657110
72381494
17912248
16770097
76171007
55885379
10042332
59289849
40909672
20490778
41423057
17064350
54090571
70408194
70544209
63550187
78635343
55628659
69426872
43878275
72373417
62475237
33975264
35266880
34266607
27596170
31276280
36521915
45464489
36334863
18589050
38627294
62062249
20367377
75065350
35375839
12852297
47535517
48243057
44415840
56603268
52072841
38801133
79553302
39305646
15800795
79161118
73292392
11738906
61264412
66304009
11707079
30874073
16653489
59191012
41423655
67154113
78707262
36658450
43899761
14207731
60310181
24595315
73160468
35478051
22421095
71474110
26482601
76000816
15218580
33231600
38514380
49137150
52100854
56625050
63965959
46022685
45334173
79642262
55147173
45734888
72714998
58666397
55300171
45762086
44678750
59472435
32243150
19472727
42971298
12934115
50566593
75830531
51524564
41580784
59380892
63023055
76021219
49755428
48027656
55549535
38628542
33923961
70607015
76426943
29968642
12577532
30171811
37297977
76227945
59254118
38079458
23367169
51623679
19087290
28800629
60650927
16449132
61730813
19874906
76057613
25191666
55240289
32743550
27447383
35641720
29505853
11684958
30650487
61775743
62768028
34196236
47124999
79330208
72487290
11198771
64620260
15811436
77469136
32110412
37465505
44315112
34620796
71147312
71529838
45939030
70918988
31438663
27691136
60748584
26860423
16361409
22425473
23925359
27930256
47340892
19180523
34034552
63035776
56588693
28282145
64510464
50549424
47229360
42283916
57739109
46856739
56142135
42831044
44198573
20145806
31325142
52863287
70396810
37802310
67389740
66273070
35216321
49959518
75322556
18594183
61203904
70854680
75035890
45625725
54122419
22832830
72236732
28903546
14431948
12199502
51971801
57013663
79232418
28348303
69991314
51744557
52268146
75485442
53253092
34654149
71361668
13416788
69011354
13536165
42088152
71736518
16902143
30956328
55593401
34002512
13244350
12669210
43229917
56142516
31156704
21643876
34013228
36569591
74696424
75076882
40438231
46663550
10465041
43412910
26364976
20837582
14445307
45817816
10758188
39425233
37718420
48524334
53452401
43395474
40150423
31936797
62421724
72185717
54508820
61333096
11671617
68483628
63741991
53325477
76891457
70410460
42876758
52864302
38197816
69439359
45550713
76473463
44090011
68413015
72549924
35988303
31733144
31679525
58105446
28290304
79325991
43079270
33921590
28228062
22137638
74284666
55666272
68237515
21724022
20923414
79608106
52200444
54310821
47135193
66037629
49566468
22053227
63796844
67042084
56472897
16663137
43449515
29039930
35533571
75044377
57250166
22626426
21460993
26512077
27383319
73673962
22843672
38255801
44111661
49233177
12753454
65065899
13061393
43875334
78976387
47915804
32123955
62025713
44548539
13157160
58381710
37056506
29294284
62036152
56784349
77346265
65956754
51786324
67080204
17564052
39113369
78987959
12296343
38498527
37815069
68281080
60801509
10060776
16061365
55296496
72894411
49722260
66578173
59012347
51738006
10003252
31894964
73156385
20571587
79725707
19277345
61324037
62712318
65743153
46687639
70099032
48309892
68809909
17619337
48271057
34699100
62603722
13549936
34311876
20778317
72219204
26684967
31622362
23605363
79352649
13550255
66485620
51602396
57822658
63139925
40817035
48310775
52086778
43851126
45085699
10672020
50303181
59751715
66102744
30755634
12480816
70353913
26771565
31440846
24932267
53681209
47727752
50753643
49706755
21696933
62986105
53631657
13105595
72041177
64468372
48621310
55394717
59558078
29669231
44600378
54809891
57558934
67383481
66980869
62797802
79830755
15684937
26878957
61126367
47396818
74513477
56548051
29827027
79647525
77011210
43844670
42785820
54289309
66966556
67117781
57870384
15071827
35603176
54644429
39256410
11000127
70975481
63663653
52484923
32685533
29789385
51426883
66040739
63953573
14834339
20313842
26346707
30276989
77210427
37009805
78545000
51501346
26775893
78980971
45159908
78552141
50350352
67042429
65307212
67639646
43111728
25375689
33659516
73255101
59883030
15669072
54497542
54211242
21359046
64904507
33112073
40711090
14057109
16990183
34460585
34582906
10308373
17605238
77807394
58764909
10142451
51182390
47279477
56305222
70121362
51417340
21885270
22786579
49325472
48838661
77969294
65118797
55613512
19219551
65938303
33287582
26158080
40571696
37197386
11533911
51963181
55098034
21664899
52816337
66978390
21265832
53883967
31780736
19324552
66045939
37723094
21787520
14455319
70063692
35126035
30007103
34159123
35015499
26290727
66811165
53858326
23780502
69085943
32976912
63006849
23451296
56674539
45237663
13597673
41709857
60438587
63128661
20366750
50089358
14595859
33490153
76898390
70401921
62457740
15692927
40134603
55623400
74684811
60805624
28184916
29146187
36733753
43413263
49111357
79297143
40726025
22612545
49855155
27608288
25853705
16736526
25725337
11885175
61319310
26834512
58625792
14720865
47935227
78634218
36032256
65759141
70114472
59994891
33262345
53446182
76519365
54574252
57804157
15804823
71548856
64428199
15099352
41105316
44727682
77537640
58247680
61261740
18826142
55162788
29148740
73886890
60138196
46555523
42970950
19568889
65254623
17316329
31473791
45457779
24851210
55471156
29281640
67273976
52440331
62392448
22383415
16454605
46867563
27122868
32607591
16733574
44395745
22575996
19088851
11728585
21787780
76580836
38070563
44892587
29173497
23111946
20985919
45846292
77481987
21097432
76884386
72728498
33855397
61122348
63287965
28894810
72725147
71986216
66208745
53805868
11876271
68418998
12100103
24832281
20606204
45228530
68985116
61387190
19524929
70913414
62527226
57608911
63948037
36989826
58969844
79558653
49602917
34302955
62953029
22459822
73814666
69759676
33735681
66870812
71932872
26397112
11311837
35110463
39321859
19379818
58080465
65709831
34143709
42893518
14171193
53574381
67417921
52695374
17940418
32039128
22328888
79584964
12465739
19841631
33461771
72643382
18558126
40020568
69502386
49583574
61636667
29123128
38544632
42301634
69756938
21847661
51396980
55282404
51075879
11096166
58344618
71206599
48686024
17966211
59070755
30125585
12785212
32698478
77650477
76384446
29265244
29989814
16943527
59743772
31900682
13479904
74643312
47416742
59458385
28495445
12351397
72997465
34564639
53902182
13913405
61959163
38737295
31104681
40997317
32577787
42689455
17054585
14868499
17437980
11720956
64962653
18149381
78473655
35312464
43436286
27232483
72753531
66151441
46183786
12571467
31350697
20062395
38144895
19499118
79205670
31338154
16250907
66254377
62880520
61608313
35498644
17305369
63226006
23194121
63508596
68737579
73403788
58222388
13226554
25469195
43780195
24766082
71039266
58605927
32262620
30193437
57979078
42568181
69842449
15415376
70352685
42668555
32406841
44091505
47509944
44969200
10265180
74481087
41701193
54147427
68415757
57495305
28625639
34348991
32793846
10512788
34636168
10627089
14806724
15249085
46906639
40621409
74388500
78674660
67685223
14396749
64217328
70352843
27319073
37564010
71194985
65460409
78030613
74686098
20049891
19411315
34807345
21414541
62726060
43298263
33622894
10781112
43763358
68653619
58532579
70336590
44252333
62073264
78411798
14057640
59916803
51420894
71086051
76508305
21440329
12053382
43820332
10085019
15841928
21918863
53623741
67151527
36596824
28398190
75492676
54669277
44584269
49980570
32186398
20622257
67818802
58203210
42902906
78133879
17858934
71217088
29545392
35699260
12926220
24091207
55831250
64538521
28917289
48361567
42078440
78066632
71644352
79061521
71040269
21174335
54964127
70118203
37361892
42053609
43043584
23543599
40713624
79873753
30260728
19475166
26533082
40684078
39488502
29307575
42232506
26331493
72753715
20496657
64372560
26574581
78161752
30229649
59493894
19461794
64687057
37081592
33539101
69151905
79848582
39965196
25968995
39559207
66158708
39055777
15255161
68181891
43830796
21615372
29061462
11582428
27862176
53535007
41657398
26245250
58616331
44191483
62603424
45509279
73139763
63602580
20241282
63624692
11791206
77539236
17699637
39011714
68092177
47404252
60708324
55859674
71233841
38485626
34905912
40811704
53283818
44061328
48998848
47870392
21987646
36210498
51683840
13748995
77889846
77247903
62223553
10308676
63910342
56813411
12706979
64843882
68448539
47482061
44350420
74729053
10330032
60315631
69678387
73503323
79714491
44784882
28068901
62399653
76412521
42487657
34869676
21267536
72050191
13502429
52306771
74698658
44855484
23942269
78357740
40053800
58785255
10583797
33618172
13999089
23996191
75890860
72341647
58897983
49544464
29192943
17536854
14182705
32337044
74402180
63577118
79471362
76993716
33542354
24932379
55633678
74021809
49703341
71729395
62678007
52210791
47594736
48044765
78738048
41141558
52278713
28312340
26773959
41157935
15999836
72125757
38834753
62827015
32110621
31294698
48593187
36094769
57143690
16389365
50219335
74680430
22187557
18544784
52491000
40934809
65208130
25667352
77571613
15873767
60058161
74668011
74285355
43023816
73260033
40380919
47235736
63876711
67968405
43631684
72025643
20454276
24801413
61308768
61565839
36643191
42571927
77780861
36561355
55065989
37094804
36627183
48985005
79795944
21583715
78525480
63835450
10821154
72070082
55195346
78168021
21862162
20773465
49022226
14348696
72343846
32492927
17358686
14788829
31785975
54478927
43215323
68827433
34406276
14719032
33551702
61708895
25150000
37335536
16938931
28991752
40933775
11106909
17231794
30986446
36823482
70877950
57085414
56643655
29515395
14452166
12560504
18093881
57394630
36649880
26955201
32384409
35053923
60295653
19152694
60948226
43371804
72347449
24208394
69739796
36700842
23028355
25049493
63775213
38777477
60617103
73887523
64943289
41101526
34014202
63849134
48092212
26447109
36260120
40089268
34995569
21191678
32728693
12512208
45219686
37945348
67529506
76483303
63905713
39830941
19987342
25427044
50687410
56271299
32748027
49721717
11995242
23071929
32944223
77768297
16917874
33157220
73453604
41180184
38350275
24308759
48549633
51709411
39020443
34992181
57978365
40278503
13465259
34949764
55439351
10113907
27201180
34684930
12757214
32822913
17192155
17977015
76820843
64808973
53702645
37043576
30818941
39855714
24652206
44903571
69377787
13420817
11831141
14306254
43411644
31164031
10538744
25686911
41004363
47123553
41400452
53794745
60627387
40686927
28386626
58656051
47520820
41648266
30259593
26451099
15031160
69921344
73204870
35003459
61882550
28586643
22337564
20621372
59082205
40481060
18811464
30938698
11162269
53557341
36138156
42550755
54708247
10204190
41300630
49284387
26345968
14766881
42609108
21535686
45502488
18386050
73935365
34021811
34038893
79395905
60357871
20142718
67551022
16550464
74768331
78728480
46248874
65589729
33014442
24318408
33001286
12840195
17442316
54352793
17490328
66957774
71923500
16301347
69046501
10888225
52020794
77781688
64511854
26621588
58192454
72139310
63238113
58932813
70781199
14324576
65344230
21508587
51413281
67998057
72616868
71153103
39215366
20959022
79844300
79728112
24718961
64275825
72939152
79127938
35168267
16206149
49062603
76544402
34359931
29837598
40039811
72279573
13863885
10272356
18042844
67994738
53149487
49984837
29118442
75765067
38018583
64298668
54861025
29277106
65618463
23777311
60017934
36170425
37887509
56971499
13104631
19411967
66697387
44265676
73948017
33490783
40779218
59571490
17927929
21666939
13539187
38655650
24423373
63455579
70335061
46574089
59794090
79156145
58391085
47586352
39315302
78148190
33508447
10114078
55702078
37896967
48449663
35035431
58274363
44256772
79003678
50621958
19281277
30681644
70065838
41859796
67526702
49202220
18626334
26520755
12696062
70417795
43214581
75265197
76985152
58333056
16473726
51789907
26272058
41988967
22290813
19900409
43640115
27872119
16125942
38094285
11613557
17555713
28613268
18709195
64719825
54890533
48597076
46455604
24794453
14046835
57931343
10643824
77755536
26725268
18998844
62001491
28877411
74400371
30869544
59104699
19749836
55251612
57197092
48662204
75430343
21158547
21649711
66268105
68564811
54230071
44851369
45188563
27989645
51992985
33595109
16664692
58510248
46269804
17079692
38848481
73034325
38980697
66683735
56203639
79013268
16175243
78437609
39487619
54353304
58830298
50381501
18959102
66350409
35713963
12164895
62755975
12567568
76846332
77390041
75000642
33106153
14390093
24884934
63730201
76952869
43206981
51162998
56386904
38455040
34467788
52513367
55301715
22051545
75342232
18592395
71241389
64296364
56179619
10288904
76505824
49556148
32243436
39407276
72123901
78636581
66745775
22665804
37244113
54081978
46420898
45654062
47506874
19374081
79097048
18319931
63132165
56225944
24921780
73157083
20391809
26105155
41292385
19943962
17706578
64835813
22231969
27759583
39178629
39212933
33304731
17373959
38157263
66144361
42589778
28155741
77333088
17189626
16454875
56687754
65721839
61234531
52708501
50986838
14014494
75346962
50182386
51564885
62170690
49944844
11196544
49979404
67723741
73336251
72153206
19789479
48495673
54274671
57154193
45025919
14813833
76235149
44270573
37057965
38203836
67789858
32712133
26024128
29076313
16030556
77645298
22409731
42167841
53489886
72479540
47776378
38774934
79436464
72075723
50152652
77964526
42630937
64628496
68119466
54742465
63048905
36216985
49480213
47010122
35966357
26994647
65591393
24978677
72707322
42411558
72530252
45769082
31697669
66098043
74854528
74990712
27820373
38270474
21124859
57406276
31321562
48471993
30195249
28298536
23055633
53941537
69041857
17811316
62032461
15829952
15431627
28067840
24087464
56656751
29215352
72003844
43741743
22281476
27675865
36707772
77368205
22698027
25768254
29529149
29287653
71763680
33831339
23129732
27433975
72852844
30744703
51414649
32106295
58317640
36255705
62675613
60639671
32212731
32077909
25154663
56988924
44155770
59690403
42940928
28708632
79975370
53014440
39306550
71031894
55216824
46610002
22660212
25756290
38459911
69520815
62140602
14950819
59717416
42746569
55890721
36585176
71345861
26883664
62628067
78166631
59942623
79108501
28125152
41657493
52625891
16094043
48060428
39996822
44757705
33145537
17058701
69085306
76982813
76085010
54759801
67579615
57683494
16205673
63368210
56528994
43432742
59566522
58526060
15560413
13620019
78272330
32843605
66828010
25102802
11808757
23429282
22329984
18280622
14990910
13265646
55030425
58640657
60917694
65518250
65519967
26606457
46920631
11061852
40289083
42214910
33286114
28350678
67590071
15418699
70656189
28943861
49965218
60689461
54220769
68916101
27945607
67601501
70146447
26340340
50037384
49741190
38788431
24563301
19623327
32265692
37160114
60948647
65932786
26096078
48961418
34218639
60046367
10762860
60296521
50302163
61268577
52414239
10709807
16284853
77315786
60233896
37513404
17300230
67516980
25444969
78028468
38029155
17728992
69512931
59214268
25633756
52120226
25307010
49202272
32485311
71266058
28124748
23632295
62241001
34331150
59006690
28025885
27134341
58053089
15554196
46877752
19574070
61937982
34354696
20881331
45565348
64836421
79999226
28333583
66097823
64780627
53620307
70474626
21705229
52096755
25347671
45866286
21947664
45488825
16548594
70243497
23518678
12842936
45355171
71683139
68267554
49757681
71902669
48489747
57672685
30234291
60772552
36695929
11341089
72307138
18077810
15597295
20804326
30364073
62019669
31877474
18170727
78352503
49166845
20710165
74575624
43382335
53038091
24962458
68205299
42973595
30581983
67043624
57772482
73692424
44808194
59404466
67144547
42623180
56664669
10263842
36904591
64219588
14757152
31871325
25961473
77039543
35622245
33108115
65230344
69269440
65684083
25194856
54826463
45432439
46267283
14739946
62133171
68779277
37838156
19623161
15428641
64758991
70611227
52573738
48323618
78095374
67465754
79963390
73296370
20008579
19648196
27359830
73996812
79113403
53924785
70038135
35822475
19379557
44653915
60031650
27775525
21552949
26689419
62790747
25928556
52121736
77955542
29215613
64948624
31389965
22263667
67842723
48474697
61406399
37950980
43490848
22928132
26170584
57484755
61248403
54683110
36740071
51287639
53206483
66963948
14173694
29863768
28144084
57279569
11456107
47654202
68338592
72516072
46135921
11551870
40011847
12810810
70074076
26905887
30730624
70183390
61820723
46019234
23544743
18436139
44770214
65051616
73324034
25715380
79567627
61332743
22550591
79916298
66264229
69129119
27049532
64663018
48950358
40699901
35824402
79480825
28214102
52731473
39684047
34911827
10130708
58058851
49194763
68272787
79310315
57486361
75119828
12433947
61658572
67956210
43291294
17701971
70052686
71285777
21722919
45675202
54404414
26790538
19300378
14291995
37174149
61430315
46700718
76381859
15579819
44880406
44759062
51399748
47806800
35023378
68180462
16694365
36817046
35816089
33390994
61675814
33952985
50724585
12356862
60155580
48508126
30781196
50407125
10920970
44751911
42578667
23099589
13079119
34676253
31463245
75061342
42235744
74054332
14263800
51713253
72390286
50329265
38040963
26094308
55829545
77224515
24205050
21339646
53737758
39543395
56589723
24802017
11733853
32755602
49027533
34424447
41474222
66875377
16175242
25532620
60890057
41806684
56366694
68777658
73535808
54812319
36812049
28987186
48666158
44373941
55549181
19079174
48345085
16968000
72864658
60865798
20185290
20856711
21871833
23258341
24712322
78072028
51561099
53165688
63200175
56169039
65547374
25342104
38790147
38809445
24083513
15934953
56403739
23503946
15815624
11160188
74198352
28567804
77559198
46704852
45704553
63158171
53584678
39316800
61733058
36665678
59093405
42250204
48462230
21030026
45563591
33531818
61327960
57116749
29968286
62192064
33607965
61538460
19265246
23905442
71502401
20321027
77810600
65819598
21477105
16339024
28041629
15433942
34208650
14890144
47403941
70128493
20347194
50175863
12624707
76549935
55950137
45074182
27998846
45456845
45537827
61162921
16131602
44991975
76411084
20323352
20185063
58981776
33164765
29377151
50791963
40125160
72163966
34831399
30536072
51073315
72192263
34285435
36967253
73706584
58757881
36620121
13675393
43893022
10327755
65429065
31823163
55163617
30824168
64065996
73753182
52783627
12866523
47449720
55448353
30530638
21022898
78210991
42946599
33449990
29057506
12230212
21604817
21100304
71849463
70894933
26173263
73567812
50362528
21910247
70732457
31038210
59106700
35442364
39248305
53643173
14187578
63957367
39081857
39711622
41762639
46135891
20793449
68547361
31887073
19846956
43290878
28806264
79449315
40034617
55216544
11110878
66882784
38925273
45533181
64636555
32610107
75138667
75154323
50697153
35311761
41391657
23636041
57713654
49022070
76669317
47443649
25806165
30780409
14133374
32727675
78448958
20550924
53061874
73749627
52651258
11048442
24921610
30612721
73621713
72802645
44000640
43112387
40291976
66705636
59657973
34476100
59254991
51950692
18063467
61239462
40814722
25817241
29588086
16229255
37829716
25644356
79490557
24133624
58143765
60362853
54177962
20200365
17921520
13588128
53537534
64214121
31735006
62103963
61518305
26445036
45698949
13136697
72004351
14620557
44697416
74670519
54709454
12208915
65308501
17424141
49896601
78261535
52092775
79650874
32094136
29947720
32441227
23197314
68924959
33470216
72810160
39400656
10967835
35846780
70192942
28822404
37645349
25835940
65959016
58538015
18166839
15321981
61734501
10336434
53884359
70290095
70739678
17675949
74662771
16638459
56970258
23324333
68262075
67636302
56677568
66914104
39485842
31506641
79957635
36934451
48664372
54014215
39004420
24691391
35770522
43978144
77220305
13121945
42526330
38396006
46604712
77901176
24623373
30369754
30302186
10769632
30960279
19274025
58497758
38299644
15558924
11411998
59399062
12315428
64165479
62987756
26024634
36816271
48905638
42394951
40460497
53903225
62193114
22207880
42357823
63521499
37544853
10512586
71744112
50891094
21321777
32527477
42534767
42296174
72681616
51042303
26638818
50952075
20139257
44025324
67615681
37621365
23544996
73478605
34344044
25874307
73986567
31198166
22463321
39775751
75660693
48571303
15155943
34458372
62539667
63600085
38340346
12217761
10435547
28116220
52192766
22314182
40342632
20760365
30630335
17285550
58808573
42727324
45483834
27530014
54873278
16708665
71259860
48474416
18847296
28118077
41752131
75181934
41239214
19762069
47900461
24613345
44242650
71843635
58028074
66842785
43638726
68458085
71219496
37654006
65285683
55464129
37526411
74844046
28532623
12838786
55259674
46380909
76635354
26269015
70454326
79353114
72064590
54311970
40325904
13920837
47974961
49101694
54365364
61526053
51968476
76379883
65430985
63015519
54148699
20414108
52123810
76464558
73227974
13940745
27283681
19480800
42379417
50416431
68169356
36776221
14067551
64624739
65253185
55838854
56535965
34280813
72364214
76015961
34319192
29169797
39649591
28633295
28846039
52186630
15986087
45078490
10678857
52769205
74025136
34603293
30586760
60998445
29503897
48538978
33964799
71507610
44778195
18895505
66706858
41434699
74317457
74968903
73249460
18867919
52144537
48252790
55406263
55850099
41394964
36687751
68407877
50779185
20945351
16965765
40999061
59117884
49847229
63930564
40639701
77233944
78681308
57209333
43950727
59972583
33518839
31082617
22315496
74888117
41783712
32306971
61597524
38871452
70074076
42017596
55944051
53612988
12207544
14022316
15587536
69267798
74546534
32449136
37600815
23448045
10582821
66520756
47873696
51791244
29045055
76925714
41832631
36533156
65750787
28111046
68501004
40816502
27014590
50425891
74438873
41741865
57968723
38952951
14215476
40920180
25572940
26458881
79117487
68129082
21479176
75059430
64857802
21883740
28492399
44308007
47427451
24753070
50496495
16564222
15620607
11805344
75308006
11227966
22473066
69871249
77218837
20715352
47176676
18481139
71962509
63706376
37359340
30067284
43510943
67359211
41427721
45208796
69024085
11638468
11805066
68644763
29715415
45452065
38723817
77322410
47056232
21149227
59166662
50132024
50779122
77587437
78933868
56206396
58820930
39380284
68075182
67879806
25699778
37475134
68507885
78988675
23861294
67724484
19310034
35708067
35035083
15541463
33942301
78187895
38334989
31876518
19387385
46740307
32060403
24059988
57166782
78182782
42621405
75379438
41698707
32100950
63410441
17315260
75455544
71479678
69288826
73933972
21192931
42959762
31020996
61111811
61710190
51705786
14900393
50272510
31660004
39629525
59855178
15528624
60528552
30440908
57840973
43765971
20797036
62310189
68751739
77419050
29882197
11534654
18937317
10802822
31351404
48108286
42586113
26977571
24505936
75252302
28020638
49387693
31907197
71123565
42820020
71633372
66978499
57622701
77089188
64669292
61387403
51156795
31837771
47202559
44760030
26234102
42111624
56997109
71470748
68961524
21068287
24315406
45082380
67894633
71443017
25753105
63522825
23485219
40689147
20765275
37176120
20272145
15872048
53871763
69450697
27949665
23248959
69613973
32557007
20330601
19875874
30607587
71570427
71465995
75041420
45225607
50544414
28772651
15522226
34396782
41684760
27028012
66060428
59765282
28078101
31041147
77851846
77567246
12342392
28860961
53331319
31218005
26493725
42763666
68288228
54841073
68897853
48347293
33935852
73331926
62602236
19046948
55873649
28939752
61299075
26833987
20487767
41270387
25964647
13031777
55272431
66175060
77954259
34350404
32301096
48498881
49532281
54915526
15800485
15146106
14261966
34319974
70625374
15517243
60604309
38370663
54455602
34087319
22743169
41128664
15959115
58454070
45916803
40962302
47838604
20688666
39300845
29767654
53865977
72980859
51571520
33911254
78846096
49154330
68620020
65891919
43458404
73343515
55502754
39552014
51958560
41885366
62299471
26349139
43088934
52209369
15816487
38035474
54505974
21058559
12795059
74612680
60537767
24004287
17674514
33656659
65549713
33520072
36375660
22253497
17885885
78523828
37672124
68902986
62529205
10471337
10520890
58739591
23606637
26550598
50976741
61124651
57919351
45950335
57864478
41818627
20109260
73226662
37854941
30512786
54600103
18062155
59363019
61704778
64685808
30623901
25617515
29424667
51307371
33938736
58177756
30417704
19189973
70895536
60995356
72487508
49741722
62620327
28873108
31789381
74973109
54447673
73778648
44073829
32611034
12793065
26685601
33081529
17719308
65515668
17894420
34107052
23368729
47672862
70068222
43800899
37454978
34752276
78705509
64234729
14786614
27296057
70097246
16779229
66386981
49890300
70934503
16665241
75886935
41562589
69523509
66516080
43896950
31311641
43202595
34624404
22586937
75851178
62288790
14168009
50783957
22508398
32799559
10881768
46120992
51914571
21677643
34670855
21803015
39949540
10865520
28746239
10111313
40550356
73564145
28430749
42634251
28844746
23366786
56569544
58248903
21454249
66953654
68417911
28790260
36738897
14629372
35186220
53956473
73985419
62776019
16870404
61739186
57224722
55060088
10974332
67091768
12030881
20522703
71152574
72355316
20599043
66046005
40091269
71735713
11159235
67377292
67368997
52102125
67116114
33729044
54033118
46117275
38581504
35619849
22041079
48000706
19970722
21276668
68302251
73409761
59264519
47985709
50645330
11507567
56533431
40902426
58596115
42755440
36015755
68188916
54175467
48096349
58911906
32170404
60285552
26204559
60315149
47465214
74856873
51833473
41049433
10418875
38884514
69458495
27333920
53007272
11222334
14270851
75372803
79160542
28104048
60939011
25330539
54101378
40047987
38488189
47358879
51684281
28872258
72456052
12904841
15090335
21827086
54130698
16147124
13648697
25489270
12448340
46368971
73095747
35592540
23866700
43725041
47961297
71838746
33590114
78480422
65928341
78347355
12901436
73519503
28156868
75987925
13907856
67454268
51949514
25493547
19812267
28137896
39661677
42763627
19335017
68156214
23351682
29476570
55352044
13449010
50622737
26343847
52846304
60118864
25219688
56781864
31478871
27486569
61983964
65568311
22064284
73774424
48804727
15219310
32030894
55500279
30583869
18514295
64393929
48735900
12379896
50315099
72083895
20706835
36914623
55395572
72466396
71193069
59255278
62790581
55127325
72662930
27907655
75235297
25945100
38811874
13477697
72103034
22762398
18976767
60415398
75872696
67258620
46391454
76148422
27206322
21047468
11804267
10102964
37993369
64902381
39950095
38376545
60894170
38248658
22994041
11616237
36927767
48238777
26531110
37040512
38854767
13489113
17344727
41281340
35341487
35784195
73341775
23570531
31195844
76722884
48976563
46940333
79790184
65122516
32524957
51948848
73344050
21456032
30641644
20674134
79486393
48678889
21503337
21229862
32929656
25856326
58403398
71995022
65105980
66986716
65495443
57704697
79672584
19919173
58660308
23099639
53363941
50307775
14958433
63791022
64149311
74781634
46689580
45652880
47483946
74625345
14802763
27801100
26632346
64955097
43533486
74995954
51027623
13454459
71684581
66018299
20154532
10163146
59162976
29319615
41674126
33235136
56446491
42263045
42353662
50178522
68464329
72829723
31201945
20568369
53846709
26997568
29377870
55089860
10688111
49837421
45137567
35689353
29001626
37598863
43226524
72597733
50097350
34154321
42635474
43581264
75745421
20702703
23366952
54898475
18697711
33882004
74245434
67885153
10032627
64476614
43564937
44232095
22683581
11184343
70306551
41074163
50055345
54004398
37664129
15577385
14994563
50021504
11174421
60856202
43088623
13909642
55316109
39128282
66824539
79476694
32285048
45845192
66309562
48581274
63208003
26747018
43953403
73187019
47674476
68791278
26235840
10474257
49384854
79824233
33112999
11466217
49510183
67919666
21218152
66674696
42277132
41488256
76672971
57275410
59239911
64969944
19146122
30528729
44071616
25834117
38143180
55727834
77644906
14093152
63903674
43438079
71461005
52800813
14156053
14999657
12345044
35745732
58163982
74293615
31976787
27350327
25454910
30064215
42487272
22158746
45027750
15082239
26372559
52334880
64920991
35682175
65630967
74019461
36108560
79413367
16788587
68224438
50813835
42447883
51487922
65601872
22928489
71096005
48219382
67350504
25396864
58141287
24908474
37923246
55710095
58844879
12460070
47048796
22584345
63561309
79707168
44866451
54483812
66549708
45171308
75446568
45329405
31956874
62110902
21055662
31654375
62675377
35493864
29969814
49732494
15303118
24385364
71250362
71235867
49303045
44856841
18342645
42575575
37837166
68211441
40404409
66181156
74565249
61545447
57379067
29002267
33811784
56108230
45156547
33494802
25398151
49729950
47989189
75699259
18093019
10984393
49397667
71771141
47726836
48105128
49075752
65464381
52694762
59658983
32429736
47604250
63780148
72621705
28235952
17602097
23102203
24787734
12808296
48941121
15436178
69701959
37056857
14987107
64003978
70929906
68722888
19602639
57481863
15158916
11438445
24633111
73632717
66491588
64799320
40147910
65272877
60532942
24484649
26589850
12981479
74727044
32674939
29624892
35876431
59433907
67408586
16946136
26143743
53293318
54594558
61574385
40712064
45647307
24132679
62525410
17749607
79295704
20472018
64370191
11252015
37373144
43819615
74163126
15202667
17534289
21899223
42309491
71894268
43497625
46138378
54044563
12295595
15765793
67554435
30917972
17477081
46018572
70774440
12399182
48107738
57242710
13152521
48985668
24632547
69957519
34844255
36632074
14689888
57916514
56651887
23775170
23566144
14293115
60658592
58465033
66744122
14316005
65875870
27190356
22060282
27535411
23539077
13329755
39310592
74599981
46973469
77612788
16529982
35725783
65387209
27407872
64840339
38582940
41323297
33365313
10903111
71903669
14067160
76389265
20858781
70065031
39867689
22647149
39470364
49746679
72430052
23553105
40750351
28014840
26670257
60716200
26428777
69593028
79402846
74508691
11671206
41884034
71746078
16523264
47863095
14756890
55413361
20150592
19974341
42108198
48064235
50891138
45816187
31045523
19358931
73351570
39632182
36075860
58984531
32064843
21922620
14638196
58137918
38908171
44871910
45394249
78680764
38721762
20976487
26466148
79853939
32281773
51139255
48077768
26600242
62623486
57115498
31988249
47683935
18736074
76475783
69944728
28688148
33588867
67141930
77858140
15309593
55728662
66691685
60097832
20180523
48684375
26990894
54961960
20516785
50208954
40049242
38329549
17283866
70891831
31773305
41670138
28690375
32419924
46255393
17065977
14045125
79384869
59105433
67321155
64097977
71856172
40832047
74178784
23747608
40342665
11858833
19756726
51768858
60884144
16400409
28605424
29984873
59194753
66343881
67432147
43507621
12870217
41777234
68128250
13533264
26638516
53677211
42077146
30598943
76288147
29049474
56397206
49647560
64455203
37460415
68882749
13555609
23622641
49997001
56354884
62847842
10523568
77358326
62003538
11270878
29920650
78446352
78075377
24077373
64623903
11374375
54734602
19644409
24229840
52154449
15018779
64148015
27313206
56242831
14329200
33102631
22824806
24039642
38914919
64824193
17128826
37970916
72343492
66230449
59776479
58763055
29012094
57201431
60506919
37677607
75675393
62848274
78591480
76253472
36161655
20179308
64150972
53670717
49427724
41540101
32218060
79064863
65534462
65931707
22938812
53206581
10681054
17055054
34181315
45262704
28442460
23087434
34918716
25807527
12046641
62452480
50248839
52707399
46580138
72082272
12240217
68009089
34980795
74480526
37687517
16785771
54926893
77100107
46559572
29490681
50246172
70356687
30779378
70204126
48327484
70879681
32391851
59056003
46858662
35812155
74985348
17368641
65874092
12767931
37313415
72138161
65907337
32446883
30637507
20768486
34409198
59644020
34347852
50809269
42790924
65000959
26236168
45508785
78460051
72943143
71632716
65781874
68709964
21839266
76509037
33344375
57497440
70300476
18422148
35004996
66019562
36524761
48243730
74032824
75372679
48849993
37125137
14719464
65064970
75629700
39380940
12767907
39594224
35789983
75750952
42331893
67865537
59442058
64868452
43477861
67928100
64280513
27400651
74297410
44512034
76313228
50793214
75903349
72137143
39687551
26026052
18928464
55271801
10051027
25372346
73379414
74991738
36962399
13132415
33434794
79625409
70006612
37887790
14167169
71264772
40438180
25486418
20412559
50146635
61176151
59919517
24343767
10301631
48837638
56192271
55755987
59570994
34057956
42468435
46199627
26687571
71535748
38493846
66684870
65024192
17223041
61441547
58609193
15507451
32478815
12859857
32243453
61672734
31055531
60003720
50019302
39978822
14133171
27087661
73462764
62130265
50106219
18906976
28540967
55519862
65218842
77389774
63450846
17192890
74627175
31315558
12554741
29561400
21489067
43596078
62156636
66920943
73587748
15238429
42798439
48144971
76280819
18671100
33250408
40777242
55448750
62077567
52649870
66277173
69671158
50364605
53165976
50709384
61460732
58298841
27258285
44545576
32875371
66556132
65187844
64437811
45806332
32641872
23762250
41109796
26327642
55753849
40917325
63901812
62124091
57852328
25617472
58554887
77178329
62466928
24089385
50874241
42941021
18962402
49632128
62340025
51738774
10142330
26102316
51802102
12287535
26216879
50557611
14468274
43581807
26505384
75691087
66079002
11898552
70091561
70969739
19528785
51308731
34361535
14793091
71461985
72646122
60748332
76056435
64127006
77361968
29262110
50663983
13064531
58458335
32523411
76374138
11666104
47752082
38151315
59993113
16354088
40612873
35907531
26421877
50875287
24802120
75672004
78344990
47881269
47746540
76025482
71584968
66039637
63473718
61227054
30547279
19074249
70833853
39512876
16622724
69357490
25287353
75160796
10898313
46285487
72121882
25450364
26420387
73190103
60538114
74693159
77727163
50535749
72971926
27746619
15285423
47208876
29345444
25147413
21754609
43006769
41109505
36888042
67126739
23260105
61965508
43493739
59001784
27287413
25100676
75114964
23057681
57132967
32005827
25754079
63579651
19627040
52251221
22879633
27062862
65410748
18272777
37561295
25104639
60525946
49064351
50107921
12506719
78273354
77881159
63667701
39390740
13334128
42197243
45092137
47422580
42099966
30508841
25164920
37197809
22774612
31416061
40762135
27563343
58585303
64570505
64285791
16371889
74006718
50452069
72768725
53262009
66981996
58684376
38864631
21294160
61923151
70269370
58046851
79736059
63707432
28037872
69704637
63636618
46732121
21370846
32730358
29452103
74002290
41732877
29999573
51076568
73136756
29589209
13684945
44657300
34703278
12806084
74268190
33714686
52921603
36772081
32954137
44972081
66433902
27045309
67915493
50232791
23701281
69342625
17246122
32694215
26033200
29276308
58946827
51733627
54710313
22024975
35185840
30342907
51766555
57523407
33537447
69441259
62420420
18343190
35126483
70429698
37406616
24409935
41224616
14209855
18058501
11802029
65337878
59998445
71108389
28150460
58335489
31284866
18193483
65478705
48732731
13527616
66899936
75383668
69997158
73529467
21614040
32991979
61746353
44127262
57020530
20477636
73660047
63398825
15864705
20534951
58161470
11120708
19348410
13640287
29917278
18580842
49838947
28670110
22683526
22281978
10821465
70154131
38093906
56838672
57005674
19529349
52326138
71858901
10966134
48175081
54477118
60632556
70243946
23285574
20737551
37248126
40915889
70539729
76640194
67540033
54511846
29637217
49009637
23706502
23586410
44284550
75100329
27642716
53011924
66828124
44436686
65680590
65861298
18119113
47531887
44286963
38306205
16998244
12379664
46526274
36197930
35272420
33204232
19688249
73041431
65980780
75289067
14059817
16701938
45231760
62932294
53094253
30765017
72663105
48020399
18994524
70628421
53223456
65800064
15163062
70773747
30414262
71407323
72153199
47735787
54436018
28804653
78783762
61066972
30306398
56748080
52656859
43685814
52436653
70978631
60469030
49146470
58624021
58458045
26764915
17959460
29161750
56479071
67431767
31260163
29969012
39519146
45898405
72844184
55356533
71134752
31041263
52052971
43790449
12017825
58219436
34443491
14963075
63646092
49819586
28237944
65244176
38950905
55029215
77451503
79698969
43169054
55856207
50489275
57515136
21279533
23319969
70463797
41753914
67025117
79521448
54363268
62203863
72061449
36538914
17892673
27193948
44472594
55627767
48009065
48339419
73687329
33832408
77333620
26537334
67871301
69033957
13496862
62628309
66020128
35691554
57688800
77239215
66429409
68699941
58852928
22583984
42164501
23112367
26054875
46503656
59710017
35166104
50711961
60234783
70666608
75216679
10328244
27051868
53967335
70051019
68172522
29280426
74665742
14661152
22253536
21739101
29120625
12951346
54320928
11930777
48070185
27393708
47837618
61631623
26484185
34480772
70016980
70987001
50497164
69571913
60357236
50215944
34198496
70339049
28724339
24347642
36786630
72388319
43680568
57057318
57408740
76744673
63701704
76580462
60566638
53442016
79431329
59324335
74396986
36321379
59784213
40196078
47747915
46653104
32253191
62511198
56374782
77892862
12218329
71909734
51376590
30773755
74708719
53073813
47149435
12973862
28381243
63354164
49626166
52839747
48445462
23610042
70728007
17672971
77219018
76857196
25861248
15043765
47716925
63866382
68132891
16046447
57847173
53626327
31295075
62465189
10340669
31732171
33703298
53457691
32315019
79136118
50631119
48571534
21423093
46409654
27138782
35692116
39353733
75716287
46272854
11414690
37912202
39599032
37653200
55697393
24087332
51909310
20207311
61889180
10838651
78103849
75814415
67366121
58993239
20422545
32502800
12083056
38752227
57089134
55476182
74882865
60828328
49272708
53009285
37222316
20552549
16875722
30616892
32930543
29036522
18342249
45018927
67388397
20944921
54940761
25986102
76163587
57636528
70483529
29578465
28717483
67836754
64792487
20787429
20318866
60039505
49746850
76614418
73247448
75708271
61947376
64848342
17830961
55917932
42287371
45638107
22131041
47236928
65957873
40236442
23821515
12900460
52871651
50840436
70178243
24859668
74977265
17740048
71315187
74857389
62822136
44338451
55035455
32084834
19369550
12510758
70007130
18017431
16344992
42593732
40644552
46815719
66911821
79057965
62983046
79781308
14242490
71465736
36474098
13628214
60206966
40970133
40311716
52359935
17040744
40445874
70634184
31045620
24343229
73454971
36932267
34462705
26770838
37441674
75256118
48647868
36384866
59335475
73225877
26591598
72978763
36946368
57216313
26126634
57186913
42978934
52141236
71143021
52922656
74413919
67102872
65654705
48914681
43767097
41081827
45017281
70735182
69238414
36855676
28606809
74050412
14551429
75142931
33563700
42788076
42839215
72832203
15220480
17334006
77969013
25272969
72938521
53591232
52873009
17608863
13729234
13804185
52722713
68684480
59688029
27668491
37139735
79594934
63274887
59881035
49888922
23591802
11505227
56544527
29858231
39914340
75004412
11444919
49741351
47150109
37637267
53749598
38596553
45298160
39824739
51089919
70970997
35460511
46057557
63848224
36597338
74391691
77284456
49470106
32020464
13508092
73722147
26297320
47628223
59341873
68095067
19668286
66607940
38793839
47509896
59876886
26209674
73849294
12720016
58495281
48224820
71183065
68294541
70871222
66409327
27323198
30456730
25615732
35442767
27804091
77237589
50995929
29513723
70344486
56283443
31320295
64292288
57338699
45102845
50205776
17225688
34081052
35661369
50799208
36249481
70025085
79301435
17697350
54725011
27844922
63282699
14030084
79431456
62440713
38911014
11811966
62145522
65871961
71998961
44844126
57984696
50050715
46346509
19649802
64401255
70252085
75222603
72160008
58713379
11241746
45020166
56276368
42230270
69782742
70610635
70008902
72564696
51404126
24887626
16243690
45682877
40189506
42204942
13153040
63438392
53793835
79606342
29116284
50940479
47284461
75688448
16119775
25198992
64009384
73946955
36057264
13082841
63637942
10746527
28533042
12095090
34191321
40651588
22362474
55555244
19294789
29913052
46499665
62573468
72685162
46486428
48736732
68091075
79029370
13916437
36666153
26367690
29063979
10877549
24298562
55452058
60056842
50818330
72243462
47944187
27849178
32451658
11743124
52224729
53923448
67355482
32278764
29861108
31911454
23158797
32166998
48569857
20387049
32481179
44011366
53751058
78181012
72376873
24973203
37038174
71913982
35813163
50386424
59181214
37884552
30306737
33011529
26456396
44763290
25349511
46935049
51535044
52171389
45851969
59699061
74085416
51584755
33331956
43923920
35403424
73637444
68024698
23559673
35976854
65831475
52850506
67089130
18000867
11460424
21740521
11075844
23202102
22744253
63115524
76339974
14438270
50764749
19043537
44360453
25997149
56360546
35864906
52760825
46834435
78914944
50855603
20726708
14258196
13632296
65248444
35365774
14050696
75986012
44619790
58695636
63463656
43314391
48467607
16722104
44587350
36396991
53980231
53505057
67211445
50920832
68759930
28159515
26644399
56324438
45704677
15177879
60945272
62668103
45496593
72744339
71557059
63311495
40169945
11613879
14762150
45707859
17577873
57572794
67449105
16362209
72162473
35289760
37237318
42731562
10162270
43746864
35589055
74953737
54629107
46218518
23838473
78783392
19392407
47056688
26278249
25079965
45948096
22176765
55634752
77910995
51280318
53897286
22775973
41701301
62642279
24778735
72598841
16836396
23492811
13866315
68318137
56798035
40341880
17176429
19895805
75236681
66924791
49720970
16289934
50706904
18130275
42168116
33446238
64476333
41877448
17669672
51255573
24893511
46766713
32883308
66094897
37435322
65608212
28697038
31055126
54218498
63792759
19105669
65964085
16296073
67636508
45108282
25924582
52022061
26178637
38647653
33861404
38148045
32084295
77067559
46248528
75872170
71201926
46390924
26198034
45484290
48558570
39279863
33343783
33175435
41383423
64641314
57140827
39153089
62526895
78720532
19090930
75759366
58360754
31011244
53813664
74306979
73636496
46502917
42420467
64978315
52846353
46784829
40635503
37001861
60717945
32385071
35794903
69495017
56761376
41601172
49888895
56194583
66021046
28917552
31628651
62075379
48398446
39008859
18523140
40891620
26351144
75852833
33892831
73104144
58173236
19416498
57654671
38177801
23052062
79858449
28192735
73898473
44358807
49668687
26678492
33811800
37651410
68123977
24057216
49810581
58045083
51368317
21211695
17736107
74259325
47507972
52914032
26166022
74005597
37238825
73807032
50716372
64688924
69666768
22303858
38248084
42144993
54125876
72566891
12423810
40009484
52904613
68282205
47149414
15610905
37117471
77266579
22262957
71676645
66857906
38059564
31891749
46115595
46535769
43210319
54454208
67690379
76265523
61780349
19372722
51429311
68332764
74945821
43219291
11066321
37804392
37039767
49456025
13060771
13781431
75895225
55840927
14435912
11078609
31118448
45727954
74055094
31827851
72549577
71881749
57777772
79286691
40115831
25273532
39884288
77672075
69865602
11104754
61814034
38211825
19334867
43791562
13277783
20561076
30295164
64922247
10083653
76100358
78479838
32340861
68341775
28104280
31202275
60562786
52128141
11745780
72231818
14804991
79221760
10648456
78796952
11583673
48422551
20849863
40076508
10359366
43409041
21130306
36424382
54815982
25909337
79834234
77637157
41639547
64337262
60813677
24777351
53145415
32528132
25371087
44945562
33572861
33755966
53205312
16175294
79821316
14450284
36554419
42418128
54934112
43518162
41221635
11173233
60324138
69322841
65819934
28753018
34839988
38773149
20237941
44196176
41529164
39201288
63740692
51610724
31295893
69775486
35098627
45906313
57312274
21383369
34636582
20262274
70329570
74693627
50336427
73922937
30995379
26025264
13491910
42306066
52059643
58080541
28582121
27065470
28762927
18382555
76939466
48172244
65045998
25980601
79937212
65516767
72693648
54906721
34208742
33862154
16120786
69312965
76031080
68994294
78220784
74759181
27902837
56599301
11029153
47854503
61427802
62553699
27205239
17173404
39482192
67711697
24361954
42008555
54128234
68356297
63923642
43707922
14521186
27554074
15384897
55270355
28193814
40551857
57200690
30724983
45501353
20684222
59532318
62732505
64695255
66289208
69216372
56832179
72717911
74681061
45961975
69344318
58769175
22965593
10182862
19095658
74038825
74469396
16217979
20805622
19695023
31772060
36363036
34036572
35107976
71430303
41230447
51384033
19263091
39068700
49098827
42678750
75680296
65665109
21912971
74948002
13735299
73623724
33184329
36010867
68544254
35607825
67807983
77367890
30694457
26193806
53718038
33189332
55502625
28402764
66900920
45284248
56193589
31426731
43772684
66427573
31249525
42194730
14731980
78729683
10573119
62377604
32254828
75948690
73076163
41650540
43964453
19530076
57100659
27794052
58665736
32623279
47753919
21763217
69550738
16962351
78365824
67336567
20518745
78339661
48733532
55913654
20071530
26572723
72175039
49177239
79363994
70419817
11559922
31222977
43859265
44060536
26344463
45151065
46893705
15540799
75405935
48688126
60595428
38019459
26489858
42541935
23453112
75387254
45184501
33635092
13820087
36813107
17473031
48450456
54380319
32563909
36599409
43185008
20853276
48685380
51372754
38964299
44884768
49081826
20590057
72729829
14966317
45287525
14394186
76590933
44545916
46622352
11106035
53386059
42719659
74227573
30227129
10731844
50204528
11549403
69383396
13728989
30613036
22808583
21480133
79480326
57870233
18381762
58609362
19076178
68903767
17632674
23522978
66903684
23358085
76405468
34139756
68937658
61793085
25159839
67720033
44297067
51889649
34890566
66842351
46993014
65455250
24376403
65734644
15531918
57510423
47046120
78110524
57076916
46916690
23173835
49449433
53731523
37334795
61835193
17784243
39285122
31593752
24546005
61396466
74693319
11037363
47334111
69315460
17971642
23649688
20139479
15867533
28531020
69834931
14734170
23004855
48136825
57319749
45404165
39934995
73118516
23810618
52983740
13107300
41011074
12883876
60456079
79485564
15101571
10817922
51878123
19056446
41288417
72967465
15154448
57069965
61107209
13359502
76806073
22682932
75282301
10953143
75106444
21437730
43066313
18560988
50077492
71568968
23982793
71260802
32272795
26791816
62485542
39856285
34667549
43092727
32680319
68786651
49252853
67735735
14698349
59384656
31967516
53563645
54300927
10583127
12797749
21834739
64221242
13824406
45673743
72597663
41333223
40510917
78442525
69867555
50877868
17666464
49271428
33987078
62998893
66302650
49584658
61510570
72201585
49165328
35622692
22028166
31002533
60274512
60297500
70219494
37158480
30920718
23769312
72111648
65598974
30001939
27706012
15930384
31803213
26902948
72490641
13655547
20264752
38987018
69923152
28123282
68741829
32588019
13824593
32793012
54605961
59169664
18959994
47211365
20711704
15020889
66142438
61173293
26081853
66090223
10926325
36235084
70577120
79388813
67093044
47512523
77761354
48390528
33313645
50403719
45770769
44776958
25041246
55942850
55057173
51857879
35015706
59816788
34159732
62160737
36073890
66415779
70319932
50259328
20802351
62224346
73596866
56310886
36662988
36118054
30698935
49783195
32530286
38631581
20274193
24167893
53919980
29376384
28638911
23361293
40247677
32320200
40794420
69350744
31023134
42185055
44212289
48220527
14915725
24163342
31332248
77851721
27272559
64434169
59039095
13498484
34395859
59724946
49317977
62080484
34399220
60384852
64328255
16340192
52601432
68003559
37407376
19621165
26308384
24771012
29517198
36158633
40431168
46281022
57344298
69284944
26222069
40276627
14169539
25886385
27433725
40830297
73988024
41928581
65040910
58382572
31549499
11603178
29673944
10321435
25771026
50593438
23838742
30461031
10636954
61393152
31936407
29905283
42027199
47691086
45277627
43010568
48929961
41698740
25984588
29697001
53941773
76161016
57503424
77977749
25939033
27763710
50522775
26330269
46761639
46252752
64753174
19604896
21662919
36663684
79961185
28295026
65982746
76528573
25029697
24670455
67720618
20860775
17537509
25762733
32829499
72442215
77106330
45592098
73000086
24030310
49004092
22205043
49315868
56812926
79150014
31931673
10615304
66929682
14211223
29151910
67377454
42152164
46684956
49291745
57072004
70602787
42756189
13358397
47599882
50302716
74640468
44870419
37878149
66408345
31651606
11209240
15891548
50946849
49085497
69484935
10102323
41527027
69214363
46424840
24662305
37699386
74069085
76555280
12183200
52579767
44233148
77774320
43348388
65117836
45134759
17442790
66722230
44359309
27788167
70711071
15522314
44137764
71946308
46731713
75772317
24946636
15703205
73646704
21741287
74319886
65936317
67561696
12492445
51333919
50702385
49928838
77966396
72722980
23786420
73460729
67680923
56711273
68921650
26673987
28444502
64007922
46436618
32287138
62293318
40774326
70842577
71377049
31479982
68527257
14438518
42884655
14634267
14552082
20514465
45402597
28808151
68026408
22816337
39881408
66753549
16525886
46975636
27838911
36704025
53758660
44137698
31895400
76556302
61223729
37286018
70588135
63614626
74285525
57474073
30804178
48402658
79811964
19623791
24618224
51238906
40757106
24461407
75343312
71883083
15737365
50875100
12494009
25451555
77690565
69663709
74948562
30954433
57160471
51981303
48288696
33904537
46217493
24361055
58747725
27562343
15192646
57763425
58731193
63858187
77321685
70765747
45337482
20799368
41810885
77609745
40848974
58863599
57120974
66932149
12979208
35779179
58737723
18510600
65730859
24086860
32620821
11148852
17469634
67674366
56947351
63223692
21197669
67585772
73098043
11938154
33781618
23619972
37490444
67829775
46524572
18714832
50267707
43609661
22258782
32727855
55473325
77600966
24900965
44845655
40976951
14420079
50663501
79527137
64468796
47543555
72730688
65067265
51947833
11710752
65762198
75277523
33779190
75261101
18454134
52421630
75823276
79983838
25115054
38103857
33373710
42902564
59281004
61487799
12426426
62741651
36355797
10723854
79902909
22709469
12748308
31833936
29100740
52009486
16284279
50643646
17108989
52122044
38591413
38131002
77029739
61499174
22951251
24115839
42682612
65816424
53090082
30773456
56053879
29197192
47447530
24018413
60722875
58583741
27731326
76512707
13953039
63901151
77379557
58017894
45661861
62708006
30660669
44365181
10869123
24440996
33477200
26063151
75220032
12369681
75182811
13151308
17835976
30022608
14340296
29672850
34620116
41603390
18368465
46700931
32933750
25350912
36231497
30933238
51680240
48245257
54985008
17651375
36523823
44939278
22740652
18804665
43377794
56617591
46299232
30845424
78195799
37421280
46923582
50105821
70289066
50734396
28531120
18964031
69804304
36972053
48580865
24153800
23572516
60426291
75276185
44369944
43967005
77447152
20090889
48791788
29402363
33801428
66151137
69015067
17495027
67429916
72520400
61763046
17910416
37399780
14116991
62501353
63423972
73109357
72357918
24235704
27681811
14271233
57458897
63751857
21059669
56695208
15418841
56920645
39360333
35482121
25492978
79072322
11638569
66194213
66017315
15865868
73450298
11963674
30345546
78860036
16999801
52876658
22912586
10102697
64075839
44003140
59737610
57434459
21845256
55160508
26171079
37999030
70850627
63417959
39248551
71092210
39888569
60629155
28163950
68743167
68490023
76046062
16989231
65133908
66483111
63889324
24749548
46321882
79856755
75372741
70045016
52720081
22364417
50073209
69263329
67579701
54240257
73150243
22496835
23671638
30819108
34815162
31994539
62998686
57232737
40804380
34426074
35486302
22338934
18739664
11455134
31230265
64901734
12611028
10962950
64020319
51271051
74994236
13116586
35077808
69451295
46918739
78840203
70079982
66408302
39815449
22944285
36470632
34413629
61636394
24967784
77719440
68529686
13631941
72094581
77884386
55686549
50113872
68198187
48697232
49177445
29879348
68731794
73824700
40707022
21757867
56381202
25855505
65661625
17408046
17714779
25439448
26568541
56420776
69747301
79971405
22575424
63070282
28773444
23241297
34286372
56625707
55345014
36696017
42975371
41475092
62425535
37742504
52064603
47938435
69770779
27337208
12577935
32688235
43573522
14061329
35552823
71587918
61298314
68530218
79049172
30582438
54448734
76381264
34990680
70575011
76015936
16799973
42199562
27740372
18754840
74483675
66494643
18478421
71048590
31104245
33059280
37067772
27090955
51928701
42944159
47418518
50956455
43217566
73273965
31483817
54279699
53292126
14060786
29347033
60851329
52461598
59292006
32342567
14891991
59187011
32805963
13713233
67312886
30900813
33383888
66618667
42279156
49537043
55904061
70211306
19389352
68021173
46650012
19657031
56924993
71183725
18687540
71187243
10935594
16277472
67614975
60240138
18923283
53235732
22831830
37417416
72933395
78997236
60060944
54441534
40529709
72594153
60986803
67608752
20175909
54764887
12862680
19190810
36420548
24734192
52231252
16892970
15000172
39897870
30838275
18829883
46053942
59694497
55134908
77369253
66920403
72968686
62108082
77813561
56021723
32908440
74132234
19438065
46225799
34507169
75515371
28510485
50683079
72138406
10269173
23963285
44849480
77346462
44819361
54452675
41665594
63081863
73272296
15515989
26060469
63793138
23516896
19315188
74917127
52211645
79320670
28059913
20252530
12921762
73930780
23426608
70941342
18546144
36537591
41553264
70681283
67039841
21578128
10148961
15427934
10061662
57133662
56816539
31675261
60628261
44470007
79673097
11053266
47900827
12128983
48960500
20974598
15776897
76255672
23577481
42809825
78673527
24439113
13451679
31004468
36514946
79166215
51800463
66317409
21183959
17133470
10066656
60328669
23963126
78244939
22386514
70348974
44916794
11900004
33829173
78731440
76362767
10131179
76386524
59354404
29089431
64427452
30335367
38943978
33754268
22736905
51583543
29773297
52038025
53731539
66472564
78504677
62031570
13470248
61314397
21589327
10324868
78474562
11864855
11716894
44031418
31365877
23890163
59586882
12366837
42225408
67962308
49666430
16085536
56793804
28353577
42908958
51277947
76712627
73518476
14873328
57965349
35585504
78746850
38627784
55093320
41671130
62231465
60710712
29194273
15540616
58657178
20739834
33364553
29597842
12283327
36973177
37319097
17087099
23370997
79141740
32943080
46797577
42336495
71952291
53679607
60291447
30810805
21016719
15892889
66645820
79778345
70763648
49270618
43839823
79086008
41586661
19701565
73969103
45292619
72936072
51218822
46234227
56888420
44616508
60151062
43162991
19493504
40143275
42263309
47851579
31130775
57282918
42779197
52900951
38009928
69156193
14551518
68008166
46124502
17598182
53496083
63306553
57880708
40260707
12547272
66165972
48825897
65745817
37704772
13628011
62504301
45070007
25216803
59569681
24438174
77330034
63444754
66980885
70483649
22372256
51173449
47777836
68532034
47986598
59708792
65995812
18912667
13022093
21909497
17083611
44569757
21911325
41158392
49082650
17244353
38259660
35515433
78414235
72798931
41715569
35346744
75005477
58765846
43704990
36699144
59376034
50483494
49932164
77477108
69448838
22084087
13429801
63578552
16917755
65376702
54493825
76232127
67272981
72862075
61820918
62019489
43346684
52041506
20059576
67719310
48993190
13540507
27220451
75230506
40202131
79382958
57825648
60877933
77271441
66625516
28249095
21030269
35863015
15397746
16940406
65445467
76333873
55053074
18037442
55138915
51276485
36152349
14665178
57449541
68436204
33522152
18785710
79493725
73768186
73448301
41482201
47327425
22924940
71811259
62093290
68852616
36686272
71196755
14950704
66661820
77626607
12610982
58175318
23191769
38572472
56417060
62303060
15490802
48868428
68900994
19577127
32548979
24816534
46408769
22897094
26991508
56254688
34769615
18631065
45104408
68010837
61300458
63498480
67058671
17547572
54163633
47912932
16453650
40889054
73951616
52759539
26414923
23199679
60927754
47648992
35318581
14426357
17192474
57860449
22715660
68081948
12774276
51684058
62362489
44551530
60246246
72354095
51626182
61757130
28972440
17549906
58546179
71003480
55462043
17090177
14236458
33640848
77328285
39235954
76287930
52487851
46956491
40943396
29049210
69653631
30444614
58245978
46873598
37583786
31152146
76509461
30681144
11415841
76122716
43666517
43927097
58303660
62878769
70783982
54349460
30103529
27960206
75407881
19658586
42070097
35945491
38733560
22009533
52076133
58432109
65372538
11674675
56936962
60043638
52164572
46559012
23919410
24675934
29493933
78053368
45167409
23216262
48401151
59988540
28040533
48237417
21798539
71271625
47006174
24933926
70440556
68744468
15533078
49025118
34586988
71694996
20674643
21059942
44476751
32018934
49150238
29205584
76332324
74605789
78647199
67687745
33686945
64938741
77833988
20802794
68731692
45806865
43725860
20929930
41659267
35935829
15983088
72469677
37815803
14176770
38849972
22230295
10826209
65787655
12642135
24555599
53763540
77073766
78927176
53324619
69107461
64225318
32922744
22144204
32082388
13341352
23217649
39807621
61564819
12053927
76822034
19184746
31115006
40588489
61474689
61816798
76929451
24734035
77180037
73384618
73079826
18297757
13046800
58459380
68919092
46118467
26732290
48552318
50623517
25247693
53034289
44556017
18644111
43295963
12598557
38612968
17235772
41063793
32264557
49076613
63165826
70772425
72819357
46556203
30926080
58047116
13791422
25716207
79379383
72746534
24389093
33809949
76885227
22261800
43665418
50879557
55505141
17516949
69328159
22439724
14167588
13424100
48108785
68079336
30950254
57627087
40748768
18399379
77749508
24576447
20690991
36952615
22191741
37820869
72100095
58093866
57636147
41614660
11892609
78484229
18608860
29693206
43553890
25364425
33434707
66151430
34975921
61351637
42697297
17666102
71329655
11106909
70769695
74408546
78837389
28394749
78699433
38289816
68299132
72002463
13068356
36911458
26273459
54457640
61947142
55169568
68190699
32666862
10522452
34046552
76043717
35749533
55303259
48155624
43444560
67979617
58642564
52811255
69253262
19428589
51901569
52720151
76123529
74467325
72717053
15894901
13998036
77958685
69874937
52451954
35496383
70128358
34057952
36052519
18445541
21214339
31767987
57754561
31557426
58399551
32067921
51636874
30197018
32566336
60676585
24354652
74132268
70417895
54800085
65525222
69774759
64875777
37849384
47020083
70409905
15923695
31247656
70481412
30636595
31846447
77956569
77358646
50440630
35802667
38307368
41969281
44220747
12576295
47426619
75612308
35345524
21400374
10754796
41148793
65237340
27154733
67690325
65153291
44499306
41795673
30471451
53088982
78164198
22193701
75941901
28491129
53771966
22578733
40511179
56956398
61422666
77500504
30799338
21280728
50310123
52341651
18035621
32485320
55344151
33048516
41476780
20028737
48374848
32105121
16952073
23269154
53661672
26628249
73616579
28992478
32689412
78447713
74200782
16098470
75913062
66120112
63997370
25781415
59356393
61444793
47440862
70650995
14079671
15909606
72609360
22028623
22322199
47020029
57896534
75444820
66683967
41354316
42439539
12529003
74864398
28930688
33776205
34925676
44569572
26974100
73995840
79851886
53409778
61783731
40793630
34596945
67797541
40541569
42531905
17986266
67383736
52729278
32402663
13038433
18268038
79722680
58560812
26820316
16616288
55729895
55157023
71032146
72454153
28991442
56236852
18957599
79355173
27496263
52938953
21101409
34044652
31734514
10733439
15056085
45139989
18273534
10559882
77201361
40431095
42350466
49247464
34350322
71269425
35743717
60455799
19628086
22217074
44401460
11712350
25080447
14562800
67520399
67642386
23081166
55801662
69051604
72699736
25314208
53377712
12805938
60832049
55731351
74199065
67060498
44707138
32380456
47691756
63483936
67003551
73844969
38360344
42034235
61584386
31719046
50144496
39754556
13438422
71806845
44664027
62348423
48554338
34955901
10625432
67135519
49678179
15461919
23924916
26933060
48948842
58775041
32707346
48377410
71978315
40123494
79213919
61449018
27244292
20565790
34408448
56877827
11635676
36420255
75820237
56132562
73865714
46907394
75508147
17564040
35626808
16917053
19074738
31899265
13739102
28856810
61905574
51783841
66173285
39481210
13356737
65985580
73193470
24811202
38564157
45147583
11389043
28187893
64041256
71363569
75200726
24820960
23034931
17956237
38258253
72953521
32154764
14265155
20280305
33438610
18407255
11142085
47682955
