63130519
79820513
50270774
27916144
20044493
55826876
71524219
79080653
10579748
35441692
66309396
64560835
65790002
52148864
20110620
61616633
15056296
73863420
49885103
63860530
78676864
71843536
61121859
54064921
17962375
69490671
64271073
45062556
76879884
38956331
55637140
49794232
61290732
49747150
41024398
17984613
54259442
77163963
54892111
48800099
29525764
33669889
17561296
40279917
75128814
28638364
31319670
48502186
11928593
25388475
39429450
66842145
33182942
64723965
57691158
27123066
21815091
67128036
33602680
22763175
22111699
69470913
17307881
33522567
43816182
57449148
27201754
11422725
60695495
55282874
40784102
62914483
23186595
22917219
13485161
58138393
79735072
66926272
36845879
10433343
51006834
13695410
53759893
49757928
68429838
74926523
53424949
28779166
66702036
44973481
37505104
13455421
16828319
56093807
31555357
58344414
40247712
71997350
38329040
33319914
67055086
66686342
43622733
12109867
70276138
76809497
45338506
55304050
14056915
68230593
20004056
42821626
64475875
13153046
26212318
74838134
78053611
48094955
32253367
69923958
13195903
41984034
36922876
35999681
72239149
22579170
36956138
65991634
56628554
55538743
15765863
56754451
25635411
48109515
45152990
47441824
10425147
36486549
63832782
45263411
11680683
32386850
10966704
60958466
21720486
48379105
23865153
63575298
62754954
33789893
10160764
13906712
32517832
68820159
40053559
18618320
18684582
17758342
71956248
40099748
34424326
48891992
74446999
75605734
24376686
13609752
45672320
37913324
18685851
43044845
24304089
64683459
45178934
40471172
11872240
24798056
66495926
73233301
35040933
66915833
70215995
31779698
68496673
78727581
77531605
13910105
13408959
16114289
49323869
52495496
18498825
35497973
54017880
64833164
13986024
54465643
21702245
54910131
64114760
67320359
45380798
47839135
18540213
27378635
65230012
52361911
76718458
17967126
69508290
13373981
19003657
21869768
73912239
72607003
18420676
14418177
51483491
12434075
42093792
21951740
32160824
72138360
49973670
28006907
76948523
66618047
55176605
41428814
48921103
36601888
58635183
79263588
46635392
24183845
74003236
59777717
59567682
24402381
62024249
53950774
21585640
68931933
37902277
40951807
23003396
14103287
29107747
26863069
26414340
59403475
79382539
52548784
25241760
64632558
57932846
44314407
24973561
49738895
48609673
27978286
37275734
35629001
11183459
24295309
22036746
37603030
28439136
75724135
18115330
35213691
43204473
79595328
21625449
64690326
16602133
64783537
46882095
71580439
37523048
34843051
77056252
49719764
20085121
77155319
59059007
70808187
20504309
11484367
37117121
11300411
78297135
19588360
28427754
38638793
53682482
73636521
26779014
30705217
73870404
23338086
67306952
43124885
61703529
74154114
28124841
49862069
76196892
12132127
53029517
68429108
18134393
54321397
56308677
22978714
30221237
75827868
54535438
69456262
17720313
65369462
48878265
22300661
34620743
78392697
23805628
58349554
58641691
65465356
53664157
66097705
46684599
75201612
50464085
53878076
68302437
51093613
10258311
31173469
46443572
48025507
55277539
73370224
52181203
28992045
26266067
19961985
26958737
37957318
20652842
50573630
48309862
51378194
21534300
78512269
70547808
43429128
47595459
13234441
67821273
23942361
16439281
14707514
48572941
17454125
25435240
48815471
67185015
16000169
74482176
45562968
59664768
74658936
18830365
51601462
14744154
54574500
21987230
43887499
14437998
35583896
25006394
61659333
55459961
49534628
63934619
56458713
67359518
74561457
21694282
34799045
69672663
39636781
40477632
44239945
38215037
52153711
18505250
23493305
75644109
12501033
65942988
56488386
59227816
10921792
14888784
18530888
16576669
62985837
77948769
63919542
14335353
68175297
22724940
67320100
57141965
16235036
25296176
32487291
53213348
33202276
75224417
49732624
38025872
18842280
44853017
61084569
46263734
26809078
71151902
68998169
71343703
57366912
61895143
58660068
56352700
56852599
50814585
57802103
62462660
62780988
32618912
26877798
57333372
79281065
73767554
52965804
35701721
75105733
55332881
16365166
70698552
79250891
29763893
63557745
32888749
48085601
55055805
29757384
54526284
34026150
62126823
65494416
64160246
63079997
37418135
59643300
51701543
70972860
63706629
58392090
33847637
50925938
47020953
75830912
76545146
12590146
25373417
53643812
75785308
21575253
41960176
79165756
61572627
57016713
24350295
79092638
38720934
42711898
33839999
48296978
16337959
38764664
63385204
22786817
44816161
24689465
24778882
64172789
33953312
12252762
45365492
72776250
10049644
51888277
31176296
73869159
61680818
54957492
42963279
34699694
31138959
12714733
16518840
75753384
52239900
36888286
15193375
44649055
68436858
24627442
24399841
21824828
40668935
34224496
15580400
33837508
30758414
32396673
29578370
39987612
30489352
31479020
39407256
43212660
68561232
28280780
26585420
63150266
77398942
69826427
54953617
18003615
53135738
19723051
33249117
78720467
66783397
62270604
24598595
70278914
64065757
27992212
46461610
69337662
56164118
33609516
22534123
77406466
27307629
74763583
13148533
38025832
64985351
32559441
16081575
53162853
28561055
30816117
60032780
60338853
36761724
23565848
12473705
72990074
48941778
28161639
55732108
50635957
48638100
56243500
33794781
13163123
66713971
34420916
10715372
58749765
60885362
38319138
63768878
50035331
63417368
51985917
69247547
16506257
68697282
50779163
25398686
22038638
65849416
67992910
71549816
11908731
65950906
48691079
22723547
48442193
56082765
53458552
61650081
69591777
21560907
13113716
63671161
77096052
12913030
61564039
36298986
47377509
47187644
75419185
63870681
61604564
72732247
44584019
41308834
55251437
10834542
58331211
53902829
17777958
37972919
29825460
33216020
64378876
61353460
36374401
49789543
61605269
60152259
63831633
33080075
35040097
50552723
37068407
66378640
25809902
33430426
46904260
56792699
10975898
46465363
29133004
59987525
57799273
78972275
73629547
21909530
17916323
53227578
41639324
50248679
68086885
43484762
47077056
60194981
58095539
47634955
72772708
22069357
79199054
31526153
65708497
78078949
22922509
54431001
74871520
62354017
40737313
37323867
59064486
23785003
79603429
39534333
62383347
68972375
22350609
63888462
30869751
12838327
45440748
23739514
24800805
14717124
50488787
52251304
20225323
41477759
26747719
36922512
60817890
15103524
21099436
21314768
39154512
76889240
37850887
39165805
57279850
40426347
16755418
13321495
23029067
17626101
12289940
71263090
32342488
64461710
21975264
35207825
18929301
20384538
60265066
73152143
47554909
23116242
50229383
37006293
65585974
53758329
18193318
24251336
19108088
60664018
52920773
36612120
55807278
71031306
30003157
59142951
71404872
63190654
50303398
30113144
46864868
79883939
11127719
67497208
31233313
61436423
27839879
36901408
56294264
19292051
55035167
18267240
39185139
28684584
17091790
16810495
67586330
49499147
71057088
26581248
54664360
25859779
18868778
10086874
29543107
47727545
63092283
60270967
46164329
70523867
36154092
68440664
26166861
49320471
23468514
28081716
62378126
25061592
24575854
43623846
47696965
78978143
61657127
53256510
24107772
18157282
24588379
17042957
54149577
42006153
14717631
13258169
66313093
34704202
62932217
68421368
58925464
54676833
14123363
36203212
12996324
63303682
48599037
22381577
13802328
29456868
54417245
59352020
31982822
57254635
43282093
22186321
16745375
23466442
40187207
38030658
21973338
62112149
46110431
36581261
33725076
16591357
58534045
71698730
60152618
39119522
47175769
67576435
57241922
63648246
32454229
35091850
48142474
36413563
64829677
33546699
10893451
18844989
25926501
17234880
21727496
27933020
13127268
23304633
52292384
17191725
46895481
69740868
16878143
66376153
70420945
52406675
29835552
72018007
76907457
71127570
67164474
69794530
45032169
13814967
37351685
19734013
10720138
33226722
54590008
45524273
79067383
50829875
21222930
24371429
20728598
64738725
60297859
54817328
14145269
70900797
15631106
11217962
29717823
47685456
17630416
47549205
26111683
29213943
14614419
22608212
71165141
35536460
64475845
52669977
57532650
11532577
61595860
24663971
30407130
49198653
77080238
32494558
23403628
23570940
31795689
11462656
78297898
54429622
64185398
44487559
69842974
49757850
30729676
77311758
19386738
78839328
28249831
52763682
59965956
32468723
60719828
52992739
25383557
33562717
17876864
36915959
34991475
58855663
70721894
65083305
57734387
29922652
26888370
15423123
20337714
22006965
45121429
74867892
31182619
45492016
59509759
11694895
38360215
63094645
62319374
35556389
34503205
40951595
47490914
20352102
57468935
17663268
11888885
52162499
71494392
59565152
73581542
28727458
50831257
74721239
48866379
39056570
32254651
19729030
15412370
12713336
62415892
77129015
38939911
25326351
75546331
11499919
33193612
41303715
22696515
25542644
67554102
13363494
17467518
15208923
10048745
34303977
76009989
43855665
36301207
13827367
47195332
75616322
73187227
17043037
25864168
34181223
77788933
53787579
50759604
15727477
16868654
71683107
46729501
61875275
69609550
75038963
41375854
61434143
12442845
19824265
70071885
33541456
59021218
23037165
37429845
32179038
66534080
53909574
42035182
75039505
39765989
41743646
65329619
57166476
49846552
15719333
58400404
20012325
49341210
60659142
29717857
65886106
70379861
27062297
52187074
13370994
71314970
55689259
75029377
29402571
37775157
25465620
51406589
41609718
62195800
70663406
68757296
23071979
26547782
14432859
60432036
55558463
68032268
40860976
57150732
13578838
72937998
36793161
26668341
43343196
66674794
71173682
42869899
42935397
43540914
55622571
68936375
20822316
46967004
34725556
60940524
31081786
51905654
63663228
63590649
50241307
13779778
67948757
52298075
72245776
60739198
65772145
71497258
63581320
73412232
79304552
61496258
63917612
65553209
67317714
76521300
18301071
30276911
73284194
79993246
21406084
15423302
15384743
13909933
68243402
30825700
22008105
78383938
47268919
60176525
70624006
79867969
60916119
51001544
56509204
71917586
68032600
73330290
64713095
24655368
72465387
65101702
55098079
19100512
78735487
44414364
51701040
53306456
71390559
21968797
59921829
26208306
79712797
73109516
23597520
16079054
79677046
25300094
64313957
65113135
49166159
22881067
62834539
76209844
69586036
17160745
28011077
69994258
34497719
34021847
68684814
43002550
60702471
11373358
14062465
60306658
26708232
29654499
18705915
68954447
39754976
57340003
37333560
38267881
39746774
39950070
46006055
31817203
45302272
27130782
77738535
23086522
54273073
54892317
60550533
78419989
70948679
55906990
56669730
20261654
41771152
65585517
65126816
73215226
57097277
77487945
26818073
27730717
72920447
21863793
42466708
57572995
14841892
64584790
57962358
37289557
24140581
17116175
28893484
50522598
60148730
62931844
69950734
58963882
27067236
20607339
14611430
62117981
43728554
56179174
50249715
65208043
36086714
68881455
11649669
51522703
33597316
66307058
46749607
23134590
51610991
40972183
20985725
55789087
61585011
29782561
54458820
18229607
56263492
30408552
13329601
78120822
76798435
39946709
15360453
52605354
20636365
62757236
25460565
70060265
15609082
11686550
44005238
70416968
55211865
54212616
62364826
36743067
44806137
78775200
68890202
69437575
21173256
77896639
42676764
69190001
42616018
61154303
42770813
48746079
20729902
70992859
16379553
61889063
74709151
24325396
40700944
16379592
51952201
59711605
58412906
77219396
47206133
71198229
62259445
25459220
55590753
13275235
78191134
16067744
46170755
44191265
14101270
21218839
47606120
13498345
12881761
77766128
38491792
28594650
35876641
76372182
11625585
70253501
37544944
25372269
48114906
60477560
13698977
62219765
77562484
30663529
14504979
14225942
27353096
77035258
66752082
20177275
51944636
16817125
59805760
25217298
38524282
11536037
53237649
51501010
52522149
29449124
23676145
20397657
18220760
65094218
17655737
21942753
25451005
64454080
13011743
55729974
43789309
34723749
12551893
63018234
26921301
67278615
13362103
43662190
37047163
12920184
34867858
78808302
56614859
37993951
29424906
67398106
24106548
59323154
23292740
13268876
24836999
78066717
40285832
55916450
70278935
46234301
37209173
44962087
57939578
36309508
63208423
42698259
63725597
22610324
38770166
71195112
46469413
14159436
33852196
36626949
59058369
40174304
22065430
35266244
21934825
45436261
48185898
31419746
70880853
61668692
55292736
59953639
12266070
30935201
58311514
32336333
78187308
19170752
56393415
78748133
51386729
56624629
50380709
15707089
12309818
71524357
74797636
26148947
50164290
44862937
54928701
33200231
41689311
18842324
74241012
31217708
66220319
36616675
66183364
72961426
35083391
11921170
20150492
30302114
63684246
56871499
73552383
35386781
76693271
74228815
76825710
55269000
69425666
42785513
71814088
70235829
31058097
50554762
42146981
19393353
70351952
39190487
15790915
36307999
57230588
51838859
62983792
71889565
57887162
59917448
39581725
67141849
76262745
52071812
63236571
23365542
34405440
41351520
77072114
52167794
64685576
28913219
47171958
28739546
15795257
21123740
77022135
35590050
73947654
73791987
16702650
44048793
14299037
50534515
79490209
35669780
24317186
55757080
60154142
61846092
78328704
40333541
68592278
12510853
53262837
22281053
30318346
21748569
66615855
53586855
72368351
10022365
49810746
15556072
25294996
69769398
39687331
10483589
49333799
44338051
26615920
71124344
31590394
70900695
15287753
37632968
51028562
14632460
17867052
49420288
74242654
44387187
39828368
58419829
14936401
23009801
64036548
12547146
58096299
70088500
30567764
57720347
43851413
70007980
45284984
50133230
60854163
38895059
48512317
25254787
37546110
72821540
59388726
77100329
34821698
47689668
74519871
67303791
76023213
69478590
45119511
73109903
72103514
59053475
20087770
51085740
13241977
29962817
24941491
71519520
49292240
46722792
57464188
34843673
58348119
32539237
68823691
79000876
57138361
75564384
55051640
73011821
39433815
33174609
51800025
77150472
73833352
68988882
24352930
47460253
70081181
14765282
71650989
17709904
47775059
20464897
19252210
48001206
10650569
76888830
32566715
30777908
24355177
35488513
10768348
17277780
73715622
22071133
60932764
12086106
64191466
55759670
15921509
66898660
53659332
27103026
59181631
27818862
53455644
65090107
78739799
27623184
37528084
57275853
62729453
52562356
64045367
78118229
56262822
69497280
27302819
18098157
76781921
52833838
37000053
25270015
39112945
14262802
74113439
33752698
39276503
36327801
16054957
71923251
26977632
36314693
10885628
19044675
79770001
45702787
30831779
34630535
30772535
60021921
62987081
30027128
49139053
35445843
11262144
67065659
66484029
43746450
79508526
32791277
40126834
28815638
36915682
33182381
18406677
57694324
67198177
24675023
65595334
36998135
74776717
78133055
63269702
34321043
53614182
51707920
25149649
48908871
18970651
50407261
74895339
50594334
78047509
21575065
43900263
31649404
30183295
70062393
16724042
24293436
34740860
57577955
31385721
51284025
71232085
23281614
72125286
68494359
29413010
55798911
53388146
70323720
74398114
35897586
54961181
50523344
14864567
34025503
32317742
47249026
52267550
59132661
10620021
74093337
38152647
18286897
21574378
71711721
74409354
36943136
45617022
44190130
37738456
48448916
61732005
16005792
45120676
62798134
76888795
12741709
64576496
71812705
34306457
52111601
65265323
27103902
70561538
56346445
10065920
71074055
22841107
66862923
28244547
65083463
18778888
30984205
43647593
19057821
12475823
73843942
68478583
65799568
35697026
56978701
49923705
41795145
52474847
66796629
42925099
18122621
54585742
51372891
41934122
79187231
28429867
32406614
12677381
43367261
38967157
71949588
18571201
72600265
69949632
12060000
53626152
31916047
40977538
34722924
53021466
41572283
25616540
28336881
16265856
27287740
26944187
74356949
39625119
55258339
23142459
16633374
20589874
11614672
57341225
54893369
53809732
78699550
75173947
17720620
42387076
27382339
48323984
58347956
18520421
24897793
52941065
38024555
25158591
41729601
41610311
27853260
68447774
72892434
41809001
54335837
65561012
70460362
16239208
32615304
32013103
26621414
67273072
41710865
32785875
53377487
76806026
61433048
78330309
43857301
16256110
37957133
33690045
26629467
45049165
34620155
61343278
10484246
47045305
79629280
23710643
70020093
52023235
30028842
70568879
10564423
71667018
12314308
25441272
44863374
56682293
35596011
54076826
40436770
58747612
47689701
66429735
78030299
67969502
56117181
61342135
46029957
64545391
58608100
43609176
25057831
44821365
28533231
33220942
78290866
50961661
33905251
41675912
58844269
42066736
26785805
49696285
58110306
25742910
40089157
60933828
47274447
77043512
74395954
44836214
18950154
25363570
34165871
28297980
14118944
19319623
20405448
11656199
40628296
39963543
50952679
70597235
56901976
54106284
60020461
19419639
43024492
14132451
22717312
53612068
28202866
13932762
29028808
52174082
64991960
44885739
73353851
43159471
67148379
42150115
36703578
47052588
47886502
78593643
71158734
50868962
61730996
65499852
38260423
43585671
35596219
67266513
66216117
15066269
78977511
30622339
50691454
18915329
52889114
11084925
26259182
79223698
38032297
13612684
30513115
55255402
45046856
32802606
27452489
70452445
53211957
57510282
37455415
16994081
67766663
72947526
45712795
14537332
38231043
22561085
61550369
63799737
59707928
15244011
24534172
66725077
14177135
36389430
53161465
28825745
48727051
13241778
33271299
38736914
74894579
21682927
69966982
12687954
11873907
70190847
11885682
22640779
14610508
70554688
64241393
29859197
27163650
74668190
52232465
11764429
56994602
13209242
43827369
15280876
77438556
14801229
16252337
35642131
76675610
53498564
66027039
21364845
74992601
37574144
64796073
71462494
28798197
17315586
46749780
33391297
72448176
23630229
65532545
68420557
15557826
30906408
18463527
47979840
73816583
20412183
41217501
42363631
28964582
66407573
54162997
45833669
77202851
25602517
65270206
73983118
21234973
21678638
20480433
27386860
48561270
57485547
47421973
14975182
58125514
15308051
11666851
71244553
25262339
59016390
68612653
20203934
47823301
64235144
78289721
72486247
70296525
55883655
42027568
66766798
10348505
26999370
19845634
51783794
35333082
60933354
43857481
37120951
76972005
30693820
41248029
73445423
37417441
22282781
39477222
22990753
31541015
59401670
62333693
35647426
65089518
35574152
28016980
53919714
78649364
48319170
78964077
53269391
18796829
37926739
30428886
52752848
74559798
31636908
56273296
79450105
22972336
16388030
34480488
44107214
64797643
43575190
43578315
55307396
52631946
19976160
17903801
58472658
27063059
67794309
42768298
44269888
44860198
41114643
28813689
47792468
60415068
31243345
38060474
42303761
54993168
38187296
59923141
48508014
54327389
78454403
36397869
24731681
70792612
70546868
14535145
72073339
34293097
58535720
67432463
24288060
31117841
20372845
71964215
76466492
10029012
44706285
69662170
27575797
75144204
60682902
56678652
49311034
48258259
74803039
47241355
42508822
68752584
42811425
58190385
22523084
50172594
64700434
34387040
37458612
77583333
30558149
57905143
46995382
39826542
37074547
60347443
53198396
17013246
74156907
23910412
18070767
65489272
12545222
36961059
13052807
35943651
21828912
62950763
18048271
47148333
15605854
54958360
22115073
56652484
48937468
27271560
30425743
22756715
51579979
10128362
42794676
26151121
26734682
49968212
67078400
17001457
44835169
40403900
50900044
20515935
76279219
72012606
73356470
60662020
16155351
53215741
25069933
54693719
62014781
21392676
67653496
26120073
63911971
11624260
69129604
78690749
77162555
31328008
61135015
16912432
27223263
30650077
30415911
29968376
47025966
40768563
75889717
26981692
49991220
53848701
18648183
22500450
69525840
51644944
22002133
59142809
20709663
61208172
43328538
26617389
21529212
49094981
41924837
70752292
18819826
33311351
43378321
64862847
33995629
16373408
22848147
28172579
14372960
37009612
65278550
10593948
70364400
43283808
46719762
55934929
56058673
74084724
38974867
28431119
67676548
73147346
62704113
77057083
45676129
48305648
63112649
58612956
48961142
29698597
46572985
38750249
17451374
16145338
38987783
69017340
54944384
16424919
69458628
63332673
18328307
49881096
20290294
34613611
29759465
62130397
11866935
25101217
28050496
36999226
18509320
31614316
56955408
51799330
50659535
17543891
16800596
68175836
23863339
53975760
22472473
43311920
25625866
19958052
47682967
61936573
60313353
18403373
25982838
58353282
23382277
36045962
76301200
78010736
74983331
37176527
42858050
58331146
78983777
24226412
13663107
70218390
65274637
44952520
42788931
40783209
68563299
78044480
32493958
27597921
71443101
21865958
20742959
57739131
46661223
73430693
40886987
48053906
22551475
75353671
16619730
63529990
75560314
38714204
72032688
18600351
46463433
14600154
17252566
65447499
59015278
41700409
40206732
23203200
66929941
51563980
49380040
62889714
48836659
36861914
79392717
74568338
68512206
71525533
55804419
47104701
24633595
49062486
28957767
31467442
71848606
29405873
70325227
36062500
30033345
61223152
73006189
44785109
37164712
67359827
66084406
69982027
46458181
24340274
13399829
57869782
69885836
68111664
62936050
13880412
63531166
69462267
68547189
17098337
17130294
32835553
35407719
13105992
62162028
15062779
57438770
37491562
59162576
39674357
65386920
48900065
54523352
65246985
17381850
35871596
40561191
51917920
28142800
51431753
46282736
36754466
18917244
49007420
54785520
14085344
45704046
64108784
59738163
44544767
33110991
42944157
61392777
47471329
10889989
40750178
68778954
32337395
16449717
76989397
38296602
16626405
72362063
59644640
60444416
36830906
33117437
64500945
13832318
17531755
25061739
20252336
41360980
49425220
47542331
79123282
75117298
49923022
18484568
74544065
39577198
42502877
69696828
23950625
12686838
46264744
66140050
32001972
19655058
50887842
18917331
63752541
12335370
70834386
53835409
58243579
19685659
14317877
10660658
62373662
35957027
43928021
40286016
13585348
15769093
64876480
69679729
12688059
72930702
48584143
37888166
77487109
54005829
48153846
41857133
58093414
68264479
45313609
38975832
70060305
71418926
60927603
21773969
46357814
20845483
27449595
47451649
56405216
77729662
15894118
43972288
20425377
31303948
25829498
36002426
44366937
78532238
43817624
56706215
60792183
37322471
66465985
55182371
53465272
23773051
58315661
26172801
29705151
22068394
28800111
52940219
12600268
40340217
32919847
42077100
70821772
72149987
45388110
28996519
65932630
18659442
63088911
67273997
59632341
50690564
27241067
74884079
48793371
41394124
57998715
76194152
61949462
69053201
35533447
56630347
74315857
29024300
15252577
48045741
22860003
77833979
67562328
59777298
56090831
21184789
49345227
53512890
44926224
21310659
27567787
73533944
62642330
52360707
52001975
10300136
14927789
47366716
14650529
77750558
24521156
28778530
27004020
48892732
42864987
32206819
39453130
20786918
36905734
44452526
33491615
26950982
37621863
71298781
40386161
44311129
47442643
33125571
61806505
66323553
26842991
14046896
66284331
62248953
72202561
41217167
18613888
61559579
54142992
70066432
55966229
76328690
60407299
56430881
74847121
14299892
59126577
34838764
14518206
28444150
79459469
52430691
51539380
43287564
22652865
50177119
63990475
14737628
36592261
26175825
71415738
64639465
74264945
57738636
50897765
10167469
25980754
46946707
24761515
24141490
24001529
35748454
71523038
72404485
49144910
76364438
40159895
54315609
34703208
64827704
37561456
68633777
47187225
42388112
58651262
43290928
24824822
51055518
59040750
61682389
26918665
57363950
51880107
37179833
66407040
58424985
72209716
17002208
31913270
54464196
64714296
35687114
75928389
30132731
72593781
44312890
41468662
47758762
13979467
56520404
23921371
69800021
37380633
70308054
61054925
78061960
16297261
13823758
49036627
53211906
21825713
72865776
35211188
39041461
28129904
17007341
76280631
60042288
12832281
36405199
19271046
76644148
33563598
70527178
35754701
69277967
29024218
19350551
44721086
78533865
58354031
58573355
31397736
47904709
35600741
18829960
64217205
78141249
51671944
71225439
11929941
16898053
17322617
41908084
66441777
12119870
26122515
22388695
44485418
46345424
29075392
21687639
21410720
33067310
59725714
20535161
51494330
17036827
67723537
14087160
20356710
69341819
23722195
52998442
14622708
10058465
22380337
28393383
59398927
46796847
78972871
49556318
29407590
56556203
52919805
79701157
48625905
76879473
13836842
25672138
32720458
44263123
58641367
46821428
19358410
56782194
66916170
19939012
28462996
46975805
57521612
68353308
69877908
11124456
15842774
56021865
14823210
40195511
55273661
70614141
11704624
62919210
55353793
24677830
78245882
42484279
22233859
62521452
17053820
12964745
48705830
38028514
37699636
24554762
42212488
28562678
29548613
69249617
26865193
32806713
61399878
77285486
70043717
49529920
17197467
36259557
66701409
48937673
36599783
38542759
36624661
68783739
66097264
13844373
40099121
33382853
73064780
36049537
29370526
20006390
59537139
64954866
36882128
43156806
16273691
58166891
46048516
48400655
65330106
70840767
21322042
12084022
36214605
36799932
77706093
41808308
56549045
70640429
27474600
67238254
53633736
41093759
31126704
38650860
35986373
26944252
40887709
20550046
70717622
64874225
66165299
33957461
25699784
52959686
61605352
35434709
28145602
41042397
53451875
61109828
54386884
20404349
43852918
23458107
75802563
16526556
38209249
18027832
61583835
64167150
15116316
19247117
44888104
26918522
79207024
27114993
30745822
30064148
69032612
28643557
29780954
78820065
70981506
55885242
13081321
59426835
63477254
31977504
30304213
46005086
38427957
39828957
35814633
62031263
27139813
26408290
46512934
20314657
79818843
12792764
14086737
50479573
26450609
34106633
17229183
54337039
37889353
76127176
14287203
27632501
35756243
26877350
75023490
55465149
38458598
43067460
20121098
52100276
79076990
18977829
34694368
39213942
66368858
56925722
61691100
69285639
37679482
78273871
14432863
38708631
51216729
39187171
77008223
43472017
27158447
67266680
40067989
22517055
29116492
48875067
46739680
28448565
60502614
59115880
47488006
33428977
36240806
79948171
47506070
41264969
54478751
77929022
45610039
62917829
78433635
18071653
26778756
59988555
58112251
64493216
28014174
44680233
19704135
18714091
55730912
75726980
73701444
78953569
53318058
74138924
24473608
18957158
36399145
54467518
55992226
55309179
58101350
77617308
38470536
64233884
20970542
73428331
28053758
27807076
43126607
67860816
52622650
12393776
62629969
45422024
46272725
56378487
17359724
15646829
50126344
67250839
26660098
41792789
29841655
73330303
54821977
19091777
36876280
74896658
57882138
53007278
43590932
18013233
54368057
60433632
39396988
34348332
24207107
18473139
17381686
31092499
79722636
28549992
21366424
10959014
48779373
29787904
48333123
24420402
74751508
26049402
77870426
12841871
66947133
68931716
62208662
52765510
63079860
73373050
55214164
14773148
12431105
39331014
33322583
15755412
69866432
74467847
48666935
36303500
20612244
37845254
23082443
31397590
62633943
22669763
15364598
74993858
46747437
59582058
15166166
27717529
66613770
35898593
14357713
49672457
45869276
68250299
32271525
53627424
14672213
73034767
65380439
12846095
59017101
59477832
37985021
31583649
79232494
36496008
58560828
76777676
77895185
20856849
16847637
23574932
52978544
19696522
36939294
48005516
20856501
48619228
41842945
65380214
75527156
68672756
71881448
25686933
52182321
40008827
20225461
28980863
50430248
50543630
67457224
79860004
65824546
75631022
61613643
78341654
72263480
30377422
33254217
44505555
68887462
21621325
62529292
14580156
36131394
77283907
25570764
35219262
39721472
35374662
34398534
48048007
74473836
19298017
11274539
55965053
27957477
27886670
47015326
27476928
24005414
44448024
41091875
33315103
49222410
14830649
57451900
16178214
66091041
23171162
74243821
18135167
41159226
65428601
52578278
40657017
66149681
10255114
29789341
16370100
47532609
18878759
62641492
32653311
72471157
68967921
54558781
53709046
45534265
27393486
26352588
39169536
45210214
72762487
67480688
78754144
12218098
13982564
68595770
10909562
52563752
36365743
11720761
63194740
56842997
21697171
61248536
11501519
10790393
22919578
50171485
45202150
57541711
49748315
76675096
39287505
27037399
73388548
23392552
33339863
13534461
34080891
65651363
58349397
32427389
63061983
40006189
43927347
72002916
69713930
13501539
70693766
44649134
71139273
53179114
72616673
31305391
70068342
20182276
74340647
76005617
66324725
37381945
51098810
26120384
36680062
74561536
50459251
27929416
13935628
72109814
51014033
76577864
26945300
64171227
77177519
35677173
25722683
55230503
23421216
28746533
46372664
55266724
61910902
37284105
74483851
41794605
31192680
52195619
23179767
54849742
52090910
11517811
10356358
65420254
21022689
57476808
75221027
65830377
10126063
78628413
64378716
50727519
55904839
41040702
60713892
16800609
54703075
44237376
57522628
49069195
60574824
47914416
48918727
55368701
67691081
63546193
26133455
79313861
69782133
27990375
23918524
20738254
44933073
13807245
73688674
40207009
27517444
77729164
38622538
76209884
49905833
65397898
12994099
17818580
66747459
54175396
31505376
47706911
32719957
65233972
30424764
47659072
19700344
37150723
74400510
77329307
63831120
11894826
49602015
19112572
46730856
27325753
36094203
55846801
75839242
66902410
40382211
73156974
56911184
45350815
77469966
25523788
46377670
62059285
42940124
10860130
68349467
37155262
76104298
21944540
71727415
71688601
78972579
57365696
20640991
30080819
32823096
72562898
79788500
32145461
61495096
44347507
12074410
68261107
43334503
42954428
23232908
47637764
63592523
30714387
13318489
14196861
16561225
32922770
48818101
49160624
46172119
53164973
49827888
37912375
39967715
40039848
76039655
11888492
51833896
11950733
31520251
67263664
73957803
47370950
46718296
64181088
62796194
29481437
53443790
29466419
21461028
46745384
16650314
15318120
62678866
61595035
70989946
54300600
68074847
38800929
73951140
43209419
32622128
25859380
28622007
16219183
21519184
54844212
62596454
76003785
15709831
44423068
14834419
53170744
51697832
32121743
24430473
45667124
60088884
30619000
58457782
78508671
51426654
29908674
55782054
43422573
54840706
44975230
13119030
68403249
46155160
72168924
76894524
16543644
56692481
14830020
46858569
21808802
35093363
79538445
48466382
56907450
52321005
26964228
46586770
57206646
64498408
34165905
74344766
30965017
19234326
30939037
11718855
43528302
29061711
71138447
34780225
33968426
23195757
37459440
69585733
25281550
11627934
78318088
14962055
60321196
20292209
51685217
17417694
43012318
16755832
35219245
76981195
79027749
74592523
58917892
25244647
59639179
25994984
50867578
65653280
31973912
36360983
66238066
33900834
43282502
39125253
66101302
78830951
13326987
30885884
56682188
46833996
55519852
43924338
54328060
43220776
50439805
78554707
56366613
48474353
37756398
72838253
33847559
72976137
41045620
17887231
53558395
27010369
77237106
43710771
23708250
65192211
60327863
14925215
43004218
72173260
49818882
10442055
19263064
22148437
29930773
79279681
35406748
47969098
42921993
10962578
74980099
20792375
23224059
59659496
31821307
51176115
75024491
10243036
56070690
40224267
71947547
45929575
11371140
45098126
77143116
17195775
52142562
61816173
10631035
25221429
10351726
53884880
76278566
70936627
78201457
29496942
37095335
56659563
38899868
32988695
57367313
53073197
35869115
57181206
19316835
51180946
56201961
71879886
79527776
58694908
20183221
44904791
55591289
61107814
35563750
42725235
20844609
41349679
63621856
62487470
60552166
42311838
33360281
26270434
26759698
17131026
33018846
63082114
28381196
76409405
63909586
46279255
61052098
49720395
57448027
34639190
18835956
68894838
19712491
49612275
58036879
71688655
52341579
39699220
49504938
37730094
47436710
26221663
29246550
79342393
77581963
77714197
51986768
34305747
57782958
39744036
64632409
19556043
36926963
72900499
42049637
77179903
19942493
56630065
20373880
47270275
33905801
15956767
23290771
17039066
76039609
10179320
20447769
68382636
54942880
44726657
65985578
76916874
72598753
39626924
30665636
52135437
52661385
46313097
15104606
30979697
39792268
61374608
45232099
64998230
36791363
61086854
45625934
43694939
41957471
23262317
35845860
53966444
11104522
67170455
16389794
29205032
24695565
46790669
29886532
19115294
48178433
41523688
54013678
15043388
16479572
56299716
34355440
38350085
51900870
60539144
72251841
51571809
27229563
30078361
19793023
42356813
63649745
30634487
65960516
41454656
24353814
48166679
60099247
32732455
69342674
76371710
18382448
37976118
56983464
18705393
67866513
42324826
18590205
39578195
41654674
32673544
29151854
47360159
45081803
24172473
22606732
75505094
77175227
77540285
36369490
33361042
51598882
59996271
22507864
60551005
55092083
39472927
11691710
67627282
42969523
14970084
76717283
72303209
55107530
65626394
33907966
31258748
21714373
10308983
30561123
60879459
54016405
79788115
47852690
60761919
73068215
63277536
20847831
66299038
38505321
56457321
79783454
78782121
70924502
48906567
41579313
31940798
41618186
38019588
10536059
37306298
25337547
14010973
53378762
55698031
35875321
48318077
22263494
60228230
47989146
12472057
67761015
79864892
44411675
34781072
26790392
75178440
60996664
46270125
69914749
62908740
55394900
22896888
66249113
51902476
45487573
17723597
56810977
46202944
37404674
39344934
21475165
15201243
60902967
78367795
31262783
29180295
53571156
60418667
23146582
67529434
13089507
69759342
74345850
77173920
55131292
44640505
63489372
70805459
65201665
31257754
29777402
55278484
27986066
78034120
42021126
57171043
33689934
23823386
41629110
45369745
62966282
32350669
45226882
45174165
26273048
17498008
75903866
47908498
53482921
25826692
12120052
48637938
28135725
60134597
17139811
46715172
36463566
59798864
43700979
46959679
59933093
59028215
54551953
43973621
57052362
65132546
24448362
62694726
59767998
32421874
48543131
27214304
61946960
61735745
25380831
21222518
18614401
40553992
54021021
67330963
69759719
67994233
68136607
36275328
34732159
65319333
11075499
14363216
28290543
52200629
33982508
75937599
11430067
69721959
65542643
22080971
77122211
78140581
40371119
70674932
11325609
64034052
41405353
73244844
13381257
21956074
33785594
65224770
10184090
66935185
65101433
45341015
78025803
65096204
47296483
55709029
21297890
74378429
34727190
45779882
45546022
65650911
22823397
72068218
71005630
31963391
48620220
18782498
63572450
31557251
65574851
33972370
63083229
22983214
33506520
26929232
72249350
11186866
59094325
63538942
59334336
46447027
24335688
42945430
62697877
49976930
75461522
40404809
75303111
33467149
72084046
41941680
53967681
46106622
70215237
75320373
76287105
52192656
51805877
16369651
38174660
67727228
76878496
66959721
23625036
24714770
68942607
60361336
15837941
43195422
79851406
65702061
52943341
67516245
74745470
27039800
63137195
79883710
13301727
59394875
21434325
60899160
12118997
13371647
69613255
60087171
62184601
42846640
13049675
11972484
31810402
20979938
75682401
74484421
39635224
48052283
69073140
61236092
34753673
66852225
43291753
35032321
43649742
14000794
78185599
14190205
25547391
20122026
65741863
66380179
48487183
77557698
30976773
51952740
36197672
78687912
57293388
12676091
58413254
63105385
26297075
56335357
29245475
76307856
42817371
13341284
67011392
79035882
68527674
69020305
55835589
30104450
41879387
43531781
33680605
35062096
44816787
59767773
58327909
47302794
30670476
70970376
37119605
26942811
37282132
31043544
76440688
41708166
35280238
72858157
58945507
72658958
64161946
55777831
39135504
78379435
71032216
53791486
46463195
66493720
39336678
21061250
16116553
72432546
65871657
36378277
62831796
60058620
62975095
48574473
71252929
30364805
54893233
61372990
71914950
79001562
22668278
12381826
25659790
17323666
71282967
44602330
40093152
54547081
76305515
29765930
33559468
17402581
16560298
24055748
51752207
37789436
48450639
72003313
24993941
35987124
11042975
59737114
70055346
71934827
13611762
52991390
74747043
77324692
13314717
73762961
73605601
71558220
67417985
27479564
57854319
65174567
58101095
18076920
76627156
55379652
25030242
53414247
30532444
49023251
29716731
27510908
76538605
26634190
68910118
40494218
59767642
72117072
58666550
28758237
27493215
74651825
71056328
66371396
37471642
54903167
63978833
55492673
70230735
52753537
54880245
51714223
65040643
40237043
64224694
49427974
76802180
23823583
29119066
22032576
79550450
56022823
20162786
60116257
42968287
16430234
30563251
21484286
55113469
74259026
33017061
65361947
40538410
31772101
49562166
42732596
11518596
54057363
16280675
70706101
32273809
61809339
26684736
45083658
25702605
31282310
66333392
30971801
44887773
48995617
50829053
77587065
48265061
66213170
60688700
57571588
15297167
11749702
49987049
21365631
27519152
31787876
48819303
17653318
32096668
29208059
65852597
22750555
38366933
39859396
73740008
29517455
12901877
15315601
60283611
50069501
60360356
12772668
60146783
56842753
17761208
75019557
70590039
31537696
26337781
62894714
68654799
62414571
34088402
75970702
36690362
48396182
35248110
19302208
58797529
57382414
29787827
39706108
48520582
23583807
16214606
42123969
48939931
15725061
63426633
61037153
77595776
37410020
48197703
52921848
66225968
39832123
77642896
12020480
33595934
62868288
74052883
20747881
62993735
47240691
36854818
14730233
42706642
40253285
69146724
63843382
56926711
78658896
76781325
14984294
76295163
79084256
31184289
50454673
26336506
74341068
40557615
56120423
56597614
16644992
63666477
60794519
17530130
63859470
38992202
14403964
59884967
79363032
26764197
21532228
64088936
66058945
35819517
57897666
54768993
56814681
31974327
42152285
74264015
16213005
54169194
17647934
68588503
34006700
20551777
31568593
64391477
42730206
42970079
49997675
70729645
46709620
67218899
12088067
75187646
76344780
60625614
39760819
24750436
18940912
19100221
51309815
24783713
13399823
79533770
28458681
41035482
27080888
62877693
38671780
51094164
73166263
60365047
49961470
50102293
12981573
38225065
49463340
54746144
77852717
45396483
53860053
72839821
72898570
13344231
76525985
39916034
77936674
68059880
19063908
74254603
22500686
59879833
33324444
62586675
36714604
69277088
77020218
37848282
69718424
53238584
12786942
29626531
78704550
68114295
11786948
44091201
10781922
38292023
23761768
22279528
66298577
14832318
49654612
60683687
65881844
77477903
71517088
11573687
51783282
13090640
16758126
71160621
43901515
59643443
14690383
13927345
54315676
77805411
59918968
12367308
41596323
18073867
43017807
74248072
77683623
25512316
53928236
25619287
74192158
75438582
56856366
76588063
34926662
65855005
27475082
13611803
76369963
52848971
15291265
28966704
33261419
56757404
71842740
17497067
55321833
30192159
39820257
59522652
32285791
58493886
22768918
40055714
30241655
55870288
13021309
67431940
68221151
47390802
11440119
41869626
48434794
79815318
23361874
78114454
10199346
25437856
35806234
44679519
34946003
59306563
26446313
20145698
42594307
18748813
61024907
60534308
65270897
67629351
32612355
43967314
48563000
71050865
65896336
29134068
35207122
38988645
72269105
52642910
78681887
34617231
67898573
58177393
44079167
32415812
29317289
13615537
73346809
40670748
61464083
60250854
53150180
41063333
71543154
15642770
51425468
28058801
52656209
25166121
74749381
67506969
69737143
32092302
30836904
16417430
41257653
44534196
74069993
38061187
59153685
68478089
54769058
22263761
20176972
18619697
51602225
19266832
42886578
35600893
64868078
28876565
67202695
53202602
53940475
24686428
41104695
18152419
56336245
64078409
41100567
60904787
14498730
33255286
19805638
76488040
50195374
49484373
48550764
40883950
67302948
76456962
44776148
42632890
72649286
47282576
53004952
18202716
39998541
45210983
58949105
60307619
75672366
71173971
30630571
70886462
75083468
36057111
49415551
18358302
59895014
58741787
27222408
37635221
13998974
16960063
67713489
15151293
63131945
39834238
28803482
10998655
35018634
44712642
24921513
18425245
56406690
76482311
44956822
72465856
11016162
37651581
14808256
61404887
46433536
70647321
19682364
12991166
77492169
68720967
16108773
73447431
44071071
34992263
29366916
66653921
51831060
34704927
79663402
26329978
17555158
43824674
39924985
20164572
14040835
19133780
49076595
69851629
38335361
42650335
73144016
23637718
25904286
31734238
15881581
25506613
65972426
72409238
47993673
79951724
10291201
39948453
59094935
23907106
64833202
55509209
18134852
79439138
36592382
67947810
65077543
69702798
23228394
53502239
55407207
48910035
15984294
10707361
43503647
71817833
79498129
63179683
55800248
62036155
30244520
60687812
21958946
23118713
13776216
17134790
21279375
41120652
56240230
46470994
30794516
19035753
16629794
63571251
22292353
27872201
15363096
27604433
51355834
49828714
34828309
69655158
44494698
66069319
65017332
68484323
29796875
50253806
68712981
69328850
39900647
77692989
32965590
35886484
10698146
46743601
43691531
12716480
65414176
68935744
31756633
13925498
30221236
17675673
70954407
60475808
38305700
39022277
32823027
43718063
61083012
37128610
75166220
54827973
54021515
42429756
41708835
41329028
12850984
70229847
70584428
59349076
40547848
53847866
37919417
24614446
56424282
43230279
73663725
38556429
35869110
54904702
39676379
20006589
25691766
58009976
72622069
68218107
51091138
36131408
43704943
47040839
64444884
18812215
76022812
59607782
57101010
71974595
64200424
39353602
40764132
11838410
59692194
44357069
52805374
13277579
42727229
74552175
64729524
70075757
50693445
31075302
29785467
10159595
56536075
60406567
20698597
37354224
51250413
50184192
46563598
67018042
54614329
30884661
77919557
11937552
25576220
37576023
21433301
66864695
66696425
10478709
58090616
31904698
48315418
52591978
58377040
27092865
66657151
78994011
12710983
67703461
13703092
14673634
79331259
41854942
53371619
14435038
75045601
46745853
53599092
63243804
44194342
25666159
15225715
60400336
17796174
79657130
60662433
69169478
62856154
18471367
44788861
76292607
70819648
43043647
24533216
75329764
77181591
40103569
28334209
61613372
18982990
16101835
11990031
41129285
46112724
37109183
70596762
58593140
75617446
56532625
44926209
51942482
73814316
35403304
45736117
54756691
60186717
75928927
76209663
40621903
35240216
25433649
71827343
11240800
46579508
73706283
51000066
35220670
60151231
40703283
50324927
67333602
13127089
72157468
12472627
63893691
59369956
18498610
67485585
19022626
37604315
38817193
38754426
14393527
16336072
26818180
73674810
55255087
21750108
39202943
71297170
61582679
19168053
21690528
11364265
44820937
58004387
66381716
29050533
34938883
71519560
19323691
13785952
30926365
30466254
68666884
76014137
26081069
63799778
47685207
47748632
23476001
43136804
52979561
62067982
32929773
68007559
47248294
26005342
67492106
55953256
79331097
43920482
57562840
37020240
69114490
44747412
78815143
32460941
56818641
61820690
12784143
77752975
15228616
44944784
53412162
36482235
46239597
41560058
15683243
21555950
52150969
62629310
48963066
55229883
32958151
64328584
74551998
24916413
27567570
69091891
43645655
25506290
49049379
34786074
73320658
76086429
42243888
59186433
51657358
42062555
16084259
46382867
61074175
47767570
69466480
28081415
69586615
50977499
14448811
56483989
49618709
40927270
23365495
26767856
71973226
54013284
54497433
64011999
79458063
60356551
51882172
39639599
13325480
22908424
23678286
54235914
18717275
72828207
51035673
42025047
38214811
18000981
16012035
24044154
48859666
27861690
73355032
72326360
19418415
14346690
45161824
23177796
49955297
15475760
58712499
36536167
34095263
50916420
21027431
35242966
79726715
43771034
77953365
22274267
53731553
69937005
18720651
35970509
18708082
43298306
73115122
26108417
59775554
38353653
23051039
11610579
33447200
24203028
52205505
50710409
17783382
43242050
70850237
73741205
39853218
69519902
74699520
27095334
72384707
39333280
71508775
55185031
66263603
47499192
67694440
15911420
31221440
64744194
61801220
65889608
65085402
69951463
40270398
39258629
55187773
40893074
69212634
33781478
75544595
49581822
50500333
18179424
53090782
24296075
21379302
61290313
11119674
42493778
20125932
10732170
31107782
53821729
22286914
24546046
66149436
39470397
78059191
54067665
75090038
50897939
26481747
58672323
77389804
52699733
58819942
50867946
53135382
78847327
69472116
21356966
47796358
76089840
55475816
36549246
71175092
14929710
59159600
45202630
42171915
76928632
63351075
42254075
32988842
39807163
63758609
72459082
69087065
46235435
62042041
64591890
55645691
33230667
71599795
13017652
35791338
76156930
21988306
14787061
32539731
48764614
76998427
67459129
27362421
16564900
61814452
63390564
48894140
77947628
21445015
34864376
79181780
53832608
71958829
44435699
58742740
19757803
44979297
68976319
62222997
65406623
46719024
79999538
27532111
42134725
10166188
23648070
79346052
58819411
18966492
30171269
49317272
34993064
43224308
36818946
11813388
46370684
45501160
32423261
13776199
41919211
40661334
76036036
47641387
32636118
62896342
35660808
65007887
77151971
16736261
10568888
43870582
43980176
36356252
68939567
44242753
24402400
37918079
11123575
12846847
54000556
28439380
30592155
22666677
67668212
59766882
15083849
61631064
62631256
11378914
45084424
57294636
52214544
64415596
27416128
56650826
37518394
69490453
11424816
31644475
33679494
55077320
18122971
10128529
59112751
68356177
34390623
21984876
13487372
31135910
62129402
22386666
55857867
13936185
54063671
24488490
77948205
46232813
64083492
40442338
26297685
36238209
49001725
68786050
77371656
31790722
18327625
21447673
36613914
79397799
18067018
33906060
78844220
44526851
65750405
35933826
76978077
44289862
31117678
28643014
64313747
33653806
54129785
72374369
37414636
52451345
55878079
14514422
59101263
66437175
22320095
54532191
67783011
10256491
36085176
61626197
18405533
53128165
18685597
22526703
13687986
37174825
62386918
73000830
14928450
75354126
36766093
65420617
79435043
10354404
60483510
34674967
10736863
42464027
57192264
59338861
46429145
70724122
71135195
13382674
62334751
24043158
65126340
49649369
37396218
20340349
73286569
64530770
35696545
38553348
75448243
69447757
38880348
40119865
14844850
28698937
57965076
72932093
43447204
67557687
55578492
34884840
56918368
48173158
77855071
69940780
74608615
58747489
43711076
69125915
41746654
52763046
24723187
13327222
21779314
25813380
16311923
36275720
40318126
58913744
67500155
55908718
15837984
52246980
16020489
73818843
39021538
63861030
18849027
12808767
34161462
71325054
55744671
62752337
34641775
21467098
58836790
51229308
12768779
73168247
73350964
38620958
70261211
12899552
66342389
60789315
40570871
20436921
20142237
29573638
51709211
51805536
57477077
66445108
57239453
49151972
19142153
46470108
48095363
18264229
22099024
49277808
27369217
30644864
76519677
46796789
47293486
70731616
17999453
56646076
67911007
15024173
31810522
54773644
71373660
76124389
37769058
31059150
10424289
37670151
56952479
19198299
71007268
13993511
34541944
11455987
64430892
11966545
29906781
55346109
36516079
53435000
63732308
72567502
32561321
10814500
76282390
34484936
62090842
63169606
30051031
74072828
56364182
48642723
70694662
55304336
41848951
16246369
75722785
59917887
25117499
29424167
18718810
11860428
22237387
53206614
15842608
58176308
68580794
12433867
43177711
52948267
51648111
53583026
56351074
36951795
13641232
72755409
29200529
60248925
71862725
24295409
77388315
14547902
53445260
16195564
26889314
41607748
11838807
48681149
48760306
25607067
67746767
78066681
51845024
36486884
76787550
68543270
19990651
62320505
42013341
65510819
20210721
65411615
32325029
56001924
58394800
23901658
76288487
69905179
25745949
66081110
44284471
25487800
77337200
37894103
55412413
76276674
13406057
70916994
16046278
26847803
58695038
58881637
69739197
39050630
29369344
35966083
30686479
62469552
70419730
31259728
47742369
65565983
35632783
45243922
52566404
43599486
37663917
38617590
24243279
55886864
73111147
49009413
79224776
42395272
62186861
62146585
75812676
21015378
53627887
71354531
33665361
77430933
49325189
38233810
51826784
42049521
69307535
64102614
21707585
72606132
11816939
39794142
10884646
10650553
34468631
47700427
22834565
52770792
37164536
76754896
79642170
77453639
13441860
47479284
20686378
22073146
58917388
64270890
62346425
51627224
70774542
46266378
46691196
60855239
34229362
67733912
45812777
16760075
69926205
58370975
12838602
65681533
27820113
46252514
47231838
70966533
20863938
48442228
56202345
66977422
29114584
35189974
61018679
40433088
76886202
34432330
69811092
10933251
58021299
60864734
74997922
12668164
11127074
21646687
50134323
36276003
76161319
69071885
42427877
22765269
40843221
18414318
26521829
13483901
26268282
30409428
43113926
47547768
59483448
30832771
77481716
26652680
45832718
65432136
69801911
52207795
51639928
18189345
32011368
61133591
32060463
26176855
28843206
10154911
15901779
47793023
79401219
10083484
69367686
32652262
72195228
18828512
49707798
71364691
64336107
28574543
63645962
57243482
61233790
45885280
74651968
43802833
76811570
56121756
19024936
79261434
73779243
25968039
50335964
46837265
16062366
75404568
44116967
13981636
50366341
38567572
54701453
39143432
42647214
43542130
65410635
11633177
65007733
71861280
10986668
53685809
68996734
30452405
15170960
34635069
62237380
51966151
76784517
46389827
67027529
38910046
51836574
43370281
57679053
79853747
69487892
64559114
76080894
66958108
18625153
75626036
65063175
24643927
70899576
29903852
11748099
53031410
60213900
67994310
57194713
72303502
28791498
10282051
19937726
42228035
51769597
75658811
52802498
52229499
69787261
55168239
31468022
43760089
52504791
63636303
26876232
58404390
55491612
41684574
59955706
46770577
62921601
38751766
55595832
58344792
33588718
55991530
48992193
60360367
55455893
64721707
14430136
55293407
65624217
66939330
78206183
34763278
10545447
78177331
59288135
16330269
49730749
44574790
74304252
64263064
27056505
43389675
24786102
39406355
79459914
11028307
25429159
49313810
14332789
20009160
61485014
45535538
21015558
33140999
35350127
15343351
35899754
44714210
10732480
24893392
39331607
64740307
62897475
75963847
23587610
53350399
78797679
72802908
79008650
16404003
32362066
37578790
49600253
30006954
26213953
42021166
19229375
48726978
65351331
19528263
41149877
23370684
72417529
70238167
16035123
75004295
57473641
10799851
57403720
21401656
55422601
10151349
78799851
27707969
22026083
50715811
40441859
52593021
28598203
63287927
37600736
73709351
78820395
15200284
58375655
24370324
31629683
55144425
48555387
72887281
70999280
75213725
61008875
58778948
52503476
53445453
44478482
53521257
41515609
57675820
49248741
63247541
18121205
19230299
72647124
45792116
18388976
32440712
60150843
75010910
24247564
25837586
76109116
79099706
28981104
14407765
64622605
53293238
27074502
61176727
10228419
13279721
78885216
59569078
10953368
56201971
68993068
27172071
74044131
78810524
30013180
64214745
20729896
30785199
26018661
40421858
61974208
33962916
75472311
27949636
45268972
62216470
60417941
72207588
77306951
39326580
65941410
68072922
36310875
52861719
54863107
72891255
66800176
70829843
38355815
10366179
69757932
53556080
44416696
18995508
54079102
22877435
14799283
71519972
44386391
50920062
18637033
59742811
39455728
77633997
11579142
55254610
17109451
27444075
65104789
66391077
29316172
27481897
49673573
27977423
25039634
43700929
46094030
38312533
62253650
69663164
51466326
43225273
66510462
29161011
76769408
33988904
67612537
20726081
29432491
34680268
78432842
25869237
13588031
24043530
70130214
24840921
33609938
30383387
68676579
12963481
44651636
64206394
17863576
30126014
24641427
35714386
12640438
46033664
79214757
72227113
37504708
65610450
72479720
42738502
29397052
57092938
43491692
53241541
17910380
49776408
28513392
70597314
23308548
55441139
17660805
19324270
48261723
10148761
42923078
76754601
77132501
72057731
34417828
74275485
22347934
21372986
34605777
13308587
25696119
60350251
68244329
20505531
65603728
22335983
74696403
37709662
36768678
70338912
29315303
20504095
18221366
77934310
47192335
47188738
67047289
59853485
36576536
55278815
66828009
75857059
41643720
48567703
47238567
37799233
65628217
57378149
78395384
79628469
61664718
31093598
62222594
29161010
48002635
53892608
33074954
44213380
18847781
22040478
44758557
78343569
34561127
50844000
51176555
13578709
71619067
61822739
26921482
59417149
57170284
36008316
26632204
26286445
34955101
61472659
13238743
71312354
66879232
55496909
60422629
41151011
53728353
28987834
59126437
19391081
62095883
28624006
47199041
56259774
70540995
45599734
47280506
29023648
57208257
63220865
67823489
59506184
37147465
49107669
39817701
78982723
77494273
41014544
35084849
29358793
77767935
61039694
28537437
56550276
50876628
31542356
15147869
75998792
72559979
42649090
13801103
66909586
34148687
49447412
64233146
71024080
26479084
26506611
72270943
71378469
43401916
58480312
29363934
70711324
25961729
60244678
32454044
54029772
19415232
16370131
30323647
47418603
48198324
41381953
64539207
33373287
15094747
74806107
60493031
68562596
54856059
52647537
53012066
14348642
70433617
74229247
54863991
69681073
63538411
11102900
29985812
61887197
20329240
70061582
73103548
67621626
78332282
37900771
45763034
39570277
46207913
10278195
58306474
67775974
58628923
43650950
17764662
53784216
48845153
65836482
16215839
37404847
49188432
48886487
55365846
21735139
45292726
19554236
44160594
30638065
41114533
61869331
43968233
42926429
31211572
62906974
37921472
12250259
76701883
35854112
63553426
23820943
32849164
16044417
70216134
25283749
76990641
33416323
67201426
68609526
25623321
52654828
18780638
11849126
71953458
79803550
69905780
18023307
31470340
62740010
59404699
51672522
16009150
32680460
48935868
23539935
12264165
67698542
41633945
46905979
71610468
46472830
61945526
71905197
27221558
48675286
69458390
20182678
32905921
25799298
76562909
44341725
38949958
78179074
53672030
43419133
77424812
64819664
19485954
33041215
68483596
69125857
66510966
28909227
36143548
65708732
17261378
14863312
16520764
28955518
52762333
18591006
78456968
30447351
30893555
18109038
52658476
28641104
12690815
15274698
61121677
50991865
55402774
10068072
61239048
47611165
43270534
42030588
36946866
15076517
77046042
65256896
71890821
32038016
18226918
35949391
11266510
20616682
61110203
68658348
69833040
27755356
65555864
73507666
60725616
71746563
46553646
12986372
49672411
67793305
39624710
44937797
24669733
63774447
10506777
28758711
54344892
24331460
28776439
29110442
16769697
59697456
37926802
44666153
51745527
10226331
13164593
77237758
30053976
77156938
13398105
39814802
33288188
49318164
12053448
69304182
58322369
66845601
50589255
10470715
22366853
73586798
14126150
49509888
13237422
64498309
58786993
75175124
14716657
68513439
29792747
38274269
20497162
10261428
30699979
60820218
40364736
59479200
16946445
68147059
33601329
48113825
31150441
67303984
79756376
62576998
24592184
72897416
23613153
54868576
18687086
42237239
78679932
46479336
55850493
50701854
17631425
51523167
35277648
71278728
77518906
35933229
31148833
67344328
47991293
56871563
41433042
69953876
44714373
14856108
51426946
55361339
68691098
57119580
50658073
72334818
36741224
62251262
35093965
75323078
56893645
76973164
53859556
30457036
73998707
46365544
29247101
36137099
42482608
57589924
73934589
58496550
18325932
77989422
73400660
36369678
75440893
14817204
78957974
19769665
30414242
78814232
12628432
59064223
66118704
16139227
46738139
70047639
62670067
15435494
28947377
69189991
11286508
12696645
63497160
56564280
38517802
36901368
42242081
16061639
71069013
73041173
76176437
47929144
37137479
36539479
14718736
62337158
40768999
48009108
52504348
15754884
52839574
67392661
14599806
43647451
17820624
34593346
31416427
57064830
30260667
72982047
72263588
42912848
11968558
71043133
14007005
22725725
39236377
50115280
24858577
32858436
25552528
11198295
37990188
19349780
78944173
45002163
37496371
46050825
58051980
72264666
15914979
10483720
69366570
73784238
44754694
67972931
50249581
59005663
38665240
19638914
26175387
59312300
35111804
49504374
43371003
63265119
57408027
28822103
66624691
12226726
21981239
60029272
69150202
39621036
10007798
16079207
53896374
28595683
27868193
27991522
24088307
33559366
10304147
32800596
51413604
69519493
34653556
20802931
38590452
20123111
68097411
74098395
17218377
63070510
33535628
44906018
34793179
68667312
28383933
38600689
44943721
43859819
70095523
48261472
55509136
49278381
55356643
24088297
52969398
28706076
72495856
10225364
74296236
28460779
53912155
77496431
30325620
26228896
19668976
35864505
51464896
55450421
62361517
79985598
69173583
24734432
68593181
31637050
44162501
68105318
40252297
74782866
62450757
30112821
75015473
44885893
28400043
34560017
19131375
72502039
26218576
44714610
77592791
77624321
12883679
73598550
28539583
30039348
35426109
40206614
42077090
28111325
14441217
33731183
36133982
27019337
45218694
29043860
16422964
25858488
58816875
40810266
25273425
75232247
39318205
70082737
15287197
67979086
50906537
63926742
12969204
34655546
25888741
51392705
48253043
64277473
65735962
20598003
14771435
53232498
31777428
51260161
10073169
62827800
42089428
44110761
21179353
51884548
37168217
31275542
43120232
73510327
70286456
32095819
15038973
15313950
39760862
48068674
58825266
24484060
73192980
12365133
20525549
37850028
40759714
59571094
62164267
59319534
27220424
35530826
31089975
30337656
53825831
56289352
62225579
29502215
26203169
34150815
45998619
19574209
56823362
45083921
58105120
34147749
59358995
42202422
72361999
35708619
22784410
73309531
58475730
21443264
65351250
15396088
67474815
18294636
10265087
71794716
28712656
35302493
59501532
50549185
75111271
36262433
10971358
63173984
29789217
46949598
16268170
58521699
27624015
23707214
20781256
68863264
22520648
57950630
15750667
43209477
20575299
66514833
23515372
50502024
59555160
54150458
61067177
30638138
16778931
20407977
51977535
78193991
47970519
49110543
37962283
32009704
78852109
12425420
24986114
28603413
40561355
66506190
47952533
49207993
63763566
19428391
23735405
19563981
33230824
25349464
20476731
10653435
69058021
73045144
49619341
53917367
23483818
50447397
49506379
74915005
42160684
56840946
65608312
36953542
18205295
64094206
14703279
60599738
44973736
40233718
50349710
57099326
66397819
20179746
18492163
40177163
17781550
40023186
59409495
62619103
30977711
77446310
77499749
30810134
54436121
62250103
59169707
65260733
38150599
24196787
24058071
23882635
17100056
47000891
58742037
54737352
44898970
21657921
57110620
43248989
68399010
12074793
14217016
61310168
60083630
29614636
40737508
45732467
31183317
37353038
55516003
59215056
60419978
38582776
25282122
71707040
17546837
34055445
47094485
76666254
43818181
67976027
51048517
55031452
66340564
42430518
57756514
76947182
35953825
65539053
12833809
10864428
34475440
16074897
37569439
35334732
59531283
38165388
15485477
53975450
14684013
24865358
77035030
10287414
66253410
70996114
54096620
51199196
35770780
69709487
78010210
39814962
29077221
48147583
16855249
76920007
66087467
47350215
51919815
55414154
16678099
79617790
71824591
77813963
73757705
60712532
73558939
20763327
55159074
58375452
74628222
62531978
66527578
33923852
72439084
33510652
20654687
72961591
11750564
54591869
30272804
11688519
56169983
45893963
47034161
35297214
64793815
29364196
58376925
20306009
73037811
62430595
10673955
38594272
12398171
77504237
28375424
19494870
26441834
28214350
64820637
46053280
13034219
55953123
31403706
56331734
41954241
74015816
32051345
34272149
24900871
19765255
59256816
70550673
24032584
17031256
45498758
42069538
25915364
22462980
46797340
14052640
10451041
52246652
35460100
57010599
14256996
23433755
56917045
50152483
79159217
43316646
15169455
22978412
74580572
47038711
36369383
46812126
35867458
33264430
27593473
40962474
17927234
26247498
53273968
32320100
42443382
22589173
30448268
64244634
42436386
76122559
25118979
69919360
69116850
38273520
33743248
49898599
10264484
55921309
60946896
34953360
23724681
38465866
66940068
16419001
25674920
78016748
44801933
76755063
66678414
31995881
74168673
17063578
64379037
79092967
70687629
43547709
79078269
76153311
12931233
64943981
73899595
22077561
41600602
20818779
18822481
47238486
63154370
23827833
24887083
46849295
25723349
21383621
31496866
66028621
14979635
41723593
75870191
23519518
60287531
61393332
51922398
54759952
35766567
16266992
11468300
72693393
69300468
44653772
24577733
41704164
41917054
76616064
66032804
13002381
66559689
28356833
23675526
35370721
40663851
67582621
51291185
20820082
70594866
35122693
57221502
22544819
59541208
14844142
23672624
17935002
26100294
52255510
50696787
38481374
61047078
11725683
39677657
31822090
75900168
61654666
58458684
72534994
65022754
16475860
33935383
23904914
39824715
69846375
12080370
78687661
32562279
53847019
55630173
75380572
67179347
49067414
46861853
35075196
39001857
76133783
52988279
15808121
10885047
46497498
55730718
75263279
34158490
73589243
33733415
22768822
76948387
50113792
10266884
75206779
32921947
55506248
40786737
33117317
23199654
64852986
10503436
77311126
24416638
46387849
33285592
66884106
14453976
47765635
78813547
35619446
51827708
44897685
22669852
22144419
55080881
57866115
21071444
42015672
44669081
74356566
18157685
65331710
57973502
24226336
15510907
40425111
74344783
66407526
65629953
47505361
40268286
68095829
59580745
29575505
11929388
30566939
23703181
26580340
47944286
68217617
52427626
39094151
50985973
24257816
33284063
27075184
56512166
10850871
75792403
10935787
22916965
23413761
15615454
73920726
58267080
38084356
20205169
74279855
46299218
63630222
27640681
68692155
10869813
65929238
55245067
49491025
45262544
66046564
30098089
74426630
77043797
76556162
42800760
50469301
69447300
59284604
61768262
40085799
64093340
10290668
52611968
44029626
54005365
51619616
23505597
51255847
53952381
41955128
68180077
79108897
71532875
75166850
22759493
46238661
26913807
55327740
57499660
14079062
73268360
66656243
69144702
51957634
23735844
67386483
39476964
54006624
24574269
15477231
13040493
78329365
32134956
79629621
66754217
65328980
13932967
17939030
39452676
61933561
35298653
25206134
59256695
42070077
73227377
38860650
74359535
15053258
30692943
77138942
22698327
57049660
16591898
77346390
13097851
23431779
26201238
64287751
37830042
22857734
21660478
36145595
79366436
38104294
58373859
53640745
47656021
58265340
68119863
53645838
15271666
55214887
52623912
54242626
32576278
38165528
30378070
39193400
47276503
37719162
61362302
53305548
56097418
56722942
21247529
47890279
59739566
53405531
35240927
37851393
47512056
33037102
74376231
44009445
67823096
46547322
66239471
15923647
26810953
22016253
73303193
33697498
53063485
78051791
14805068
35915563
49400461
54773903
60896429
19452340
42949120
66205214
23736407
65186902
11513823
44996897
76601613
15558920
40812652
17036127
17849018
75977918
21680320
14176280
33349107
21090680
23925003
44735541
70727895
20248385
27409945
14270473
79425744
45690741
52967030
13674193
20651867
11264062
48965625
32695756
29197999
66064885
28221325
42348650
58606007
34083513
11363318
58182780
16120987
13358219
40675000
10740576
60773226
59028918
32231792
33640884
20232598
52140761
39827015
57535486
15621092
46966961
24926793
51519728
35485920
72791072
38914032
53693865
49521606
51362097
59820138
38626579
58587467
63396600
14493793
34041404
19158598
62793875
39041878
35514117
34995348
67056908
76732434
19086467
79736702
16789253
42292489
44402608
52226329
45714857
49332292
11417648
71652097
12352190
52079348
14763286
57069922
78724799
60642246
49566310
15651265
10401602
42210534
34360970
56758894
37090647
12166678
17647739
50884170
47843345
45083742
13745349
39327193
37160870
40851757
74812198
12536833
10635616
20972400
62889120
47369899
29780290
33043167
53315789
44642531
77554208
61405050
70719376
66335286
64577624
67687386
49314942
30207086
49131786
48495256
61261400
69959212
61163249
79173211
78509931
72965304
67532111
77127512
55422029
54582534
59499424
57849502
32843396
34877055
67395121
58228226
14539044
44292131
45125192
24477533
17781349
61325267
37712001
10009631
69038638
51255021
55201696
78718036
49010187
43314314
72070084
19754809
29622554
27288258
61580454
45471526
56358811
64597526
23432855
19832905
14513038
37947164
37067672
47145842
65150264
17328337
77244833
52081813
10056866
78292373
25071056
54010966
54313654
10547015
64495589
40406044
66228274
73486066
12462332
34895799
18557598
23641209
41438360
29890295
27970196
75194735
25138503
57238496
20872879
75429815
31274748
52754107
12592890
74734174
56126849
46567063
75680711
60507062
56111555
67646538
74959448
15396094
35954058
78726763
30144902
28665355
32405843
39580285
45258626
29065027
62679485
28594367
21123364
66650933
62461288
72135820
47469909
78659437
66409224
79034983
53621340
61122515
54035239
26538006
62678794
33256921
53160169
17258903
38665105
20532973
53171363
52685356
67360983
72751932
19187037
17236285
74360344
21192450
22422367
40275830
41904661
76280176
61217043
55253266
34110208
21564101
28024137
65312627
17733385
13042258
73093892
44738251
42079763
20034960
48076982
54712308
58272045
30629440
53770712
79935429
31871315
15554906
49076826
66003973
28261868
61264867
65730523
76030198
67737992
10976612
56535935
12861624
14162015
28204130
47767355
62564745
20550363
44620731
46599471
16870149
40114205
30991069
56438224
22393799
14238020
42735152
16947919
43460892
66009081
50310862
27997947
24936874
74946917
42841090
19981029
28647798
31277380
58524297
13068671
37085340
60588933
34843027
29867766
64980026
56492563
48119910
78738234
56680683
16712656
71181261
18851506
54062319
71082994
76639963
37670605
14302835
11259507
33429568
77000444
50041004
62160188
17909989
29279808
76981890
74889653
24815222
19747021
25550224
78486187
67450495
56040308
79968138
56847378
26574132
14288268
33745049
27176636
68695114
29425420
68290519
43732618
37679865
74893505
56384804
12507952
62776736
10890512
31186245
22432900
36911385
73193313
31086027
15671254
22668968
43292819
71104209
28115648
63357408
35875959
25027252
28738729
40688612
52686949
79694058
72055395
65301518
37708081
61672893
38439186
69492008
46766530
21356640
33705901
53143257
40120654
59136231
78055385
50118408
48923140
16880453
32727359
11529691
59561457
18967820
36678671
40151348
48150919
19805154
77097816
13167748
16465401
14926761
45016625
26800250
51499266
65224538
28560961
20310375
41810649
36027034
48711693
29503341
28981550
31877503
51011435
50439264
14693161
12638175
64352151
53002141
74466854
70985754
10327657
40729351
19106650
78005991
35880075
40304412
17381801
30039972
12210445
73451609
50403365
58960217
61013924
50246184
41056666
57480791
75428393
71852097
69271685
19507620
23093178
50422165
24975985
52554103
34192072
70844841
76023346
78223458
63832527
53892273
48310940
39673109
65796307
36800971
59879077
61304466
17378666
58400554
59743555
20563555
74692959
77935658
57073413
44433514
49258218
45723600
64505889
34792136
68812808
34615715
51374449
42354699
11107823
69252735
67033833
57091207
75346697
75551563
10241090
78208656
57059924
68069902
31904493
76869130
25647683
52518358
57210912
12437245
42100712
58314031
44680650
64119429
54484963
59683185
40965455
54835644
48669524
19572916
44395926
18777530
17662733
44106479
40662481
54458373
67271833
34651440
73197282
75637570
42105401
41222843
57861226
56416941
37222750
40869160
67496149
21341539
29625983
26488947
20881895
21584696
65508079
29587517
17229933
31077215
68228119
78968071
12820442
73886555
78031494
59562756
70199770
71800377
38031291
45164216
54621798
35811053
32312434
34699911
46536457
57859006
53153008
62763712
27647965
26409799
19150695
19210431
35604531
30426198
29650975
37802989
46876594
19580720
77391639
36929440
45916654
24272303
45909668
35396827
62874004
50351154
61285013
60452231
68752763
77084610
27607988
30415894
66330029
19272268
70934227
67044357
59577009
55075034
66143222
17270777
79689102
28178940
16684159
58609974
68931675
39112743
44683592
38514814
68787780
55082030
28740738
56728653
41824167
39459493
33531703
65845290
23154747
20943050
47663651
26588606
69976231
18921512
25786264
36335250
37504291
24275094
13438174
32097074
34317138
41089072
63500357
31923476
26861427
33225292
33047363
14550233
35750808
16107457
45055047
47558668
11636661
56551582
70185583
74827370
26063909
27679340
43500401
53963529
73697821
47091586
30516489
40960712
39299519
32277853
31199068
29915119
39656248
18071446
29270655
25817821
58931050
26916974
54515631
76030885
71628106
63817026
57097636
38083609
21566787
49263600
50241053
31105294
61934341
72816669
49294227
39444817
68002832
24791226
58765809
40288575
12779163
14503071
22855586
38865499
30452142
45841620
12603727
21293228
66053299
35668576
59584698
23044596
72420244
45105457
40006551
56023707
52792364
52779980
21592166
71721939
37681559
11975349
79076024
76828493
57795800
56650479
42930090
14911880
33753344
76636944
15961232
44872589
15286850
44140511
16401245
44403403
32956493
29571176
52414615
56377079
68307320
43107651
60314196
23119132
15862344
68284908
18899563
44864818
49643153
77979213
21600976
17593185
65164191
55908410
42168580
78891768
52539906
46735334
24751045
67537808
74467519
40145902
71999540
14344536
53276067
54522154
74542391
60217828
29546522
43726380
51059843
26095233
41715376
24326950
75028013
20213218
62715175
51767408
11184989
32341623
10619701
23829175
38034189
34921051
34693045
68077311
25058983
49024971
22644625
28710356
57532418
61671776
77029216
12081617
13333929
35265416
25355353
67770519
68481197
38404325
23182687
47159128
56528476
41731116
59349924
47521985
15624324
33359968
46046027
62005582
16825531
47161770
63554909
27715589
66094344
11391078
46303187
58732083
51882810
69842184
32053791
17298107
35039471
26377681
52739520
69407857
11177507
48101229
69560777
49340183
18062305
29126925
23563702
47681874
41087399
45860169
31694765
47178656
38130043
59558764
66749795
60619655
34572553
37039847
71000982
28224452
45816095
70776084
64357399
61482576
51333443
26603097
26887091
43041213
39232948
17571706
66346410
49099833
56548498
51962434
69320010
25113833
73169459
55709235
12557771
45376918
75843065
68426704
38302855
65101504
22911679
57738714
68554714
26384184
48266479
12425526
26612603
13692047
56476246
24015263
53398074
57317189
18410019
42578334
39491498
58111390
18381118
40721663
38700040
23707269
36915391
50075181
23646564
31244089
45149586
13474072
16620005
57588149
30151190
79490860
33292554
63522824
48845951
76573546
14416999
66557804
57608230
21922372
26039619
39702013
76562549
23513076
22990168
22474652
17546524
25129959
66837048
73317847
35513966
52929046
11291894
76751999
28949820
75014171
54270636
22352790
57029088
19862644
15597341
59408991
10702443
63909216
13197897
77793961
79788831
25457731
43717126
21428243
64535740
46656731
36934778
41482030
75418855
74978412
48233940
12112883
77932892
48208661
69907887
23149372
48363025
22481928
49629697
74910780
10833410
17393682
19604590
25920652
29691002
26647239
10494443
63970903
38267146
35676658
43962167
25795515
41457522
73004029
30079893
78509966
16003562
65517025
45499285
33913838
42414082
13842780
10127775
56519258
65554525
68383033
28389905
71744051
55610291
55957819
61259431
73302085
40077366
13930436
70268521
10192111
27598904
55528990
30996620
56836743
35337711
46206595
37637916
68186901
43317140
61198815
46303126
38958794
68458821
60036939
69646468
48516432
58883399
49623649
29772782
77035707
28083099
78761444
36054220
12128685
16172910
43144853
36759968
55381398
45089689
28534922
59112524
58900334
17249375
25539117
47205744
34008885
64727531
15543782
16354518
42524936
78763807
66596614
14216562
19214615
74354345
67181566
69670096
65921275
15680987
52670575
14168720
75208345
17969427
64886047
48567418
22152538
65306451
48105395
71041541
67428893
15075547
38655664
22146276
57796484
45124382
11755690
42561337
54680374
15076637
59995861
24080173
19009461
79640570
22691607
35582447
28555424
17643753
19996143
67280583
46633769
79795048
36086749
46478842
24738185
13744495
79411740
70814232
33672541
28491460
22579536
26580203
65658534
73126215
34285373
50742294
60469356
70435060
48442097
62969475
67822944
42684003
26330398
28596812
31002817
63669943
13985893
53123825
10322197
73384190
73731630
55520083
76116824
61605634
57344706
76507131
79836019
60422042
30388656
14353721
28639057
21417560
37166165
66352239
15708788
38977522
31073332
14345242
11291304
23587775
39282452
24933110
71409090
51726932
14900269
19533004
25939633
53565508
60479315
29020873
67299757
28459836
44449481
42710936
18120112
27032440
43059175
31060813
58645196
13767699
77165295
14727149
11671624
18515907
43999871
42623426
73036373
36434309
69978723
44998899
64510295
37911590
13737763
79675306
26467596
49531372
16085270
62210694
68410149
18504019
40381834
62558304
47082646
73315454
26538768
43752459
53837935
41359727
74107827
69412310
49907357
57430316
10109204
32504662
76113262
74070144
43641962
75261230
64753942
76451380
37371094
28857001
60933243
53672381
16395132
77343880
56484686
76496732
40012518
74257945
24743453
25362834
32220686
13261813
55753454
41662223
19003628
73655070
60174209
53225639
16854133
25974887
33263717
28057577
27905719
34886739
49764623
20311376
56518282
46490288
36091226
24448967
29060243
23184875
33539767
25810590
75138953
76176742
36894609
22631330
58373071
12504338
31208880
36953646
35516523
69513858
60422874
35460344
29269602
37017948
63837315
40503122
50585469
32955426
59647801
30108228
69477833
55522765
55865565
33830781
11313993
61957940
45190956
11535230
66546751
34092514
10275219
13145209
24664401
50726732
54395088
34408697
69477533
64885406
52912297
17186148
42711943
79295245
34316126
29374997
30000673
30465031
33006354
74217092
34371783
22562476
74919425
12262368
68833124
32090733
68484562
23344705
49367917
42886455
37863352
79447878
76913957
63155626
46743206
18480709
47119868
79016323
73982463
70145432
43743572
70088027
73672702
16405753
58043553
67864426
37720666
70289837
67548543
24242612
59103081
72179083
16663149
70307183
43695619
28329114
31829338
33514387
29672794
19822272
14889001
67285394
44166965
35401886
61846503
20612684
39276911
32290710
52408630
44206202
28342102
42621078
69979513
77118386
71880959
31850723
30759134
50404593
64857710
55950320
75805340
67423587
13472859
56707920
26500411
56063343
28595803
54962598
25510478
56994910
73508811
51378653
76603532
24194995
36604969
19769059
50557080
59924697
63801681
37729872
38081459
71988873
54091502
64257552
40912097
35856429
56445191
65889629
18850570
15596701
60014880
51358145
24762274
67272766
49229266
70698871
56321746
60071557
72029028
76228371
15522948
54891062
51771599
57759191
76843784
73376619
53428571
47055461
60518679
74627894
23896179
27821907
44685873
73263250
11325964
46029509
34047534
37023017
29022747
29540419
14708436
33732097
63763193
32406385
52016494
11591841
63354686
78078794
35388821
17902688
78559852
57397499
23539951
48767959
13463836
30875667
36307937
37077710
68743610
39198210
54926300
20310807
63180765
41732476
35477341
26238515
14214193
51220759
51903467
29581887
27482622
52481253
52157993
51215942
63921526
23998753
53629208
36175923
44608829
57139822
27350847
14782803
25689874
41502696
57770498
36934084
32106344
79412923
29908653
68976336
32887950
42846672
32762730
64574188
17426101
37657820
32680096
78668059
40158122
74192432
65525718
46939833
13938304
65566812
46781366
60655086
14919769
10628571
35232863
55050862
10739960
42571176
46720794
12408102
40392918
13248459
31549747
21011732
71702516
59431586
45603449
17560095
66913596
20845712
14458415
11830002
74686961
19261197
55037770
64340430
46717518
21558853
34719029
58881315
16779751
46688492
37738509
22513211
56917805
74065362
59613011
13428979
21919398
62829965
62853782
32484530
43904821
15670155
53712937
78402070
42268117
26510549
76939556
35699845
41580879
64578915
72329445
74232590
47166036
28234262
42899097
33722337
14727157
60578547
61818477
41246940
19965459
19598212
33421968
23007541
11439125
71448425
36774283
76100328
41487122
69978021
42949855
22167473
34396185
47614001
17926519
65040223
40745577
72021970
77181381
52356047
36991844
35360719
65243215
25850319
57095746
43691453
20030922
78268615
20378768
74458546
71507486
10421808
41578439
63227289
48136862
28703749
45976619
28173478
73917069
35308029
33859635
75499829
57595866
68419495
11402719
21027461
28732406
22470100
42655432
39798143
29331287
67872039
20663298
39039521
29011510
64451886
28435966
58711717
75998099
55648584
35520628
30960286
31298298
19711602
69670487
27826230
22541063
26077961
17290591
31507570
24778271
26517712
65973451
74677150
65127813
45164851
21957536
11165287
49803126
49262158
17773035
54599387
32416938
43381438
32497654
46457325
32168936
34971767
18279702
47821810
62824223
38860244
63399933
76853060
61761530
77062181
59371439
65170516
27519546
47051159
69015068
54921544
35936087
70748014
14788232
71061027
53275270
53420900
49549225
24793750
76912682
27827553
52684469
22138914
21425118
75316559
63668703
59580219
50424948
40469073
31744245
13810256
61507961
32006798
73397836
30759080
11419146
22466033
57975070
52710195
58134553
26298523
65503527
78471182
54963518
61030665
66246159
34814039
73620627
69476064
77521502
30422939
14997654
25321596
36910310
75055440
31034431
71556384
34281764
22099995
18109643
41607337
67773693
75690448
15602443
29174934
48762906
55454265
50239704
50357011
11382608
18102575
53552540
28132790
75570019
11665270
33629310
26237612
40920039
79891015
60615872
39416195
27095011
17048059
40651284
33109650
67792566
31079987
34870820
74016792
28157524
66978283
11392342
59003202
27464513
52255559
18052760
59260513
44792490
56733337
58660624
51758953
60069837
24333594
39827154
37298624
32336306
61660106
30001698
18502768
14789952
74559679
31419338
55503914
69489323
56903961
68909870
16151759
77239478
70425877
65152072
28702333
24315808
45938400
51259631
51960661
20273553
55242084
65251537
12624749
47379732
47793325
51757141
36883283
23391400
38120678
40084964
59437300
12650025
30678245
61539297
11108371
22567995
71433912
76356501
14126442
21774576
14552456
17786460
67071077
15571874
57195936
74298834
21129094
21056021
21943462
18575656
48302375
24571417
20001162
71453198
53061341
12717157
62887893
60883465
19693007
46810715
43077300
20423615
74602484
43291048
67984223
29657556
11096370
71926669
48270311
61611926
64254091
65636341
49712330
79274044
12936246
30617869
15686746
47469751
37402457
51071767
24914683
32545732
64402109
26430720
50774902
39774637
79338043
30727389
55183890
35017798
17568368
56385976
11035454
17959763
41332103
61575596
40437014
61868411
68634507
32131721
74822125
71839571
72860491
19801419
53545954
71048398
62550172
31054278
22859831
47360572
25680104
14749126
53115075
46204816
37844730
13024919
51763302
74217524
53365814
59796699
15941129
39585566
51998051
24852197
18556008
47329192
57054548
78846394
50832399
42275134
48069677
67530943
57840862
10286665
46194310
12228362
33111755
49718455
66638225
45280704
25274965
77695662
49468873
27392848
46463928
14568063
79254590
20942229
12251973
65508622
62862721
21287637
25678129
20391989
79368087
62418428
28136495
60010890
32011487
74253539
60844628
37116101
50348455
12217471
36006864
30944747
68321602
38570511
47133564
50471364
73039787
75124860
71298046
37209114
42870937
16128165
61827361
29103988
70305457
78514241
57126654
54447264
66751127
66111428
43826816
29426160
35685329
15535437
79770439
37649270
39115567
61816386
18980560
31491197
13087086
61664066
25393186
24871015
63171996
43395634
26460304
72227607
40704219
33933156
64369737
10380957
72305603
34075003
17959109
54464344
49720828
51781126
23977293
50486584
17971354
18319653
19981976
15900923
43106883
60866247
31525094
23342029
29870433
64245402
59397785
60380134
11953915
59795910
25195063
27282231
73487292
70448269
22500543
64773796
40930897
22759347
72472181
39349515
32335728
41811248
49339147
32999883
68463366
32443875
47525902
32872918
31537601
39013399
44364938
37629571
66811697
73613382
13506002
57232711
43521613
30684648
57410757
70623618
59774050
51959069
62789932
47959930
24557587
69501110
73586836
42807496
66228149
39394625
53726494
37994944
52821116
56593516
69726112
50156641
14817160
23357006
79311219
19131913
20920258
53679110
47711864
14366524
64501272
15191180
32351906
42638120
32471386
62476743
39961636
30318318
41937296
32039174
28765735
40153782
74275271
71937728
14070623
27646954
76575056
43879480
25894979
20438417
55945587
68752226
26619273
33998782
40255783
38511625
21278603
27726970
77203164
25660487
31386286
25258052
69099644
17015134
23457412
73159008
47180338
50905120
19611884
74070542
42722872
35035539
13339425
38289407
31684005
63998837
71566307
33990195
48971612
37121392
72200838
15030475
55744509
22096354
54096875
54865592
70285700
11059187
58097434
35403156
32960129
33410104
77147429
70754760
52458293
12514871
52830042
61894156
63552125
48228600
43924274
53600182
60205049
38819054
49998175
12830744
49329457
31793527
70158102
75779049
75433476
72268156
24293149
13570455
25003909
74834621
51681458
27106289
13277764
18878073
32664165
38289156
79808760
55030397
19755284
51519768
13016945
31513332
70880802
26234041
10300824
65574821
37307695
50271842
65097399
52102632
56064940
40661037
35753125
42547794
63920172
28745371
70568310
12033763
78003628
70147412
40439863
70329661
19742486
19313247
16174592
40850103
15526641
51564307
49013601
59610957
72470691
29071281
45974813
29352077
15557757
31928366
26999457
30438527
24163299
21230581
13052980
56447146
77009180
38170451
54575343
68800486
28437317
72001383
63333439
52693204
30044999
33863971
56050647
59927960
35939442
27013411
32460856
79937155
39492599
28832248
35162811
34305378
76047396
12135587
46146205
37088715
74258929
77507363
46504614
43602502
72920393
46178685
28711659
20354085
49230861
20734166
35753904
11046830
35733342
30106312
56939652
60858915
64172042
55394335
29445140
19902886
50377714
61354052
37952662
19310754
34366597
21918089
77099500
35126096
72283252
30149526
27139580
40952949
12327325
53092380
38242903
10271461
25251397
60075471
47351455
41355040
44105193
21737003
61770604
30547591
62660810
26892981
76181398
69931821
37935683
47730533
45683686
58723278
11084112
68750157
68584704
26688294
44868495
19143039
15519964
64406700
54651364
40230836
46499448
24052980
58993587
60472962
58032813
62722538
17923364
41852175
51419451
77116422
58581021
31721283
36188744
59141337
17385076
32255660
11251470
11590311
71157556
78408804
37955078
74084108
24165346
38746924
44288344
70258943
69944440
13553555
50714459
26142355
78352241
42458759
67256515
18885215
36891676
27981467
41063919
50582644
11262452
65783818
47213377
58036354
45848420
49282601
51567753
11685481
59865528
21319901
70468807
75376178
18815508
13712670
73026606
72475754
65002986
18757623
29272830
70881520
49717223
47929801
17963076
40205517
39973403
31428921
18920230
53787810
30072189
26607615
68852169
62378100
61691170
42064219
74460716
53349576
53612936
28875427
18640395
73321218
37753435
65310444
54354449
20238150
60071002
68155654
31021497
56184227
63616360
30430514
43485058
20114057
13202587
16754089
33539059
55153604
40926573
27742517
38949810
24522734
37312107
16007349
25847111
70831997
29140470
72487168
50739637
57486366
70304632
72448853
51923692
20463796
70350385
21571902
62680793
44041705
11398642
78282571
21862223
16073048
30126140
70175957
16145857
35366457
20153834
69807828
20021119
21638168
38671652
20167334
67112304
62594002
34930864
51475498
59136127
41112486
44723533
61859098
73869203
63065717
68017403
79361988
38443754
58562254
60991831
69780145
57790916
42198531
14861957
10700082
72196618
57797509
60843689
67497172
25269706
40520454
39596184
50651265
35738649
55653422
25590106
45926004
19863995
51451842
26779015
78934619
51733489
78615720
50372652
53925350
10439795
66402568
11114992
76669681
64946858
54475524
24064043
29063159
72531734
24494312
75741528
63512143
44071654
66154907
55522953
19978794
65542978
13519265
72906732
39396414
23253879
30985682
22740766
52971834
44478933
72579886
57022489
49189975
65168691
72583593
15268021
19815015
47864362
12495778
44011191
69217649
16649823
20327978
30870795
48256387
35249713
46774186
60985253
28204500
22601454
73230186
49667347
68985644
33828192
44795498
74080287
32930925
13803002
67753529
64182516
36337193
17901043
13966571
55114225
30662787
64487820
44381485
49981997
77293410
12611952
56055518
12968855
62036306
56949179
26676826
78135188
18631585
52832871
57122160
15500305
51031099
78264460
57049014
44746762
63197250
25941019
61264453
26396955
54589149
57356965
20211062
24306359
49334957
16290791
10254088
36852741
46277120
16502431
41330371
33217662
16709292
23900474
49307861
64037234
47076366
31601930
48413094
25852796
18708138
35591640
68041504
30964188
54389391
14942474
77141060
30597035
79793986
56750597
58035801
42049178
36669447
55594801
41390974
39775544
20442892
43840638
64086114
27668350
36832195
51733828
61394063
12149948
63953711
18764766
53245502
28778336
77833025
22741415
76727976
16508148
10607783
41194144
32098871
79522876
72626671
79758469
66871874
54860964
50675783
21661330
78584736
32907770
17215171
22727104
79755861
53509010
53183725
56101822
36198372
43502119
32203793
20370733
35297996
51611333
40186254
30080083
44830270
14058873
28798609
44137421
32459397
26218789
18245454
45798217
77100586
21735272
57560109
63469814
13689566
65149557
75253043
42253868
38139437
56849721
23085023
56737503
14599973
65087431
59761607
12061012
61845859
47869801
53046512
51878759
70271161
25894297
65162213
74542528
11527602
38221535
20062806
37119632
30787406
39233263
40985566
10388388
57964062
30508490
47630625
32096786
78656574
17917613
34858046
51460582
32442398
53549350
47769178
32808672
61828199
30238494
44770291
44140467
38127459
10959207
79667143
61285974
62894049
39978730
64262976
78291136
48729017
60252163
37725908
52259687
14296363
30445161
28745464
69002841
73601424
59715387
37905017
79033964
19120536
79032060
33743497
63077436
50640050
36281632
70080793
77570943
13861018
15467055
56673517
13565544
29349997
28775922
53680898
64834120
20148364
55769686
72938286
17235538
59078880
26623657
62301003
26777967
56066482
65443933
19996083
43286624
60694524
65790856
47269897
46869907
26428359
73251935
19322059
52413502
51994338
20483241
70391212
67415253
58002470
19358192
33039937
53037483
22199537
20407373
49678168
56220708
41633659
61496370
27210439
45985101
62125421
29486041
69238450
14885503
20494596
62904203
57348300
48991199
58274565
23745966
37355230
28062058
78685431
74579173
34861969
17506967
56919448
37264665
35779345
63652643
41749821
42509802
70818528
42717167
74424287
54169521
60527269
14779712
59903268
73840610
20861461
57247137
50900181
56514000
72139088
20236582
71066375
43431601
50055239
36101724
16212879
59201482
38642071
78076647
25185737
50165008
18792808
79941796
64167694
25122823
53486098
46577857
27695509
55547353
75726121
49365704
22358359
77420162
24910677
78285995
48127686
43056665
74133406
12459370
67062512
17540002
13137833
12479667
52975911
71003119
78795905
18157730
55061269
26567123
64530260
59990976
74482007
72335948
65755808
17654328
39296988
58942501
67325737
53248927
12265438
55065508
48890242
59779807
12733926
28361677
13168914
66249665
23325708
58844092
55566117
59196950
64334988
23417213
50568060
15243011
55976475
53705306
77907727
40292188
69316546
60296994
54576087
39137999
49595877
77608854
50705643
22847858
39670388
55545600
67930980
37135482
29195591
39808406
19661794
38414616
30990204
37234338
11657627
48936817
70505906
63674301
21730505
13432092
71728067
39560558
13926724
55976835
21007111
35255258
37107841
13075009
12118606
14621021
14209413
29902163
19356695
42931167
22695209
20552068
16666866
15062531
70888925
69977568
42830824
29859214
74394110
35075510
71840756
75738171
12175680
65009105
26908556
50790392
47486455
35238721
45254111
60191440
40239077
39667863
61902616
17538226
29035222
65707074
69501518
44469029
13565417
33886209
36568095
51463954
48023589
48321034
78456117
37261881
21288410
35176200
13013836
35823847
19483594
52113301
24711623
49988157
40424141
31362926
47346005
19882596
11684317
70414596
67122666
76201154
64422445
55099708
41088277
22895042
57069641
25103956
26155970
39821606
47097182
16166836
69681523
68918995
25811711
66333630
51777636
22064950
55288668
76427805
42357498
78997795
39680275
27925799
13422668
28577015
21389660
48429459
59060889
68382924
19573941
53132422
74283552
63137995
37570217
66526281
41533062
30549566
19497743
37482912
60216573
50292063
46600729
36045660
54710510
58922700
50858400
67575850
24446510
41922221
10399188
75793455
67328086
14405541
73714295
32190964
50127644
60609662
37658898
72245617
21261539
31895051
33766167
16030355
28531321
38193890
66378847
63437392
39368103
76455682
48193706
13774179
68962348
35812734
50063200
59813476
14070925
15915827
23202940
22237787
57775563
26525239
72673548
54526836
74422608
76480383
44511668
22592768
26027342
28214838
42102545
18259853
78605462
58337325
18840283
21764148
10053233
74826604
74330626
45902647
20782634
21154243
15240641
64106743
58242678
46204268
65692278
23417655
36609056
72277724
23444542
30651244
39444806
39036070
36839677
49394386
62039367
12712019
20028214
79148529
61073751
46982630
23552606
60882608
29408069
54797383
53159464
53242327
50735964
14742038
70679586
24052206
65777660
69106706
40317555
47094985
13361245
47918155
37133807
22339119
21428738
28101435
53797239
57754376
31607332
50311592
20341694
13779082
61115452
18533649
12024396
60797814
70622722
40186333
57859700
44583575
29343770
65725625
38962559
64818767
62574261
19981948
29050626
77381775
29351134
59615053
67206567
23315385
52853110
38210372
20205430
42925030
12812684
11083120
77573578
60938394
21826578
22336693
28084813
77618677
58974459
12707433
19868306
64704740
62762414
37133529
54488688
69040930
29306715
77152536
25319301
61962437
45183916
34765790
67003338
56191901
63200867
75904245
63832930
73785391
41608028
18896950
51822524
57158240
73601482
22226634
75163049
30305215
40904858
52902844
49738384
50609536
54197743
31403905
72160532
36135012
32716539
39452259
62356482
71098338
