65476519
70797899
51390242
53838453
66204878
59432962
23660236
64267629
79219782
66339911
51609626
68126664
68449247
74866979
36594027
58842790
65580106
55131576
43950478
60754746
36951612
62106774
33191368
33186567
55936533
74741681
11876206
62596001
33462227
54569450
50917343
12561420
54479974
36513427
15441349
76287410
21790516
22179557
19829292
31423467
61423980
37833496
77251507
62257386
69819821
70416775
29069708
30741965
74612286
30127542
17883763
67348605
22628290
61479966
49118968
33663823
69297181
75857593
46972648
18446757
12154289
60580379
18824375
30858015
65976459
33247410
20230405
47534734
16163679
18513836
72159660
78903758
73848416
52583689
38948307
10670110
68666387
43134959
56861306
79829068
43019194
25229928
37402903
67493818
51222615
77115164
28620745
56164923
15250841
52630992
18210380
68092969
76125445
50476831
22398879
56002280
65217674
74866315
29240468
21011208
76152843
44193183
60115284
70939793
10384488
37421862
50690923
12486598
43576887
40627298
44227420
19558378
70988366
55096864
67065324
47197986
44284017
65107619
15254951
72093028
30397578
53851762
14877691
13362929
18507235
52822486
52154236
33030962
11216685
75620735
11524848
46334467
54537963
30153377
46081581
62567750
46470199
50020191
28300932
17351096
31421759
30056693
21951604
37810348
71442613
14400055
55343143
17221475
15990784
17450885
19153351
67831499
13971815
18481889
75928522
58930401
35820002
52602355
14504201
28105846
64189315
65959533
65637066
24953134
46068385
40537974
25476024
38403945
55767572
27972648
56069834
10334538
49951319
78785972
30477004
27612020
74616515
50960405
26925641
13351050
24271291
16085665
56966937
49261083
68062255
28408371
37025279
78702544
27518641
49767337
11599568
31512519
65408410
20631933
10225769
59730642
22996989
73559683
54044711
41181403
49549500
11843501
73826459
47305395
40816846
34426520
14282094
71528739
60261732
32782612
26953598
43600461
65339454
48364722
17988241
67018871
42379338
40042342
68505441
20065781
72496059
14913432
44167008
57708942
21544075
61024265
71109447
47174833
67979231
23972789
69175781
59852658
66011708
79653845
56621567
35176485
79907775
74946986
57663871
29205243
35661503
30634846
28000830
51986096
56212551
59797555
18006136
27837393
61859247
13839474
35042690
39536471
48036220
20467587
52252871
69815640
74618526
23283460
63572522
18534668
64510727
70606496
29057283
61683053
32713574
46375402
76482658
29567184
56090777
42707470
49125407
73700148
47123075
72968843
44858972
14199181
77990542
14493580
17631137
65211268
11261125
32447103
61380266
62605408
61986425
28739627
74097244
33915040
34002817
36304801
36992337
21145662
78751229
42551490
41868111
54571529
44535883
40474059
47927590
78556179
72983750
20499929
77179866
14884404
54673165
44363819
48010079
25514945
70163919
20868415
28703712
38785966
39703900
35174777
72168792
45739551
60087433
19359167
59753174
26894873
42963908
51159888
25438044
62637855
24411623
51698150
16752756
78084005
35447508
58693909
45708189
12937012
74917973
12767348
59328001
22600518
17844640
31842864
52690523
57714075
16861565
56832734
58112757
67234309
44867105
70792942
36430709
12513678
36157205
74061315
33843708
36223842
66485058
31431640
10186188
26293197
56090077
57620651
43982749
42189490
52198451
11546011
19544164
54848109
78280576
30256738
62063171
15397577
58717025
67687807
15334694
62369470
50877727
38541155
37287680
63850867
29309946
20810455
39764421
54999606
30983073
78544809
16710874
55023017
50687728
46152770
32303110
41750926
54436454
60826240
48962573
72266611
42645525
26891234
18858861
31723285
26790662
48189022
13056295
35925261
76106824
41153615
19596212
73020679
58367962
15887821
67721703
10273991
42992710
19312446
39604314
74530362
53567597
35984394
16637128
48045345
21508896
59813609
14346268
58564813
19978233
59989086
38959420
74209778
67429612
16691902
35195263
49023633
64397202
55737129
61870555
20796161
55060525
73925469
40270274
78935933
28004165
50775384
42165101
41096495
10132585
20476035
45877524
74947643
19569986
69012351
28269465
50108489
33591283
51958724
78346876
32323981
45474568
70636901
38030594
72010818
18373423
35331493
53897638
17522858
77077996
59579981
58647145
78292623
54284568
11432816
21768858
21974613
47487671
12449508
27488810
44012020
28231119
24638429
17245239
58655111
76799538
63829220
78354787
66689507
24014950
65719051
70860172
19677963
10129485
76308873
76275719
41274660
39000362
42441176
19311495
47188799
28735816
46798887
79646830
10986578
77905627
68219217
29344455
53817704
24680295
14196487
75399276
22957954
37406935
75837778
68298934
73693461
67293077
21644528
27739262
22450779
56679560
26757331
28995662
73653399
11561135
75314220
52633151
11625686
23525390
74014621
55841363
70746522
74368865
53971808
10091252
60267913
45994183
51609933
10031222
48563456
68051145
18599226
52603473
44985949
50935464
30458585
52967978
42840077
41068572
27581564
40092488
25468537
34610965
45361912
17995065
71422734
26230588
76413794
24269464
69375167
21826241
10928126
31118754
50906353
73024102
51558327
21835843
21478907
56529613
64486894
41155670
47819307
77674756
45319819
66696062
70315842
27997548
47783645
36378259
17664002
10263456
31066733
52914449
79608010
71573890
17422708
77865104
54070283
58230600
24397689
65377430
61113729
39335677
70567862
21947534
74986865
43051435
46282564
27811248
13056958
31769699
54257459
62819347
37206513
19391090
39107586
50435975
29505181
37566707
28870374
22933953
50068068
53925158
46843646
25403290
63807225
63591361
35967786
26093436
79570279
46726991
20974049
70982205
59564967
54709715
76407469
79164137
59599715
47747252
39696052
57583880
74717640
20508334
56097841
19885967
41725945
13258129
33931302
51882168
78752216
36634771
40389120
50779885
17534988
44820659
77342693
79872224
77060560
71340600
73667588
57066493
48604645
62617344
38970062
65117660
61025215
60809934
74949730
56316484
19685645
67565362
20840372
24813206
74106147
30506257
79547863
54462534
62906072
41399151
12106603
28809862
22529353
24763478
67088756
25527213
63968757
45553870
56169988
75808703
14379067
19029880
64757169
32109859
19523464
71120250
43119978
20707700
31889521
23415848
67579073
39436921
71777514
52502111
61355162
49783615
77244536
37510086
26470925
38802918
77952434
11716100
48372817
67338439
56269638
68894423
58170325
72841747
12411909
35305215
52704078
42643106
33716137
50671948
56265107
13464004
49752578
39122884
59355260
54002827
42720112
62413232
14086623
52536433
74514255
59553050
76157632
47124402
55481415
66735659
55002982
69274140
67640742
64948367
13622916
46079225
37093484
12728723
37026149
21990947
64232751
52181121
65691403
68786214
53772468
57291838
39882379
24799521
18089192
16387467
72554128
11710853
23838543
62037913
43074607
11418862
36578215
37082583
74464629
59066987
60753511
75154794
40445021
28910275
12636858
59362727
70183006
54213240
32183653
13502567
55123723
64638750
10126107
48906979
63829913
20912268
17263697
19545194
51790751
41235861
36645101
44647394
58600301
13232698
67400688
74651585
14004279
72212181
66456717
10955460
30333722
15232430
43683267
30739158
14296685
76115806
43405546
54203750
66456218
34080487
72869298
20552250
55461582
33518133
34392802
16976397
65946821
37624389
11187935
67842578
18591738
27369856
41447127
73218867
63148652
13072276
56859451
50861769
25982731
49395798
18392655
11456386
10258813
60939285
33388654
70061506
28198272
35946432
24231878
39446052
17560231
23683659
76902825
39468114
65369624
63017698
29286976
42158235
66517009
36176749
22707518
10800657
59508892
45878898
74027119
20045525
62475036
54521539
26657030
33455401
55305231
46675251
27496864
22406890
20608252
21326381
32627715
34398094
10729194
34313130
21577941
16402833
17492606
63522620
12902424
52563288
65613904
44609734
60350511
14582872
39812689
53393058
13767499
12298645
42726431
32631469
18925472
54147444
43008219
15152834
39443505
37902077
21219977
12492800
75629638
30860846
21862973
50185656
65612760
24567940
56136898
17299512
49902190
77982178
74361546
13372107
51095689
78092794
43034577
58230428
16843647
74411801
38362304
23016920
35238882
21668173
13726027
12210190
46475607
64486739
59445888
45168275
24362868
58191371
51843529
75817731
17049950
37263228
73529673
55103182
50380889
72362496
65178675
75291564
67883921
60710344
10797985
72861365
31562549
15462323
55026455
42197937
31095852
37957052
65639430
61799084
34723028
29058125
12248752
51978802
21103558
41040610
62181110
63770907
32220733
53515391
44319397
25493936
27364096
34487729
69128461
38714094
25189900
66802212
40077777
12289237
62181902
69254873
52827036
54488117
42863706
10410324
72731467
50000546
43860833
19191721
50191879
20108005
56558585
16594546
47190362
73639379
33322281
65589144
24058816
27353048
16838795
39428296
79823813
38527614
43802348
36608674
38579460
67201961
50149715
71256981
46470962
34670840
23045963
22231285
62623782
62715896
25436227
33873391
62215035
77770613
52454548
65025967
17355184
55146191
29568199
65799883
57995097
28978280
14730184
40381224
63966683
45298940
22001319
75059897
75547521
61671217
48597717
52206078
30062318
39806557
77589527
65617824
33984041
49434462
42223759
14211642
23235079
25261076
71770597
47414165
22862157
64770206
71762216
22759001
50860686
22157172
35964011
25845747
71452130
38546039
24188069
66976080
30411255
64997107
54049374
57109825
21088641
31388361
31270010
24948450
19077783
53493415
59153891
65670553
34888435
11445747
46818970
29534469
35298458
52886413
72296853
63838256
33792002
74635007
48344648
49342415
47273577
30415432
13193624
16333146
68639745
29964437
35244225
64429876
32370176
33108533
35776649
28744228
12995501
66185616
36070859
29189946
66195738
26860900
77945000
53520706
65537057
53631038
70537684
44488460
10555789
12814204
24901713
44308924
71454071
36537708
38321247
14987691
55364582
78307236
38903522
75607962
60807447
44048994
10381159
70905926
23217997
69735056
58794556
42021225
30815915
21947394
48976806
64207906
53926721
54262358
38169703
33364744
77166731
73399524
36613176
43652955
75258464
65335829
17061732
66520123
37946526
16734323
73767266
72058056
35019556
63805315
69048730
35706606
12959617
15603751
23061608
25141511
66822030
65315516
56306438
20367356
27344989
27042071
11785875
73793718
75958406
52792420
44633215
36956537
35883849
28056268
20455060
49896066
58087676
24633524
48729551
33169461
21367703
45992525
71166469
73783705
22681633
50371937
39481321
31557857
66203980
72627844
62361685
58877783
46321647
17703815
22706211
61424862
69268229
66113281
60344192
48903894
36754797
70822250
50609681
48403330
78607090
33090197
67395221
62383823
63667105
73995831
72683725
17085039
79434262
35889400
59165451
70977855
27412114
76535826
56552521
45767002
43241790
27411828
34821681
33145281
54992917
62039294
14873555
65715974
39745803
50728654
61405148
54307183
55180039
76344342
32645388
47478752
55500281
78950884
29448200
55799256
26806122
42678723
55842897
71257907
54763163
46461867
51870106
64348143
37183661
29777878
16098333
52961469
44148119
53732042
30120989
77901050
62276559
10679658
44736568
62900477
55972824
52244307
52055398
24337408
77918906
15242571
72278331
69317119
47354667
16715865
10430263
65182282
47496193
36238588
72743122
17015263
23978710
31473268
59961495
18422412
67062400
10746534
10299396
47519348
32165610
14699440
44116271
79172765
77585707
27859636
15426118
72805157
51975942
74370762
64675194
12232608
79669170
48100361
76812837
38793767
48555799
17826994
11403706
23918249
32134162
74482439
25933777
50913023
79337903
43324104
56243235
37416672
40527997
10824488
67484319
11953824
14966247
18859552
74935937
60669761
71446861
39258070
66167232
79640479
13751492
34993699
23863347
17812162
62128023
32817115
10881615
21196682
38406450
63372882
17281253
46622908
77308278
28411979
36304752
47024959
78954108
47779328
26466205
52053704
63554219
32458541
29122622
77282969
35184550
40261636
44754248
54539094
44983459
40134089
15471494
38058533
72351682
21530502
33707004
79320737
41083305
15963515
22301023
35716127
41504986
66450420
40842550
76125683
48446731
74329673
14689492
57159418
16296829
59078436
14941737
76493196
34492344
20462427
44211602
44457119
61954313
68944337
47120240
11930102
55598361
50330087
38279545
52470321
19740469
75721340
12615819
78649718
62577941
57277968
53597999
47180102
25823409
51181183
21306170
48928038
59595334
64041531
56369552
66289098
34317250
64046583
21501041
37392131
31471160
59374828
28587772
73582266
14759533
20084499
38489866
70876128
37166819
70503250
40815654
66024504
28582143
45748447
50114804
73693463
52923566
43225727
68325933
55063637
65632886
64084410
47864553
40337772
14871992
39647637
10706029
68731402
31963575
22211323
24959805
77191276
38216207
10329057
58331268
65019572
64834759
17838346
49944296
21382267
77424300
60990447
62119126
44915904
25874633
77433861
35734098
64268700
28709493
56027827
34845437
51920737
46719803
64852519
47841309
63010322
78496147
20377238
34469886
44206858
72662686
63226443
59649889
42856632
49464043
14793551
17351651
26932487
45511262
39324753
11977250
37566234
56769660
64126281
28208420
76269254
48179919
74416833
43638968
14347310
53739993
45960695
59248785
73971731
59138674
74990427
13857536
29847497
72423743
42296006
38093368
27935794
36301666
76150951
66671315
23118142
44064394
34355531
29393325
30769291
59722069
15275859
51827120
66448670
35105709
78971903
40962765
28597846
39650264
22354596
14306139
20687097
52534714
50556993
26341978
22259454
17579659
25061491
19594575
46671549
75347599
62010884
50962751
67447414
43574499
41677056
74569945
69845657
52322009
78385923
38577119
33065743
37654756
23548751
74620199
16340272
25489631
66788918
57842330
55894228
16492646
15666844
74767460
76509707
67567001
14701716
19779742
28880006
20050284
28916960
59919376
55875642
67563431
72827572
49034744
14010816
19081070
49094892
42270249
74834853
57323511
31939928
63458335
71206302
36932834
19157455
22445672
66644919
27529682
34787086
78614776
29355376
12207712
58656186
68903191
69863797
11004175
70446384
13607327
37834726
73796823
45690237
41930810
64613051
42654964
13406748
54718435
42962149
45399345
40278047
65698610
35104624
38975845
12767023
78476217
10170158
60273861
66815950
48357601
56629266
31788610
59630032
53697638
54023725
27295309
10733130
51886415
20782773
24528349
60192614
79547383
78285526
16770864
62931916
62175894
29593689
18393001
54893173
64021401
51979905
34838530
11518563
63301146
32469879
41685833
45546600
32205479
32999882
17258161
37793089
73960414
68220221
23113353
31276524
69739446
23456956
46533397
60552238
68316105
75948206
78171994
68703579
71171445
41079305
26900908
46657906
58375338
65388287
38779583
13050877
73710938
72726842
13375300
76322000
68156765
51756098
11491074
50153536
25155952
66443573
37484321
30143801
42963591
63331054
57947406
77594277
24379212
46392523
24292982
52060601
77143211
16006456
72318934
77940244
51446012
57893666
21675634
75442261
78586703
55977188
41531909
18207883
32278912
20009103
77409249
52794686
79382618
57677941
18768082
43450122
45316852
47587178
22333002
40822708
40136798
65746415
26621622
64556014
45045746
33704217
54691585
34576085
23339423
18261829
50248961
48175558
67869194
71095439
33384704
26446053
48536378
68297058
20011468
32269773
31183563
13939831
47684694
64350663
56395711
68666346
31894891
74649009
47691641
76406871
38932108
67568252
56865384
59316671
75556877
63496149
19009028
24066015
15439195
57485526
58713796
40941996
22939272
50585992
35198428
18323664
45150418
63899073
12867167
77459125
72736270
10959720
12120065
39931341
45461209
78315787
51097433
18702294
67080441
66810148
44363431
68620123
53876129
32624565
42772312
58769506
67055956
21083717
33646320
26455447
68979449
62099838
69351753
13986576
59197999
58066455
75501135
29763219
60793843
75311257
34313884
77395567
17254419
36710556
52652630
21438904
30597586
37412735
71067664
28199125
72303497
16202880
61654488
40458993
42474828
66730854
44753830
50988845
59203583
15548945
10420481
48102600
76212128
43918202
26492821
20126100
24568516
72989362
12954266
63759466
32358312
71840164
67077101
60410245
73993709
69814154
71685017
46067390
45321973
50277946
55295571
10980286
11346903
30987828
70265768
18403548
79467146
38672541
72358203
72923146
52028659
24047151
74069613
73655752
19301873
51238773
59499246
17006614
48242391
53294418
75369598
71403729
31799086
19772657
41259361
73731625
24530086
64535980
31762837
31007547
77783364
30492662
30044819
32880529
16898945
61593228
31324855
31966781
60051886
24450106
51879435
48944150
18438167
25455194
22919335
76669122
52529213
79716958
67415789
28948216
13304027
35550517
66190984
61903770
47551640
12824809
63432313
14092365
70752459
67784099
32496893
12884257
47871651
19193546
59524683
69762896
16546026
70746472
21417937
25863732
74349939
52407100
34433817
10591190
45070897
36106375
20802398
45082773
75596496
47609904
29030106
72526750
74310544
62847723
72358881
39174026
76182530
15582151
33538931
70947448
62564472
76545113
60318577
38532053
22467889
21542103
66952883
69132895
32502518
51230936
57179497
52316646
57860404
28752929
50644843
54071567
35622591
22380873
27942500
15703275
76113212
37804584
25818196
20412178
33854581
64213541
79910102
43424490
74046188
76619013
73504811
18194106
62695536
69822881
52949006
15206690
75641729
45521555
76887852
11022141
14731580
39143607
30309073
74287638
29558724
55860884
14947077
10406842
20009450
64928473
61907554
34789270
70956784
39607544
75423060
26617593
27541295
52954011
44698509
57376292
40143095
34543970
69766062
58452776
42576533
33101669
72422151
31021074
59318186
48451327
68496159
59419526
71463830
73450246
67945255
32544718
48054806
68761208
47698759
30557412
54876762
19538291
49459219
76756756
45032532
63169548
18667898
21255509
25595737
27224846
24681355
74288773
60543760
22453985
42884155
72438718
78757973
13557654
69152339
41695947
47169788
46648474
33778752
47457383
62382508
69925965
61416181
14366250
67666521
18889098
46721304
11825040
13653553
39557331
47994389
50746840
15017102
30212356
12130050
42859678
28816810
66251719
51373051
33183126
33907626
58570121
65658912
57509260
35765106
23038981
26157466
18768958
13100470
66357269
47760369
28409679
13543599
73193157
14538093
30781015
45978323
14780066
32347170
21421557
52363978
66287392
73111060
19133378
16377695
78305024
75362552
48739450
28848517
39552402
20194078
52017583
50293435
76746437
79432003
67953934
60655410
24581699
71885833
46245606
51214411
64221990
59728263
42111429
63714512
27968854
78463921
40408838
12916703
75813747
46054092
54220709
70697838
23492253
76340637
37206929
56364257
79244464
71521324
72957715
73500702
26523310
23625187
75449042
39091084
29390668
15829932
16260805
70108088
57482326
54037870
76493750
60148081
43538949
36297278
17361335
72634935
46767636
39218256
10253150
27211471
16260143
34143847
60195135
50650540
15884332
59395911
10166335
62399222
57148763
64661299
72482751
37267429
19169543
13857387
18258930
74625074
17667009
15197105
53607059
73290171
39133109
40047018
61240607
69020061
50895536
11374175
62783012
52575829
49296850
74761833
10069055
66206403
18080014
41468607
12950104
37773170
34867986
50691965
59274076
63395547
45326354
52311889
24158000
65441683
13544347
68243207
68445997
75592900
64149848
64872091
53985335
61445979
14266869
69290597
55892684
11134694
63523015
43207618
53644751
72388083
62278610
44315301
49653849
55162074
33870611
74467949
24065029
61071090
49836794
18465560
53653554
79435300
58939999
43474227
55022391
16889744
52371586
79957467
53219702
56990327
56009603
20213658
17874635
18202594
18877053
34464919
70255961
21806675
33550876
38870344
67694297
76027272
67144876
77093080
56027391
63574909
51938452
53129403
28329492
37381395
62083600
28665057
61726386
27130294
78363468
71530977
51738602
50331957
19654777
51905847
22783071
19092620
39106783
59798871
73786523
74544445
30414769
43662606
16164323
61114939
50239497
63733538
52771810
58546527
66465978
79105337
18696587
35941567
71840913
15979291
49989612
73216225
29928651
78204469
50678311
71674514
45165895
68368917
38782100
72791364
50309880
76432291
42057888
26600153
43634773
70727147
79245962
23386213
71878848
18205488
43800934
46942931
62560477
23708193
52966199
13600990
36888113
52639851
23788650
24759709
22811494
13112994
47679768
12372636
43970087
14787520
12519732
46438388
26869218
68826687
65212112
60383822
27613198
15126057
60334533
26729325
11647733
65610654
78986673
31915330
62071771
63545680
49798797
71511119
54135000
47883650
49881206
73211843
69808374
64310850
66174907
24416195
28474411
16864502
46854269
75372238
45487009
21032169
68121611
14039240
77767427
69673118
41341995
58192966
20276685
16619403
31908781
42205255
27528954
53970301
11377816
18874319
71764176
59643445
59462633
53226307
44628719
50445949
37070577
39280819
13664673
16831873
55330770
77949302
67042754
56502758
15473867
42850187
76320840
38837030
12475295
11230532
54249365
74979122
29041457
54460432
31534124
40436026
69688095
61457641
43039477
47085676
11671267
75796306
55526891
11123219
54750409
57762209
64918822
72182053
19751952
26276528
58560726
79338742
50930418
40412549
71014249
64044439
14404539
79535559
18307190
11308547
10070261
16263888
11444146
26575444
16363431
73241542
46274111
15906490
68490437
54174676
58622735
28106238
71412918
35743895
38200573
16529862
40465705
22527234
20150696
70446229
24632473
29211771
60594563
77148661
14291855
26890493
73193850
23020934
26813633
57469878
52124541
36514935
25286486
21890854
10939527
19963576
21046889
78364254
74819805
12324500
65703080
10240397
46818597
13141751
69587199
60305934
63266758
15198760
57131572
33918716
67670374
25725534
35820573
26278618
50993408
22379597
13968890
69552562
58188228
25645750
37447409
32072629
23315610
48772651
16529622
70840669
31716771
44013536
52190964
29443312
16645011
54196873
58858302
13869755
14153332
52082632
14316745
69160351
20323390
29767807
23448337
18773143
58236175
29885518
23416882
66080949
27632951
66432110
40228806
15827786
69758692
39455303
29381594
37404307
60455927
44906175
75380449
65875907
47986510
27322444
50509013
54462361
12298609
53140531
44670140
70321534
30858115
22043021
20116888
32024816
17390491
47345678
10870850
22317150
48588168
57149590
67283887
63903520
46475271
21444643
15565562
15826894
64229015
23399293
44451290
55727712
36690644
43508048
64016438
43873817
50835373
63655764
65599863
49499402
32537623
77660104
15818241
27663768
64380368
74951599
75875510
72538460
73709603
30278908
77227035
77399586
33950476
42339226
16703178
34989445
16475930
56088873
65255005
64723572
40448492
33474022
72908165
70388252
56274574
74098443
56986008
56082298
25018941
75191189
79358132
12292593
43406334
79466895
64904763
67822759
37701366
77683168
52188867
49364357
56003338
14555038
50419725
11567930
72335365
49426532
48040377
53845235
42261998
52596384
35326264
24888272
50406202
30848537
36495156
34019089
23831191
31648657
45625710
47502158
63509027
77454675
63553221
33616583
25192870
13356708
25062565
54749766
68220193
41034607
45088865
77184027
53101640
15817721
28082526
77517703
28703610
19010017
23003656
28951938
50947706
72566938
61295357
32481394
22880500
59781585
56688935
19844503
40692264
16873396
28429744
74228328
52706722
10053447
11549435
18896582
54027833
57196300
53100786
59945164
34718352
55666190
78464502
75102352
35941144
76862486
73889558
36085510
33774806
26899901
12918548
33338975
24027419
47526593
50596514
38551022
38018748
28939670
77813843
62137970
28093963
64626618
45041064
20166397
61893289
37095722
44823873
40413998
46741344
59823374
23611308
19991129
15424956
21484628
33830931
12676016
13800297
42400763
73377337
16294162
69175558
44452610
58515325
13523023
63838346
48279040
32274474
38746860
40998299
32744909
28389229
52329628
53254148
50294763
13364258
22860042
28709760
58626050
28752784
30319761
56813262
71351164
60622326
34600680
56223965
19940624
65011150
73021225
77783453
77690397
24637124
28595978
28073785
77476331
38728308
63305442
35097021
47698394
28907900
54702786
50646118
29165118
51585283
59795092
47534087
59780013
66157589
68396877
52802648
56989979
27140799
31140903
37760067
11824229
72730147
49025004
30007404
61512816
44640940
60582014
53118666
20968113
30696110
38083883
25994819
42623648
42884043
33020820
75057480
30833341
66950649
30970251
17487541
25721327
25522184
29584692
61039146
24406981
59200575
68784121
35279639
56349971
54463840
76971026
21159660
45001434
61044425
29244311
32684087
79938867
79586148
22878376
33049409
10817505
50051605
22870359
30232997
66148327
17938882
70092857
51551593
22857508
64485292
13181644
10840710
49312844
23168038
74475715
46833086
65352836
54957954
65307919
55678128
23322073
30827781
35998114
59024979
56399061
65620159
22806612
45187990
52707486
33866332
64998965
15315532
10835899
72976833
63729247
21013137
65211898
56420069
71840574
29321687
55152352
29907441
31763794
69983439
71933087
50205093
38862138
15291334
16487702
72746188
51683449
18339706
67966212
59401989
15688204
69775156
37016322
52984518
65852081
59301613
41880774
58049111
79426106
17763347
54402505
25298853
22409120
66305273
79296745
39841236
65211849
21335640
69572306
26181255
16556092
48859367
50961107
33912591
70736108
26390164
26130677
24064228
78099371
33568197
30235816
63761079
44805878
52211097
77613729
73262467
38581116
38269065
40301158
69628139
26339439
35061920
35644014
52162698
38069409
43985699
27546763
78438223
61308825
48766537
33040854
61419494
35357484
27422670
68199819
30489810
29144185
31741681
29997605
71744855
24730470
10165442
31579236
31109395
61602465
66402528
66041153
31194914
65065697
23601438
51484108
76466781
67564159
47848793
30613362
44503589
30446885
26013670
22927258
53480188
45165697
72351033
40450962
32873969
16122429
61769587
38459502
59422112
69332113
77482653
38437839
25648743
63238149
51382893
55311024
66987801
52049463
34612485
27776180
50046572
62300218
42570703
24118432
19993227
53086285
64481067
55339410
76128481
47472648
30184638
28651821
77341700
37814310
71254363
26649115
40750683
53251326
27429356
41401272
50224226
17932263
13944727
16082568
32242169
67809251
40683925
32366791
25012842
70549044
10262759
59348101
79450256
46268391
32198310
39070206
34666924
21574875
43392003
47089062
68664768
43251343
48088237
44594013
76276089
52719143
11037280
32086307
25851451
56456355
21885731
54384430
29360559
40959381
61307117
20904225
58212414
79446720
74415439
28616751
39493062
58527670
27108099
57627050
61211128
25457872
46447040
67143920
58655313
12026196
16721262
56411428
12396031
58836860
50979045
27551151
59628097
55598149
70728602
12968652
26619524
10533811
44700824
74565338
71506365
20472847
57786126
28195920
57847362
51609532
36570433
47768301
52458007
32248158
36978603
23805694
47267096
51577025
20558529
46461808
32128453
54070045
30897236
46123290
19926638
53619628
79729774
13993370
51578750
62594999
28784164
58966853
21055142
78100999
14299458
73709749
56739114
56555687
30333933
26579330
25786060
21119371
41986852
66010408
69794819
45073218
22315802
65585956
18350330
68975623
11616249
40816113
14206551
72701760
74161042
10188454
51227948
46559249
13338998
34273125
69387863
40450773
44351887
37702726
43344098
28697853
11568599
10811410
69667580
40725406
11105037
74894493
12149214
23490994
35232031
51380906
73158032
26005468
31557662
57440285
17386170
28569193
68209637
53504447
46879156
36743675
63694710
40604937
58377807
10345056
50844198
44127850
17798039
53420428
43583370
13870943
47445692
79012329
17563855
60858480
32711436
60751628
64013675
26163584
23157503
43230545
56444923
75622485
30094145
71020852
66974975
41561135
17600123
42684686
39326402
13751884
67433149
76999255
32195197
30917535
48399074
39828406
44916366
40090214
16861905
20629910
57245174
33798449
69870577
17552811
40841355
55843011
16372373
56196394
46939116
56724302
25830185
53337084
69337961
60060690
46244807
74338290
47852803
39104818
17383355
29491865
32410440
31247153
29541278
40701253
13691389
55131835
62688772
36016698
28114835
33530093
25566063
23750453
68279884
64446024
18711547
39813132
13335983
31202646
76878545
25808227
52152653
32068006
11412954
45957048
76727388
63002438
11883598
50382216
26907285
58919775
51677936
72217431
27015287
17298336
55438531
51803021
54993189
71219784
78588781
42293479
16876754
20388674
32604343
61871076
51741850
57669799
40037765
43107679
40648111
73376145
17272095
22111827
48633763
27669454
30919446
74052210
59429332
54296237
67029250
17960838
57122146
68426554
39134389
72427201
24898074
35031814
15995659
38836103
27319125
21081509
10442145
12630085
63491934
15066234
42179832
59445616
66667843
76180228
34213196
48951706
19136684
74184761
26043614
68942967
79778406
16811510
34503411
42115517
72773193
27999737
58732968
31328884
15596750
52470996
54765663
53228748
30208077
39740263
38897927
13361306
52163848
46924380
42053729
61733148
50457280
28466471
24268493
71214519
77529334
41139678
19991879
18737659
40512480
70319453
10089984
20854399
15474048
46501786
65421732
64008107
63520983
71283264
60856540
32412887
60228510
20452949
13133236
49525292
33164496
41964197
27718705
65724040
68212978
19733710
48277188
22598267
16116776
47374025
34481306
20310311
21267892
19035286
38113755
53910211
43877275
26785692
56230764
19244985
51157356
33053452
31319677
25189695
53494306
60761944
54727081
20550922
54775284
19812917
13339416
13697519
27977723
18845034
25504614
19769274
75418083
75302725
71146552
79026435
74653446
14103138
12354974
54377236
76563836
68635032
77623563
26162704
45419615
65850176
36101035
13103173
16023909
68209536
13143500
15660748
40684454
73851623
22598797
28441294
41556694
69157920
31947756
63492264
33619285
60818463
73879935
12494208
61035454
26306391
36277428
52366250
36790564
32084622
14061300
52862753
70810686
26791282
38127010
36178251
79976343
39987660
42713121
58512637
54398883
19669317
70357236
38185841
12466529
51675182
22093374
60616170
73619373
34094210
17772550
13824650
41133622
74031336
46638906
73027440
51488437
66128141
65431785
53899279
48440691
45774684
77083834
67413279
52137353
61229148
64355813
61559506
60245430
62476744
49864818
27335826
12011174
40942344
10091994
17554951
20715574
12429942
63946700
66599692
38911926
17857872
53279251
50401304
50957711
48397183
35856554
19117009
38897864
28222985
45062900
49639186
36012428
78896324
16633040
76512545
49383932
57617533
48039711
15415165
38037344
36431814
10387338
15673852
13976206
51212886
70422482
28559751
74227376
62138455
65382941
27439134
10575255
24444454
66766723
11789364
51934800
71070079
31013123
51241231
16047657
34380131
58236399
26382494
14677710
16968803
41999777
48220759
30310178
17432347
46146011
30837514
21111717
56380385
67820558
62461500
64591332
20039312
57854848
23098954
59197399
48478367
62565912
67528689
67423194
46341934
47779582
43867889
15962477
53412419
29577681
50544842
31772199
14710859
22483748
31492921
46683961
67531786
65689953
38481890
70396679
78968478
27339132
46160078
48597567
32144158
77891078
29710941
20244351
42886774
35156558
36453708
43603913
67169426
43231024
13987214
49021570
41838357
22515940
75016287
22110046
46553108
16895521
71871259
43102773
34877901
58807967
38129565
38021687
37627765
60826436
32446664
39748807
77211345
56783436
58168554
46885701
28930040
43791759
74005545
41591037
76353744
24648383
59838646
27653377
66743697
69572111
29413018
58692277
54346512
75159941
51109344
33529356
11544025
51867410
48906457
72180053
11029599
56043909
21866536
70078070
37314359
25788194
76953697
12097476
29667487
19498795
27450593
63218865
36469609
37279185
45263971
46203769
47017684
79569378
19919236
36771142
49506155
19735959
38091975
75059598
12704197
69783684
58742675
27174292
21045515
31798173
26932102
34508473
36086875
78340399
47544481
17848914
16998843
78861638
16675411
26362391
45144411
59660356
46796154
36904035
46280701
67942205
21565573
16521090
65830614
52497670
19641753
64414944
72779112
44178715
42017141
32029608
66649954
64689830
16390095
17353926
74543000
74808388
16696458
32096793
40411157
20914879
20129851
14593459
38349159
33274382
75287975
16255926
35855957
44538268
55952674
26052308
15219949
69144426
37281964
38449903
25726495
39673658
36179002
34977718
69043614
56874561
73922654
27744651
78344674
15876152
67084050
19286964
58428899
49653572
32478522
11084161
12324093
17161646
67747844
15452763
60977509
16590006
51439456
68836457
19046526
59047197
60680892
76227511
77637090
66942980
69283587
28653892
13569702
48473422
60478664
79121773
39518059
79913033
35124629
16040151
16964296
31595797
19580534
46543009
45332527
76745987
37894384
56571838
45556348
18928157
48655331
64669664
32367578
10432759
64704579
62184653
11731561
13378398
26309753
17109019
26675681
12764772
50130432
27395852
35416615
45950856
20132338
55972551
12753522
53281200
52447228
59846898
36644594
72524148
46527981
49069147
18635591
33282622
56668049
21390630
31304607
11881887
59774697
21577583
55248988
69160004
21804883
73067157
17595034
53176554
23112320
40122380
18534405
19341580
18924580
58710895
27155719
67528863
25066480
76296446
34725433
54204440
72768521
72049182
51785784
60315553
36797160
64760596
77883858
11392760
74676000
50082601
66951160
15175380
64053558
33778813
72138801
16501456
65670781
49918644
62732452
40801189
42478048
15140891
74092988
18563974
23426746
49144944
51503263
78470703
31615286
11415892
52186412
75707085
51950262
19767611
70913416
37426591
41248949
37558102
72406354
66082198
20900749
70945839
31626434
53687561
67131989
48732366
15358899
55888248
37435106
18165931
11768319
75868164
60834267
34142734
75643911
62210963
75384069
51175552
47509549
20431354
37275505
59093219
76428944
57234904
47005902
27584346
48614688
61515623
62188745
33665963
22120422
59492249
57351857
32719692
52604104
32172644
22527103
54244134
48189839
44009697
69465545
69429207
36149257
42098209
70178916
43939709
53381205
10418550
12319443
74478551
27841816
13404100
58738206
64654699
41772919
56074548
30794561
60755383
73183312
60023608
66617248
59761796
61483091
48295003
47750411
61345094
16193528
62908810
58805157
43965649
30586062
73558551
20147371
66724480
16743857
44708381
33734762
34337265
75544145
41377348
64728823
38082897
73491540
39065537
33546915
77219005
28003537
66598062
65659594
30153712
72661174
12946730
12400745
24487339
77473204
30812255
65323256
59785174
77282584
60939999
16804452
44960040
15408261
66912128
38663997
75525334
74252270
36937284
54765148
53266965
73556624
34110630
24103872
37323486
69159221
63800591
36560239
33930649
54657204
37006324
23797368
20188970
45768855
13444779
52573518
37971658
26903901
41363894
36887493
60967405
29524420
49427186
50258287
49063103
67101341
64125699
13153958
43847441
75578086
23331049
59850328
41836988
13740816
34146144
66201253
10040024
33899684
30216976
43798174
62997901
27825621
67360631
36573688
17407399
18136389
65189479
16118852
46655509
57705752
47683411
46335588
61767289
77474651
63632185
39570407
63315614
62377364
21445637
35474568
61059485
15316971
68389009
48426653
10963667
13977019
76787849
34342263
41161896
40481153
63585156
67624992
65970752
32253348
47926204
38064808
79971483
50695249
49061795
73069225
62813690
44090310
53868228
40606521
75485794
63942152
24493942
63923473
40478962
59985547
66141594
61222221
54992632
70343628
74683485
66821629
19770867
40112843
75630641
45825713
40119172
66781326
12046865
53448024
27046753
18756161
19185622
42795344
77376512
15125214
37459874
21289620
62807867
23505611
42649803
62728440
77500209
22403389
73931578
21474653
60091408
43207735
44583595
49401106
13501308
57408159
37918582
29705940
21534393
59157903
71333632
18556447
78761357
12886285
55627328
63110313
43207152
53745516
78379660
46097987
20235067
33234115
47032488
12006139
77827481
75087706
76326037
37566748
59729648
22374823
26270145
45272820
69357398
21750162
67822807
49583521
13927832
72226634
50399867
78919437
60091993
50850219
71845683
74405605
47309902
31513852
59900797
24411855
60529153
45192191
68880809
65142043
61877880
55304452
25679879
73710416
19287634
24102639
77192798
19885559
47727841
64980572
45368265
29427897
40458874
18650206
28046888
45946407
42401433
55583734
24214102
32773856
75901421
16276833
71112850
65187734
73334781
36092568
58068980
49131393
31955676
62679595
46055041
34584324
66024177
57591164
32136451
77060868
68957316
10988871
61886303
64550296
61241496
62608639
74752629
14542424
64339998
78740699
39225727
12540494
24032438
64633439
39302447
63687531
30567604
44654630
10637055
77459950
38702345
53302401
66718324
16662296
19368942
37117423
65887813
16455225
64139601
64576029
77594690
29088637
75569673
43352565
38543805
65287742
22875903
12024581
24309792
69421886
53343013
43894937
62408215
58278088
16289899
11499414
74335285
55540162
61040969
72723630
49553186
24572941
72794165
70289998
63071709
66750814
21129293
65921415
17886215
46122980
72525694
70841700
74476034
42235915
57802772
58890090
43688188
15123435
39422297
26905655
74567435
26567512
66690336
17146024
50349931
76301567
31022179
33276300
67936414
11952109
23586679
66855974
45501241
47036829
29287287
18604510
55777526
46108121
16188976
19653852
18929433
55237798
61465011
69115170
13659780
38382228
68320888
33789750
48786791
11606183
46297322
78867792
40706976
40256069
78732506
23272452
35228547
33040710
41625252
22008563
55182333
51099164
32537697
64226785
15221295
57774680
31889683
43542330
32127659
12737529
32867697
74920850
57678566
18136743
12628643
34968534
31502134
37821611
74701669
72448555
30796372
64864613
76060797
51587390
50219354
12953954
46352328
58528883
46269920
72322202
75194963
75133159
54709573
60461301
46617137
62691619
67154963
26993161
39845129
17565470
43180958
10797422
78201736
30436227
13417549
64952391
54182128
24891485
27632625
79791821
66774604
28812467
12801905
35562435
26873111
64554233
50352044
55967846
63517561
24512277
46046518
47047927
27212871
40345199
35730212
57137306
34814131
63777770
32796712
37087455
65422637
19908029
10614153
36910066
48803035
36187271
22550644
71966805
67561179
70950800
79539879
27160425
13837232
57913746
43279549
37944740
31997916
32665020
78737335
65615395
58638703
70643909
48872615
53438480
79525376
34885547
26546348
29648869
20515312
66973366
15410580
74977875
19959848
25365461
77380903
58586070
62592120
64417495
27433962
41803459
38689558
35277168
24641923
70146343
46312380
74151097
62271120
77162653
61568987
74823006
68141370
21994686
78662748
56914367
40940742
41707253
26571959
50846572
59555253
37309311
41882448
48051168
58378812
75710592
57401914
44244236
12408586
38524092
13790417
69922848
15226536
73205079
73733987
55416109
25317099
78923846
40598024
57772508
61448739
14105785
76115669
71914116
27691461
59245302
58937617
46716952
55297531
11600199
71899582
24030433
63898485
56577770
53487802
22850878
77022603
54804405
53020441
10695093
63065118
30834453
74213039
61791695
69680845
24568471
67625554
45297560
78816400
32318657
41533164
63009370
56936809
27744519
41968701
59099517
47952292
55200899
11427207
65805231
76191167
58312463
52709454
49945677
26075451
33524088
56556442
35953779
14078719
39218909
39771217
32425114
21727457
44068615
49413692
25553282
72520750
16977677
57226540
23635022
58580518
11313175
56486973
37084545
11366212
56103747
49892835
49485825
66849296
12393938
63013202
66530259
56985748
31203767
37741726
51818270
73108097
66243735
18443567
24650718
36990128
30526026
19198455
32049206
78935721
24480460
15808857
23749907
65380543
62767562
70219419
28400458
60086472
76915619
53421594
46415515
21817228
38157804
62422742
34960046
75231242
30694566
10019500
61763497
49521747
69225341
78845041
45079546
33325229
32951035
36853535
19005406
53081086
35017098
55195033
53260306
33369391
49712528
13358217
54293153
73299831
32755966
15761372
55629457
51690207
40848419
17015293
31126533
43873248
27293627
45894059
68185025
28086081
75683396
59195867
75270011
47031044
33979383
59235265
74086404
30860346
58589790
30722302
44716200
25539274
63826002
61603379
71302313
24798544
45455697
59589755
76957301
42706943
69309541
22570542
31711724
51777316
50747683
11887685
45422381
70443699
24751855
53883847
67627510
60366225
57167264
13300077
64483668
31600085
21117223
44232509
20886925
73888812
58143002
35922404
16321734
50174288
16400042
21229437
52418798
48516017
77390286
47238717
65590655
44804827
25321717
30482696
71985517
63803435
14150469
78423777
16719761
42431186
63622770
58184776
54262468
32276654
78622179
20841252
12110507
17376187
53100777
56500717
16198658
38883984
50331634
10908466
76511108
61440612
72650402
25276903
48360145
20265528
40604062
60561100
29334549
26955087
56527135
50019345
17870271
63739180
22566893
65378284
62312574
12187049
38484812
40202361
17450281
57853293
23685300
18583673
22436998
24350279
15366003
72663366
49420784
56681189
15076916
22991517
28795964
60802212
33090771
61257963
76582068
28714380
41668085
55553266
15300225
30543111
43064239
30288269
62385492
53657251
79821637
45863727
31175908
63454248
61587915
44216458
55198597
46561043
47643866
47302600
75215231
78751686
64091985
71138016
41329393
53616714
12183350
21231116
38201131
73908537
61715752
59418893
23434228
38368236
23988124
38997811
52738973
37304666
11192412
10277978
15853636
15927688
63699445
59497626
74794062
57207547
14327496
26707691
61006287
22810965
44013714
38706887
46072491
50043389
77584724
25878722
18066581
57263888
79882703
19091452
73817357
40188584
33919101
72414134
29343508
71898703
70837327
67028872
58424724
70867335
28315358
73483283
56836657
56373228
63422977
11664351
61782301
29982812
31216092
11350777
44176092
39519952
21455711
79855313
23854872
74312126
26075644
68787115
41025605
77632202
27401063
65603228
27917151
59577469
28421060
48927825
13678186
24774589
16711508
46910137
38354193
37512692
59598173
22644160
75619110
11052825
36810527
15893909
54640367
52075224
75688815
74953247
57156087
41576890
34236679
30948523
69380468
54526328
19641919
29758564
19193501
64819425
44935255
31763528
34553874
49239530
14791648
65528696
52158957
36751071
40591562
34675543
28893966
13425866
35266391
47739081
20578426
69206441
37127390
62600779
43415521
69715418
53896631
73077546
30402895
58971598
73866764
49362272
23779844
57511901
73090033
54646745
66876232
24385466
29287424
16360934
62732610
14279673
64482874
71157293
69909111
64392610
28775905
44627044
13908248
15591851
28960073
66583649
77916848
52862774
37587726
22592041
62818860
60087967
58966451
21911775
20576499
48888362
30138806
55473707
39896825
72603738
29801934
26432565
28179799
54535680
73607189
46174750
38420729
68762161
53064430
74474112
54210752
61867624
18087790
39490667
23135908
28936005
75229427
45936843
71262882
34214442
78902592
41172266
15673890
39622735
25136775
58712615
46656451
74553406
10294488
48933945
41511667
74863508
55326764
74756025
53579441
43951134
44385131
22017504
16557193
22286260
21156663
53394209
74995291
64667394
58890140
10495347
66407161
39202388
76577716
40387524
29652672
14057823
75691206
34565033
72977281
47968742
63458529
67137613
27822499
14719538
48812405
52353007
49188138
22755171
12496558
73309161
70541396
24516484
76929087
13635541
26710268
79278877
63178265
73747413
51520393
51093516
51835288
34238094
60465354
33729264
62150418
54187987
49652177
72806143
44762611
54910271
41719064
75212932
19359013
75287094
69426370
40439065
27259549
42715743
76413265
17704102
64992136
15537250
65730589
17495852
78977477
34890782
77711558
49067527
23349622
71069871
68375426
27279549
33813986
60952459
73142116
64167478
52568582
26902641
27234316
38888580
52211300
70314346
22274547
45657903
62268208
30474067
19904847
18040811
78997894
42301409
54478798
22232632
18711019
35084999
30786772
62737068
14703103
13376838
35649010
35853192
64630975
55232490
61978043
64448656
64925630
34624454
79498796
76424569
35675984
30331767
71101633
53253895
77720070
46588751
50268993
53980309
23955882
64299974
64457753
73461941
69586554
56537611
64407848
65779073
11042099
62927059
23659574
51195538
44065636
25974564
26257932
44265430
62638137
25247866
48308014
74576462
13731746
56360299
69274896
79160787
46632239
75960841
30767683
79058159
52452786
62018476
25686702
66313559
65830595
26437549
16050542
54904597
27508948
49392053
10586573
12425171
35470561
74821498
23540819
59722477
45323301
51434727
79396662
52598832
45537713
40715693
25825536
60575142
43054469
71574963
24083272
67049662
53422169
61101313
72492548
79589824
58352454
33789187
27858789
34711345
50482772
14671065
32025657
56699264
45088362
39768851
58431218
34182921
21148411
21152096
32591470
60703889
27769834
51448692
71179730
22620180
28999154
53200285
11543458
29009074
37190198
38194027
73277881
56321478
49454705
62890379
14375925
27021897
34844325
74602498
29295983
52924872
35065881
32109999
67214481
27277739
79987316
24934510
15805624
60215654
69901613
67331473
33679865
14113797
38658235
71298362
79667690
77095121
48682018
17010978
12883457
15765143
59044825
31905270
32877163
38890857
66886745
28585987
63089173
71591679
61480319
23151799
72722596
65954705
37015314
33518472
77219358
74551761
33691372
12828868
51009481
51576805
40616871
42672765
40859323
69017819
44180120
30307994
68359369
69617915
11483792
22130929
65504602
36886117
54595569
49338181
48354736
68983696
76969567
64111486
51184829
32567128
43480442
17301234
24492045
17541403
75952327
71349797
70253651
46551753
61891005
11213364
11438086
14394249
44106388
18832349
70274155
38532677
63452961
53006057
76276534
55082966
36162336
14656525
50173619
30617707
77884742
54394283
48190233
21069392
27230321
39063628
59247763
66973794
10834769
77164236
41675605
75143093
62059140
47454808
63180139
57757174
21024334
41501781
10838544
28976780
11940751
65464635
38620209
74723821
24800994
46902791
11821295
44752219
47746233
54724073
23418733
11012147
25472041
72763346
23876267
16654707
42696696
41687743
11028598
79240517
24334957
56551002
62609108
30652414
66142240
36522875
52604717
37039288
20906068
37857089
75516716
61800833
15614246
75953871
58014747
24448480
21068331
55782245
30533770
23634147
21101450
36291878
13434991
37788421
54157119
38821435
65693684
57629538
15981481
31391856
44566939
67372866
66584449
16248770
49872251
51844484
17976185
11518591
64629718
42746056
78631109
28554757
31287407
73887756
11244541
58733896
30207426
67661139
37686481
18397952
78376956
71304703
11286623
24158994
58442308
18791256
49827515
10114203
34252262
36245117
67846170
49057743
43335562
76595162
57919387
51381607
76148859
36861411
78115920
12102791
52796796
48505623
69047089
72184662
45389346
60320939
51760330
58274523
23980869
29425368
64156512
65047150
14543704
62071053
73574425
35948454
37199323
57443516
60444602
53294663
19954774
56103825
43052294
37325455
63889382
13389932
37903543
34930152
67864707
39655374
43282530
79982133
54094783
35436214
54239745
67952400
12410861
51166732
54347789
59594296
11600135
55332443
76592032
59230465
63371491
62782127
41993878
52777930
42629655
37234493
52790101
68325462
32335059
25849929
49964044
61371348
32900184
14938703
65577742
50322372
70402071
74445530
39861793
65838119
22305377
34146635
68160160
34140839
40953306
29910534
11853811
14030649
26353577
39736910
41398718
17690039
35168024
27000020
34229300
38016286
65495825
13869918
74280680
79209885
74603998
29929497
17121236
25832588
78588013
63813969
58853500
56875559
13242939
78774650
13107265
66931856
51777258
56041561
35365408
33646038
55471589
16809950
67265606
48867482
59995204
42948807
21574559
50591357
28829317
60542098
77560747
15984848
54605015
52967498
38395608
62922586
44696519
74014937
27904803
31861265
16270478
65120167
10829369
37032644
48043396
41394957
28941120
26459554
76178283
55982808
72193363
38460255
63959450
45525712
46994198
37247432
50539140
27868530
31172960
50591284
24185979
20889783
58374018
33598746
44905109
43791422
54356924
26133483
41855060
66273138
16078348
12834141
30700828
68596108
34969240
22564859
39745901
66358386
15220968
75442355
18385164
60951393
34317222
29933680
11704020
40894502
49634510
17227939
70564844
70894261
75950804
58657067
51927244
47791552
64361130
68169843
25728443
50409498
42814899
10836337
51054931
28755535
39094164
79453978
11841301
49690734
41783412
73961290
15254717
68977134
33447072
50340977
65392156
11213670
28313709
44966548
10843141
11732551
43825489
29984901
45947369
16190480
65085043
79499177
41517454
17086238
13277897
17437694
79231851
42028241
72388666
77907269
12625342
35006601
69657159
71070697
19875414
47410648
64736949
49089798
77772533
63038047
74397845
28396871
70455311
26622378
38824280
19050517
14537101
11774640
17937431
41849980
48865987
32765332
11541786
16261214
54622585
57110911
35233534
65838738
22070545
55517810
19280894
28571114
43111429
36102985
63250631
27275539
22432899
77610355
59689539
17512928
46547028
75547024
40785653
37326772
31363557
33106900
63427314
74148985
59652746
78446424
24524591
25061867
13822464
25555947
19915670
12168913
67710347
10796540
17448298
70338501
39251986
52171083
49445078
11808357
33621637
71825592
29939098
71623740
41923925
19727545
61804692
15536648
75694009
61216796
11619662
41209756
75276640
72279245
44912764
15079161
39603546
58394562
16052486
14948825
42902666
55693586
40010130
71867132
70482929
33628596
22381203
70556729
44441073
51489534
59677177
47943208
10803395
63641379
23693673
58193962
22208448
54148793
55640018
67860985
25367893
29660181
79046373
24386613
37018327
72661910
66199387
41818626
67413816
11586991
42510736
58300152
58454409
22366883
23734277
29315269
65392824
24704179
31383668
55250370
68879084
64249409
48640825
58448320
20333629
49187276
36463438
13298904
58099610
29157329
63614491
78908958
55249438
43199376
13039158
12329142
56677565
33138158
62862430
62157795
69207886
69371391
49899203
18818730
18729214
12079774
31363560
76728666
48510629
35390404
29381388
30602807
69548275
65308424
20744916
44863565
16083260
62364780
56408265
52062908
14765102
49210051
70486074
14199275
33388606
53332852
61835768
18995120
77817958
78381877
79202669
32759916
26531552
35883641
45368155
28432378
16055069
32922656
57655224
79169079
76134305
72615718
46500342
72100046
76505540
62177354
38136798
52354516
33805266
21468940
70449654
61422882
24882502
54749342
30091970
13442844
46883278
45843909
34936558
73803094
46744047
73919925
30875308
55398609
76669315
46814797
17101523
51043082
18390272
53148468
59776703
38857918
37457354
11390657
72885719
39661443
62929217
64116350
17383024
66081959
66186834
21900369
20093435
27945259
30511644
41420624
37442164
24455527
57698354
45707814
32975450
37401259
36558954
39356433
66834956
64626867
57336097
36020422
79795073
39882887
29870013
14324955
41823049
77089505
32585106
22440796
21757600
33150636
38315124
29540953
65416056
26296774
51307718
37283606
22798437
39290856
39429354
13149400
48530154
20869016
27685775
35588527
68566542
20121674
35845424
10710930
79549924
25494403
70813695
10064689
50287415
17882328
16511335
78636634
67415028
41249665
15327534
60102885
65390801
72809211
10224099
72776453
50914511
48036946
75997997
43620821
48859933
66046268
26418310
70153742
53091217
61240110
57360320
70459535
62613537
65249871
59501448
42865771
23062275
46682747
26884164
46095735
18315104
51180023
75063105
67182699
64965801
71468832
33589695
37409412
21230750
74047343
73334413
49226931
35622299
77928508
34193730
35964917
78155003
53142650
22707048
48962777
17600192
64594607
74861251
12189571
58817742
71387171
15280851
20260723
14345704
67586507
66131079
57449240
51375264
57094225
20527003
44042977
16770142
69824215
38201495
12719155
21521340
54976562
63044356
73498437
18257005
45066057
67048904
43149755
72225386
29579857
78971328
18078247
78233342
14475432
20215102
25775771
77008170
68479947
19667206
51446872
15770428
44268538
14585292
63093522
64446833
12320053
52732695
23422307
38902335
66391656
47154952
33512973
42882538
21831534
74627145
20437206
18516938
56331485
56424921
11989027
74301327
39559575
28399175
78800904
55435124
19884896
28539846
58953326
56944820
77179073
79705339
27168338
66921193
10172036
37891956
71874748
37984699
62130411
12741243
28122728
69498810
20124475
51192270
13428678
53204592
55234379
66917997
30375960
29559174
32483313
12235907
34635533
10437738
23645085
33667846
47613766
44617774
15475529
35084554
56761608
19772693
13512530
22892677
25585769
42207327
10145794
23157852
21286964
79736316
14347104
78662945
57277172
70372348
58548031
11720566
31973678
24167179
62165857
68735034
32252526
31255005
58606759
34599898
28622980
67102995
36173644
54562474
43800253
75546253
44750687
79590210
29002399
16416689
44619527
32192019
52476648
43162996
19422819
66577937
21780709
14595396
17975184
70567824
65814934
30081479
11169284
40541830
37759555
45500077
11910993
20895404
75323868
30720787
53685381
60640468
56326357
59316332
79775168
79550357
29119628
17406777
33026196
45767030
65322065
58050626
76818393
10124036
11844556
14745312
28579456
49061114
20289024
45279603
32017648
51721977
55604702
63518802
42765966
34651548
22659388
20241859
32439247
67914093
20529073
73943864
50405397
74681119
30413476
39763516
26501416
55395354
58778641
29952924
33956366
32954708
26266946
49753941
60378370
50137252
52342162
12574506
67086739
77598295
77844426
74351216
71557477
54439319
36390971
42545729
60499375
20425161
33956307
62503031
60908258
50089520
46298324
25482418
62677835
42825159
17429343
73891000
38846309
60353630
13168662
23231586
41063417
30264752
52105261
52829555
66149065
76637876
10669885
79321346
29100853
71198437
74265058
70635621
68845741
57047570
54339860
12940698
66166899
29567230
58384288
60401738
55442452
52057872
25843129
56969673
46227932
69173885
42555530
58232362
60557881
11833194
40323706
72511591
26378925
31950577
10275394
34513672
28885681
49711725
27800268
60826312
13328014
77759465
28691953
53163667
60856931
76628348
19109256
57017355
41641115
50806150
60884655
15353575
11241102
56089544
25785185
54895655
78349762
53356833
62059781
34771335
21071642
15626701
25594069
52767068
52670831
16126853
53452845
20553388
68953127
48743807
70030119
34426775
27477567
50543796
26335250
77309802
37897841
33996452
76603822
13430397
44957520
74395038
49689765
16213602
41151534
10291464
53774894
45336487
73033648
54144995
65495475
42570665
40065634
61539541
43908741
54134670
67732799
27480906
68341139
48225532
14157082
76391557
36057652
35761266
70992996
61958133
74416700
60291763
35064396
29363124
48454587
60351693
70114582
41754720
43918119
64595560
28263543
22468877
41194720
60062969
13242312
54047544
69619797
20040548
39321700
75878889
46448888
44613258
11648483
34406986
55026598
54056790
32961376
25131920
54032293
47834480
63876573
60474907
37370306
12488896
72646861
10131221
44078212
61786580
65792068
49196080
21382358
10677384
60979720
31463434
49579304
37970207
55153270
12304732
39829133
62101136
14485862
73265931
32085616
79456524
78889973
66829600
54163926
69080358
37937038
31768484
68070287
52943503
31968560
77768442
49934934
71141618
40624860
36342494
42318686
59952023
45404938
48422702
71847499
30768461
77902399
16304187
35010594
16580561
51171034
69678207
40415502
30881186
53394642
61251196
32967610
20395626
67941029
69103997
68413659
45543331
41408206
66192708
11422551
24260660
56253897
59387438
21844783
39215952
43839348
48332273
57385153
60484796
43948789
10267352
70252959
64498206
77495811
62487813
68108720
47411557
42496733
31877665
30228467
32521043
45696231
49140979
54088270
74424628
75923854
28544079
28119936
44471055
59442487
30478499
45662920
42743143
60125178
33961297
11205383
34468029
40739386
57324201
24336758
38268262
50880348
75535117
12414240
10912102
53506307
20330840
12875613
10313313
74581059
61448035
76051354
34723190
72871579
34864595
37662256
39037091
12857125
47034180
63554974
17085642
78124235
38802249
16723248
68396819
31107608
76524507
53747040
51438332
76815112
47025659
63494516
65810320
52110475
48944482
30138770
50989387
21189403
75360043
64344314
60249996
79055822
75945400
14992122
54997890
31287751
37253617
73849528
77934102
64431352
23741489
76648359
30835146
60844135
22954308
45395212
75843615
11360192
74238712
62000199
20391568
50232168
25593882
34946001
47092146
29337773
13578426
32288508
63238086
66099430
70990125
72451990
13167112
39892323
69590753
42739289
73640683
60615201
66475918
37891517
36280608
29612573
66447503
33725564
23381146
57453407
78420734
40222446
64422039
25821723
49808080
61280269
41938638
65637966
57129401
22241997
39652544
26679872
52348304
53840676
11030861
52018447
74466734
19221947
61676593
23325026
61216141
13788504
70555507
36366221
23355829
57790188
42407990
42900773
34962294
78895097
46140816
65173209
22389827
35473319
76653298
27869818
39893479
47940014
22335898
13361944
48847972
51834506
47417155
62422924
44135327
57661955
65304277
49002591
76694229
11585162
55934785
20441892
24476716
70902047
48232897
14388000
22942584
77597937
58210247
16029275
43816673
58063159
11151276
71550519
37736512
11799625
66446457
60026720
29469422
28130293
74434680
51850111
11394215
77480883
13883896
42948303
73644338
44901312
72576468
56606779
56762805
69739923
67349097
11746957
64295284
77820212
18230303
12834319
69722448
14746081
28572391
50746694
70183571
42516283
76823968
39195534
20198163
46806765
74251095
58290830
22552587
79864210
12769036
22894368
59586803
73724893
63489286
12625579
69448593
77398076
69431149
51858351
28051745
50633940
25148061
50840783
59908410
36222136
77894958
48900181
38007285
51115332
64492538
69286377
62318739
13250512
16699805
19171244
78802435
34027997
18022505
72023114
74522533
72370386
65293522
71199721
47326269
44131548
27939294
46987825
32062650
49479091
36192163
70147401
16593033
42850387
19434580
44311226
27626175
19458001
26477900
74299754
66695451
43653043
68623434
27741609
14537851
43915337
74246768
63151899
46055166
22234484
73523427
53950166
79167414
71644264
70160283
29574857
25485517
51117289
17503210
32770577
61340609
63703313
66820837
16048471
74031060
71057997
23970358
69068368
60678945
15389336
10005817
64784131
65640216
57277987
45095713
70491941
47387669
22240829
62699139
30191279
54473991
48882719
34895300
19415442
54564024
73439332
68629268
17881354
32227619
14096471
32961963
35990231
32469097
16210920
50414865
68808627
22195847
46577574
40418460
15434184
77030605
73053720
66139172
53771090
63395218
14695233
34201943
31654473
56738487
13567244
77628388
20370816
64407822
39923407
67182033
72163853
37123990
10130616
36309398
12912597
76557878
23355932
34492112
16582901
67665064
29226927
47069831
37435395
56514162
17931848
22986724
28753229
49069999
40356630
28959392
21683025
51101433
29658665
65345901
32654197
71364034
37227876
20460282
18886735
79092995
51476273
57017572
12522943
16312995
40777076
20013240
11050107
10466860
56954429
69292638
41281235
20647032
19695331
60699418
69345133
41582433
10253036
70125432
64003733
41998215
72214447
11146453
37210698
19458550
29823557
50629695
18026295
13135897
43755772
25664207
62977951
34362618
33846470
39417894
22637803
45048775
40377460
14106693
15616979
53427643
30066369
58402125
56680792
62073582
79342823
21009159
71083931
46643599
11211665
79676380
76773326
68346589
66655623
29824338
66011165
79726617
30347208
74778875
72987011
18671393
66908188
24025962
55204035
48512697
46371506
30929091
10415021
35228678
42707620
71143548
58405115
28991263
65081525
39016660
11482634
71955919
71193255
56170004
28858180
61357642
48057338
74031102
75844597
14396066
68086703
59995194
39066766
63401444
33139463
37823144
40049664
47370271
76911904
40417336
20848490
37381561
42392215
10576890
73171683
66576841
27108273
22212400
60551756
12355911
76919135
35150719
41094539
64821801
64022528
45965594
54112841
47399359
13061456
37812051
61826097
25151056
22670420
12128554
56925940
20767580
50837967
13804680
51409972
13025470
45860235
14330979
10375231
19779304
61855696
56806927
37057997
22005595
60496232
14949107
41945534
56164353
54118323
61480095
79003695
52362758
68370529
59749372
37406483
42920194
19838438
40285636
49106513
64115971
59858580
57461458
26084981
23873816
13875952
23750876
66809853
34199329
45152183
42819063
38802010
22054926
52002989
18558706
23481303
32961023
64324520
27248949
42433329
74426249
15104243
42698753
42258897
29872958
27251665
39141426
25597486
17440003
36763859
76174075
14323253
11029027
59572770
70085686
27215711
52153255
64196912
45082490
54372156
75351795
16000402
32474053
17654840
69498491
48215527
29847966
25094124
65733555
70733198
53989308
60860305
44791747
24017144
66668120
51214719
26216572
66461195
22236039
52905440
30408010
35506143
24620158
23679407
39088917
58850828
71772995
49371015
74951528
61793868
77285331
29217591
48976085
44511100
73468019
37106267
47604453
78413571
61320185
34895003
34477439
38588172
22161185
15571125
54853288
15119802
11041005
59225539
59935819
38852685
50547852
16680472
79993182
38786411
16831916
14334800
17360221
19082000
46103357
13288556
39445142
64160365
72462143
39665110
38556809
52851995
44750850
36837597
64806947
78839881
21089444
25575889
70255574
16135924
44819367
26721961
32880829
49227628
17526829
64382651
56208576
44625271
10129969
46557263
43051624
77205746
43158167
51901939
72534851
60078404
70098802
64179841
22933064
26246559
45334453
77695316
35848379
65332778
14733407
72938063
60575227
55038064
10841712
49455297
10315410
50421714
52467320
10142279
55014960
26723641
19497273
44422924
71666875
22589604
35535457
73924849
55887720
28933416
62037646
70535808
66974250
71641974
75436000
15505093
40038809
59190484
37931410
59676521
66784247
14257182
41943623
30144021
14946880
61400823
57985990
27072000
36452160
68583596
27456991
34231350
61876830
41171964
29841924
49059994
10890538
16180689
38132579
48666859
13344040
74112341
58610521
75217943
61064985
33281951
53283179
27629479
34875394
25753326
17463183
24493810
21583337
44230087
45770247
29559366
19766799
62209778
60700732
40807542
76496109
74503451
77922435
63615764
37634652
36651764
68770291
40120955
45604561
53226157
15506097
42499386
57232164
79742785
65297506
39004331
54122771
11337497
52561717
49579002
74300423
12523360
51284009
57378707
52756961
25276307
10102390
71001074
38007013
58337255
73616161
35921800
71305847
79949505
55691647
28326049
44647134
75992769
35128213
18205511
43503460
47876202
37772590
68279170
25964067
58195561
13416215
58688905
28422572
56912214
79679242
14085238
52419406
36727231
45830541
33299063
42861276
28629005
20936067
65107079
48634682
69585613
42380018
60179054
69063122
12824544
58118688
69480879
16671346
27643161
62212665
79030275
57111468
72680299
30334428
22227029
50936594
23658771
22130015
76558770
49493482
74126138
66854693
62189747
29687873
75637188
74763424
14548136
59081552
37777577
24497858
34206429
29061920
39961509
68916649
62935595
68425893
29085392
45508272
10445966
30338215
42359458
43649095
30936130
38522710
58027716
22161815
64760727
58754679
52323159
53244412
37900214
57009446
38133858
31455539
28947892
30084309
61942744
75008135
71920239
28739260
72003636
31177599
67536961
28300861
44718693
29517362
25341159
74013863
59012029
50726360
17892752
34027939
73620360
63210240
70455718
75328067
33640408
40135899
14237383
42274544
54662533
74299226
77178412
42348613
62560827
42825412
45719079
27079040
67347026
60480247
53346351
16730787
53234931
41719085
31270016
18677325
41121495
40808444
23864578
74210707
27065271
34339565
79816680
14671379
69017235
37444944
47623264
73413101
73599628
26422981
59185127
60860654
50090904
34281186
72053259
76828677
37030365
27088277
55078224
39298772
20779402
60054478
17436941
22635800
12494925
57097720
58644669
42351296
17141398
66819061
50756033
73054579
79328879
21194963
23215941
62641244
14596206
21420167
35228514
61418263
64318123
20454885
33463514
33171833
54543808
35466862
19515502
11148486
29193307
18977660
32946111
14370921
47032509
32683926
44111184
12836996
27850494
44577886
73461444
64811038
53697163
53270027
55969964
26013299
71089879
79922671
71990739
23819640
12838105
40465492
11684160
37709180
45582187
64083840
21737060
54261358
31185224
56720620
49621139
75421683
46583890
69208775
57120852
49288418
28480908
38103785
61303538
72203300
60519227
38076040
65758950
76015982
17607477
39729266
27902834
66401969
26567583
22169673
56704317
22198155
70688764
70580913
37526418
47206451
65226057
77848320
46611997
46073439
42578766
78881738
29323838
50222020
16160361
78297582
38505315
45848636
71518779
54349708
55237881
76445845
14422260
66604094
39130492
79642587
39284425
46394568
68117926
47442016
71078207
23309077
34040604
48453246
24277720
52525773
71064945
73052806
58111580
77112431
36916424
23549125
68815382
30487673
69479865
52068366
12914950
12560032
18512580
12792574
17865004
28806083
37436921
77439292
46088200
74090810
77630593
23663221
22263410
14642406
67125378
53585644
22084244
35656107
19980065
62625474
55150263
43611655
64135355
24862265
53810146
23527042
56717799
58631180
58009167
27616042
43449437
41887496
79621100
50868053
46448963
54670381
31178482
76364341
22508007
31749669
48856364
31204722
24926980
27797771
19152842
66489266
68389269
35352579
61991318
32643484
17260078
22235227
49304006
48642026
65841127
55330730
39352375
60577324
48264984
21303416
39739711
37490212
73863310
60412506
12276255
66419257
62407483
37584224
10982239
72463879
16117951
19134330
65859541
38820790
48471349
32753315
17376810
53991640
22090876
75588827
66209501
26275781
79075919
68853082
63340617
63852691
19824537
37136145
53272815
12594589
37742422
57708963
35030372
51934889
60663703
38135002
79521696
24042821
61314097
66639323
21812556
66127521
74672592
34630268
37560402
27005477
51318582
25512177
32155564
69539329
14196022
65484611
77071822
25722839
50633003
69714555
57726805
48037636
72022155
66139904
67601113
62452924
29458372
17942286
41123069
39696132
25580589
23612199
56324779
58469908
50683217
29024669
13229955
77842265
30167356
19372583
47426080
15126471
55343751
26299897
74332959
39663640
18870150
38774517
69459366
46155585
27497439
56713060
52744774
40634456
78485522
57386711
31159363
27255822
48855508
75680436
21113702
23395519
53322222
49195700
50173419
38844906
17372297
42516421
26297904
53323289
12011722
55689608
30029768
18221570
52305314
79681258
57799506
56538025
52159846
16318550
56915410
60286111
55650934
66651144
17921406
23214432
41142792
49248671
40512661
32965121
73122548
11849278
55644723
46072670
75664206
76707441
55827128
75473432
61484055
74113263
25759990
12798031
56220837
24304958
66962033
59289207
68094171
15899036
30204814
25620591
20811167
59220265
13744594
79572926
62822016
38772483
11934568
40868961
37973251
11158154
79572348
67355857
50604396
38640658
53749825
38273457
67326203
55187350
42569762
43952802
18767210
50877361
32730546
34953383
79650891
19629084
16719291
67378733
44954318
73710917
25647381
70238769
51078326
48113907
60302976
70110996
22959973
38672338
44922562
12104814
73102034
28215059
20119986
41080222
37829933
77736007
13745301
67414869
26447333
38905640
77165429
34149239
36050042
20809720
51380692
11001359
61656499
60678212
27627141
77627667
12075892
59435568
46385529
47108054
56317703
16383877
22146608
77850970
72421415
16885446
65993443
58641771
55130845
47954249
61784738
30147074
21933793
30786624
24384386
73895556
41425112
16881204
31218561
75960781
62730552
12355539
25220522
35441607
79062090
70332292
42191808
68000844
22679866
16259919
16509116
54378690
44456885
79785914
20489800
44663410
43511773
43709539
76258849
34557723
47841658
15460242
43705943
61994073
64633551
27408173
40101594
31557567
54323585
45875236
59729235
13710640
12845539
37984248
29318152
11998208
58433795
70796276
77584769
52600691
73368712
12955194
46710324
15070924
34713880
34112204
31851244
61416510
70381233
57726421
28231279
23557010
64483928
44516589
11612836
36441149
65239234
27847201
27924376
16418323
52098048
63313390
50688399
26548334
27474638
45306780
76317260
39947757
24888773
71927840
74709406
65038820
22693122
50078029
16688953
77994785
40946215
23006021
20934345
56276720
20352952
47405107
25727046
69478294
57153279
69969340
54133708
72559881
77937427
17902937
36955197
57496827
36941137
73868764
68493083
55888196
60236216
10118267
19044353
12958735
54448893
73829302
28480454
79033391
27362369
58904440
23900010
22743620
28585952
57560159
13212110
75477942
14584791
20969046
62230432
20161209
67968123
28371230
26432067
73530496
75357832
55070983
14340567
43207943
12622459
71131822
76799959
37007447
24933675
41459237
13034026
62874138
45106450
65446709
22907899
46684504
55056826
14649182
16668599
79788087
14424793
30572472
76226635
24779022
64580571
10036439
78546092
68202502
44152824
66052612
63142091
79727913
67486841
21522325
21646485
35808021
70592628
15436079
16874174
16303593
70693217
78802912
30196137
76478807
46222915
45884180
55668093
34638480
71191333
52492752
34201065
14352552
24237962
69706695
60861791
49215159
44208832
64887435
77122135
51503266
63238016
67025390
66701095
75337452
67120536
47146774
30482175
65815302
36143613
77318754
28103749
21050595
33152991
17561811
21740635
61467357
76037806
11408569
42237678
70392209
31799110
74693250
66610995
71575524
39741628
37655968
22314839
32231827
32087897
20023268
29221187
53365982
42575281
20055384
13406960
14986215
61032480
72667341
13587886
77699562
55464549
61244242
39323493
13641296
12951693
32240284
20275479
13332451
34425271
22403586
78818423
22014322
63410473
20526188
54024623
13393355
19935537
41640416
17447406
35975631
72453465
40547319
78247838
69001387
72824945
78758711
52663336
26566387
15252800
67911437
17931198
33813537
55836877
52066355
50541758
79386820
16001594
78584515
37789105
44913807
44666983
63145962
11462026
71884717
43227563
23522797
69885288
10683717
58225371
73738675
19737502
64889188
75876195
67061066
75545773
76114834
71343742
25365117
31644048
44051036
55747651
22696459
37870626
30028246
39825625
27186170
60601448
49745438
35595378
14194188
42510649
71406745
60677834
50632273
26750922
64482788
59382529
41863605
36867926
42646206
37576417
30045931
34690568
16380369
28522454
76153807
36017868
44976573
29256792
77506152
11469157
13573045
46171463
58632442
11102437
36548919
55231724
38495587
71986563
14318058
45370832
57886180
38729116
67291163
30428426
38250656
13666466
16595244
11765973
72640581
63823719
11700049
66101635
25094066
30427089
23359421
52339901
34433271
47819837
46230457
30621157
31770552
38288016
61841316
20579846
27393787
46583439
63848923
17404542
62674882
19914719
57322815
66005161
36864965
47491023
42941627
28679494
15762925
22513400
26422224
23799184
79825392
55006147
61272630
49742066
13389117
36696920
52020321
39121815
75706685
27482799
63590247
70083178
51665056
10740135
71067760
17394996
75141084
55348388
21370556
41320990
49776346
53734673
37004104
44763128
35637137
33739187
45124557
46333487
20045076
54734534
46300036
34745477
41286164
62512933
73950691
20323528
34906778
41354056
55781663
63243773
73007254
15371711
13569749
16417249
79005559
39635470
28520879
40892293
16420738
76925520
66333423
28187589
60279971
52293348
57244318
25749763
52367252
12281408
27806189
59392403
76776003
33186354
40449828
79470210
24829932
64470431
55797027
43173633
33564450
65109091
48074024
13763736
75687463
63158969
65005092
33450577
42309944
14964271
65448186
59783814
41589222
58604693
72760236
71518302
59142904
34246589
45107700
29109702
58891526
38924900
27230044
19230125
45484697
62749115
56463516
63253417
23082018
64499474
76951310
53295030
50399262
39944038
36412525
77665575
78411055
40320790
41709977
75960733
15018868
23062772
12499536
69683893
14054604
13218216
42115605
27498066
11306788
33029184
70173021
44153189
17215605
11348432
19210640
23096090
50066094
35946407
74844160
24403740
29414814
16758704
65715625
55945871
17857311
36595657
41923930
17391557
67108237
76018922
56717511
11872650
35502738
31976582
38936025
32905485
42251280
37493971
12302897
15423730
47044182
46014806
57712237
57764518
74634130
51355558
57905834
27774286
71012489
44083985
74302790
11085747
64247788
52257105
67331817
30588749
43241521
21458920
47521281
71800376
27294405
10391874
44990384
74399653
75998499
41494103
12104005
61040476
42402175
48835925
66247048
26733813
69359251
32066339
14019090
44391882
54387863
51340324
70022905
70639051
75560202
54864934
18188128
27682553
46535575
26376840
55904862
73888169
41538046
24908235
68475063
12304157
40621739
18544381
55019675
77152658
39346218
18204177
73775868
70909286
16790155
10701593
46066287
45477366
44260625
20653671
71121984
61845127
35035942
52660637
31535388
13360730
19745229
45171201
38838628
25124773
77416095
19162552
28955546
34685028
15807369
61829356
39230774
61956535
69902500
18224314
60381247
53660906
14827578
30749659
63730018
55517303
43096832
13985530
33889641
26805467
41119012
51904599
30901308
60758396
13756277
15299083
20205996
36816899
37345319
48077721
17860495
54132533
72738436
13554111
66827543
42533212
46641139
46032738
34345156
58449819
18191003
38844454
18280540
33241588
19730664
76359255
51926767
58891528
17683051
52435174
23518451
25942426
19019431
60982935
75496938
20585725
59164356
47439175
13570041
12580605
25883129
22242577
13162382
51252258
72066889
61335571
22547294
46893327
36797575
43845702
41310018
14026180
78146590
34743701
54797481
73970478
11097139
60420193
40361622
65340876
28906857
41837316
49740958
62033705
19535062
65564840
72986481
74099258
28592215
49221994
39762604
69381229
16834577
79665754
32604150
43681106
15144847
54625828
74677826
39666090
20351637
63801840
25795380
77335904
28173157
33463665
23523244
45801462
42072615
39672013
20311163
37348655
34585433
32494549
11806058
63283882
54850157
40089813
38508296
55421751
10007333
28591801
25287864
10704332
16943607
54188933
38951376
39833375
58503582
32029210
17075439
61741814
22010265
33664338
75036467
36654408
17743159
69391367
52720004
16646516
68085738
60577172
14998711
77540208
54721673
71958390
62840698
36713238
12552677
49672154
19690589
70505855
34968891
44822276
76227334
69946768
30082315
62607238
59059363
53433918
24628118
35343439
54175027
56021057
64445857
77157167
17944392
27358411
25803254
54165230
79016585
48229980
63847217
14344185
72598797
39762404
46097387
24503611
60210852
58858503
39693054
10513991
42253438
21261344
76792520
28873253
34377830
16142482
32968435
71197095
52413119
31634684
71358663
16282169
10623564
71443163
76295228
12253642
44770415
75480318
28212548
12770471
57568615
46123729
31199504
52587910
32557705
69541072
53839613
54900105
11103054
73374073
51330294
26981459
37420935
35501904
36870335
49800186
69836191
42630410
36548640
48746100
62901331
77421636
33500517
13871127
16363188
38235110
63316861
37091354
28429019
77921170
58295423
69175547
70870733
20036702
42469812
12530020
79473877
51303068
42758552
27438380
16850493
12584658
78320672
20515098
67703953
18120516
20195783
27627538
28097034
27134817
31572623
46894027
17149963
61754137
34375900
53055176
37791588
18402186
76095306
33107487
17585337
55059499
68798547
79619119
13124794
26719977
64660973
22185718
40421168
15436164
64372464
34602776
26737583
62265012
71090386
50244017
78082807
15350274
67362947
31489257
73971015
42442517
57502916
71330248
33593908
66417202
64667367
24385038
66467214
22572919
56272409
75395051
42980532
34351102
24689952
16231334
43717357
53357308
24874669
40164174
48853955
72843640
39896420
24696772
22612960
74010587
39430805
19224136
62416783
18861472
50969321
77528122
72147306
45353399
15565809
76703381
63530370
71489769
48274020
75774013
42346475
10316742
13532427
11165503
44112150
39630957
64198451
17566930
44742957
39290473
28417687
10629162
28448820
74916682
74187355
32735874
67895579
61019666
31476046
63208302
24763677
31589178
23759364
62810793
38023483
12551684
48595882
53341197
17284385
26895641
54623241
74958820
35720437
36095557
41765711
47935083
74955175
79537009
40460894
32401763
23454977
30480673
71358119
30893399
42337676
62533767
54861424
72910033
52709213
43333822
11267879
28936644
76506683
48581332
29092474
60785974
62362368
39414032
43603196
33348167
63022325
65302802
54757434
13833866
31754783
57807244
51756053
49479731
35865902
50809969
70237676
18186359
43785923
74100083
50295651
54185209
41205080
33232456
57917869
71838935
36096483
54760615
62445123
43870407
60271398
39155043
13612272
11255753
38315419
17612773
63437696
15616126
77597260
64511699
77890156
47453702
75115130
23379974
66483699
19817166
48702943
56482712
25584212
28805100
55825858
67962116
27371760
46411281
56294018
73634254
21058665
13319215
20151648
67703528
19272575
38171806
22153729
23467523
68545328
51775557
37074329
67140786
67480050
19724416
59563371
60569707
59234782
44011292
47833360
71255689
22376321
45633307
78520486
70408197
36662545
36275397
50350495
53276116
18494656
25624268
16976067
71154949
10078899
17701235
25051231
69843281
18935841
21480828
29940208
36542202
27507939
43991214
66702884
58689196
66549956
58859987
58042460
29635146
25099193
64063988
36908288
70892920
39969331
21247548
42493683
30726387
25647640
47874874
64524473
64466642
28421163
52053450
37471699
43971441
34892056
44093450
70614968
20085740
51655384
46400175
39042817
19474404
25060178
64427160
58280235
18463728
15144359
37378274
53497543
16106424
12184687
15476593
10324731
33232556
72366454
46158053
14422670
30254654
22866393
15169583
53030345
30727916
19714339
41716655
60027754
34012367
37401320
37606516
52649536
59276306
22119837
16264451
21737488
73767824
57782303
31828583
23276413
72941837
37361751
37868400
74789441
62902845
38064807
60797994
48039768
72599239
30311961
25520294
62555671
72080152
42450089
41301572
57965942
18437893
40192482
74987111
12247761
26936730
56680368
36183160
67148586
19391760
45872882
34169346
58808655
13820737
13395120
39050659
36867827
32821809
66308688
12926367
58538533
42755320
67255131
79525499
58220357
13440880
49936521
16813697
27749178
22111050
60943587
28341957
52574998
14901194
45168220
77026553
29209615
16510370
79169060
19643794
14712915
64454767
63055666
17633970
61219626
74596815
62308363
31587853
51401149
36637432
71694221
12318742
34710415
31930566
65246864
21084829
11125895
22638395
17971053
36995005
51235520
65700295
69818270
65979379
21678130
70087545
24184207
28023802
13409747
37925801
73663069
41462098
49039564
50478277
69621599
55202361
59873582
30789653
11919508
24065626
34699384
59829451
67079065
26041393
20784402
67636727
75172798
79939313
55596334
24120665
52769365
58353188
22831007
48288188
74094108
16166147
57981248
68423945
17551320
55062246
62025236
79965341
58846391
13209564
37768625
78531087
49412952
48394669
61558298
66328726
28294409
28329697
20397889
36518181
64198503
37571300
40846369
29275963
15953796
71326716
14827445
22377232
25404065
17752179
69100451
54692006
73293863
14185981
66983733
64096251
41531210
32864366
13653216
36461762
54322117
61694666
10284705
18320386
76153639
50213169
72857895
20007365
24151978
56300379
75955415
58536094
21955582
25654464
73850809
58843743
52656106
41364477
76333758
30565383
56078414
42474536
27837169
17753900
22570489
38209936
64411405
77392852
58240677
59703958
11336390
30595631
38874166
43213658
79330680
72805336
15140597
23343519
62597767
76894235
67761955
76190232
37101170
76497748
68811160
11851603
56901072
50178089
69655617
62246284
21070399
26329667
10271410
37167074
30487479
71424602
65394804
71328900
58656310
11331465
47473364
46255127
79463316
44202462
41499816
64264730
25268675
22957236
49866938
20428681
55189724
16126823
79340274
45438770
28775708
21757979
54116032
12681784
64267832
63365635
10268455
29525631
18141868
76103906
68298131
49538045
34661200
69709843
46682399
29045461
14225258
31199702
15846259
22209799
25304854
25574730
18464252
53756339
67761588
46608688
14812385
24789348
26932313
46586807
10668535
61371970
15137106
50825250
77919040
25141833
30182574
77418442
53838441
52015016
66117724
74969972
16395786
22256192
67789736
70277876
11951542
19061442
63643517
71916648
72055992
21056048
43831676
28917172
55135367
72139130
33728702
17859274
71720267
72805323
33693118
25378885
67089919
29287699
46396905
34513155
23972111
67401097
43547706
23220160
45230119
77860392
25690732
73181797
39715092
44854792
57950288
66200850
19022466
10490961
68878037
28279122
57111050
14159698
44595378
14469814
17174489
46862188
79682051
37346573
57239706
69170704
55623962
15960233
41852119
73604961
56870917
30501601
38885884
72764429
66342859
34298645
11608572
61563270
60430655
47360755
75086874
40783580
45280035
76623116
37598126
58413606
26318012
52792789
28708165
35830274
55709844
64502837
62243674
40380956
31241773
23087534
64030538
40408332
79246565
50936019
21120193
24161118
41755180
67303309
24610676
64991559
62201305
53476244
59770262
11311173
63620801
53816048
43013958
33355897
63865043
25715205
40024393
13503490
61560750
41149778
51048938
70203536
40878483
63634103
42126602
36124573
21231580
10061824
42206462
75330962
12554165
32978969
61249560
52120198
66134593
11174634
48616026
71908014
40606011
22734974
78891859
78295352
10561126
20447866
37746465
48075076
27845974
24520238
11311479
52672259
49187700
17523819
28807061
68648091
48978007
39610926
75634141
34248076
71303447
58699358
73556250
68798514
56267757
75446185
39446041
52967852
64726127
49396862
23260465
55644607
36420816
74106457
17235664
59109751
18481696
36770735
16903742
78992873
50366884
72838657
67915277
56125790
72598122
55660405
70085403
37361297
67537930
67529506
26562079
49204935
76163963
76765995
50567789
39398626
30423153
24507116
71316753
68244852
32253958
19841442
63278036
59890269
53262170
72522122
14687417
59150809
67621043
22735087
69572654
35010527
44653410
74523729
39297953
22242286
53883142
62891414
68299773
76511038
32553258
40688940
13945371
31819742
18466357
65124170
37474563
12258245
10161439
34084185
46236575
29823782
38163356
57167428
49179375
48379679
60884089
49569165
14157409
17727326
17252376
15433205
66115656
69496229
29662524
77789680
55610421
56075558
22312211
31254358
65923775
49036093
43755880
45016641
20637594
50056093
13785300
34654434
79928926
45680113
10267500
56629372
30714937
28398816
34052017
11516499
26942666
14074273
35787605
65489574
66009996
54818140
40321260
30612795
38574717
28675098
47003694
16356500
62489599
70173738
43884976
56033646
38104162
46372299
20019645
14840535
74130621
33245106
69168587
63973598
25252601
26448133
75586089
64253498
61472997
51249395
23043981
62410830
78028049
26194114
24625321
28511106
19252474
35997322
64332810
15263291
76651443
63585677
21296973
29154496
78324087
63292431
77398418
60787908
28885349
19855086
15295346
11461292
73796861
47501834
79274475
61641674
46844382
62417815
71651189
16631242
17716401
37815997
30484275
57873615
26452080
12332416
52218569
64346030
39974870
72187719
64580946
14866240
29108316
19598328
22014144
43854091
32460641
68483843
73072620
76533256
77623890
15853661
36444674
34351151
67383486
73176105
73422138
69183045
47638823
16508344
52260142
48398484
39131294
49287163
47731617
61526809
15859163
79802767
65744202
51394007
38338569
43466606
14721112
67288012
71998282
77757030
24400557
18486837
14024830
52413266
23099878
64523013
30950176
42600584
69268700
72994404
74459801
34714154
21757873
25401060
51825269
20768572
16711864
73389574
57375310
20202681
35509206
79774835
52335726
55325191
14377395
40669663
46971246
66681676
40383733
12753503
55811118
16770246
40774835
57871484
71709988
49930198
27620675
79287363
15666556
23932088
75573306
79905847
19667208
33471336
40230343
71317121
73983324
13569108
21516049
41253840
73536588
36081491
45392982
13613710
62863874
54974996
78377147
42263160
77604121
21928310
22806902
61871979
28956738
43572495
16554582
14905498
57688336
59369349
62086388
52466104
24397578
71074721
77610477
62695121
27987898
65357166
44389919
35883193
12255143
33822301
23636837
45544492
51106158
22928975
41877816
67776912
11316444
22422123
74188936
32604687
76034184
76586129
73448779
27347339
78621864
79309020
46218687
21176909
29733114
39012413
39485108
79020512
58552868
20787482
71336230
76334147
13103634
47830438
75121400
57801208
46983454
33510441
75545118
64902614
15199431
51583795
21964105
67311570
72155826
20314001
37539158
22138116
58799979
57969701
23182493
78581614
78219548
44119137
13995127
31758111
37387175
50751999
30417608
62398872
20117454
59179067
36565826
16587355
45341269
19449974
47816513
78228111
77491567
17826907
15517603
50197514
43404862
14357782
27385793
47509340
10047279
12501317
11610170
35503470
47140589
45180486
32426766
39472340
31749761
23183732
43081849
58619671
75482697
12098200
36644611
26238723
24825524
78747590
65600945
45964626
41479932
66670998
74902231
66797504
12312720
77614220
35473810
48804204
78948982
15903169
57765081
59242669
69109871
32371740
59444992
26367347
31644499
29207869
61225635
48458586
74262188
68670318
14310473
63969550
18574834
73657614
50843084
54615486
12978629
27779008
45650833
61581910
51316573
69877121
21044846
70395985
32488823
42448334
27242279
10440593
10716483
40251490
58268005
26321712
56528483
50165156
78250811
31639498
34431202
50211342
49405459
30898970
51451919
77046119
30124219
64768862
41002766
77638885
28641781
63630998
39255722
21061513
51319247
13682626
30744612
58382775
45404740
12048953
49829055
42513482
62199045
40800443
12071100
14401232
31564173
39660894
78974092
60985223
65395121
37271945
20610895
41924830
58690342
76044829
63654214
50794139
49887750
73504089
13776091
42357190
38414820
16733504
44336095
13816152
79336655
48584129
73503131
37887201
61201339
36815743
48143642
58356576
68847395
23603709
73623183
66059447
57591519
13958834
40897902
51901664
11415161
69865767
43729403
26598787
26565823
52475637
32602111
54706324
45642919
78755662
65333395
77405643
23441494
55966734
37212389
71330232
66357878
49736680
32751142
50447841
21944930
77883516
27424878
26152252
13626053
34392531
20836523
68707366
46479104
79518014
45707185
70511286
43687842
69436944
16012093
22843873
36432640
18000302
25572623
69686392
60552391
61367839
63808611
25642155
19938574
11578249
32805738
12253225
64341106
49098899
56311738
68499852
31250618
20040605
14793712
44752154
47401064
32161896
36080209
26843459
58264954
66852903
54547326
40024368
10259866
22097635
12044355
70199933
49706189
54179989
74713824
36976971
62218120
73423700
61416578
73673207
37124420
14152658
16509325
28982413
59196361
73723444
54182405
77085265
45826333
18428725
33617039
38452607
58652527
34817084
49441356
25917180
22680106
31574748
11743269
21746752
23193861
39629578
78783109
51530963
28490943
48636674
36816301
73717761
69527112
72672042
11879299
50359741
11338681
75920791
18893276
45578926
39184641
70250153
29060782
76388377
45598423
27635215
75795491
50448176
46572692
56787565
68780392
59060338
39432035
50126973
73785581
63817540
68626945
67805929
67796278
38902891
63959743
45746970
72105310
37161767
46562972
11308411
71437861
63582988
56311306
28674472
27439013
79160370
36492581
53461276
54817943
39157110
33106561
42944709
58435769
72503635
17037792
16412002
53098154
23709107
33598330
48199383
72072464
43470840
74652378
68018484
23025832
31328623
30394209
31171859
78822953
47196850
73916069
71577670
65655242
43346394
71215692
66053383
72622503
31077550
31901007
60661817
76801586
62668004
44993360
46598462
48365788
58515108
73739125
17819918
72465154
77562410
22921404
40898468
33768717
13690515
56598530
62174432
38055222
47356706
19953319
76373281
18990128
18114140
28773875
71633054
54363442
54797831
69245182
36518408
31015718
19966633
57922963
44676413
50461731
50367685
29450402
79906733
62049984
22674200
63559795
58151475
38620676
17893521
39422245
60867919
41311711
61756610
37232844
44522218
48513555
62434090
73342197
34008606
26999263
26653513
25495700
59808161
45183696
52553857
37824636
54626251
21421534
68011039
63743078
42932067
60327302
73713268
21525392
28774629
57795092
15023612
27712367
69683193
69860156
53425645
73060131
31257817
45872653
53972263
35410672
77908429
74233228
57345401
24015932
16490095
55797365
21637465
20077508
60662810
63133423
56926566
10272598
42422168
34192329
64265101
57094527
75013057
75504626
19452200
61671198
55465834
17477268
12796186
69652075
57638061
55873409
76253324
35737760
34372514
41462020
34682552
35629534
25095727
22145749
76670376
33737503
64640709
42086235
35742223
61168520
16631834
12770603
42402542
36461449
18930239
31358764
26833041
74995306
59141009
60666305
11430097
21391758
49536001
55955829
51192797
24263667
35803131
45746068
16035658
16703380
71701224
22414852
21474144
77942789
47658501
72708842
58667840
44661919
78695713
46059363
66659170
76904023
34599908
61995493
70632074
30510195
20796910
25573841
55042691
40358149
37465631
28757819
67433443
67123624
29833911
71066934
16968728
11201814
42894968
50541143
77809057
43724689
35341654
52053695
37061943
33620594
26749615
33657517
79553574
14540503
12094605
14002721
23991179
58088704
40825163
59575177
52365841
58576836
70731733
74051477
31445411
55736265
72256382
18123885
48679417
59852354
72860125
15802218
53097848
11345872
63762115
13787273
67999620
46809541
17137012
77740816
78360444
19462480
66995196
27078014
73950831
11365411
75846244
43176193
40865614
35740577
21408421
51598454
13003615
11726354
15774282
55492096
56348467
16978736
34604639
52051913
52560421
34127503
64386916
37698143
11766255
44176120
10053170
54854218
26981426
48848870
35234884
20673204
31027184
76952998
29698683
23678478
52312489
23216956
53723199
42047428
29638487
11347821
42971117
19524488
22962688
49391450
53618980
33631358
74478911
34097689
22617266
48284343
48851148
43817159
79926890
55343830
21504593
32455996
22655133
70538897
16069030
19632755
76340901
77366308
25717729
15853402
75868142
37112321
25603080
24742064
58114524
55209243
50787764
60044165
36056642
74155301
19889867
28727991
34446258
29091209
38627230
49892219
35541727
10225301
76098108
24511584
37888516
48029284
26421071
70806213
58215638
48063598
66334104
32119447
50760178
74887024
42955975
52428682
51956115
44507327
13712982
55947640
29271248
41819732
61513776
60992187
73676578
39857401
28715419
19088340
45093243
62755488
44486473
44409019
15615129
73911313
16723223
70439804
35771561
39578731
23197383
78737014
14323236
15292025
43806647
74058905
64274939
18864199
68045857
29002995
29396029
67788109
27779858
44709089
20105741
38322868
75104698
26876790
70212840
19358346
69202212
76315606
30774732
16456040
21893512
16483141
23065036
62225987
79971268
16133908
30015204
53391012
75885940
69655147
79486397
69475103
