56612243
63026632
10837461
27339390
78504631
47995058
66559772
12198794
57407795
11668571
17127836
52626939
73978946
20974168
11988142
17270233
62522215
79199686
72574416
60554477
23264628
20108179
50343128
43539861
64963163
34457893
37872336
54952900
62815289
14310326
21133896
44494048
56624834
63241824
47273770
69052584
52149651
21771686
75631773
60018964
46138906
72235685
29149651
37485422
58627418
35146291
43819592
17680220
60768077
18479869
71925222
13190384
20404343
20791714
45021875
36371364
16330778
29319480
69837700
78037532
39028012
43748068
48737814
46595889
56184800
69367583
46923099
46256051
53402308
43508773
51104630
46280512
61405646
12586861
32174095
45955765
41347294
16929040
51617458
42270842
35568847
52865444
50580027
13698969
63911733
50053665
23314984
20474509
32054073
61998514
21121306
72229257
62872466
10990662
27855733
19868399
38676688
57082944
46921562
16975500
45848845
15185055
52611261
14124746
10905714
21646857
69522250
22422496
59876821
65485871
52511621
29801408
27267615
48562283
58609393
63745873
70146890
52036921
63133652
70078239
58638329
56482628
62971016
51192647
62983144
41263560
72189836
65267500
52373990
48900643
54461323
24609115
23491114
57160420
24826807
21693867
20878486
38885967
15364795
51941087
40396093
12496836
21019817
52798051
12011199
79176170
38022642
66485807
67343803
65756572
56921109
63992983
60070984
43975063
34084936
78171986
62378615
47500251
33049295
27599072
54582991
35671161
68110587
54308768
78685346
21153976
16101313
23551790
38936635
73700743
35576567
73685997
79888358
54754482
70023244
15305175
21370922
49561450
15262357
33516431
44967731
45118087
74701628
62295138
11340771
75574455
14963364
31031552
69662021
17468081
20869411
55345591
66911657
21424629
48902605
75818217
15860835
72891091
65586806
33102887
40487435
75557796
25231643
14648791
37391371
74759716
56897891
41088459
21540632
25159880
14962165
61881472
67114345
50348124
41154786
74975016
69046240
73355474
77953941
67390677
76537305
19308916
22551980
40743091
64749776
11734924
46531821
34618527
40145258
34310119
31906929
16263114
63806879
67012488
27187276
47056745
23193941
78033167
30058938
62612537
42728995
35326295
74312988
66061966
18761805
59045119
65839650
23252279
32680545
60182644
50807898
59204270
35150814
68342250
53746742
54868941
11715180
66664146
61120930
78449755
54790037
16499979
35969147
28835090
64982341
57174452
23305360
10973698
37551048
46436137
69138487
37084860
75887687
29691502
19733593
62330765
70768652
48032642
67977366
43468845
67311185
76191563
37788354
24869220
36238264
59650054
76918041
75514052
48837867
73514047
75478219
19367793
17796556
69668637
11572169
28214583
27067869
37327255
33709106
28737305
12881279
16986377
41164052
66424565
76327933
50741116
73613278
33399767
28743640
33218253
42915708
48518364
12579257
72015214
53412232
61599864
70976159
61161929
32159346
34504561
52332694
16081884
75751000
57035996
47559655
23499466
33654717
31933908
28386289
59139067
17096218
44577026
35047921
17825221
26772717
18299842
60532951
51872068
24730880
72435615
30198146
63360178
49920318
50681981
44301403
39024355
37222379
74554846
70751151
70302765
28523107
40025233
14765836
17050772
18780890
25543952
16973881
12641542
26824045
68470999
20851924
56692426
35572104
30454140
78028282
59445883
55056514
61113444
34255348
28795304
37555738
41723832
72771877
58202845
69148200
47940564
79284805
45104340
13404390
35186272
17215945
47631634
61144182
17686210
67975677
18674461
65129754
76657385
41186958
20491818
60293065
28663431
29358121
41053116
17549355
79224419
11819927
59812848
47633323
79325504
59428790
17987935
20455882
76368522
64107429
15646191
69199875
55449658
32359617
50535002
32568153
19224424
72861196
63672325
37393801
46062493
67127459
78805592
72065010
27731691
36915606
63571143
73190057
46636709
61783812
77306531
23111161
33058996
59827810
33417504
72547026
15587715
14162834
69478916
14187083
40330549
34346181
54120840
66773826
43990177
47875362
61641656
74474893
30858910
72616762
53103641
30089873
22534486
35621835
74907164
11117730
37795137
19554831
15704108
35550278
58010710
33478050
18454345
32999259
17686942
57057405
67783756
43277645
51178546
56650231
20651643
22487491
36434283
43319304
36687422
41568164
73531231
77739772
70595142
17566183
35488637
42895272
68185876
76112972
34097210
62092250
72726903
32551397
76292364
61747702
22383338
43116892
35447994
53727812
65933635
30394763
76954408
16201197
68781805
26735626
58296370
74636982
66758780
20181613
69847033
61610379
12404463
55852567
47726154
26855424
47863173
23867605
12370924
49050923
18142030
40583946
63103283
16689103
73414030
45295725
36876765
17616288
71137471
61390951
16223513
62298442
75515382
77391522
77298166
12758021
18114778
52997542
15743987
12568715
12888958
27916889
45250693
30076889
47183325
61160474
71165398
32113793
28336554
10975337
41223741
37952151
22249557
69500086
67931280
79523042
10460179
67801406
59942047
14641722
27961616
15125975
76309148
18837128
55671645
18837834
32101640
75603169
67238841
41228530
34453252
21693731
78851738
60205996
33310264
60632455
44967936
52708612
34225594
74437674
46089672
18407469
38367912
22311593
36114220
58096971
74470492
24949273
15489325
77125878
66382273
67999246
14242654
78469669
53987649
43159383
53535391
69387988
22593596
64738896
41474898
62847221
54324542
18931357
54565234
45557418
74743036
23498075
14674712
69711211
69707244
76627003
71053602
65769883
33957693
42995467
64835988
62136929
63509986
39853844
75170695
22191787
47679565
64721981
21200560
59662390
71655687
30433226
12893868
45527526
21733655
64021714
14369277
27705701
74319529
13487964
32171795
34692980
53506996
60002976
12836520
41150103
77972166
25480392
79716885
68151438
31846902
51662716
45179373
37241996
15157708
25910365
59753409
12185053
70193571
36776459
53453699
44346126
39062091
46304876
57907645
18208287
75522817
63084979
19977620
14434356
21569797
59920409
30273073
59802914
67575080
68737688
52248076
53985034
30037968
23440794
57528963
51220669
40628289
12166824
33528528
10852783
61021782
19060916
75244916
57543144
11749541
62029876
15993901
22890928
49259002
35763392
16422731
74617727
43657162
49984658
38302951
61363697
70115047
76574104
40544174
21909387
76746061
78342633
30968524
60863045
79010940
44580653
33941491
54415633
60392287
70111156
26100409
67563109
14106430
11930098
30761974
70430095
75851490
77904330
31824193
62325675
35610381
32122467
18538938
31873064
10211732
73674275
18898265
44461754
36829890
60357718
79063394
33203767
61034458
24723118
24192264
11712747
27495850
65589067
37570901
48609347
62359129
49541141
11213482
36780171
11410099
11465669
35748386
35937294
37394138
43226452
54869470
79217180
51880804
36469169
50392926
62618778
24969320
44727641
24493178
55486066
32989532
60214456
62477174
17635591
54930635
14819633
72372980
59270412
48202393
62946824
23197653
47642223
39087759
40889201
35242535
50426898
34152230
65627736
25956115
55465119
38800233
23162928
52604055
19741645
33741847
38280257
34337021
58416444
77284760
72003290
52996053
13533926
78824711
22599173
33439480
12706918
78832579
57416191
77062761
55891673
63813642
17608711
35567824
57124064
79740930
36421255
35994821
74540911
42315616
14191464
43326054
37530726
70824743
22593225
22511009
13103330
23674041
74327690
68434549
37077707
45513294
61677742
76327369
49384276
19396692
71486816
46563802
29187032
78777099
64985344
56289331
31315966
52653662
26222424
70130235
61687087
76799532
15616316
50378769
66266814
11360808
53040959
42051982
65263571
38446341
21230916
37677880
37541362
34653446
67518511
31308358
53047738
79602683
75207529
10398304
34559355
22231384
61164092
45075937
68654184
16421700
34570823
16453773
51130129
51972905
13669202
12588475
28135822
64165436
52270188
23267247
78104848
64760562
55970519
57693941
47377067
46956982
47012411
51114037
24392764
62247861
36886397
66319370
60822563
69610727
32067222
64689683
13344297
31479359
23723469
44703054
75777132
51480718
12690378
29125254
16372191
46632581
66049828
50254458
15323113
60842771
67788731
56722789
64477385
78354828
67407487
65950457
29438855
35502919
18833533
39733290
49160489
72999648
53538951
49499407
73640211
67615216
24578784
40107194
70902357
54291961
32845632
79409304
17321566
14079538
41376980
48373974
70744415
53231352
23642941
21844548
15584929
20949505
48373210
63068954
42235934
39502264
10725195
75901716
48422489
20514642
78955208
74771479
56303807
58442251
66333348
36186259
63401176
33696406
53832984
56798752
70750894
31385200
38601677
50310299
79723922
38820594
68418538
79274448
72203208
50852870
10855276
47952312
67350669
57801051
24100561
51061252
58126670
36594411
65809773
36157314
32847366
18756393
44956124
13117497
54046882
12969093
72614916
42410363
28183671
23391546
32979867
49968604
76866714
19034099
22720843
30223849
60191396
11506638
71508087
65115994
64498021
25438208
57141731
68985033
65076234
74644138
50266704
52891610
24594608
52145531
50182739
53383735
45487375
77893313
58206067
23186758
35854293
19836785
65095701
58684618
62966653
69948754
70214317
67081300
38558225
17014145
62059903
14635142
16495305
62088458
22149840
15162404
36918532
24440151
69435277
28090549
30598384
53544279
36259190
27938608
47731074
56866552
33207003
60734026
19421967
72850071
47543278
72570329
31826332
79005384
79173817
35474249
23011540
48744871
27005422
17294947
34872191
22856591
13920280
24365613
20173886
29439102
59434101
56446965
52524879
37988785
77595522
73977933
36626578
33588930
44125086
44761692
45788519
22475639
67195314
11256077
73476878
48581451
16904763
42129629
43223562
22218610
56553071
14998847
12401468
60001490
41909444
40640263
71918986
31495962
23789430
79074265
16421841
21978550
65741274
11985109
24080667
51631030
56611904
25098511
70914437
14375547
57048063
57131395
23278209
63532654
53443108
34911701
20193131
15770250
18875809
49566627
68067734
22246943
27002393
78090005
75226192
52374134
44010245
57913033
56808018
11704729
62058828
52682455
10786647
53267559
58427611
14273735
39049805
45855596
11686747
55655760
46405359
72010989
41550068
38138878
57740975
28190170
16081441
66127799
75312957
38201188
29559192
79467256
44861501
60293764
57484223
28195639
22940118
34730107
18979582
58420654
37732259
51645456
65058879
66033873
64615302
39066239
70371622
74844232
79600131
55674588
32028702
75849962
78554963
35227967
11992529
73303134
22659396
33056101
12333740
42499171
23733679
36887252
40588713
48957807
15420099
41657189
29601382
52834689
50809716
64303449
20850048
52179710
28600672
78606033
74291607
67494919
42760746
12576081
10980316
30016516
79057181
59992189
55967996
35133502
21560942
40581860
52616772
19149678
44891375
58166825
17056356
61322013
50306181
53984338
47291030
23529684
15867901
69010276
41490972
26776386
32537348
50456830
53877324
25612179
37256223
78269922
20052900
77516962
70331912
49523951
43162371
36191317
18456134
33086348
27713322
69968642
63694942
46750984
60436117
64606940
17231048
61493367
33698403
11377864
18198076
42039565
18622568
28493008
57469288
66563163
17607349
74217027
51160580
35432178
20727396
68317663
32845495
15790020
65992497
50305942
26223539
47484164
47516088
75118410
65660481
42411853
50076310
73492673
57126505
38448756
26641912
23534576
25291383
38392807
42576270
13279044
68655088
30043939
68592003
20474881
33278407
55380145
67349104
38440393
43070406
34985195
26546254
60135422
42821003
75272425
55320229
78164782
53776250
74099501
59216589
12697861
32068576
78676513
44063233
67657076
39786720
12797162
69677475
11674410
48992045
41634424
20416350
69635985
46730918
28445655
17334003
71388542
23841763
65645648
18566472
32791278
60042912
42426638
78498933
69029451
13935947
72728171
52001379
12473866
71805862
67401919
61166520
13567400
21793603
76214758
23503236
59658591
73714101
47451924
10698973
29923242
25585707
64052613
49976850
16845484
64747695
57592351
15014914
79307063
21189355
37450417
64240891
21366001
21323242
42841158
29585986
35405968
50099490
41034016
53670053
68321415
68240270
29018898
73857898
56768547
76535130
19946602
71552722
25464754
53186063
39545585
72152821
27207372
56137622
56258556
25387941
71576060
78617100
25424005
15446494
22519819
33431278
14594479
43999293
63096177
23679359
12237195
14287368
71280810
69137793
71285886
29734406
48296451
18961658
52219872
33699792
79499727
52047477
50676244
76569823
67362238
71298632
68128949
42162543
71884640
77091322
29593405
24888778
51613947
63434260
10361469
24197514
66567806
46657531
28712083
37696124
23984701
43633159
74781336
31149940
50280453
79817782
53477324
33917864
47668989
25429454
62546527
55560716
70134839
64584709
68412621
21680122
54809761
61349271
58099585
33211210
70794432
34313578
19174427
55860188
50783629
10206364
76840328
43287363
51748556
13579301
13288412
40103446
35027741
25821435
27652239
44349783
45652310
43164962
39953720
55097736
17988605
15339506
79421509
63852609
17520312
75676294
72879794
65582208
18800270
63914723
36273460
52896679
14547608
71041712
19618818
68956583
63187854
18420378
62039822
74644140
44782156
58963569
32151676
12121780
47330142
45619241
36164475
77366727
27497598
16705070
36163559
31913903
42907807
46334491
73577799
47750108
71120035
12564859
38449526
78498395
44662664
79459601
60879589
57061162
75912351
27453659
23314589
27416560
35812864
53679641
25765498
33558049
78285800
36762599
42078236
51651262
65935824
24236572
34384550
36865707
61519243
41683851
28119247
24828170
54230647
16926345
39184935
18259922
48975963
13951252
15382861
21301339
63574467
46239899
64894605
15779694
13401121
49123544
28657806
43503372
39727880
30514831
72082569
66296279
38199735
44349642
40701464
34409480
42699810
36251863
69327620
45269627
67841362
75905808
64151034
24864875
57479034
49482222
14672452
28992518
73953129
31937563
41567002
14898986
34500405
34303866
62252015
24575002
22609106
73633954
31033863
23268313
51942410
27757379
52687892
18629617
26943455
74655321
46149554
12632416
35680443
28233102
76647386
37216509
69274650
23548629
77066730
25343819
60112753
54200037
76501178
36918379
55148998
60627294
72122285
32665210
61419951
34901454
24120534
79534453
36190135
74037012
21326796
60613756
70547682
16978883
21576398
15080959
26195910
46760779
76586785
34216989
75477775
51522580
47103278
60792724
60518217
77649398
60995080
70718517
35729166
25657283
14787445
10220791
50994583
60683874
66353219
13057442
47088219
33561214
20167055
27922817
70754160
25034410
15030028
19695202
32162117
51262952
58635361
73314932
34085000
66802882
35933201
55786161
70129549
66926229
31192933
60544810
40079466
64326910
62751160
11814885
54845542
31468895
54035503
56210988
76650133
63307843
68353777
47307902
37861928
49853796
68185320
49572027
19255420
54478033
59876623
74042376
78470670
73255568
65532887
24408969
70938503
36312984
56653440
22241249
27363899
77613179
76303212
67201356
22737458
32890211
19883435
32916068
35779256
72910700
40544287
14884309
39544149
40013761
78145814
23023358
78292176
23326246
51407637
37081594
57837342
47605568
39703407
39312609
48493397
19817382
27368960
75388217
50183549
66036773
20795988
71832903
65195804
59654263
77198308
22913022
35120110
77126485
17482409
74582304
28062738
25251111
76869904
53064083
23048766
62611381
14475997
39754688
73764283
50750294
24730895
25315323
34201008
67228131
47266046
10896815
52720468
51060436
40949319
59441874
26098974
51811544
11481308
12033872
15915274
16550051
25775756
36781324
57258846
26575087
50006926
68754811
24953586
65491336
75448773
56015701
16285441
67778992
48511108
68630414
44172301
27284556
35410856
70705705
72747955
26077202
42159841
11046083
41927969
14707683
44335614
79209464
18910934
21276139
10727704
29078664
61752322
59169370
21194659
22094725
13743695
33289982
41633253
35879924
28133536
48267534
14317748
19242540
57442645
70821167
53316120
77731403
24180828
67097889
43231624
14909284
27942331
75180578
64868777
38991306
74038560
48509474
31771043
30998273
56087033
32585411
32589633
19116942
67613851
51759662
54941725
50260972
11555908
10826709
35629507
47598370
79509996
53364862
62315509
55420949
34328357
58842847
13851497
74370290
61805884
64988379
74278324
29094045
70867026
64009106
18030578
24586572
18672092
58730654
42304459
48132268
77507273
70918320
18645774
18276933
73738844
75117254
44583589
67762728
74602549
67490996
31228920
66440546
23852596
29418296
20666451
50847085
63467974
21029499
79630979
18720096
27391031
50459326
76451966
29179825
43760245
77424399
51172428
39976008
78774961
32337710
73742287
63536421
31150823
22525123
58892430
40357986
57132604
64284072
63644967
24943426
54092658
32223137
74440578
58692755
77176949
24640172
44725682
62373735
28851303
34437549
52381085
59158272
29411327
48937325
30989337
22116600
55320062
36626981
34109207
36609300
51773669
79769059
12949294
78766545
12913480
36579592
25539652
24736735
15736756
24525474
37921165
34588006
15597470
58933763
24609302
66439025
48742093
39997570
19875751
77343325
28615752
14700329
71512958
47251650
13139188
20785162
22530399
65458795
63064234
23415452
38335439
22180098
60037049
26957670
31005345
14323494
68902365
37418996
51960933
73284231
71960912
57625056
42007730
37900979
63347334
61381274
30482646
16092742
67827001
58334366
12704678
50393315
67458139
28517575
13396817
35070485
36331469
14634650
31216882
60244504
48691521
76513285
55265427
19632703
31329190
27959963
46360152
22677304
56766726
30525129
47148223
59451334
47856593
24188559
30372764
32076161
39515412
58803491
12174131
40696693
62628135
28291505
46619908
19004367
28294842
79297855
58283438
75992520
13473415
40685721
31804874
59141428
49519496
25249507
49302516
54571684
34573785
76190112
19162791
71490986
13138444
38678508
42134068
60494834
76204049
33591438
31083413
13156347
63976943
46949587
34882300
10373449
38578482
27885625
74879420
61961250
51712640
43725732
60544705
31222066
46199980
62267142
25640686
66035416
60357708
24997568
11950145
77853421
51482847
72370691
12629781
52349723
20828950
33244346
61782116
15637926
72943919
75288379
68980787
41215513
15708571
78825669
36289191
50030502
31139086
63317180
50223479
61894488
57971073
48531921
36974851
26772988
25382717
49680871
11557918
54117464
50310987
33265142
75768827
75891469
64624802
46574119
17563880
64425082
71082953
40565019
53931736
70002096
72909058
27672247
50590958
44105382
22964255
57800302
73341305
52727315
57256945
51373163
31505452
23155058
68132765
70112236
24194657
59714047
20586038
42960794
17073446
61523002
42962371
45075857
39257563
19521750
23024020
40362274
70744572
30858472
31343290
28941952
64446785
71097752
58848662
74598482
32364433
43882417
61883328
48715102
34892350
12085294
30503357
41742596
51983773
53834505
35793724
27473477
61983264
38403748
77023486
56227725
35706379
26420123
57099386
27920551
77485002
46469424
19176905
49064099
25038439
68194294
52054286
14294547
65258595
77796374
37477724
54367135
27389725
72509640
77445701
51780687
71583810
23123952
31200605
19274077
54409079
56562933
69782681
57349629
46179098
68060669
48745817
38583276
42836629
75897526
36543005
42307028
14487313
35927987
49340205
20500156
14572007
54978799
46618035
33346077
44152224
27875116
16256860
53939878
47826038
46621070
29158483
25962959
79047654
48356173
65833920
57957677
24961134
74212061
12438061
64637339
26540834
44452237
69552800
59081814
30127961
45956524
40586401
56719901
55501783
38110879
58142324
25873533
32801531
41791782
48606991
69291675
49575680
73043098
50076120
19707261
79224523
56656261
27839738
65312057
27112133
49091693
47194236
23493890
53670549
73838764
11054184
71054635
71428214
17828261
56952745
16629533
24364622
32370047
66516137
35510572
27905327
61007424
43964472
77069210
56568516
21611521
61470153
68049433
42426298
70960723
78001873
74150233
16573129
74543046
55510892
41813005
42838925
40516431
44048070
47098391
55499383
49506529
63077194
72264284
12091938
41758558
65377105
30608948
28983213
36357466
64897474
67111607
42859337
48495731
65195024
51130522
19154177
58102476
33044155
49737757
25532499
79598412
11578162
58991664
42917630
38838512
72874504
29130886
27583308
39928171
23606274
35544592
34580965
27613745
74518390
22384062
14942268
65892490
27466978
48307310
12298009
66343218
22453027
32933507
56172670
50596722
43541007
28317641
64029962
36339991
38903627
22063097
75809446
58608973
11183458
56370658
58922616
53806151
50044386
65776416
33091145
77449250
65896083
58770389
73619221
28888413
38181347
35762957
22994673
70004779
24644390
47713070
79790733
48314827
68176889
30461464
21692195
19163798
77423058
58832930
56439693
32341543
29054224
57898756
78317536
54438070
62272911
13423328
74167659
47873089
29690692
48263953
36987142
24481724
68795073
55543193
59291575
22828876
74180129
67466680
74112542
62583144
51403837
15097757
37208010
38642011
69366739
42601916
39688033
54852092
65013167
59302782
16141638
36837554
60405029
50829396
70121493
10623482
43828282
77713515
68867247
75091265
33607596
33075664
53138199
12849330
12750306
43709505
26116420
48379682
68280874
56607056
36673510
40314408
51100283
71310730
43865706
11360679
57305774
55923097
25934644
65487402
42224008
53995115
28926666
45712398
57788140
63705585
52891977
56331605
43993921
39870999
10501206
58716374
21893754
74088647
46484722
22543969
42136002
41834605
14497940
64730359
77945596
10845924
14340412
38094907
74970066
60651990
39951218
74688045
40284692
56053442
48912284
42454392
59078962
65548991
44839735
56737815
32417636
31838715
65744719
76867547
65178403
47802488
46291646
37981322
45373020
34265047
62052248
48528744
58837390
78169945
69523937
15120301
14941970
28535492
17039401
68693555
51431161
69100350
12959391
52326129
14632120
51695028
27566371
12505988
20130876
73884869
79231197
38571287
74897656
66289834
22841116
57136269
75247176
49446552
31066813
13503601
78715454
49675859
40478344
27494308
32887442
13497770
55028603
19657166
22574900
28241581
13860943
71955284
13485802
41664449
57412752
61898435
68563406
54377496
33131694
42480322
64242428
34142354
55853079
67651633
43489502
48607502
76865850
25917238
60230038
78957964
67333991
74823030
70734696
42668773
16068025
16425950
62953042
25336800
18331790
43897112
62079669
65238941
23578635
70768428
38334088
63628733
50238497
75812126
78138219
29147599
47314735
28391052
11586677
12353427
56560633
26145543
71338582
64156979
48569567
14352602
73218778
77998727
15721309
62339159
28974655
38680898
30303225
63081948
53483381
73209451
18731525
23072588
39986061
11167717
29712985
36934693
36996144
16401812
16890715
69508891
78437405
33939781
37206501
58305446
19782371
11852331
64788297
15894702
22441496
19233844
37982441
71991657
45382175
41105956
59866071
26884280
67751355
52202921
31083823
30337111
59341816
46004320
45849137
21669865
38890036
61506893
16661619
66653648
26193839
34507590
71186540
21799507
32671140
33002018
51616877
68936146
62866844
38367750
43154888
33180858
61750927
48182081
17723733
44735091
55475454
56836025
25898499
13631287
44873990
36755509
50409796
40140493
74438720
45801061
69846487
77093398
76889172
22933173
66698297
63674788
21824691
56547752
51492688
57726184
63718324
78278428
77143613
74985897
44127565
71096497
77996054
25549080
58650867
12547339
62091891
10002191
79561939
66513210
27742458
75944962
38267715
58408579
77334771
29091094
22865701
78501738
30269569
53687751
27545986
31683317
39196830
69125508
51462317
55509914
60963096
20363786
64145716
73987926
39025280
62527674
79065264
48815197
36285859
21063985
13393257
78500342
44462574
13563075
57262292
79050337
18949191
64387808
44037761
28630268
33753224
32334839
32209597
30053052
53406804
48460890
43895988
69832729
53708286
75742365
58486371
61813505
34869705
45395070
33702420
10979693
77980288
72309722
72337868
29514461
68466451
66774073
51795246
48187898
36812419
62467903
54131866
76999927
57969770
46586462
13127345
52874585
15453210
39497502
43382927
18533461
57431916
34007338
24868000
34950383
19957462
71026888
14017227
29530651
12007028
41984002
70092472
66464065
21803091
47651074
27861589
57381317
50268097
12235498
75243953
48003174
44020935
52869639
45786565
20672744
51658999
43634917
39362111
20685139
60377157
69519470
72926057
12679744
62505770
27004630
21127899
76507340
48911932
66116421
65482127
32835716
62187759
65267078
18538370
10393683
21966135
58111422
73701995
14144849
79210928
53424670
62787944
63878491
70103095
58984908
69583429
43126534
25737678
24698013
67962160
49072439
73103097
61208563
76896317
60966937
55882749
75457185
48222603
36040587
39065680
77560176
51362935
59208498
60628593
33959737
40882571
79225124
62731057
43827083
52170445
23753219
69722660
77604842
52656225
64734911
42605956
12150771
10634422
16129212
79462579
43643034
28509201
10027440
35486119
57822401
22061463
78752722
70306169
48869572
77952886
23144414
20868237
22935016
61471325
28147786
58119861
37045726
63052868
45539429
69417285
18951839
46441100
53955382
42416786
40229563
39633465
79343743
59661709
51336210
19842396
49461910
76784121
75897912
11536320
36806822
31203197
66311111
52094180
50739148
32941545
65909912
15222089
34219064
48544857
44973103
38675392
16244963
39923736
60128006
11121594
37541496
53339913
57263168
26366271
54222775
55762367
21477873
60889699
75628540
24468764
38200123
17436587
66110035
25191153
24313918
19319629
21231876
16791848
36256613
63311025
58470366
50114831
49810210
55047741
18329660
40408532
70211056
36584022
23569260
22913962
10314126
70082663
34424229
55654537
33336633
25560491
50799799
53405880
76201445
67418198
29977363
46041982
57704435
11067148
30049175
12776114
10513874
44739587
18720728
31744213
63451621
45515700
39043312
49579952
53675408
28381225
60681319
58934518
37402818
15542343
35459921
70196810
40351375
25274130
73051479
13044129
22676181
47856963
49426816
57050432
16435887
32188731
45681226
79885831
47138025
31983229
50600400
18119294
65399188
55456844
18704023
69736683
58300526
54564069
72040000
27398248
78210794
57466113
68416078
67255256
29792288
69250533
36725084
26258258
36067172
32294110
68458561
25196071
67224488
15144872
62180954
56745908
54039599
74765979
31100432
34592807
22753642
36019280
52050280
56171295
60321290
54559439
25981149
47503478
51330329
69459152
75930307
63806134
52934312
21049403
74970296
11892140
30393216
24958283
11987216
40168473
67110957
52901007
58835276
32907163
69485451
22355090
24707364
25288530
26475598
29100575
14305520
43019472
39034944
79755508
56096821
24434868
43178349
17150434
55465350
39487576
21217098
19196099
41835270
27150169
29371464
76963494
24953314
25416063
32266514
33536773
74474494
67240380
46988955
69886675
15467572
32167195
10079705
21525070
70041666
25206152
10650412
76034906
42364337
77492170
15363152
51483549
37343104
57988586
44253105
52635890
78548205
46966433
55414166
26523551
62598462
19488823
50272293
70325664
26180124
76237228
23449624
49922643
13847304
12427402
19732645
76840460
65323023
55467010
76188605
25511102
13072019
12250838
13182524
28350808
25772966
79337579
78730783
31749440
23254181
59561318
25000221
36787071
68568568
64613345
34314631
40136141
60911067
77814137
19488056
21241571
42333302
60140598
59924950
24822371
38711689
35282022
62708867
70394036
18603601
58900841
42272855
27487253
35783352
75520541
50134326
65022808
37865639
40815540
73586323
51589950
16592382
32912299
32324126
33628708
49339893
12842464
50780303
18918817
14277572
44089307
16536463
33828503
14528691
40198574
32914495
53378405
52934098
61902619
55683826
60459847
51597755
14901059
14092979
61793484
57614707
70661380
69685029
18768123
45005790
45992378
59417673
29839163
33071710
64146667
36904475
33330789
29986965
29473546
67377997
72987083
17793798
57309577
72601901
50385004
67775718
25918837
14127680
77088513
31197193
50106236
41511683
19415037
26690160
79836005
76146734
45268045
50668798
35377501
52679896
42119202
53300588
60485158
33432089
61461895
48008324
20172434
10256722
58423844
12548325
61204693
57963586
46042535
56876485
74590058
63117886
17578688
46267985
58810683
77946412
51958443
18257636
57396137
45833685
69721809
21790313
70206154
72856626
52338573
16134998
56573236
37345373
37693430
32901419
73862877
76313057
54908108
76409146
46335908
44627257
47657037
50732384
10516215
23400066
32240212
26449525
16584720
55531392
57964214
64955013
36817864
73462275
19774713
65776769
53394067
57012091
37276434
65994719
54093878
78649595
31202004
52413983
71430979
75157448
30979409
55643296
34367480
30168198
37529420
35102378
72191897
66541153
54462326
22888217
27266975
20893760
79177196
52899193
50666847
55766586
39323343
16346222
26396055
59127192
35820397
42231346
27806198
35477358
34006483
16452609
77848065
74244711
69836406
63394183
31006818
60107672
31318480
25898019
62373457
65040197
65482672
31636316
42031553
37197737
39230351
73536457
78123448
21545807
42902818
36042459
40324746
78196992
78938367
25339330
52378227
60652492
51118669
78329589
23719772
37809349
34101596
31334713
14733183
67141327
67580979
70759614
65040198
78248417
58285283
74458553
39091028
48833382
24911342
20112040
12822896
48195224
61857947
49008070
72075804
42906309
67520789
77516834
78000372
36976490
25515074
20979721
24565740
11506098
37827585
57236007
26192696
36047654
14441704
71660324
14163618
42958358
59645439
54696255
67856405
59485490
14636749
52821007
39247558
20238090
36612966
20227262
77633094
42006680
27680650
65854937
62832680
73356912
64384411
19196542
22807918
46595367
59611626
71341531
51377369
78205902
54083284
66875099
70349934
35393490
15243280
48381041
75617370
70053256
17989285
60256831
42429147
16497012
15643906
61866051
47713915
12506135
45115362
29267775
21175129
59731571
72715820
45879195
41719394
51000454
62327724
15845037
70651542
71108165
46798706
37048293
58116012
30438908
65607869
43727909
72307662
26949012
70860975
15296789
41347738
50119019
20252005
34559031
20484263
72054820
23956172
35549079
17430477
59211224
43780292
32283424
15593371
31121947
78415274
20710792
55594768
68397855
42509121
76409651
73304193
48046283
27749747
36150862
29503221
55069127
70419312
44323342
26690414
35211847
13204512
30736513
42626489
33692098
31846902
24416509
76693733
20520997
39668660
53983437
60219198
16199313
64960994
31533515
38912472
78731123
76014233
35687322
39342539
71192199
32042089
75324359
50054795
10634398
11537615
71089263
61537259
75804214
19084644
23634198
45644678
30185512
13748487
56866564
23527207
52299208
18078066
52723758
42135524
48112538
55165000
12276760
13407562
25718715
44390229
72309913
21068931
50420862
50439907
75244803
42470592
56896540
53516010
50852211
26351888
51242202
35019545
62145028
49307282
59150447
32709216
32333441
29259731
74203883
51527796
37469568
29275577
28923102
42102991
24308277
47713718
27910124
46105058
51650567
46530176
35577535
78682953
20027832
57296554
79685078
57472230
41363858
31324980
63406010
18530399
17692951
45288431
77768350
49643826
37676050
78539698
36666676
25762380
13725480
13985757
20420230
30031785
50276208
39077823
77744943
46062981
53951244
30216326
77335535
15931147
64106856
63768134
33872924
59930175
30870197
21041093
52294731
55601652
51401454
32598058
13125466
43189814
39354847
79191228
22924829
26952258
56393682
41596934
51108924
48533019
27692319
14300572
70633182
47757390
20308564
14244109
75978386
25010751
55115957
41253949
13052180
34873908
15605641
21478225
35860560
41007932
43445439
21517648
51974689
22048416
14361622
61391695
47987300
54393201
11907521
68696971
53656810
75515561
47400952
63954282
69376586
71496419
54541115
46993000
55541010
35243549
68931416
58719667
43865590
49814268
76974486
74181989
48575176
15534720
16197680
18959467
77859304
55197561
64645313
69309674
76090012
23240973
40555969
20497783
23124824
63630222
25748170
70015857
74473987
23511675
74986758
16865612
59743634
63203118
66096927
22492334
41589527
78896102
13393597
59698064
58967614
73854298
57357864
37690349
76634050
72857260
49155225
27318715
16471805
34260645
47549057
52794757
17141114
41468176
68016155
37791494
60333813
51108272
32719072
64869450
48158374
72768559
12194488
44087281
24064446
22613984
18658437
47883319
32370571
64642174
28723408
17287660
15886713
16668454
10718893
44964048
67010157
38291345
59159268
46018234
38148838
55970876
64174041
75786954
70084027
44413363
23443072
56447226
73072879
37063950
61545299
18207669
46771678
20735173
41790737
46495774
46145061
70571620
36280939
79830032
50522908
60261094
11004317
16697898
72122791
62719281
33330562
76092330
43580296
75414169
67609384
20027749
25686955
61612276
26858198
42767541
55963595
14235773
12012236
43401082
48651164
18118309
14317908
73520930
63235879
38475840
74123432
65483196
31754383
34315203
43047131
69288251
38985249
13612500
53482479
44075027
62566627
27285575
38215044
74441507
39258232
60968647
73298505
59658495
23161505
41918126
15566328
22503404
10089439
60170921
32682646
35915494
68776745
45618768
15831158
25910769
79736200
57033457
53606388
77773021
78480502
27334350
45448246
12378279
53885910
59996958
31391944
49885817
72187136
10961197
54496776
33384764
61742882
23029469
39446709
27741064
47238481
70993949
28558092
32718136
62735187
55351986
34725966
77362147
41135640
37399342
10457773
72927314
52992881
36172853
50943700
28450879
75016594
47835943
31142730
71707022
44866968
43599957
13904846
60719717
22826278
47285706
37644746
77445782
72548307
47589237
29086001
32608923
62939265
64071539
77977922
30027128
25899637
63363485
73023693
13322329
49924804
12581708
28336650
72973350
17624712
78220291
23554955
15701158
49802492
51147640
36438455
15187642
20898509
50646750
39206995
67826596
41450100
29094914
29924346
53678376
75442846
38182185
58346076
51147504
38485117
71947236
15983221
42819514
35131431
51135133
22289335
19538888
10251488
46493444
40425586
72564099
45647198
13468856
43126413
78821743
76684432
42663382
27307785
44482830
44799857
11663966
49215318
21087472
33499657
28935913
11570639
34070809
18246820
65225782
58334689
10921614
30970708
24427163
42295370
58087930
67258424
54503337
33305249
76135209
48818332
25982661
15290192
55461573
70265376
57331131
26569506
62973919
48570274
10739980
10559005
29597931
46372741
15077428
24515893
31229454
74860288
76465293
40052061
36734981
34100348
22764274
38241089
29605055
28324809
23007044
55388769
33199653
39448625
20717074
59048826
10433611
74421211
52171525
11376550
56982720
13402022
75543886
76779181
43199043
73136719
26433381
78922274
28651676
53120307
30289193
36843767
57794178
27459978
55977365
63082991
40242906
34454901
49642528
55020320
38311409
52717657
11105305
29913686
46295462
42787649
77561909
62159456
58506433
79921377
74663203
69491915
43783091
62317218
58830976
23890148
20982927
77512871
41891482
65493824
13922225
51985827
41429757
53594411
32636568
10774512
75182140
55280126
59474096
70453287
42866994
69465761
59525945
70881110
10660625
24264990
79023805
14335397
23446541
42589509
76717661
11429972
49934915
76918779
67426115
58729059
63133242
18597747
66866807
46783562
35371877
59821503
78750290
23873700
41434916
41255324
76469777
43546152
33770630
51179682
38544967
76143620
57383825
40966468
51686055
54435437
23788182
51904087
35068548
50663291
58943974
50112594
76569914
63995308
69913787
20266917
44127342
66804957
21996822
49286328
27139649
40654979
17524115
21897474
55049243
74070455
16668643
20031894
43239805
43024956
31236030
33437855
12540134
78406638
66677247
38298435
51672916
64477017
70807962
13580787
29128732
35426179
75353144
57728942
44887742
28169415
59162347
57555987
49031433
70084104
21774708
41336523
57314722
12110340
71060339
63725543
15469455
71856661
22916330
46521441
34859553
59676995
56242619
64647863
11321463
68358062
35723717
76389769
38063914
23170913
74662882
40436568
67084786
75664046
72851568
49952539
66958074
61377616
10386306
57819768
29958638
12341197
54951415
62072276
68749434
12089696
49618989
54550127
64028776
61256647
32008683
17887571
53646812
17031042
61270723
17030090
14282236
36276324
20458203
60051052
53767901
14389968
57277269
43723641
36870146
47507690
30782073
13845239
72086144
36333049
18136572
66833560
44185634
71755630
44688306
20915186
42539175
27152660
28456850
16380593
47973003
19744140
74919681
55347518
37499751
29388104
50845410
68629494
33325174
34766466
60606795
35398207
52118186
10556726
13278740
35405027
66458226
44439401
58063461
42567539
52678828
10455998
76271900
38100581
48256601
12405131
61155065
28486881
50234298
34527071
69426790
19685823
31962268
75263570
34038303
22959294
24227481
59702913
71069301
48918532
62615399
10279250
31023956
79010025
44607707
40943667
39596623
16520442
14142480
14785125
48836912
54869365
65881016
58560140
59864051
73788617
61813683
33014913
69082849
38743085
44888029
35473612
75140055
34139097
33718145
78314548
57523023
16623987
14168557
68484033
16811548
67886756
17669064
26061473
25836574
19382786
40877994
16673694
48284338
68808681
74158857
31282692
49271139
61052844
41291057
60086301
68889575
55293605
17378556
54812080
11211387
10699875
74562503
17415132
44572490
54348466
41882002
38500116
15942943
12342201
35744668
13884128
73289794
62851793
30624404
57071949
67697577
38308884
30965930
27099712
48406401
46073907
47738488
10848563
59720148
55489318
56514268
15071395
11103553
34505134
13368066
17523228
27722618
58386884
58522151
67330199
41661371
75350070
60895115
77179034
10849698
74093956
77229766
66790701
36576693
54913704
70063718
62682445
75160261
59390769
66340980
36795851
72998234
78611655
63168315
34325688
77825056
14189399
20461063
68211502
17776547
24847969
78742382
35638755
68303633
19218103
24136950
44645874
19924820
10356208
54659241
61447779
59787972
49327855
42270143
53276846
69481409
47700524
56184591
26095888
67856296
64988328
45535424
55612177
45963267
47223851
73129976
25557993
20458499
48522135
43132409
59716763
44403718
78005189
33849176
21729537
40980662
26054672
71410349
75765966
55341982
62171788
75383742
75214247
20529659
72505683
34502456
66107227
55843375
27418770
46423498
38823388
72229740
78517551
38520907
69086532
12478822
54065804
77323035
19281760
11107147
34495306
56126655
42781297
39932225
52660023
78808546
44555396
25011808
39126571
33308657
18306253
59619157
47151887
13540615
56393401
60654910
49213921
45586951
52497676
74132351
52261377
37117157
13408754
70406297
25190312
64662735
58896832
45028371
13715946
31210110
23196016
35863553
42132902
14495154
16587581
34440058
50287988
20171352
36955037
66849999
44500220
10664320
30584264
69741555
60648107
14532676
33455918
32920499
49081276
51865300
67335910
27989335
13611942
76216905
38665328
56158495
33769227
43114997
79706850
11574390
52595608
27670459
42231479
53690904
46588839
30121884
23818808
13024007
67788323
50950070
47436007
65422604
61815122
49127208
45805431
42676937
55275590
22432775
41976790
57544764
40032535
32311801
79298828
43646167
69855567
58133935
21329192
34530023
27376395
32023277
11079940
57555935
14712317
65992102
69089236
10187096
76300338
36135758
57579832
14829003
78294079
62175724
57359589
43014967
44662322
12453347
39838346
79096538
25616396
60364735
75409113
66932161
78999844
38931282
74524137
39078564
35455438
51707808
46006449
39029414
53007910
16558786
14953943
76584446
26473514
66909224
58630121
35824120
49388964
49712264
66495439
55886499
28316238
26892497
53078226
70157625
62362147
25844097
17246974
24772747
26057772
39768067
21782926
66273163
57785004
24252170
34093019
60358848
32359316
69362816
15930841
57221748
66017426
30592610
28703625
38656008
49380999
20853543
44087262
29717212
22495046
48826567
24592090
60084818
58889930
66761163
55945214
28265802
23777833
48711480
62972364
18335832
54101884
61479382
77556923
38416339
14735122
16670320
55284438
65311914
38608284
40915392
39913765
30467108
44658407
20490209
31746016
39082643
70794788
46447372
17030290
51248289
77634058
25515832
71719671
53345107
59973640
42849492
73474736
36372087
40355018
38165578
31123548
53519567
33513382
75241649
27694382
66305831
48976648
31643928
45527481
31962099
37464658
65446548
36563966
14567478
20609380
71756818
66694005
42522336
22629478
44595819
22176158
42925896
20106816
12587773
76226325
19640282
58896115
17563197
64666292
77794446
26979848
71776347
35671717
14375982
13549918
17929825
10561191
67774528
12698831
51399023
29098754
75832885
33473030
33392904
48490483
50145971
18825542
12847940
37114482
57966373
72044917
25687676
69454707
27273130
56753166
67499814
13141744
42514061
62922917
79062980
11774685
58674455
45803680
66711300
32104817
19540527
38476142
67720442
38059531
70831442
75417076
47859905
22369229
26112677
77505878
37294938
51452024
20336200
13416691
54296604
21319419
40838945
59994108
50018877
47633959
19656843
10489159
71121459
57415918
51804011
13475664
54134802
61201823
13968390
19723930
46739882
39022237
11509107
13665055
66522073
24389526
78366031
37480418
68604744
44647933
18136613
25391975
24006828
37398306
37349650
13984236
73662452
43542997
31872396
77070885
23415467
78598552
20246976
70476700
19683645
75897639
46612327
53317098
77596856
57275852
61711526
48201533
14636948
33112628
44792827
16595182
48024907
58775116
10278717
71755244
75943833
42743069
76821769
54595682
63824227
38584473
54495024
56652018
63831404
22527609
13673341
15526120
50582460
65183866
28483397
11971528
38933542
61790127
18026594
26447195
54470003
74030979
42855154
16409306
25746104
30119970
54167882
60045392
37865271
28975150
24853111
66708930
44277306
51784371
76888287
40457741
45313125
62682420
57373807
79539512
74080687
24902207
48717130
49820676
14773585
31780081
45385764
58133240
26810428
20983983
72959725
10628047
68770100
68341214
67398748
26918757
14099696
67778876
14026247
14784108
27993890
75111650
22601849
19278214
70088169
35661737
15279552
21118580
41892697
71850427
29280724
72865877
68585776
59169927
37098733
37269348
44295829
40769535
44180147
37718435
35383359
59823080
26272950
15518298
68272278
34763509
65159674
75269991
17936300
41225450
27573256
40188972
42112208
61934128
12100017
28221672
23504011
49460387
18045322
74568566
58111542
24739969
39420563
13452911
49970334
18608914
53786072
68532254
68931524
78522920
49673000
20021005
27498700
18716685
33500810
52532653
78129478
18292663
16691982
58209081
49707887
36299408
45063317
69639872
60669867
77702329
51654738
23527766
59251909
53372370
71793570
53662579
44207721
51918366
37468895
49538763
57099282
24077787
43448363
35673418
75995091
62675534
12702760
44090762
71956153
33584471
30681508
53265564
29540643
68595945
35758856
25145232
26464665
76424284
77883812
18172452
12291954
58536308
19272623
61932422
76014616
53254926
51371499
31534819
40102483
64275811
49831864
62904345
29634761
47068778
25364357
24142953
43340256
74666704
44587404
65569964
16417299
25305003
15615417
77012966
26429762
54584734
22858877
62999370
76815599
73321004
30197022
24586019
12482759
73537517
57975610
79962999
55703447
59377576
76253518
31704386
56158451
56050705
60203521
63516179
75925870
72084893
66491191
71322180
31932365
45147678
64787697
44930311
26123222
59032032
52369609
71335039
27769868
32511781
21333233
41730664
55037611
39432432
36313708
66623738
64365542
24992012
19201823
76357961
44116848
24596185
35046061
44903005
17690424
77240279
50496481
76805810
73061347
42143626
24137133
37927662
52486849
64923904
31951652
50182963
19451761
12842159
62071078
21672685
43818195
38238449
21189366
42223894
31347125
21090521
35240806
48447709
30512748
27867248
21514774
47809246
61846347
14208723
56618067
71337438
70047142
24472112
47312393
74411169
66024994
34295087
21222701
65081502
75400803
41387563
48580527
74646934
26408080
68699306
74172239
48566597
67288247
54708537
75129501
27935788
58811898
11158838
67335931
63516814
29381750
24663806
22361308
57695390
23842333
69380994
18023314
67686413
24371047
28476207
11160589
56842077
16616792
18514678
40249408
69010120
47659955
47339160
24923857
49262303
23664286
57329089
79082058
11565424
71452379
22962025
58730338
48015430
70265561
34589743
57018115
77918951
60022328
37654368
37883931
79530860
69115585
41878209
18696243
75284915
21363308
56296750
76320231
53501433
66562984
17335581
75675017
22989911
21478750
28471060
50972075
63688541
67887443
21747225
37329522
78656343
51980421
37043591
41574574
44075926
21736460
32738484
52626263
40822383
21099012
19816122
18961744
74329789
36475668
57600293
23683204
64544495
53857403
33685910
32271595
50953153
59582999
47138806
35944769
58843233
13874357
18676711
67048976
11297649
51700636
68831186
70957050
38036640
78010553
66996595
51533013
61696387
71380859
72384932
51707008
14378516
23168766
67865628
50680414
65690909
63110628
46980441
45319063
32887206
45422637
25484458
46842849
60646172
21313092
32867971
34518808
32322053
51776324
47557460
44742316
72136139
20681101
60391245
66130526
37568277
11320188
47239145
60375025
49582851
23367463
11959079
35969101
36675993
16096108
74147656
14118592
51486382
12811664
58107784
47486252
74488329
46475522
21284022
61131237
14798438
55274972
55261004
22402597
17680856
45700908
73931941
31003391
65087503
30778017
14232553
35013069
51303527
42938220
76313266
44100352
30838350
66859994
35862361
33358016
67003068
23657563
44037603
34527662
11080005
78388909
48982605
67854864
37560934
48351398
69582287
29761576
10055635
12549409
49397618
77492735
25663685
29388389
39460720
37617466
68637483
69437563
51513501
73436266
20993256
27332039
37994138
45019992
16372901
61780745
67638199
47581240
46473275
50680765
12498286
67231714
66983074
26466266
37241076
25363743
27699791
74030633
65573811
11198308
79289069
21581845
17961273
62411841
43372829
16312590
75230495
50680417
13049765
29224416
65915277
59954462
30083220
42835975
21464465
68665938
34392297
32435837
36640519
67106452
29566970
79751947
15540486
32402241
11567386
27479405
76509852
49512203
76290702
34946791
26726450
28506238
28591498
77565547
55149038
78383664
68683765
66969813
77975835
12521862
10757177
12652164
65880920
19612714
33019506
18220009
41145769
70177112
38807891
19470334
35273084
71846539
52011110
78503340
45858073
32816746
19447451
49366418
58893903
76278605
49332072
56518424
60876785
32676182
47293376
35085541
64216463
30405624
54601413
32664327
59498281
58023985
66739829
10752089
68910086
50637002
67805359
42467846
68056442
30565417
76339952
22238522
12596828
13101602
33837499
20886688
59190342
61219511
29729094
76528491
49945631
61415913
35424744
18990175
23306699
38344070
15192311
36674497
52494018
25148720
73836486
65000003
66869802
59540184
24591978
40171551
42244374
27764497
50901332
44903813
53818095
14047944
62181570
75216415
58237849
25693484
24258106
46945795
57520675
16578158
69699289
47745881
31189570
16107087
14668802
65966017
48349001
79770159
62604899
74250648
43844484
54829086
59785593
15194661
21099208
41863293
72087957
68765655
33885934
11507303
36318406
20714164
69777581
11721555
48150922
24460141
42701184
17542373
65147476
43275728
78715889
35267845
25027199
17067670
30336716
77848819
57896086
62811875
39681821
43420693
19174158
77029633
35889935
36693733
56355054
63509400
31540869
56558817
13119542
49722849
70550775
73935972
68431707
65979333
44734676
68220011
65292483
55197685
71540360
33603854
76729642
10684127
69788383
23051943
51063450
69144337
62595633
22614595
29152818
31486499
36523459
72744985
51456316
79725156
45259854
58693399
66420016
32467759
66233661
58994064
15876537
37216444
48570872
56052060
17911938
24998502
57743961
14815417
10143395
54894441
42649291
13076647
24434250
68356184
58877101
41356387
63586501
56665896
34365953
46200284
62897515
18297728
34015882
25700658
13432834
42433114
51555313
32907192
17388315
76328745
47569647
21497742
29065146
62472144
12671314
25194853
57751236
73736671
47245715
68843926
13327622
64095797
31684111
56325875
32334843
40340264
62977909
32774078
74852490
66904861
42380854
15111012
52927719
12038506
66598424
35136654
47895603
74224106
69790331
28346027
16083533
56029236
14486674
49103344
19098282
31479772
55563406
65870748
46320616
18897643
37959366
45653547
32833761
47479652
39652980
49518098
35590771
11288898
68290221
25544222
13075297
53799651
52254363
10141745
66149012
59890110
43843359
24299797
48114211
48194467
27860778
33874324
13236631
73051516
23500994
27924924
14211790
46281968
51536350
46830052
30496473
66511945
37028964
30423515
60007560
22447772
15714155
13627530
32416035
21855338
65501572
75306365
60110757
42886976
34733984
42704068
47662153
46435624
47500551
30091292
29079447
45090634
20589160
11157593
32692201
59433973
48162437
47168429
23956794
16343864
33653125
42000898
21667839
29404989
58338707
77655123
57654052
67654323
23912972
21323418
12800964
62890710
26292011
20397170
42269470
67936417
18215133
56421174
60731273
61311963
29233298
53339197
13556660
48483915
54031518
42727787
72698693
60004277
16378481
16129290
47087494
72395822
56315267
69447309
43489754
34677765
40268366
77917352
75453892
64130509
75534346
19064402
29720045
55883538
77902360
34925488
32517247
48387720
29821533
65782659
13400016
44021761
30644788
64860918
74518468
77552763
64771001
34963351
29597622
72412315
21745067
11049408
23478617
75668850
19320654
52818472
61222611
64816133
78673543
55546264
27509086
13010534
70370362
36575873
27805923
40529515
41895889
13625249
31456154
48167123
48225138
61186257
66869858
40692113
59508299
41346655
20501929
69681628
34362247
20806612
71240247
12441339
15112544
28495013
42464887
58505999
12533918
22641630
48682277
58807449
56832330
50222070
11232152
32349825
28567921
39559231
19177449
36083683
27545665
11442863
60985726
41930162
52990741
12753571
49804491
66641737
32858514
16059042
53446477
29566397
72398060
24956916
13734014
34701270
50958386
51301833
62005016
35513131
79245079
40378310
51835412
77564328
59025335
22456383
57445345
13379106
49761605
31004382
64827414
16834141
15706267
51825777
79829073
47097227
69674364
57831682
51058594
45426896
64704165
74662014
65330256
59999453
34464698
48808505
60978878
39710716
21484072
17174633
76902370
27289018
68705915
30133478
71553701
58051824
23418274
13673867
22978214
28602746
32000735
50763945
44837795
53979333
22499761
75371622
14585459
37347599
12368500
71094906
12436993
57677159
38221837
29863619
10679364
52753347
35635336
49161459
25338978
32408063
16912353
69503605
48994782
58599074
72184063
11300303
31281320
40048641
70502883
35918607
79735180
49110016
52282464
15871552
12628197
20699089
30489547
65699978
44340190
37298233
79977140
42181179
66395308
47933703
14626763
70615432
15395965
29969264
55752182
28674440
12759917
63462554
60553479
27012004
34876682
61889624
31491992
25558318
23818859
24481660
13687250
30481491
64923221
76452115
27358995
65339934
18797209
42742318
71890412
59519068
14762299
18260473
50405677
76616990
25116787
24715939
19667117
68463070
33097871
42169889
62926768
46141099
72247957
40240635
23865345
79151718
73975260
10663948
62861923
35784918
45419079
36548390
49692895
56503758
77740289
65403067
71830827
45904889
50684282
35885356
20568312
14761301
60184962
16049390
47719018
48558310
25516086
17175698
67422880
10201637
67463582
77954130
28835873
69447901
75669290
55576783
49557541
51432357
53161557
33867629
27527097
46847499
26452727
47991834
73898338
75552625
30110680
43314716
31874423
69430911
36937159
29924393
33255683
30291906
18710143
45298316
62345239
68175606
16207098
34763520
39458961
59675228
78398268
48072601
79921428
75028914
20744801
67083503
58129287
49107908
28073419
10017683
69642536
54828779
34862052
71968633
44200064
26010234
32610965
11046199
52456722
68457550
25573872
22495330
43992693
34605525
49505707
47430965
54812108
25311142
22692476
29740401
19518124
61057245
49712478
21348752
34465683
68093743
58098992
46508961
21211976
13061598
20322474
65920329
60203689
26553169
44871744
54008929
31709922
54845570
70390830
19814131
24823519
50864180
73665219
64631768
61092458
50666857
36111755
39842750
75068765
78046719
24433710
24665604
45442592
50192839
69672649
40476530
54975449
14368983
29108363
16560093
48097851
18092507
72543928
48726247
59584802
42987320
52992217
21160553
38170466
19706426
76953918
68586959
25363826
56988943
20770297
13175558
56323899
41931802
71170262
30228349
63402694
64555037
18824884
54649158
10966881
50882715
69694751
55972012
53692333
60576868
69117142
67713232
16031066
27517671
13972404
36878254
13921304
68335770
49337784
70351697
78383581
52999777
62855537
25796528
19954598
23286354
23947931
51902645
57155132
28322125
73805169
16358956
40958662
48082497
42682666
19327905
34801966
68701991
36665449
13236627
76787281
74552816
40812387
75950281
21302442
74434077
33329441
38939323
42513064
78137949
63716261
77396581
64002930
34582868
42255596
38858377
33621274
18903878
48320963
51936618
63142224
49086868
58860890
72364703
46379696
28836648
73997555
44195803
72371966
14195987
73091308
24917001
25212605
29257561
74385265
51802953
27286726
35682657
52495961
36324817
55975961
78877993
44171907
71154391
14891479
16125194
56141889
20278925
31956059
40695893
14533259
21196652
33137929
64636601
62726249
18386093
46620994
60086046
26125598
36767732
24009628
22250494
32820639
51801830
20211621
74598043
59885133
12511103
18034592
20765661
64078603
62885817
67844145
11933775
58484022
17700353
33972771
20864377
64925943
65736691
39673767
32072474
10908215
59688466
62060277
61540242
16489291
74528488
14731905
69359316
25891524
26345281
59279165
48135693
38275483
78173766
30025058
58301017
22079421
73521351
47993645
23525722
76603007
50007200
69079925
55881066
38772562
36087555
48729726
38837918
74505285
41188386
61234198
12283443
72029275
25111119
11513578
75698003
50360960
31635887
79576969
76154105
52562016
63254413
48408745
48468677
10966675
58261730
60464949
51836871
68292564
20646070
64838853
47562957
33009082
78041703
63922445
24220268
18284825
18648018
57890049
50774499
57463241
17095265
20746029
11263049
41624794
42363928
17529974
56746564
24734420
72409852
19937571
65060294
74360928
14092325
43318815
12531470
67429089
34922462
64329951
15460797
54560094
68744631
13227284
43535453
43428829
33409782
44504533
59294721
68061458
17682069
63495846
22932781
33579343
67816597
67227951
19854628
77482069
51120322
75875563
29694504
11086703
50402868
48651883
34268544
53196669
49923897
75323152
35512487
42183188
52430596
35744251
40221216
73739500
69827918
67834964
20362885
17308406
45528273
59216553
71824038
70256693
76824445
27042417
74455984
60102921
77635462
64960962
68362890
58336250
35419782
12506248
74214999
37207069
68160050
64913647
13375786
63941013
23375502
22304821
44289487
43143147
22875571
13635591
58806813
27417880
20503437
52217822
78661753
27713962
40965897
12805430
71830089
38698633
52094339
28800464
64765734
69041595
57590575
67219768
18953411
34489002
50404294
25288300
78050015
38350682
14950628
15264851
60591482
41495462
18115172
57995533
75368454
42124454
62380747
27851403
17246818
21080255
12532390
75943777
21006457
34532163
67062975
59145853
38977272
75382127
21460623
19078122
33739573
70553822
63465482
60091474
13880807
20182856
65444111
33626106
11257112
22088511
19145714
58514823
36444660
73918299
63226888
42611120
42167595
72581662
72688305
61903234
50085738
46021123
61342873
43376305
46800031
15109396
50808301
65857145
31579589
72316798
39255273
53884445
31345911
72485427
21050833
23917294
66955802
78671163
12380926
36601440
10216710
69828876
56981703
15789510
35907054
12289660
20571614
49463758
55048435
78702705
22792590
64327033
53212053
41148619
27462792
17359194
40839712
64824528
78222221
16441404
36214291
32246285
17944464
78542601
24374185
70746486
41152700
63171877
64580691
52818992
50497914
34684645
23769005
23121504
56189263
79655384
16158866
50128037
70502704
19126028
51682179
27155868
19212317
14912704
44672868
53239891
36664852
20519742
75947854
23245796
43755427
43127830
30786416
54550172
64843180
76893276
16322541
18363997
43727768
64818209
76102150
72814120
33152886
72257534
43030831
19732506
41438701
71113058
27159809
40958206
44316648
62756372
52748020
22201395
57478814
72040272
60807358
65120064
32115020
77263550
17246867
35509530
21667088
12246034
57362681
57654086
35588186
78301895
22908266
17165135
73675126
24509308
36930345
62761149
21667518
55116551
34761269
42374849
64123899
10668638
65297954
47362462
13539916
52731660
10492655
74354203
28854379
54298207
27156981
52505433
36215623
18670085
42910186
68891254
58289776
62504073
74634628
33767950
71552622
29573287
30891300
40242309
30640913
65930212
54492109
49312464
36267839
69583428
73943629
78018247
36064893
17216796
65565366
23954529
53206093
17295966
53884177
37544067
66915124
27570457
76317182
66123871
77977495
16210782
57856115
12095929
21860659
22104427
71430662
14385682
37877726
73412718
60683476
57050695
28156313
50141823
47842263
61866013
33656249
41977917
47975288
62864501
76728680
36277999
72630363
60702769
65202331
29614931
72285915
11050569
73298716
53748522
33204388
16755632
76627894
42673376
79614243
45310735
59029864
33109181
25065604
12522636
64558788
35633450
21990256
68300903
48201535
33537263
59691711
16609150
16776635
26203775
69595685
37374595
63221152
50813424
22328359
53754360
37049717
57977954
14406100
42102425
40311377
64175606
76487205
62686871
44633907
64425308
15025047
30158275
23982794
12715507
27232065
75932518
31545865
29558448
35076948
13157816
29605127
54585174
75715009
35542473
77216760
14724622
19962852
47149535
79491413
25469715
14090182
29323545
78216917
40193609
31297567
24498649
15724823
16365384
61987284
43468107
15923893
50891933
18331840
36932065
69126321
69949646
43881601
66530864
69047441
55137740
52622987
16254927
59132921
40544779
63786018
26012469
31529034
11753091
21560932
44092292
61961177
23266404
46259096
48684563
36732621
14413258
79677542
46486013
54232908
19488182
55682461
67438640
68690175
16876296
72224447
39564985
56984828
22577895
52615322
78034857
49851113
70293268
58540243
64076397
28085541
35891884
62148103
58873356
14627961
42030919
73405940
68575586
76763835
64252065
52896317
51297035
78302694
61706447
71582488
72618865
73222557
39662324
73515038
42074569
16038187
28926695
29320630
69651670
64267385
22343828
10173899
51834762
36376624
68440409
42746523
17099662
71519608
11622017
23738572
72049392
49718527
54900933
31743621
61303317
41395089
44497235
40486714
33086379
69851226
79480256
25337368
27708830
55719108
18667333
69345364
29910449
34563608
47056241
50303295
47397637
62382080
37196352
35758168
71015655
74645202
50066782
31564898
16945374
42240016
13851557
50896652
67724762
52831632
17578642
14439801
58504935
23611026
41307673
75358387
46037012
59594853
14091234
30507760
79567492
56189933
77975430
17543818
41372671
73106722
69797145
39754176
35959241
22288879
20997208
73229545
63341588
36038203
17050912
65339633
17523350
55748040
20762768
16515209
51125743
24644641
22518560
73955569
45496548
23952930
10247609
42402134
37021600
19608082
78856707
48069957
59681997
65792216
77109029
54264076
33952121
66473529
45644895
48880518
54509926
55068901
34354247
18111628
76596529
48955753
74655660
46079037
29095334
78921035
17228593
20948344
33313417
44045502
32720979
69352035
26316431
55057665
65686780
23689499
51672711
73759406
57402879
65555971
43135947
12152592
44179588
18776596
46065049
52529492
65122947
22454661
16208903
28719881
52196548
15964786
79862114
72242936
66780046
26714462
40368385
79884763
27286674
22911197
60010634
42976763
49032017
26192317
79338175
28709587
72329918
77668409
12825175
37563188
56715451
51461103
38183917
38234167
34275218
49228763
77744793
25836052
77219750
23320029
21350785
71831534
63077370
27714024
29704603
65755734
14739759
27781288
67975024
21827752
41141265
61881238
73304610
78073374
34421728
59861219
50029165
71140238
25064710
12455974
20344029
45672796
78584875
20474326
45144027
70222635
49105794
58166158
17175384
15080798
28917784
12525406
24729902
72677604
38496075
59739715
70224642
21777868
53622890
76941064
63277841
40918407
13461610
79786742
64415273
16516699
46818513
13151661
74697313
28791772
34261222
66282988
51085776
20736600
39860569
66968009
12554855
73749883
26657717
17812115
10242226
35295248
76564819
74423063
62905759
79791184
10048225
61201524
34116311
12717420
23720205
18074088
63606917
76335506
43346866
28355180
13985103
56617462
69872604
76371169
26731614
31672058
34189371
44462450
18048123
53849032
37535769
44877171
10517780
10357229
38544028
77383319
30547524
25932107
11435565
38339818
73087242
77368452
22037251
37337501
25277249
31179559
29429078
76998378
51883846
38924802
34904594
42946404
54759117
77816983
31257378
76186858
63408296
79616540
36608901
39157577
62958899
56494800
13751450
76612892
13651455
11929550
75898074
75072812
73755611
35471396
43290368
43075594
45554586
54554946
48022798
71163519
34250522
34265450
64801768
47216144
24955365
50622312
54102440
14036669
12222210
18817946
34532278
32015663
35305845
52019316
31406969
76586406
22466214
70173287
12847882
31026760
68235190
74960216
79177189
31188306
48592670
41908044
63728775
68223418
49366884
11701656
25702645
34175321
43057851
13760273
11221492
73182053
57084130
43938367
34673580
56258615
57701088
78201166
32264763
67893661
73476876
59410640
73056557
40885685
73124511
25969517
13310155
26434998
41278922
78580328
52441226
57415868
50608004
44645221
46551234
69964455
55472920
44634373
43706445
10643024
56040792
23564354
19936367
51327938
73998066
34357327
48767125
42797143
11065995
77290878
79332345
44396038
43384944
64829760
44409442
60698324
11061553
59490936
52067097
48840639
33781584
51187814
42087171
61363083
67814363
64665435
40326884
42181170
78664686
32527664
16472615
74926105
67246339
14541931
34725423
48970884
68925948
79953680
19415704
56250214
69690080
63072990
53001486
10918849
48886451
20421883
74876444
14993476
27419155
19968999
29236157
12939525
46750580
27360660
79123416
32677560
37720098
21620828
64607161
21381432
24721606
66659490
21364903
47562437
78548669
12777012
73286353
31254005
55396357
11022678
48789500
66135016
42300986
40939804
13533059
29301794
27045138
22404019
57579661
53911071
28073097
45450271
76169401
57681723
34781171
47899303
76765618
32158970
73662254
56219647
38533896
53486237
43912575
51473541
65523831
55963930
10560541
61854058
57022627
56235277
22735242
30892034
73499262
73298009
30750526
58972448
65447907
60078193
51532113
61784453
36701780
76749744
37078398
18426141
21590530
62724593
45333009
30911954
65526389
33907902
51362752
69375852
72922939
16134422
30694660
30325838
52640395
15667439
40668393
78058078
55025737
19240764
26817424
46419271
58105455
33693953
24147986
19389496
77963009
48982485
53923388
12721576
15980955
64633999
33387173
43925794
75140033
65676208
10421373
59533262
25291768
51883186
14084661
15040920
74362137
11713432
11020344
48039790
76841047
66845826
15002840
69315142
39278255
30071357
33086749
46109770
75880950
24696319
74198621
29836644
24079184
38910225
60216625
42706085
37976645
77280262
24616321
62010736
28155038
70076986
64800779
33779227
51830953
20959476
38065035
49086536
75861565
29304172
55338241
69184445
51618871
78058832
62256151
37884782
51319799
25813771
37573198
43734054
40207778
15696649
41256032
13003811
75379297
10043896
76893648
20273212
35884084
20309600
59462899
27741999
35206655
29620265
10555187
57977679
28097705
10843644
64371056
62565724
50459135
72751645
36069527
23882351
14049636
69707428
11061335
73419697
78472117
26546106
26969440
72185968
40729323
32929868
15712632
57145402
51999243
63996839
13640936
35838564
63528030
16978840
41593282
76910488
13261601
22904280
51488523
15421738
46849213
47055400
18559116
67876897
23526501
66515988
30420039
69482781
25154580
24047360
37762021
79441154
53155713
27131773
28432155
42223069
72073403
74066556
74162265
76331622
17306720
18129254
47697494
61808374
37369137
69773609
33766008
68761656
56607385
45967837
21696888
37917356
15211665
50151538
20779458
62611837
65163510
22234961
69590206
36536761
55936281
17154318
27987697
29960452
62811114
16784101
74276617
79583645
60505733
50448350
53473387
68397071
66002751
13153642
48476349
67394421
24238047
14683035
52891431
73348003
37964002
36971786
23622703
25710533
36897553
19213593
32504173
50219124
29551960
21226253
18556281
58576946
32970417
56389001
65011044
67370518
30402007
26278245
40756516
62657063
36151992
29734484
17018497
11398115
39786455
25429532
50357073
50810147
15098176
60833138
36708189
58886799
76299977
54573125
52033355
35520935
30126720
35697679
19246019
15775651
17698337
22765163
56018231
17029630
13691075
47423689
16212489
37226251
78874895
32584023
29550020
74700703
79406638
78472888
47401175
29894957
32438288
78928969
46880581
76843233
69395292
61052500
32261032
40856383
73171139
17958818
17904308
23331340
31052050
13777159
78580006
22430826
61905449
41987954
37904531
30861050
68546586
19016057
78432697
52207346
22510159
33029456
79209915
69483429
33189637
12257662
17109573
61800769
46136698
40901823
23897545
79244509
59805294
45375179
63898397
43084045
78963459
11908478
40226843
71967305
48528550
25558380
29822994
68315572
76736519
73747101
37718091
15472516
35264414
50303421
10705199
72865812
70428509
26004227
59066967
79946073
12348249
61926292
62146821
16598261
46251826
72957482
48195340
17832965
60135048
69338118
69074564
32528682
22001156
42029381
55664072
16082094
33249315
19037300
73422268
64862659
22719289
36771301
32262748
69797172
74294604
12480728
28868815
18810839
67034858
35866209
76194068
69927009
18798271
54296992
79501061
54663578
57509232
41535229
37185086
38867201
67626140
12306052
20266512
64844003
72691083
14571234
41710867
35252326
53720934
57916942
50460928
46692764
30827162
21492374
56061891
34155852
68838874
46994035
67968963
22845775
31214003
35657949
25903113
33769525
37796883
69851906
48379609
22201181
46322366
76111574
54284946
18417897
42685370
40276746
16348302
67183418
61854874
56831360
30292820
51484352
30533524
39897385
49246731
55332250
77144904
59934088
63118637
43929033
25492149
30808483
72517284
46889447
73706302
28537916
25570332
48507697
39369593
50147415
34329965
61358102
67498488
37731553
61544867
13302041
20917725
11644472
18857346
22099208
77266078
53471220
22941051
30512048
28422904
64696547
23487569
65753187
22674184
46202514
27351012
19999449
37003197
43622952
39670092
78007601
52885046
67303797
67099147
18893572
34071259
18757950
57708260
70023763
31253475
78255198
63369516
70519801
33901239
77886672
44764077
71959568
30927626
69172935
66698928
12462984
59894965
57735343
79601615
68085826
63931988
46855713
62229764
29640829
29611324
17100643
17250132
76851164
54887477
39409739
56631557
15534014
67842576
25041442
31361351
17966490
45908945
10774717
40138114
72580572
37312532
59767276
59024388
50393667
12672062
25222231
36624721
55605395
49589113
79981612
39335441
43147274
75450647
59324166
36334020
22616093
50186186
55295163
40231820
43717479
39406116
69280817
41936995
74103959
59640151
38438435
40679906
39772463
75476073
56575450
70212633
68344533
58413201
15769621
68885392
37649916
31515011
37739417
28299808
78588256
43589151
27409278
44022786
73562491
65500386
59140263
75018826
15029726
20100481
65730855
56206578
21290646
65983456
17411992
39661844
66479465
27587991
22654840
60949522
18246272
52163595
70921748
13245430
59629154
43595574
59152628
17501168
44490875
34785909
65637582
74486439
24345556
13283603
43815937
78422098
52922094
14433397
63271968
46038916
10589318
39718738
76080028
47605318
71249077
74407890
25511579
51245847
41800005
35344143
66332368
28037513
14905653
48598638
59648466
48875598
26093605
10293732
14685156
58965698
57163515
10277044
54449728
21624931
14772403
12860511
34135864
21487235
32897351
47242872
69025081
60267895
79722648
27146430
19951790
42643167
56829728
78830754
78513707
75900404
34874920
21617324
48130858
19450440
12800263
49296760
75032066
17319388
23850303
79051226
49900575
26738343
75384631
59675027
16709991
51187706
29176873
46557848
32015751
33341703
37051605
60272281
79969762
11058007
58807741
36384821
56480080
65638920
33571538
78381766
62435944
78125942
11200937
55268320
56669696
75271658
63485029
64820422
21952919
17506753
50013467
54922641
28265675
18458771
59837110
45633724
13918630
13046424
18947337
70701895
20737801
66131098
53141062
58702963
11933465
54935902
29007050
40963509
63063577
79554435
15365597
42674450
19982485
54118875
57370595
33915885
46891684
42341099
55574850
67353332
52313868
50619342
66249750
43041868
64366203
14679915
11028127
22048755
53936809
44187084
42965378
61514200
32455027
40353110
52188845
37006420
49657605
39273880
73989072
33694664
61980610
70546135
58639311
19685470
66042990
33022513
59190971
63337015
43474132
79530361
59789475
11333401
47435647
77196544
27724893
59439303
69543804
24617478
40357818
66686260
67503223
39487871
13176339
63590655
45306199
17220903
30916159
58072293
47408511
59677904
10276000
71205290
66365607
16164920
74451877
68657670
13092023
60478137
14706746
40485396
79056659
61433784
29723200
10147490
48560394
53533775
15323083
25003964
19221690
49282786
19241812
17480638
19468539
48205454
41014834
27928661
10450514
28756370
54422908
72082397
20409034
32531078
60244349
75051512
36295790
53904188
14458451
79507051
26038664
70754159
36097982
23864630
61409141
39617147
56335211
34968204
18826554
50326307
46063731
62710787
16650834
43315628
51945603
28676428
32248106
26693469
79611605
38035792
21373777
60766497
32684952
66670089
29328196
64334019
17435162
11288543
48616882
31821709
77818825
24194163
20506268
65116624
28371915
72512956
77933392
66174162
23218736
12042103
76382169
31279010
42180394
39506383
56556124
17917198
72975993
78361547
13186681
19076778
66940000
20231860
47355503
38058218
79121381
58271062
74742759
25357413
55154667
78514281
79702424
45221571
67445424
24538571
12901728
71450545
11692254
46888949
58441505
22919288
24251590
28758121
29043546
70026622
76675940
52281915
16278639
70694457
25050788
41348453
45091305
12708521
59309412
53755591
71672120
48418619
75271536
17352215
75842465
19306485
47992383
68550430
47022615
46407788
64354578
78946226
23922992
67818566
65522734
55760645
20452574
29321977
54026295
44864833
78960975
45613795
44719005
15542650
23916503
74863276
20057093
41464956
75146996
26849560
22133864
44790835
45390993
35169831
15313310
78985401
61807102
15960829
55140011
56236945
50644127
36565265
79958015
30046118
50493544
56590624
28682609
40186687
12123351
53168839
59062455
27612919
11504553
36379758
51250636
67481630
59721596
30006199
31518059
58514599
21918184
21801684
47792568
17640850
57786403
35066044
46195150
31295623
57117279
55355761
41835399
35918216
74530589
32433312
52708352
25901232
42377340
15841315
57805971
68440327
29564890
76583287
20531200
28570075
54130054
24144483
37370137
68358938
10647059
66199569
62975091
75860281
54736250
39908607
21693405
76235750
66655649
58124723
62717033
75648935
22617398
58502209
43977957
63680205
75972901
60424123
33123545
54923880
24701565
53685466
59883092
49094978
40644560
44126352
73569538
27118483
53161083
44016921
53724093
35550623
66386109
45970984
69120972
78776892
70758431
72988656
62605014
76744099
29435728
77630776
38679054
55069499
27787028
15669174
57425412
69259211
24005753
38231958
43309497
72972886
70372377
74037796
57466908
46183546
12925038
19497263
69816560
23149113
30945925
10443346
40109949
33413224
65110536
78436536
19946780
30923898
63025415
58447729
31144931
55872480
79769096
28962780
66776278
79283255
51835772
27036144
17097834
23134282
47191592
53304098
49029137
10783974
68056913
60701782
59622987
36703641
25096138
64459779
46548775
65935504
45365976
32016404
62299231
72950478
77040354
62365776
79091462
14798735
28156295
24992813
65061340
73456888
47301430
58154647
66532603
21374974
63066220
52520753
42407483
67041248
21682867
40874542
34774238
70414231
65281870
36412906
60575971
67819024
64772335
77916520
73757902
74672490
61143052
79861361
43288973
19007020
17096464
76581289
13266614
36969935
30653656
70358454
74519326
15493070
27788202
26367548
12192854
41911331
52047704
29093790
16250020
74758454
62226770
24052726
18434006
38333985
37201812
79731902
71859068
44103234
37508534
13241055
23895139
59285015
70422136
14878750
49993452
73121919
29755717
30161725
65412869
69208268
71486138
56037617
71517979
68893798
52427923
12468586
47287535
22905217
17753756
72480994
61307244
32529959
56121352
13824369
76001385
79943464
44168422
33978096
42496241
43819693
55446469
67174982
11844351
61948051
70316286
56604843
54865268
32127850
68889944
25146718
19672165
32889631
30757239
60042916
53561646
27191875
47762000
57618087
62165012
23684919
74598341
39103881
26453940
48406193
28583341
71964256
15411699
72034954
61030762
43545849
24265642
79972312
68349526
50858761
79152222
11768199
36909544
21562920
76945272
50151643
17060012
79215963
51494553
37132532
59550985
75434486
28600064
18206569
62101632
13897807
63963303
10601143
61838842
38894355
39645030
18765221
69369731
13294775
35614655
10255389
77230952
67238606
63100105
45252626
65983032
33909162
74140048
12629858
11061345
43186600
27290582
24768241
22927911
59284191
26953387
15917253
25606871
57359648
60319684
74764836
69854075
58045320
11771547
70577106
39077312
44854307
71958719
46082649
32008430
14185275
35021201
27074065
25594681
23625839
59542705
54754060
27192398
18887131
24908290
39470526
73480467
35962958
62943811
20462290
79978798
13304934
23738199
46556976
76311238
23731642
69605032
12213215
41452841
40601686
32045027
62402985
25351036
63808394
44819576
11299355
56084127
35523429
76762497
62053734
47239503
25655600
18421664
27740544
26224559
25832936
53669344
47071960
32813247
34123557
45515212
77910584
32431077
31276165
40949385
17086189
28924649
72159241
47945169
35468054
63886974
27598044
25586475
55520846
52596100
57452608
14575412
30457087
54265834
21950700
25185636
30614827
77374501
19115459
23437567
34352100
62806402
75823714
72362969
34229191
18888582
22939154
50960185
42002140
31185483
14708030
57644435
28874955
17204674
10385706
66093021
42829063
46700744
67391846
48333363
27048291
55470970
61275081
67068048
56855891
15496182
15731743
47099629
64804198
48904089
63346135
49831699
12929565
13930490
24786750
49698017
17517256
59133777
68891867
22854945
77379974
70850632
47491947
74702809
21650661
24445314
47088405
58360604
11556509
73303114
17561689
12264775
46646786
75953148
36742098
34139417
65033305
37191327
59480047
50574301
26497982
54173467
73426080
48037895
33592710
54526767
73498945
38632251
46988260
19370110
19950335
18286233
30079273
16695147
22902552
63611660
15881277
62607190
73533591
56544011
78376361
75353108
75873996
24996704
63890000
29466027
22091960
75500063
53379488
37083048
55763501
24210781
60725633
47897260
56271335
63962779
71319633
73947020
32893729
69235034
43496992
73446782
75169361
21144549
74286395
41375756
58134662
72054977
48437570
45137200
63561434
52507351
27915020
54520779
21234823
15193323
74294983
12407261
75574740
16868806
65719893
32408867
49078417
17287578
64103106
76666931
77997396
67429213
65322462
30778912
59003511
49632356
15934622
30808730
35524627
51180146
16589896
24034532
24033289
51792968
37821547
49453324
47089937
44280806
75792635
41751546
10058234
49767658
76209459
37692752
59976809
53610812
19145920
19022436
48571081
31853179
32355530
63826565
64461947
52272171
42464182
77347026
50351495
59018316
37701739
78442139
12600088
61808661
12589649
32066700
51464528
63399170
35167502
25166262
67468392
30484952
35167647
27359362
34433353
23622495
56576926
12234477
31246898
19021876
77924104
60335765
26234547
67961537
19864608
41324594
57913328
51934058
42214441
54631144
65294222
73566711
29531305
61751072
55451355
42788591
59862946
38166714
38595298
62690868
35595587
36124756
66311138
75377861
43760858
10651959
24635266
75291237
14281003
47504403
20261655
78539207
63130455
48983913
45318460
34909869
35608406
62340036
76659019
29422158
47066390
53146623
45947815
76777284
31549149
54463854
70864615
35484415
25450968
62710069
57717742
16628616
67136397
29139717
24575045
71337789
78136426
10980007
53144497
15677210
79139186
76034986
13342581
62743441
20617296
65602045
56497132
49278674
54258414
69753199
31140298
50140573
16475940
31899592
46684196
73813899
60006958
71543664
52499672
18346287
25869675
70528277
10035861
49423371
21180310
78688398
71877792
15456305
73979596
70733638
73026100
20121096
31288252
52656567
29706136
15710895
68885389
61885022
65994293
36906181
66923531
13951907
32288256
31398178
15980509
24769425
19042741
33211298
25154526
31179188
30527405
12361043
45280260
21561210
53829966
60718543
54166167
74796939
24745742
74824949
20765967
78210113
36959355
27626844
27837802
12581798
41981404
79009383
30538852
48764533
56976100
16169636
76596139
43452578
73790003
66422588
69283853
70297041
76032551
64182444
27757419
50290503
38878799
58415818
42226717
43375954
22538862
64683949
54003357
37210021
34556028
43741189
18950685
69508824
28015881
20051886
79918709
69863326
20281678
62973284
62975190
63735990
59292113
50731425
11117257
61649134
28662020
51851045
50647361
66786848
40903295
25622210
11272920
40309022
76309439
40329786
77834821
41310163
64550856
69978963
26877404
55616256
11125561
55628540
22765654
54095168
39105484
48435466
44547423
58318361
48105138
73160908
15602195
38007654
77404201
66162729
76807932
42873625
16955046
50655744
77498443
54289475
64435396
60953572
35541248
79792628
41656680
45948225
78792438
51849650
27360760
62774215
23718813
64550211
41032665
36891085
36402502
27836758
53938888
54424145
32635290
64671075
50737450
57367201
29721185
34522611
20310098
44851936
26622147
54795462
42374540
15513945
58976687
65283223
58996934
37710663
67803790
72925322
35669934
19750462
53539487
73023390
15364147
15278256
10406956
42012473
78626134
19105478
13396918
73244165
39607259
16332604
21996404
41927626
73930001
41535784
28311765
71769853
54436629
24699154
53445895
39921024
17581894
39104663
54068185
68115868
55893657
66738501
52191383
69866881
12900695
43269131
43860306
32173646
69474897
10689472
20223784
68589432
14717355
44560280
64010344
73399326
32752389
13887749
57760107
66876834
59257113
70303499
18894146
10314553
41671606
21807592
30133747
49979146
29119643
58200746
74583436
45520523
68189889
19858056
23433059
72570088
46230049
49687215
22691501
40258603
39860078
18614170
33217653
68322716
59001204
53979533
56571522
68311292
68506337
69237465
37593239
45320683
38246768
56174275
16750763
67741971
16020385
68121311
47143383
34762565
73278241
75692980
70434086
58868956
10818167
60008581
30871108
55873994
65087681
45848536
78543852
40312349
63682737
76427870
21265754
28525227
64232986
15952723
25908746
25781298
52164136
44028905
52755904
57884752
22117501
71601379
45540415
37360864
23134979
70897212
30497981
42651777
66529018
64646752
49007086
35461871
69707422
65221635
25496822
44791016
78999371
56952964
78846928
26816442
45816734
61310130
25707662
75758536
26476450
71985484
23603532
66689682
79996680
60574244
50766667
14668700
25684152
75100164
32524537
41973310
69379653
13722933
11750647
43893662
27847823
70083750
19138537
42812876
24651870
11936383
25414430
68286637
62822858
19731532
64717563
54569189
41711118
75955875
51931578
40614050
32089253
10580377
51133372
34238770
67402782
30879891
31598547
34475643
50856880
76635614
20723674
35101973
54341866
14815614
48765680
37907783
55726756
68710891
22790872
38956335
35032677
40359464
78023469
54029864
31761227
29127602
79198038
38937079
57507163
71119427
21815357
73230982
77746407
72130671
62870114
74441576
42046811
76674320
23279018
42414079
56057976
74071740
56168724
67011594
54831103
73317645
68959394
18166679
34533730
38550113
44609935
55701084
37243617
13144035
54068150
16076946
44511247
12912503
39157094
32231029
76187190
30594583
17076121
23779463
37360806
57243142
55348796
47452101
12732649
13856542
16122596
23234075
20022447
69899303
61153336
57825841
60821119
40198803
21222125
78620773
45167894
32030368
64454627
41777847
74952110
60742199
51025352
13547211
48999096
17848672
52438124
37347651
19015735
32122831
20555271
15036888
43098245
13962083
26205866
70808928
19554120
29180758
29745050
26992129
77709957
11218597
41608286
74589047
51412700
17841352
12196247
30906871
27398728
26151342
72725551
50611956
57293049
17186920
28231581
44654128
14793231
28048325
41292593
25374479
67202779
60830142
65441300
44118267
43142821
24517610
25318367
68440302
78457142
46466498
11696582
52676607
72939758
22040180
47056946
29582191
34221729
45521921
11737000
32362284
12100338
49843045
62461599
75807235
33858467
66537359
65084736
62669269
59868421
42498620
59323294
50018370
35813029
71975038
44083094
58150281
61776133
71506812
43261917
17520496
27671764
48072933
18915100
51577333
26636267
25476985
75738557
38350475
17577485
22265867
78676660
23026592
52319618
65376854
25986516
33112869
58732340
72391528
77369898
17609408
50887447
47947799
26919954
70557525
59830945
34262423
60564081
74060007
12198832
34293418
14081815
52907094
52433643
46188029
79814314
49231210
12954038
69034012
46432146
23450098
69434532
46701542
23147465
11863775
12926454
60954913
56542197
18846108
66587465
64522823
50414142
38102175
27435525
26097457
74403084
27195400
16896964
39746272
69513062
53336466
10385627
28292055
44215156
47869511
60009464
30484211
78516396
55790468
77168485
66102694
79791723
14563271
52937922
61732344
67721171
53599533
69028367
75956200
10972268
62854622
66842989
39500542
68080760
69486146
58345844
55974420
41263146
59054422
20774102
48689149
78755759
45760636
20782735
29271650
23395458
43271097
49921926
75704420
16161512
44326247
41723602
46453949
66232351
59255421
74907527
60262951
43706537
58224170
42116832
21780601
54989859
21051910
59655047
37307408
77518581
39830239
56813015
25222810
14439014
47178076
72467887
20075693
44991240
36173956
65611109
76896321
17559050
19110204
57339308
42338614
39462092
29907084
45178710
71472867
35181909
65697228
10700848
55097261
46650935
53007511
23288491
68131891
76206338
39822951
74682813
20519553
17882355
31999731
21873728
13680787
64890573
27393815
45223754
35523188
16717977
30249950
54419031
52489774
47681437
60526984
24904105
29180897
48601274
31416652
72853339
66994128
22861488
28372498
23943197
13312761
36958130
44502640
38158150
57571915
44353012
18348909
73295267
21034799
71450900
46061123
42837652
12190534
27150745
50925546
61412195
49103695
62965956
12937992
24012939
57569730
37156496
11352908
11199566
21708928
76934206
14401353
19678854
51266752
26764064
45064144
74818737
30729880
36046446
51915561
72460325
56413814
31819236
74986159
52218626
54747419
77418330
58627618
48734318
70866805
46425431
66902614
39686379
48789748
29815110
52662581
63899239
62074342
60008215
32764526
63360212
29002222
54762794
64159693
58690085
21773296
42456883
15493617
76633141
29143763
50373322
33052468
75642581
23872285
23953116
51823473
35546148
39562451
67417194
57168620
60987648
35922036
38439673
36471158
61078931
17040338
17448062
60602907
72908448
50357454
51534820
28995867
13925761
18291578
70036626
42624218
53587773
50664816
20011368
21318860
27479449
38699376
27907261
64356083
36538623
61653163
31537611
62288446
14210551
19372185
22185962
44219373
43947935
62733758
52021247
40850065
56019697
10548894
16638634
15366131
39786746
24883099
11400025
60488024
62967432
53842300
64487148
67255128
10314137
11602317
14402608
12370275
40171310
14998672
74695905
77497190
39605326
10820042
60545222
41440738
76583374
67068861
19138870
58060218
13310154
68235541
79201103
25778128
48237057
49006373
45764199
29517214
30492907
44745681
56026350
69355303
17976941
65326510
28278821
10574759
26072921
34888812
53323435
22389044
75536531
38976954
49912313
31056795
51282507
39351282
51280310
76344706
58738685
79569735
25863063
17274850
40883306
25903657
46435242
75577288
69494268
30238254
12460241
24844040
52947299
25097760
51967666
21909579
73948561
48391034
14527947
62820075
56860313
43790750
62631890
38235155
34985115
18901705
68752310
65988433
20953872
44304273
57979752
49274151
68334674
35376164
49811851
54208379
42955090
35973033
78308821
70941506
67448633
60644829
24195142
65550160
63816044
49471768
29745738
36983212
26910907
21405704
71622546
67958600
24321433
48323205
30954014
77156869
16552661
78558997
20572701
56696175
13370156
39065188
44305477
72872697
53432610
37999395
55522762
73965611
74426188
36159720
66377765
55257457
74644475
19123502
59658198
43527106
51627012
35360737
12280785
47890332
29001893
54742863
55719729
64409389
27809152
41587298
31611784
32681790
43975250
37029989
74017822
33886600
69778165
49533305
65889837
30691878
77724928
28917422
57195742
60916678
76049177
29836437
16204450
38838982
22965924
43282090
36634161
61431173
42438378
21918657
48695188
13399719
23926807
63544348
60424854
12649642
28803721
72356542
44061269
68783795
32175369
79573680
19713869
29032385
77811292
52015138
73023781
71122331
25795706
43926989
47216919
61617571
49949098
50970761
42982067
61058792
21099173
74950090
52896548
67888474
31039238
38235678
70564178
49324827
41691725
15112839
34408032
61507695
64749460
65711804
11905542
70350228
47272674
73317978
35770607
13899901
41636572
23808346
42717832
63527498
59284819
76612178
46604441
45566111
69405206
59009463
19249618
60338317
63831103
65353980
46535605
10499511
73928285
67126177
75478880
31354848
31228794
67890893
38167150
28808328
79194011
33440948
40756160
30111157
47651374
17943085
42470733
60199365
47892925
30776856
59130244
78336709
63598838
43672294
35852771
70196368
42616186
47251502
21665298
63077740
36212862
76239780
19610958
64155226
57357703
12849938
12377506
69670257
43839952
20958824
39809119
68184551
66154733
52887855
52000794
48661691
63962024
60879031
41600286
12229034
32035529
62670990
71169451
17175118
79293490
76942747
35075384
13367332
19679132
30463550
39717450
63736440
68469241
64089077
65530358
19104579
10694573
71786518
15446725
16135942
65877906
56025570
16471453
73611989
57378657
41091739
73597214
66714750
78643306
57718385
78359046
16846054
56625665
53122607
16982998
47981922
54911280
26894025
43356572
10376447
13299278
35771539
64855832
22966919
62069730
72527923
47269022
56982836
62963173
10524717
19142751
19365314
68294669
52149486
11167266
76271607
72619253
40860300
33543487
14358199
15115775
30343483
38889529
11897511
69564905
62284737
36822416
65215121
42754759
14005887
75913762
71063992
67381789
78666998
77761495
78042563
44107552
69873206
51222452
54704270
10526068
25889601
11389351
75395184
41671252
40413473
55183045
11024817
52889567
31974728
24567623
68631011
25207323
72537882
78613760
61338036
56395537
66808456
49218364
60208086
71217582
32123429
11981198
36905345
34980588
36168193
47874942
11428319
60372437
19681038
76804934
36826292
74127385
29378103
68751147
65202331
59306386
70192093
56923241
47876226
64467509
43279391
78419958
15071696
40232063
22544094
46369859
69407933
18765908
45353943
14983819
51852836
11983615
57080749
72013482
17894304
45355383
65907802
13976978
39950106
64851069
32902407
10131242
18332373
68259301
51730867
40089919
30533981
76271604
39380146
28061863
55095720
16416911
55301944
33465812
10334703
55348543
64642334
15250883
31337775
31374687
20541670
45657518
63108153
27166587
40910214
70057741
41476331
57736486
15132236
14204885
46527212
57084725
61366947
56341173
12225965
79003918
23071595
36658676
63322982
49949549
77591943
66715232
44965591
45409546
66924168
74434812
38532579
37384373
38565542
53943339
34292994
14174425
22132222
61871173
60244480
18828535
51876866
56585482
69397311
20461692
72203246
13712376
76999572
73543906
61587635
44539309
77634086
68833909
71594740
45678537
20788919
72401090
10433272
33866008
63126195
11664155
64119759
51471684
53155984
70284419
69553243
74533952
42061654
62998020
29492353
15367294
75522787
36125041
46074994
74811051
71306468
26895157
77061207
30590231
69326390
49308772
60001287
79305754
78207665
69014684
24478829
66597357
17424654
30007556
59209187
20147799
77772206
74808605
14105609
31953156
49040331
32363801
44736824
18789925
33581556
72624400
72812979
38616432
61762015
17708679
28672234
46270795
64171482
62381501
45742528
43000307
57843410
62248581
27584909
23038244
67784431
30366561
18584599
76124235
37997651
64005490
72811610
41342883
59200283
18764613
70540038
73805591
51507024
43823572
72953048
61607708
14888626
61307834
28621813
48754895
65605851
26606635
78101576
27009605
51388542
62891595
15277263
39794167
32672465
64026826
70768359
62229597
79551455
27476166
50343432
41086151
12777775
17025126
51074578
17874523
33126651
63626928
22837347
25292882
78695376
29646926
19044125
22678470
50877291
45162251
72241253
15136723
48802990
42136206
63483987
58299133
22596189
24871509
57588843
71315692
50138615
31221381
29750120
24599889
63933715
12060723
19113745
23930058
30633017
22411823
25550256
64475204
36482220
56969376
47324552
64044958
72144880
37362531
57724485
43204933
73435191
30169547
27917289
71178947
24920350
55298559
28202322
33754634
56517079
42587832
19396212
50460291
76043915
30276260
43151519
30326263
23682578
41981744
40108632
73918526
66325663
35257370
70641835
64394517
30046072
10063948
75987830
58805900
14173767
36830127
26032077
57507464
36489117
37774334
33910262
74254972
41232338
78499559
21547935
52214480
47700474
29084389
23483888
33527494
23362978
12748733
76446377
68432409
30798417
36918256
43611959
35271388
40349974
54018733
63355809
12481508
38123834
62940953
58474621
40364559
63844224
58536417
59231373
17362722
43907331
26508758
41052687
59198431
18577700
13429165
45604693
27331675
65352051
35331279
39960704
17854944
71872317
39210360
41278789
72972722
68073768
23028418
75272314
35054984
46657709
39033878
15967464
57103450
13168539
72444435
21675229
43354404
43340370
24855093
29806180
58186719
63204460
10533350
25349799
23773687
29994908
28944892
20243342
36466010
72381601
54558222
29084921
78404457
32296613
62228558
65986716
38102462
73558215
36579832
32442485
57353752
35941503
36476155
14117863
26783115
46917458
58202682
16702111
71511666
38528763
77085838
63460604
22158842
77736627
12484056
46302102
56785101
23448838
61205387
76438525
79343919
38971793
21265186
37425012
14042463
62780768
63799946
22830412
46376145
51324256
55857967
42668520
23710598
10720518
65502231
31949027
19708812
10133738
16694039
47736482
73142359
63263830
62019156
70854320
28624641
19184428
76487891
53812824
37770493
76932156
67087516
35911609
12604554
34458501
25025725
34558090
57349444
54260922
46152669
10481577
24820438
73346111
16177169
70540160
15459849
59139598
49269650
21853725
31856280
60492203
73989239
67674644
