44150940
77103740
19571442
36364751
53648530
11279630
50222190
77570207
18770113
34014757
13129376
67530036
49179454
16120166
53010483
30283343
29722163
34865509
70149039
42760880
24247206
67667307
57723095
31518921
19339659
38916430
31834837
26785707
12222303
18154224
45913079
10523028
76333090
17832415
50471355
11348749
49038856
17119937
17430594
58449828
16316980
66629872
45277933
21154854
18965715
48630363
78673181
43725009
58440767
22789639
32578735
45180262
75081610
50005497
45283949
43026572
37263944
17131688
18283987
36048085
57868695
55546014
50671663
20173441
42128144
56395296
41615418
67339329
61652891
36085796
43332124
74309628
38062261
31647015
51285593
51489626
34975703
34420990
30476294
39319847
45503784
26591219
35379736
19468826
57191857
10917555
76741860
18422918
58641709
35085989
73553959
79768700
57546333
61099611
19346580
30055900
49073567
43416321
10178884
14074213
44121547
33179665
43447026
31220988
24944263
45501270
42720557
50712646
79511435
66053746
36235056
67227460
52755186
50318702
32760802
53501798
65861516
70733704
75223151
41433697
78513267
34784696
27982314
63009765
64984701
50827198
44967935
13135183
69929318
22303862
15541359
41825768
46387067
16860258
72291394
74204669
29074363
25696739
41361258
35689186
36153838
25931635
71682768
22800069
41959265
44067517
38444283
12955497
36958658
14505778
11900660
29264313
78169260
44804522
24941008
41611823
18950780
42125886
25836246
43503483
58316188
53764907
34705793
59734493
34342881
22533112
65319222
27501762
51292125
58571363
57312485
45764276
11460001
76185903
14386519
51286473
48779568
65056814
65112925
76468978
18119632
25630831
79049783
15084845
28839621
50393479
28096309
76342475
13625055
71564677
54931782
32536801
41521089
61931722
25483767
73486327
19116465
76757595
75722233
57046254
51766020
54372885
25424652
30749513
52442095
56804653
79674712
58757474
73658293
53560215
51488460
24403235
19929213
58539862
52293987
43462784
67887756
74851128
15791385
75276745
61126538
73008316
75323856
50712457
46111873
49265459
30955664
69568525
56765329
30320580
66879122
30552939
79523087
19263341
59325404
24224883
78060457
76034568
42946874
23463396
72786934
71327979
32689967
73396924
72458149
23662423
42247880
14672809
48101186
50672282
18579121
20968018
63605727
78890187
12794097
78309022
25909157
64918252
20282125
27337382
24991233
10825620
46369209
28250687
77639695
51846144
39743510
56854852
51868600
32321108
65351982
45102488
45920587
46867802
75199717
30453186
42189725
18630686
69804038
30744837
67956101
47673808
77698199
38910401
11099250
44631211
73977209
25800448
20996965
34048140
69606168
21935601
32431580
50968672
47671691
78733901
57675695
26423268
74556781
75094786
23987157
43313364
24774663
25337690
57906244
77032960
12408119
25069298
50931396
35410885
14828661
62270924
17630191
51482958
61430024
74632546
50447399
41674231
38624111
45779129
45847389
76233710
37694408
61627703
42484277
68845272
52694429
53874482
19198815
48096136
22623923
45944311
64442363
16893019
25524416
10891460
24296518
29882226
34662258
69846857
73680026
45588876
27008914
42938219
66455064
53347061
46636251
72037699
29554707
34890429
53831198
67048646
77929746
73426891
65025788
32040551
26462378
26531975
49095532
78097093
19321173
46550679
74825560
34610230
56339246
78860000
37763790
33356741
25478837
54231520
11845455
19418802
64454005
44550143
69624403
27035454
36304544
49764426
60578233
23449485
56238080
11663210
77649934
13664634
29599307
37944506
65621456
53617885
76742731
57306351
79739387
64142423
71548873
50205291
74255667
64555443
22378951
23527965
49921476
56539987
73905545
35350467
12299603
60178996
68031788
24274668
59857703
16930295
61394029
62197797
38423635
52270936
10167452
79738486
47561049
41389551
53206207
49218986
40193056
41835111
51217178
35792109
49234120
57291942
42653870
64357321
62115166
73841878
13893962
76840611
49613968
22418791
62065609
51277455
48448764
55645091
22128005
56144361
76604791
34185293
13544721
77411323
44280557
46538057
51735678
68160685
72243806
67238463
60064692
36601196
51221499
16749667
46988301
17856718
51735401
21269101
62015459
24037809
58570257
44401343
26884649
39550485
54308318
15964665
67394495
75146926
50797011
44786171
35292327
32203992
13967765
27085840
11013195
67176957
58360034
37924073
36411696
27264870
74772708
65279380
57708739
39678121
49712275
74342484
23081560
34430315
66459269
61461970
20526312
67490471
55371101
31032096
36925624
75171358
56998180
13421737
59760523
44025917
62033183
48205585
32536250
17976566
70134966
73064303
34584641
28073450
47677262
79200894
18236817
10734646
17344639
55391667
55612832
31961691
31974489
62487588
36954896
48720989
19154989
39724278
61608256
49497033
25147882
37851732
46120314
12433281
53077521
43646520
41344132
64060674
60479731
13250201
11175167
77046262
49304395
74652936
53114700
72983465
48776531
15131774
31972121
25982473
16241787
50121446
12410249
36862557
40497712
70985587
63223870
55249404
36894424
22059824
43246119
51405963
44370670
44683814
44541952
68705200
40434142
59157778
26034614
78366897
76632950
56350348
62412886
36639305
78839945
53373292
68128959
38283139
79580863
67699414
47481713
34870083
69637264
67664877
77177351
24728623
44011989
68688093
30524870
66757155
52616026
56412490
25120770
54224397
59201839
21929677
74550369
75645745
10256223
79444787
56054602
14550522
40991753
70114953
72782655
55812325
20157436
11585599
25060171
29612128
54102331
45334208
65123177
66199336
17738959
12199039
72994002
61969751
32098305
46987568
38570373
76163758
22555998
55690473
43714067
35751157
64719677
39530045
45665101
78764435
71680649
37519199
56051927
33985657
50104317
19235875
35825416
27457637
50253671
38217005
75736717
38297311
44284535
60328067
37953553
55637631
34243039
53287310
56256852
10597044
42756720
47075274
41929884
60762104
23805892
58816336
51852018
46103765
21335793
60196432
20163223
37376686
65068602
13174623
16585262
20398879
58784628
35746248
77937144
44510287
47775602
51191977
71157669
46782665
29948412
27179200
31275543
36157432
55391846
77263659
15639810
79709912
28465257
53820782
26068336
68206623
20582721
21038803
35027874
34392934
69860358
15906522
23672081
43467228
20800250
25964789
65415953
66890219
30083350
79323668
29038402
70907304
12952562
23481580
31075267
63901359
17865314
39762975
56365869
16877275
41127904
54432645
31533551
72313595
16957784
46240069
78714107
27860481
72201235
64283311
12452154
18177429
37922707
45078183
63173528
48162439
31312958
28354070
30405767
42205197
28210947
63225824
18199112
62027879
73811456
74867313
58298559
53018516
58120298
61884693
44628037
40688675
79188057
35067074
20920285
17059699
62733754
50004610
63004305
28233527
32530462
20770933
70824448
27311448
64923165
49057917
39603925
60009702
53515888
29065284
35349359
20032726
18337212
40561847
69843539
42406334
34693004
63988251
76955643
74420047
68063333
39266961
39329083
28273184
12064147
69738707
10233714
79164561
74960443
44681066
48908632
26210501
30813094
58910354
65843704
42800795
14378776
21084174
52500221
71771342
11081888
12714730
53654033
79157128
57595592
17660250
26630835
13629934
64986775
38756618
19545425
13704372
59788197
12719217
22835905
58049721
76035913
44319858
23038755
72948850
23181097
44171703
59020841
25906427
22745071
32097529
55085822
45273946
32346506
38998392
61157158
71920586
34765836
34528512
63666174
46249231
76541999
71274342
32404743
64149084
53407532
27460735
34572031
23360899
78314036
73757731
29991084
25826418
26792784
78916344
29865907
76692486
56630115
77331656
43725306
78649193
56274203
61087284
49149032
64161870
67057124
66355643
61468033
10743330
36626015
42764195
65659040
71144309
58944687
36235539
28954170
78099785
24727100
46026978
27822471
12678550
35436566
59925953
78244665
50297764
47723164
35091301
71156068
69234523
49048928
26844203
59991842
17953562
18096138
34404584
79508728
25810465
55148954
27392621
72446312
35679641
76193588
26382762
36840573
26531559
12341977
61888893
14864985
45704859
37763678
34262810
12641553
77095495
55463289
38357987
40240187
31608370
29187576
17281452
71011157
43666729
67415782
23023092
55476875
36315543
54829393
53726717
73820376
23375796
27726802
52551718
37634484
24400339
56472783
31521744
16201840
75825212
26060078
32909720
69073103
62662441
66759374
20700512
19312324
25357279
43144635
73686622
47051167
39529325
40806587
79177728
67882391
21748254
75026388
15313268
62186268
66270816
17317252
36597926
27829075
32930466
16443893
53597796
24260511
22998937
79673456
42894717
29279169
61305922
44538536
56697865
66234756
16202460
30343880
34542607
31953192
34874767
38422033
79633247
67988622
33481178
64410758
17951479
58481001
77147917
66530766
43931540
50824435
19680548
78813514
17727077
72347704
51603350
16269034
65613328
64156129
46160021
11643294
11965198
78266022
43219846
37954675
49186818
54100673
75874351
67062122
16057451
25896517
41830015
63681269
58750727
39563097
75059845
16633642
32133604
39261107
40686613
61178802
59166845
53302799
69150857
18388602
27820639
26993263
11121195
54786013
67641388
41955545
30225130
55977278
63090171
36660664
69038986
36820035
25916883
32387046
71218103
36484659
53265376
31451737
53577425
12684597
49322811
19402121
52567195
49084978
51720123
10379085
21603038
69239840
33011481
17861234
12536484
22081888
41709355
22074413
78558059
51148876
33372621
76327563
22932778
53394648
22627547
28166715
48127281
34518185
65348216
31531326
63429055
62849371
51237995
64858358
72516073
77070735
58469438
60282690
42560675
79156354
40431096
53217414
35005145
49986631
29751749
31644643
50911535
11490695
51920327
37038583
25898217
62190658
66102327
41164933
22656623
44715602
21530841
15970717
36166772
71047251
33166147
72178538
65663822
46297715
54584075
10168299
24906240
15267100
18139797
34824132
43289179
17222717
74466826
21274184
37751470
52039977
29868912
72637605
74543648
63726989
47610601
48618219
45621128
74503785
35422855
68479504
23741868
49930869
23030475
17483909
22760870
52006321
18179213
61619890
21000997
20588014
44237000
18818967
72083242
31889423
78461309
45150051
31222230
77757737
43894899
46087630
35488196
79766370
78976426
70647108
70582063
54689969
77230667
60638632
18218743
17243178
29454079
24790407
65198788
56266510
20038698
12436808
24311778
60803982
20628312
39571327
49206405
12524153
55143038
74464242
71994699
76198949
13620816
54199912
32087858
19426068
34710983
20641826
58484447
76819581
14208546
32482329
24413630
34996602
57374016
65705410
27865676
67103458
15986367
25057791
69402649
52467480
25915531
22691966
31415568
17076853
64507055
11965373
30704983
28781515
35580712
78876710
59084392
52093912
76158807
64405188
58611828
54169848
77808348
36332059
73010931
60348532
15670730
17833778
30835053
64028497
34450620
65916163
61622987
41772877
43064661
41019436
14990263
51549446
74010221
58452937
14273664
67269770
79195661
48063559
69050077
47330300
71399256
63735335
55271962
68738450
17028956
26285689
20228647
14345350
60309885
30628535
34900476
70710698
38307806
44561391
58295358
58930328
35865431
75477650
75186977
31380631
69986064
29079863
15861724
27993775
59372364
11650347
56469640
69239132
39513550
35255612
33628243
67847962
60268246
63134804
57212576
34740882
16551378
14727381
27744689
37664476
41140344
55599726
28670471
59805827
63875675
43984209
32814926
54874768
18586675
38716553
47340720
59111686
69035683
41573043
26552375
12082841
34473736
79853345
29975698
50553135
59198132
68031876
28711904
76248352
51017535
22644292
16427335
62342818
74799674
77747292
63405480
62425045
59737457
56554371
73292555
20231619
51093425
23152564
22622399
63971217
43183305
48602329
15649512
50927914
12500881
63914676
22432342
62576092
52651902
37941739
43927972
76604535
35665831
25090914
51755380
52345422
32648475
78144331
64436082
69744664
22340327
78101244
65745005
77331705
22214142
18426784
49626313
18986671
39116345
64426532
16894678
44891084
44182986
76940085
75135319
72921571
24086707
26855052
19292980
61921422
47116894
77737586
17288776
34189868
42974787
73262699
46252181
31446927
21160101
28467346
78267018
75469078
15385870
15952486
53418219
73949522
53654349
11482489
12783876
65977070
53909988
75201751
44849860
40460705
44172867
22211982
26459628
35153207
55370792
38364168
16609885
41701524
45599737
64121684
59326093
26783214
73381712
56263847
77647602
62983268
72631059
46445110
21133567
12310127
10701495
11856238
36899026
45670718
79214689
43637743
44718345
15669946
33105919
29202051
69173866
15768268
44001867
79290991
73873756
21288376
23269833
73206531
10838369
41446509
73979792
33377629
28264289
78575342
65855219
11235305
37109900
42279735
16168080
53777965
74746194
78941814
10857447
42936573
70195781
38987909
46622576
73241200
38343902
32983210
72563365
16600008
23498711
16855215
45648290
75975114
21431933
50404174
38313947
18562008
74592096
31792672
12188802
11040190
47013725
48207523
73701012
72808613
77295185
50058589
15201619
13351123
47573430
53300033
18299777
41061989
22042526
57080323
13471062
63497608
73491199
78805059
23836888
57986765
42413294
47239645
73537552
77973418
14381357
56483537
34881858
57173889
55018563
34633084
43215989
31695889
38507453
32642892
69613597
50069336
41242466
79929977
71196879
62450203
28997530
17944942
58938804
31541905
29071901
58211612
36271246
73550848
79581540
69552020
74396247
73052069
49963352
35353219
37247788
65477470
20786898
14091163
15598145
71695730
16802823
36385462
54827371
76492581
55493220
16655486
42827916
61167341
18671744
21026964
65493799
76285708
16507608
52468409
71367866
49195805
71827205
39762159
62977237
20790605
11587864
43327298
20837938
59407052
74406565
55739788
62640379
49169841
76298882
24346155
59108925
44258996
18939198
48139392
41803206
17875436
27229527
41008329
63506371
39984706
44350287
30093064
50698884
15088102
29146241
53251727
79238082
55822614
76453320
53015199
79163906
11528101
56307469
18132259
64448463
21680412
68659197
68386806
73167656
50613681
30779487
23333990
73982183
14662216
71464125
74968106
78937854
42465922
32738602
25741014
73328697
33244865
17053579
35403343
69355056
44125637
65481940
37951960
68507411
18947598
70826634
61764318
42376733
58539268
75504990
39011773
56927024
77867801
45543438
76505702
58484265
11796149
22843356
58030542
56557535
42302293
45943090
55380099
74973859
58621967
16035828
45410325
12450342
20187111
42463702
67361045
14143177
62693370
44994686
77817471
43313493
29284298
13177762
59189444
16392244
64835267
49162913
49848998
22383721
70801343
51937989
77085434
63693844
65418075
26870444
38912023
44847056
75414686
64653378
12202132
30327101
30347517
54464748
78114282
20690678
11304458
38052283
59563652
55450706
15057769
61675676
63965831
29772199
21816160
73921267
28859100
34821688
33923404
55822304
28017470
61281668
30241881
24213592
68594600
27646761
49426214
47864243
10323118
72715619
51369103
68189828
58508436
69995988
76873426
69297462
51891012
11372380
28282097
39956663
67498550
17070170
69453224
32868193
55484952
39668961
21217658
64977307
74876102
61247962
32677665
67596745
10124817
15171890
47501791
18652026
49103236
67363094
67596954
29345657
79140370
28961761
27916553
48763765
60387736
61591441
10500616
27425727
29025627
10937510
79243480
11356282
78901738
10851520
36223956
27494145
60289166
74525951
15018819
67521962
73680688
50400824
41018509
37294770
45310812
26103862
19059195
52032300
66615686
37223600
34569780
64170414
76536634
17828509
69314554
70479406
42863861
32867450
76978031
10181823
59242640
44811598
55862924
15448618
49615165
79233111
10311134
22988810
25047508
43452211
39005619
68234705
37204840
54487277
61578120
55724543
49576374
17836325
14876032
70589554
23287619
38033952
33080794
15752057
11200517
56400669
71432036
45172410
27141123
44012400
21145395
43721419
51848804
30681919
17738934
48221305
65453489
19448225
79149027
35278121
77108040
27664828
21799850
18706442
36387710
54294353
42665369
56596121
57034950
23982098
74248032
15959980
41242523
53842999
16004161
25472722
52683950
33235201
15864804
66158082
26759060
36843104
11913458
78384863
25553994
23963187
36573733
12008254
35132949
29151552
29331981
57982185
69491855
73263402
46982343
31389443
38929098
56824675
79654969
46715857
50189376
59506331
76599737
56059888
28820104
55359895
28987656
14292371
60155817
46978130
43577752
27494819
60608605
28353093
68951303
37132924
61157771
50243673
26856316
67982198
45105890
74726832
41105596
57172693
26367260
20831767
27867967
33037192
26105404
40424731
69737581
43773052
27395384
67059233
50645681
78088112
21437868
15016611
13243780
54757571
10420203
38333033
14320923
76166859
64838362
24088897
25027816
54107390
10707756
66291403
19539645
48559650
79247024
35103762
12420509
41329203
52099551
31404727
32382632
34597236
40156603
42881990
13731120
51543384
78009693
52318568
39480285
79575594
23538745
21390281
20643939
29756370
21084013
23815379
67063509
10330588
30583991
79068737
42207478
14123581
58176791
34223489
46926160
40177457
78667209
36727181
19365202
19276418
68640929
37931872
44935383
32345018
48676873
67856080
13338310
16128441
69298752
21118338
12899808
52056918
48801523
16376612
41346956
64505569
75641135
51185718
38931576
41409818
75594712
75067574
56039246
46300879
57261364
14722078
16692407
63804020
44909557
69792046
20703496
31387906
28270724
69851788
23662246
65818468
61209173
26944678
66661561
10703278
71263849
49009292
21477704
76890251
53482267
62801177
71028383
59558197
61255871
27861159
59237805
48464864
64910866
11423773
59328207
36183030
14996916
16306525
55200766
78438398
32231361
79923064
75109624
26531178
69707281
33378943
23898438
51095794
17473589
51053368
16256271
71667322
21919623
63396473
51876810
79256760
65938472
12222267
38912217
77016650
57331017
13571875
68392140
41460144
46235869
73366070
13402068
56351283
51064525
37660594
46401560
34966509
77586238
14706199
18782071
70514533
54271337
58325729
75064904
27372260
33217558
75162738
61329057
79381210
49036191
52738850
44666847
14770812
12157689
42452117
78773019
32492161
17776226
23378579
24611588
30366595
57611648
43372043
68723890
27157018
47551866
61894566
10638808
16306735
43536200
14571761
26807582
20379168
13965192
73813677
34603147
73912976
33644927
26247954
52934146
14379148
57419996
21431333
78542056
60591670
70984063
67185714
76055439
60088011
17304156
64321614
50350614
58308955
66692711
70471499
59103738
66631709
52152201
25214948
53772527
36645862
33606608
21953916
32047770
37380796
35815771
24888764
19807562
39409198
20893789
74071232
10506182
35257997
68158638
28693101
20643590
61949605
15696705
56910289
14785371
67521262
48577534
43055121
56553761
16685853
49213013
36233463
18638227
30786506
40749037
66545859
77217117
63696495
49425793
63647649
26538400
73536030
68675674
48945407
57024671
59973315
46309664
44215980
14442376
51750879
39626419
78536628
63259544
29340855
25777490
48762871
50792441
51564723
46864544
12618326
67054257
78873891
51146514
38601127
40014755
68780824
11775939
65719068
41043415
56047423
68616493
21367554
23218875
78919924
52279363
36955440
68592553
36246802
26881065
37500198
44805348
24208919
20094446
12298408
40840431
47664644
28042208
73866537
69219635
19902565
74081290
56053649
15007873
63155315
30893999
74282101
41127728
79205799
37712422
12350777
68710099
57356207
48863555
44165323
24873577
69949449
38867997
28836815
49135416
48521400
29941857
69418775
69301351
43099168
28531801
31887421
21497305
20051507
67568443
44579762
64659213
54009043
45961398
56597432
19964920
31988165
79619001
32144678
23853701
49378363
67014338
59244926
37400943
35281512
40760871
27400317
13286574
15861928
11366461
43085281
63313800
54769841
65322115
47732309
20079521
78116189
56910018
34444495
66327482
50121050
56694010
55717135
73835887
74839642
75126953
57336945
15087435
30344811
76713987
72571760
48522754
31592217
34405284
41812572
46564271
72748183
79173991
17725617
30618984
17850774
61071308
24582742
59870776
11973806
59908304
68119609
38230603
46446419
15724195
19372001
30857367
62613258
52080096
22757272
73343755
45857271
68156319
50385396
60050758
54191386
45600172
22919370
40476281
61787454
41250988
67352496
12918624
51322363
11399984
35362635
51470917
36154921
31406166
21877986
40194252
65470133
32233609
62912579
41216690
52224047
65493937
40613393
37548514
40440552
28904626
61055991
27043377
10159808
35798957
46974051
23117577
74285035
62423482
18819886
70366881
30061519
74316642
38157042
53134053
36242407
73454395
32589922
47655904
15463587
10570791
50757493
10855144
34913363
53179932
70135712
71523928
65841402
56803053
52535215
54353335
13495113
47423150
56735945
33339339
15612009
37589661
18269391
14220200
50751871
56999312
45309425
51793576
30049360
13395755
70821516
53089840
64874070
73202855
30337903
74871231
42453644
13027263
55620704
64153834
44923236
30174361
64692190
37221970
48580578
79129195
18697962
11482635
33802108
54301708
75054221
29875395
37796468
53591884
56587879
49614370
29375582
27312635
37661581
62882862
18324524
10984686
33656192
12515543
51315851
57028259
62327212
43164111
53186821
16265325
60199577
35134238
30937037
65433511
60392120
58289661
37050024
24477880
23525258
15380703
22785680
63111804
19672463
20153174
47651568
40725121
39569948
39694790
69512891
50030202
42869314
78399310
18106839
29861223
23440994
47715555
17839327
28472653
41093659
74513602
50316216
51360522
67999691
14281728
23866803
35695033
67266005
65159248
37067301
70314416
13172077
34562782
29916280
43593413
24038939
72656393
44493231
49835399
29025615
13234339
20158848
37623763
60088129
70010832
51233851
37101487
77179940
43377152
23265627
78352882
35326429
68422200
22055798
53265335
61381431
11343207
46089873
56200550
37555199
68273991
25325686
29316288
23308244
10649197
44791756
68412362
30753120
32874028
45887232
65206751
74269172
21557590
51480598
41363659
78959369
42722123
69228124
24905892
32604644
58474413
65736794
62334139
74713440
19678852
18877621
77447678
35214768
33368033
72083702
16999811
78058813
66150413
47720827
44507932
43619380
61264773
63285304
22701934
29337089
43012242
38215001
38052616
17064459
52805821
29936238
49984131
31852992
25470266
34994381
38152385
28607620
24343020
28252927
50289887
72913745
16648529
49318460
24308335
38562240
27239950
64389183
10948238
40280448
77680059
15230250
60537171
17968662
44390391
63073135
47476422
49909853
68218617
75770507
67575505
53231818
59912907
23153121
79934550
42710966
24148394
23048382
42768531
50762271
34297933
76738911
50302287
74318736
60942815
46072216
13736020
54715481
34487821
46650546
52328469
49166441
55432428
26422851
51107396
70857503
14741889
15072992
54943842
66508290
60894312
59366292
42318952
26614448
40465086
41388359
42714673
58019466
72891576
12562719
52482800
36326395
72320539
19406428
24767266
38544546
72330352
74900154
56362039
61461979
40450277
56004377
20858354
14250940
52815481
60309879
42467025
49172808
20906244
33655834
33522746
75187438
61116809
59820849
42974088
34967117
49174452
54899472
68179109
65584763
30718182
54833831
78074588
17133071
29423155
52069064
46941522
52197772
37882831
16368671
37838558
24787870
46554559
55356203
66214676
41563987
33695585
73405156
59828932
28317013
59491365
14191955
66836135
68415640
44647126
59400640
25532966
20820839
47878771
79469793
60462002
10433559
30951671
19728216
72189995
40161195
79364394
31345283
58763304
50238631
77900658
33445556
29964789
30826246
70939069
52013274
64813989
40348340
79394963
34034085
78539973
42904626
79279803
30545576
25524848
63073659
45211711
37087879
42447689
62087786
76085349
62844815
47956635
58661080
71146407
68029498
63010304
38645905
46755804
42713018
28816953
73800822
59188395
67216739
17838811
45567196
56331448
14290008
51631246
35446956
56351559
38613419
51830895
55584454
46054539
10804664
29493081
41706948
47183960
29293255
29204633
13201029
14030473
68335065
64831608
68790383
43376990
73367763
23276855
20136969
79152707
55918297
38033915
71703153
71301920
43333859
59811899
19550823
13111875
73410088
32686637
30660552
26700092
55351161
34616121
74080966
21213189
67549809
14366565
62463731
43014703
15779515
48768084
10067041
38024632
32805751
20234471
13746915
71028104
61665811
35151264
46815673
27237242
13176693
54143678
65640756
47681876
49337738
26559706
29701855
53710930
41781591
73052073
66930987
43010910
28848587
50248103
25942212
45469815
40290890
29198063
61210943
17461705
17850950
78274542
14259922
34920368
11135909
68521674
19399348
22296896
77922005
24899871
60259268
51916946
36375175
21669325
13569729
68271664
15244726
56926115
71999036
75790834
77226352
21698504
74102281
23170655
33221145
16905430
42913640
34213797
50057698
41276794
50999992
35835474
56669844
62542215
16517894
47022379
36005719
12724665
15923734
76879347
74430441
62953467
31097788
65675094
43531515
59710233
13617876
33080634
79101536
72560432
68661251
47240355
44240930
70076396
17590007
55092766
21840904
50864206
79560412
57362641
35712277
75798100
31410824
46655553
72378930
33158326
15885082
63149175
58323381
13057686
25091005
50620404
32313054
72895718
69847187
35441469
11208397
57654486
66247949
60246375
37515845
38752880
76305113
69407776
60089375
43580924
36261166
30390466
55606096
43523757
12754807
30432452
65890789
15346080
28014946
55482580
43178394
45212289
49493960
19406151
30425862
15190642
77311618
51825727
37966161
35673339
29082124
31546875
66850895
36021653
79863073
38444994
39165069
39898656
19732214
40671747
16807900
72975876
59882317
31942274
70240911
31938431
74200937
17190208
64401469
14463671
51142864
14956198
14433552
15604733
21070715
34321205
51529587
78012331
62436765
45670957
23476261
75557455
75969369
34881799
75528257
40482785
39937567
76953178
70266983
72388955
37038183
67817523
67544978
11706535
37536508
63643954
30727771
57605657
24284741
71531237
72385243
54089887
32502586
36461944
55271112
71086716
28177673
12119516
15884328
29181648
34384590
11328317
19062261
68666475
71607784
60969419
65191140
32578462
73639118
28440827
65142080
17188795
68787199
30505361
79979231
28308144
24925902
52184092
20608391
36410709
10692753
36355081
14235363
52263961
21075952
72538776
63055369
76112683
35376439
73553987
49325793
71032960
68126748
53988907
79748061
16277741
43842836
55057227
40088977
57419512
47755934
58050547
78627506
16538030
40418368
35725966
59380645
16433986
13979585
69523689
79687509
61802041
29113508
70963720
22020598
24444237
40323447
45063572
20457321
44309947
20606007
20161908
35241000
61823163
36335992
36089691
23930706
21555229
69407832
70238601
44121992
39168582
59287636
43547078
45393986
22912113
34886586
74025243
36179048
79276679
21725756
44572254
35855364
57889494
72631476
76563678
77979410
47823650
76617186
45438931
44170742
66808208
64564287
37321324
38320020
66179655
73676990
20117054
40406162
25231931
37734017
23915799
26634033
22814797
78337033
61446716
14709453
59717514
53826704
64789193
17466020
12363042
68718311
78327559
59649134
44434641
60264417
76786143
72642484
54274517
69448925
50726557
39361035
58514657
74674402
74332692
13399610
14264698
58330086
78540841
29848983
35126253
16905593
61632471
13382542
78349712
70376593
62194819
61180257
17921884
31151979
59846920
53007737
14849257
18153039
45854963
24894506
40057749
49180033
78401961
58642168
59083107
13280261
30052156
17739410
49277429
28384570
78054510
24149961
74836922
36147448
25110298
10845292
18575572
23359627
44851071
29765063
16714653
42522976
79314926
66065924
38142064
41833279
77466390
69717938
57226033
60011783
12651812
38695245
79552669
65076290
48631107
37623349
25271923
33479453
38568999
23976335
45959004
70221955
42443363
52396333
72144923
10331305
35269847
57580638
71851035
21908790
14183301
48461061
68348595
16134112
57491478
52963214
71102519
60456674
68832049
10753413
43633118
40026148
16430751
32428672
10820722
19902185
74371911
77977825
44938138
79114612
77010597
60220320
50821722
22237381
52031494
22986254
45896121
68602449
48846417
62067391
27144585
20326135
49877137
71831339
41523256
53890870
71097013
37779913
17801117
50490820
16710262
21007710
29140414
21153176
66271616
58442295
49171412
61704060
10224572
42415919
46848103
45121030
38071652
20797184
22186847
52037409
37378801
41868750
57139007
19655665
50124520
58508705
10946657
44399890
27281485
28776375
18487859
50750691
23788019
13251499
39141680
72343223
71858592
35619258
42548150
72536324
76972619
13061679
35117427
73044001
21610480
39324371
35967832
16259198
16805065
67652871
27643298
56422989
54941019
62723679
58242459
67135071
69473779
68223864
11974731
37934259
71112635
69547574
18850644
75678092
45242127
25598860
77235208
48354380
34611885
16671018
45911631
57706340
32315661
43615641
71713921
39453242
35084561
59256949
22864562
79592893
41620964
44766807
47605348
24245378
23350062
40426017
10838482
17797825
22882845
25051870
15896934
37135769
56645071
13803808
76050491
23778686
30213798
39141867
71678644
28606310
61808074
74511358
53332360
73758292
43365828
53284077
41184990
68886605
64876742
55366646
31434032
14747488
18618876
67552387
60449065
22362137
72799907
26201697
37914407
78381422
29721512
20058156
15644008
77460147
48180528
14445532
78478291
36211582
21062071
61138844
31723640
48474525
56521596
74196145
15563204
69158398
18523204
72963299
23838382
72641170
43544622
39871239
47375363
63811854
16258172
39420838
15091949
17755360
45567895
35137594
32633363
54757876
36456029
48042381
29499934
20783236
43017214
72556600
19140155
68482271
76841099
79459849
67406015
78323524
31790059
50297485
55001717
55502095
55381633
18542364
79633552
23426049
34459883
76464411
52383791
49756128
33430757
42201755
24554040
46084491
58100822
24417729
13744176
60997180
53584229
26011733
61935556
32021253
23689565
22902218
15197875
12900874
16235994
36751257
13989010
56429060
60941296
17734729
54059568
35077600
10037292
73054049
64505789
30569312
70925800
42182628
26630739
13143366
39848175
63874909
72258523
34984205
60792131
25378975
19774758
10348274
27462456
33797920
19293921
74054652
13139828
58676541
22267679
76003558
25438036
70256780
69643663
22430219
62401820
69372531
45843008
43250123
56830842
66382887
12412394
61422836
21715586
42269573
79088402
52322451
36096526
50215820
56511254
77094618
78753821
29576816
43747304
28654699
26912669
45960273
73760704
76259186
71008116
45214909
21282286
24914742
63833199
48239314
71330249
12252142
69266934
11728081
42744779
60115095
40614261
52504504
53431185
22676333
32354355
75916392
22426103
25866806
32586154
49532257
61820287
53493687
32024085
39109249
69903352
21987983
71642084
32962245
10965385
40749864
18483761
71382274
21893243
27174167
41759113
78144405
50666035
47788902
20831553
40613921
68700849
24495625
24151695
36854170
47851345
29419219
79471936
61689307
77019123
59774201
72552414
58393635
45384555
33362720
22278156
79466185
21564141
36542021
65914396
62675602
11842452
39468194
22389722
11388970
63253038
39077776
69533126
78921078
66948258
62435369
24968629
56379534
39649032
57746385
72593016
10884282
13548122
24190441
59022059
74623756
79724678
60392428
60515421
52556552
35529694
33173350
64075732
69624239
61918578
31552031
52629033
17240809
16918744
40452239
32513301
47596219
58795198
47640368
20097559
71778819
10454319
54025315
66036243
66505957
13538052
78480672
65129929
51374613
13737729
77489876
12519611
47902715
38287757
57591685
54069112
19330379
25873552
68345546
22543403
60594194
78495789
62302424
17499980
28419497
72420623
71543530
50206424
60660667
78659226
10173917
35298491
15505355
61640034
37454172
17923777
55878194
11347837
22136076
26445939
35881754
71868461
72498306
40188745
76428880
61310302
42090508
67398756
10534487
25571411
40935257
20548067
21602299
23753126
17270117
37591006
24708277
62134818
30654276
75907237
28137749
75624670
42587734
36619184
54903255
68570355
77204186
44322736
21633355
45155849
61842746
52911123
46939169
14709133
38669450
58807267
10422478
66670190
59307705
77968960
19015405
71231358
24411673
25367190
50430417
28982904
43004021
64919035
26100518
54795963
39689836
26909862
72247908
65858721
49900048
45043500
46004124
51476571
65744895
65683190
27475989
50105340
75863243
21457509
61587212
67356854
22790530
79141208
41058113
43899215
10724532
69086279
72224700
54146440
24512682
70083370
16140414
35452017
17245242
29199175
63295765
32133008
53763437
49914727
44996383
32228208
25367841
67589640
29570823
28443694
74278929
45283168
48124225
69085851
55575638
14146906
39647798
75723876
18918631
53165883
76987731
35834862
16316439
39129736
51235136
73747509
27395796
20335162
24047941
15069654
73521284
61423289
72263761
10864437
63148249
42105485
55552849
51979991
28834296
65198432
62607247
72362851
24152247
63157362
26553139
52247182
72423444
68591001
33239131
68133354
51767561
57047387
45575584
13916568
58536163
34967932
68985788
39508763
35618749
49603198
68548769
75331321
11179385
43732313
65151611
38853240
16331733
77600761
36706402
29989905
55667229
77156928
36352345
57761720
69805846
41508355
35305150
29722870
56203837
78409965
70811459
16225558
41454161
11489748
79849083
62277511
62192079
23300032
61837971
56828101
20342895
54332289
69620890
35319436
44001481
48239890
79670696
20302823
60805023
20470367
66305662
33525382
33790830
42170607
66934000
39921313
36007656
69254588
26280682
34168621
40173761
42525126
79236367
31284597
30863520
71435763
68122268
67438181
57023148
67501650
75767286
27033369
59918120
58241786
15982086
25593591
13234068
71617156
71417684
32311502
29185354
18260750
64438453
64613685
69981001
57400223
69883697
63805545
56353120
23401432
12312921
19315450
21779918
39363194
64154168
45784031
49034545
20007817
56291474
74920152
18685239
16839569
58463290
79945365
23105055
18232242
56648827
17671651
29952568
60611285
46004109
41921469
35509657
77326890
14489723
66169332
71617849
22294863
25181992
65590480
54983201
15037377
13371426
48643586
39967088
75414353
23757620
41234563
53146049
29939827
32480466
34723894
65533349
42304524
35144032
11531835
39443878
21743571
69664442
69236196
41767853
55856821
74039087
50358209
65121764
23150091
67031672
13997705
56642842
65301479
32380149
24585627
51094739
55297071
33098152
48979776
39301279
25350550
57123371
29847112
35349952
25852049
19028724
19355653
46691854
16681847
73980562
75823498
18973240
76692927
65758767
24096251
67176480
23438612
65135329
73998255
62520714
18813286
69262563
79968695
26854639
54244755
43956695
53662884
37905989
46419919
13684382
71909677
77041739
75649074
70022985
56609611
50229285
64650242
58733844
18090432
58089170
43220867
52149477
44310567
45847499
17104177
69684283
31776936
30395332
46524861
25673468
51191677
44667270
44069179
10298262
12038832
16028337
76111758
47465067
27070481
78964042
31837614
65387878
25998941
10386102
54402990
78618573
11861872
31748706
54543449
33386194
30651077
41387053
31395180
18397366
46426478
71624548
25960574
68092621
47521858
17684812
30873149
45020717
67068046
10752340
62314697
11681074
14717689
36297377
72925523
66339160
14943671
76166975
15166995
61371540
61547619
29125070
58278782
47844497
42473573
74399303
11731000
36114754
65197055
23055042
22317358
42183409
28407928
13776304
78089940
40333906
68755775
51385350
54877362
58581601
63800241
41698015
36503490
11785564
37346897
69061565
60633767
73122028
31839410
61733309
12329289
50713998
58332231
14133709
18044368
19658617
25756230
68449388
25307303
64889284
62820072
69981784
42872314
67650006
14581832
78138959
50481348
33581410
18807904
37747228
40586411
17009820
15556032
51523472
34575679
51332638
66827975
28424921
33096071
22473882
62403824
55702162
42197327
37953010
26699620
25338884
57718048
14542738
14512893
54714330
69427579
12125051
70920391
13275139
25295380
34661181
33349459
17412110
44749690
77803574
60479185
36179611
40567264
77291825
70435119
46672879
47072608
69348702
56255548
78700518
10874509
23971878
65559593
11356548
12199287
48123125
21364224
67547708
49485642
74510129
74330808
16910675
70119687
11354333
60046165
59144007
42743126
43552194
25753734
34944395
42635562
14223608
41664533
15760058
21523177
29568198
71737659
17148477
27408034
25728845
10853239
28756367
15103524
32757316
12313186
48858665
77840217
50300281
50958583
53396769
19056179
47466663
22871382
64856289
33912932
12432449
22697254
72690356
78902176
20374766
27349233
57886632
76094036
63585685
15923084
49188904
77762071
22824753
67012422
17700502
15511510
61473247
58467454
32009658
32673630
73677101
38619072
23247759
70012762
37654785
25621772
53332674
45870860
68517587
31188681
50589343
16943544
31359667
32149867
63698850
70091193
53883652
30246600
53952352
74458161
17741059
37949693
56170782
64375695
14776120
25601389
76760004
16004372
24036921
38188435
55884410
65256841
17030944
59483248
13370199
48950421
28905599
18935344
37549239
32307466
36122548
12407807
44369688
17571815
57633838
31133552
57899608
38439310
62194016
69417942
30131343
23137068
10881119
58836815
33477605
33173074
11752738
34149294
44012732
23745981
49214806
45979091
49930094
33781346
43024108
10566113
57478867
12929870
42115567
50072514
51333314
67977389
36572974
46979897
33946521
76008236
12976080
15876136
78748967
54685622
47843618
30424624
63400649
79798407
37745794
73492965
76426815
65310553
30421001
54678931
14602847
64705011
67707828
58722245
21267921
58188754
41481016
13606424
21874447
52198950
62448230
78759930
70630644
63915537
72066140
18536196
50476531
26372100
28140465
31900160
10411384
13479389
77994411
47623300
21466501
66718800
26582366
15974592
44265869
59640329
32151794
16492579
42362932
59444617
56288033
60575209
36533551
60026196
61497080
26587881
58908255
43774219
10699609
50102998
34702280
62348319
27788983
30510311
26881231
13357661
15662046
26229478
29163132
61887238
44871827
76619781
69448116
42416159
17676865
76943151
79535864
15167928
54842897
55266464
33027603
31248905
67199226
72863040
79509508
68035377
73096108
47646716
68272833
21357435
51335768
69937666
27291729
74702354
11822995
31393465
45552464
40395678
31259550
38829192
57109417
30907804
49159929
10856812
35001471
65573815
78740124
74977524
60628022
52337882
14678723
37440491
29270680
63847002
29397988
67682634
66778925
52054705
59096376
69724586
78619629
21162621
12027222
40701921
79727921
58924192
52364123
12812297
65516649
71105249
78395261
13710231
49214270
50020518
17060414
69740245
72320101
59506975
65113493
63654933
54545237
69530400
42007297
22662351
12786795
15857107
58453905
57554528
22100464
42200617
66657714
72390534
73427246
65843154
40846396
21740280
11788874
47104767
79451989
12903775
42499876
69316358
13234170
14616107
76564438
30944833
25882627
41119496
68561674
35687423
34162657
44574829
54703179
19228517
55912491
15966799
43358367
22272700
22682348
74539738
60919373
60104299
59280743
58675666
56855673
18807441
56447435
20802474
33055768
71393249
19313244
75090822
20387734
37756327
72606124
40131117
16984036
66319552
37596535
10161829
19649394
73739170
59136616
71910221
75118618
75112666
12605220
31086775
73432703
77037013
21784457
52792014
39931408
75653857
31248931
57435739
26186921
11206387
22390039
58525552
13409227
28142759
54412183
35535406
35501799
34046844
49784444
43558961
13506448
40866572
23050547
23816364
76924778
66769065
16781546
23671358
22255464
79589562
32213971
79034484
27966242
57094424
33828036
52233387
64890463
25709207
54223350
20075780
37509395
27395160
18990905
24801399
42838961
64452068
27184309
17291261
51413035
41484181
24783054
41257651
39281132
70581344
32055423
39796722
43939902
50188918
34896023
54323143
20546443
13675302
15805764
29223186
32100461
37181157
71187097
65324606
61793352
51023713
14940777
36923335
24565163
60209197
72188205
39707649
69390268
39325271
61567220
21564980
43900276
38107294
75207224
34715922
17440412
70254146
20681100
57862415
16570819
67690086
56913477
73956262
68680420
43091725
67281359
49160310
73735119
49942125
76702861
21771666
28122317
59052848
45756907
10362251
74364749
30843391
43677331
63121195
66220056
62361652
18247908
13627724
30562151
16138156
73216530
77551871
27811323
79643452
48796469
59800782
32943118
20559484
58755203
62749400
10172251
27104294
57246720
53037675
33209896
42498096
24991959
54842265
34057962
45230362
37976734
11821261
10226682
10404052
51149861
23158752
63614072
55878188
73970616
51102826
76411431
19905567
40418246
76036656
37637778
31643131
73943004
25492521
26547946
55459229
13881406
42824738
45069584
15911869
51465274
47812619
64456291
43625835
36606853
24808727
54890390
19864575
13113566
78162560
29897648
18506378
32571480
23487898
21878335
34222321
10786444
30096942
55851845
15746934
36260503
21331464
67865590
23675023
44651238
39316558
16091022
37021066
34274761
51411215
23772621
47094995
40571326
41493809
57715148
73194352
59682379
35892299
31974574
27580536
77698021
46583167
27607644
31042622
21950842
67534174
64995996
66463718
44560348
31551243
69746532
58540982
75236211
61170232
42425827
61455236
64975760
72788991
34093748
10016008
57349169
22842555
41099994
16037592
78697143
67026520
74859216
33313618
13413791
30558270
79586792
31587405
50287956
36839394
49286655
65947095
39223397
60958542
13413077
28539475
16891872
71944916
63869956
59354386
61815290
79177475
68534759
23722043
15081008
14382655
77875521
34736768
66973862
72441308
79099201
77494635
18099742
66215390
63825279
78299820
61694443
42615925
56179351
19387895
56548820
55898833
74898032
67271140
12423798
16474501
13943158
51045590
21409191
42695539
76330998
49631753
24359283
22966061
59415052
47544864
77541600
61493444
34891114
23886177
44631688
19157184
48256507
48304237
78255093
63320893
66432582
63233056
58964691
76732217
38386532
31091532
25033411
74865754
45083130
20696837
35172916
48859138
12138217
17625663
39390436
33336986
37200252
46009379
64342987
37273292
61778759
20063296
40891973
10472794
44717731
41428523
44723485
12058015
37701947
49759338
38942176
14820867
75014540
65730924
16096125
63039204
11116237
29224489
46750758
77424114
61985271
22563977
35493984
66514000
19386290
55161690
67808648
11963441
36595703
50880315
60089963
61768429
31760343
38130683
21208140
74525310
77947255
44596478
33932199
71751001
37548525
24607459
16463463
34756277
21962055
40869033
47108971
22465658
32373802
57616457
22721659
22756485
27216162
21728884
14051113
20200801
33125073
73136866
24042380
45219234
46629734
55425293
55043269
49567360
77629648
49862755
75182421
40689912
66042798
20935947
59545158
47113168
55508494
76872907
32152663
56928804
58804873
73464134
71100864
47802538
18695442
69242724
67967197
44918625
54349602
50234450
68752426
32171259
78380618
60015858
12468282
62616422
14988113
11199767
48781772
17931345
33551492
76425713
37381350
43837479
21634732
43097372
44598890
27613643
69367019
37360146
12411205
30781294
32354958
68251595
28734524
28609067
68831285
68992958
12508164
31222958
64110937
53863646
79438214
73271573
55900034
12624118
55384324
28765623
15969760
69092732
63494591
16485745
17164021
50002287
32246415
70378572
12270031
48373003
22223010
49478405
32095210
64670580
75292166
74490251
53055827
25094057
11242314
62515081
64588787
79535219
50349534
42676283
17179983
40740587
77712998
16154416
45656679
13054207
27004535
16374063
74114810
74381344
58074935
29284940
56766834
11727571
63809225
21389063
10232957
21610656
18510012
76014274
33031471
65879762
34713281
76300424
13052596
76931971
44315159
65028033
16456052
66337628
26418511
56686730
57341836
66779309
17131521
79068770
29150936
39509453
20718956
10822388
25200222
74664170
37177425
48539851
25551360
67319322
37042170
53443965
15345399
20408570
67316081
29892154
62889827
62126704
44699044
69141658
72235264
50244653
75335430
38512172
70947664
16158592
71084634
33519357
32215888
24564047
16071341
12175689
21083710
67963387
19276543
56636946
12914800
45667270
43757500
17771291
76584354
71973839
23101759
42715559
66967266
76322476
64646594
29687541
44712842
54759450
31325549
67105112
51971944
78780620
16847656
30822567
22660577
17833768
28425408
15794853
47553246
18213977
18453836
40032398
74780548
73900011
73183500
79279246
31645436
70046561
69438323
48482182
75680992
42046950
60374463
78578830
20163457
18145493
67183011
40338867
22474297
20677486
52462967
60667990
34329091
20548350
62308795
22160746
34756188
18528131
69777015
70025223
70267298
12818655
68280120
66733470
32878081
25453744
76303819
34775141
37548641
19627005
52541411
49384033
15963426
18407009
22555282
53581571
73859154
69388484
19498652
65742144
51026136
16567113
37657035
67722742
41801030
42772340
55646913
25970841
49177482
26300705
32018638
68446500
40210906
47252337
17071725
34410988
29438803
44686973
66278646
42934558
36687664
71170681
45003529
27709470
67263500
22610592
58515143
50234453
35261811
74681366
53373865
21533782
68048357
30675567
11077434
49818328
59471136
26228101
58744315
48030719
24506142
26287140
44248087
18467973
71714482
67958744
25343519
50201062
30090443
68693106
27610105
48613255
29211549
27364792
42978211
34768202
48517750
12272632
67246044
47256391
76179278
41349171
28624590
30509309
48053280
17553433
39450332
17289954
27420542
43876695
28474158
73902693
16020798
44045300
58212943
52830759
52842573
34303313
29100106
36539443
72904230
41507957
59402186
50792833
45526923
23180180
32810550
67802305
21706184
45659494
39043325
75328793
67832299
33539140
23882393
76317093
18751664
34689459
29752044
44753761
50123051
58872044
78695036
10002163
11082038
23476551
68061987
38778211
32776480
33826749
62680438
67711889
32664277
72166184
48342692
46142001
56857477
72085779
69314530
53997931
21828735
22086008
61247992
10033565
20011438
53435788
64825236
38594593
35660338
53058326
41201450
79830998
14421496
77543981
52854608
53664049
12221416
30342619
75056551
46606187
40046151
68348467
70527588
55548790
70900919
68186736
25309276
27010553
30887765
40117282
27002662
20190110
68925345
48392890
68643746
49671477
20265625
62655585
45831567
59727178
43569844
28357268
71604057
23957809
27539769
38898858
33801372
12136276
69703015
35584955
36076049
20392003
31958638
33996430
26924498
64578988
52525598
50064464
20138451
14233220
18127821
44491528
22469523
73573061
64330546
23785866
37807771
37079067
54213940
72595364
44260437
36514749
47732588
55240037
20610662
59204145
70027420
77972534
52084603
22294361
74872163
58809300
68948071
58797499
50436357
10957490
67743407
63016873
66531642
56348457
37662166
14020379
68431223
43367303
32537051
12552921
29249130
51122422
34822696
55395997
46095941
21600305
78769940
14492551
53146112
77482866
52264008
10205553
21387719
27432239
35282804
36374471
73603990
55878083
47827177
40977393
12929990
61133970
25179185
38987041
20302464
77604499
30749685
65613699
22424792
42812449
35661582
35965810
46607095
14592396
68277597
10263645
77482601
76451447
22701090
26064642
26779016
14155941
57219438
62159092
24747787
31817476
72966194
60673166
61428187
55200623
79508976
35397515
51891118
33834370
51292135
17066122
44868990
71740629
13442602
41134019
21307687
44541052
12608097
24856857
46501766
16671296
78373220
17902438
58498354
33084622
44187692
13550690
69166982
64720152
48387581
26740561
64449595
55009840
60383115
57629680
14865407
38815939
74746461
40776740
79468298
75197006
25352268
39490690
24669357
73925336
64867555
40440786
75482556
54990834
62672124
61393586
35556994
57404485
50167294
52878961
43298944
31290612
76119269
46620949
66731305
31266492
31342610
35626751
12180385
41397995
64783190
77642071
25511389
60688441
15083466
24580147
31342412
59180237
64791105
75322841
35157300
72229987
68988730
10507690
67444447
30091862
49283316
17810431
69816384
50241680
54704113
68800525
48593076
57918598
55649987
65447290
75321231
53515602
31436625
28957491
19404460
11140054
25316744
53511969
42780292
34964077
20464216
51530115
14697617
66539043
73322921
64781848
36807398
60593391
17131595
18471091
71584095
28596074
22309587
11540652
50474147
51959087
79299927
64413550
42119866
32624771
79300608
27981671
58323670
70995674
18614064
12543542
38694031
26043571
39608355
55213696
32469895
48125162
70527837
76662683
55505857
74588644
38101053
77551341
64559739
45563036
57838140
15946544
72225883
29798136
13328829
59618930
34651766
28960535
14272201
50589886
43468645
35706422
52662392
23588549
20681624
17596205
74569321
73483892
15316285
14733718
40048655
37443995
12920235
54678779
72911779
75324815
32441059
20611700
32378734
52265726
12751746
10341311
30196813
63911448
16661591
47256057
68356448
10711891
75067363
23159524
58847066
64178514
27838334
35576742
58070125
66820310
35925653
23734576
18994059
16999758
41413305
41680099
61395976
49887494
13251976
16668770
18272657
60724823
68621537
43707520
24131997
65073588
19368658
64751162
23333337
32743899
61765738
60862551
43579111
35196761
23188061
14613692
64681732
23098040
29942126
29008833
55177253
37841140
39333972
21333496
53659078
31654213
59981966
41126412
33355530
44481346
56206034
30263246
50464299
44163799
29337569
15767508
33899147
69484537
57148213
74512309
37506369
26636772
31483928
57546076
39820450
52526571
57535828
64440616
54586788
65556405
34190219
53465358
43611743
79251092
54796735
58661377
40341364
57719583
13571196
18807988
26861962
72579081
79447472
22422846
35904825
24431998
21029848
53885679
45512345
33992696
76520532
78248178
24190871
28910294
37601525
42850459
55886224
37843007
68521827
15097739
40340754
62756138
23456069
66365512
73660622
18335223
47031475
30342632
29211257
66329334
44273556
30251691
31927486
40886069
21370912
63442213
37561058
54381949
12504854
42279459
53962260
51598853
46460177
42059146
61706330
31611012
25155104
30329417
35379417
33085388
48900338
38009223
66241535
33317557
69140525
28165133
38731487
51795600
76848041
23918369
23369526
51671101
42615061
41816122
66337120
10106387
49648405
58608287
32797028
68114155
26482375
69099680
24177886
69220141
25625993
25935657
65756154
22825323
37347634
32654977
62973469
65541464
55101610
72329703
65891289
45460851
18347260
33610712
49032020
37299309
53197762
62192589
31923437
14079000
17564387
45578898
13813715
40880846
16760077
50599551
58972394
34296250
45326999
64539946
55174961
66723510
46744909
27233654
44242889
50880970
72332375
45073051
57915221
23571943
70428160
28324055
35196839
70321704
75615228
64650996
72271424
29171719
35687925
74063060
12194228
79331580
65145816
68766793
76273686
68848830
51011518
77554528
29599202
67714404
27522781
24878131
17318226
16112141
22306166
56905582
10170161
73995204
39214857
31144148
68322923
26015484
33481140
34608020
11330826
44627372
72035225
17401127
70571451
79405590
79448988
48952393
43661830
37979214
61236191
37950562
76096542
47007127
41911348
77501704
23064078
23061285
21921789
41327129
24207538
25124921
60192372
37544105
19622881
71717563
10275591
33179968
51708226
38251939
70198070
23089391
54053196
13448716
48027280
62366119
30660184
27001431
33924219
49988263
39850154
70659128
54982305
29993953
78542953
15653731
70087629
61033184
39660621
38971339
53126122
49342520
19134423
72131463
74573878
70967181
49388487
78018622
37595725
18565995
17034127
25696366
63676821
77737948
62533876
32049855
11414737
27554244
21198402
49131571
65416965
12861258
77345761
28832551
72617674
15587718
15174642
38192585
73842983
50061935
29787780
68986046
58316415
79946520
42024469
10971971
73109633
46037236
45438623
50521711
76369862
62605631
20898423
42741060
10418557
26293541
16069220
36660922
42726038
43070423
75212342
23399204
55929744
51961379
28582572
51545405
55017075
34261410
52368764
43251278
36346919
59503181
28417200
14332390
45091685
67328454
71838085
49450747
32487631
66837142
51822268
72381954
38739035
46030852
75289814
63135790
69302838
57988230
69857184
29652201
52832285
63823757
55588196
23724030
54848524
16587588
63043434
72582618
77740649
61923303
47526545
24299134
31921498
54794753
26681403
55576684
13057834
13418594
53707120
46399365
73459116
37074658
76463076
69725324
46529239
59286336
74864847
25210968
47073115
65224231
57498436
26962778
58562587
56416378
76835847
25892067
21947556
21648557
19345553
10958002
30861771
12617277
26504261
34853537
34053937
43255209
29237750
29111214
67771749
11119467
25368714
23445052
65262521
41604042
15892082
67527586
75014808
51274748
36482432
46107710
15805358
20106689
35195841
23632786
20554450
18351163
47898814
19833506
55676882
56275329
22432706
44480549
35812731
44896035
44760402
40562348
10717289
75453279
57515892
46332802
14221781
39830927
12058786
70592821
60315487
15053752
21333690
68000349
38546623
76214798
70623828
43993507
20854802
35042788
71317080
15576904
72434155
24195506
38103665
12050406
22296183
79730069
79337965
47230543
22081530
46867127
44320035
24913583
18324335
22795024
63072776
49998878
13290910
79518259
39796588
76806421
57064504
27202137
14162600
16230468
55882014
38242192
31413843
22766660
51628650
57536863
71609636
54523285
77752110
26736629
77220328
17866785
61165964
43773762
71417371
38076892
71788123
33419009
62757013
15671468
40662296
71567116
22975283
54905377
65511588
41296564
63313267
27746570
25576200
10158135
50868047
50256585
47402649
28421270
42661515
24499065
16064133
70165818
48069288
27033886
30124737
75551033
20357327
13791327
47684672
72577587
32507928
69537560
11277559
17711916
39167601
43108994
60278400
61931145
30336144
42255993
19648219
41047005
10057093
70800357
31059537
39814060
72847327
72707989
59761437
32153377
72919943
21893125
20471581
44478296
23149466
41158477
34711987
46675235
22104851
12706789
40566058
72090355
23276389
20550672
61144055
21815656
53550086
32131114
74013936
65406650
14568034
41394730
26560143
12260403
29649293
59177188
41040462
23151645
26531324
13557945
48697673
28322632
60548841
32109933
45248071
63576477
75719243
22358336
41252924
51307811
71494019
68811388
14491377
72540519
22443380
34601445
49788349
79888454
42959582
73012113
73074136
12499523
15695270
23652531
60779611
52579766
29418446
72072125
18737016
47861397
26246465
51516588
29584350
69007820
34356585
58460106
53408863
61145330
10228800
27637876
27261996
46186102
67772208
65908162
41793161
59632832
40541838
28181849
69072190
50604120
28181238
72131738
40307275
75146994
67870947
40681154
79400551
47877395
22875968
71148819
71891594
37025680
51140743
19157924
51717937
46065657
38377490
19331358
39855519
21438371
14290559
27373897
46365341
65224790
40475620
52160254
74707238
49507714
74036348
51156480
67338014
56875361
20649093
38882188
22567391
55050894
34474379
40967128
53798946
46634387
63614833
43724076
51568817
64122107
45075290
76393741
25891043
76120253
71857979
67565025
72754208
64189266
70705232
32164747
60590792
51622204
79851708
76430303
71212602
61833720
72084682
13463428
10460436
61505360
71952624
55330979
50334980
36288094
60686755
37754645
71970295
78910101
15975835
44954049
52136188
31503744
68973831
48642765
20206608
31464906
38466629
66056115
20507546
77107448
20893986
46210444
31891751
35675206
55273693
56560210
57524074
62308022
41015447
74010364
62314277
12827651
35251657
68277317
27929331
64274191
29823994
20003380
58677360
50896862
45662748
79032099
67590585
53220522
19172309
19681952
24374275
73460327
37775032
17725400
43331093
18536747
69526790
25152783
20268503
42455575
22691823
69608064
74757566
51294262
13259523
20312545
62775899
78587596
43173149
12201299
51871958
14705294
50725832
70289642
26001993
56855913
15636534
36242168
34551493
56739839
15253351
68789992
64963592
45444337
46681833
13945674
33562616
32101837
62721436
34150807
72269548
51382361
27411133
30069493
23645439
74912364
69067113
16331014
29562798
34605938
29609740
15131626
75287665
13733316
28319137
27050713
35543952
17645682
64507162
12939009
23559535
51568332
66687262
46615080
63495131
27169594
15427176
16362975
10224425
63042897
50957039
11983997
53457675
74538767
71335294
77611764
78770668
26423497
61051231
62951887
26794963
65076205
70265113
43479607
56669397
67725008
55583552
60830370
26127690
61546283
25276929
78769430
42718421
33364821
52935857
54136878
78991873
30038826
73309293
69419921
37404368
17555173
66838871
74684102
50335323
77466170
65365597
51914940
43604739
37244365
45340957
55249429
64930743
46614969
77319291
64393632
41943348
45961733
37524652
15735932
50122953
41293427
24190213
24604792
41249251
65411795
31133126
22127801
41677530
33952936
30267124
22461874
38067694
75330770
42136786
15352387
50040328
47445544
70321828
27179740
53435351
59529055
28075075
60667050
58607995
79997737
79589004
37015314
47796702
43230699
41746095
42574912
39126264
18106958
20421211
17690262
46689236
49432703
12973575
45563920
64062427
39863273
70603632
60053316
44583788
58603581
27012926
55993446
35384422
36714463
34988522
50172827
74984776
55713034
26992246
74230320
24100739
17713765
27000447
58740987
29497842
25333190
78241407
72813072
53090521
38932167
49085613
39079028
73992828
72308253
43713380
12800382
45735542
13549630
60465615
70387230
31027118
28517190
49387407
60513163
32455531
41691155
56469676
36492452
77541655
34439014
68081448
18056057
66866104
21520891
48314526
70035958
53736518
28999183
32350471
62433179
74629635
10069991
15625268
36237548
13365813
10030455
54681290
76957631
39258143
33538448
60032800
70858745
24902652
31228633
51148098
13798543
78900463
74840419
10266219
65477856
22572710
18868701
14844819
16355416
33608123
32959694
39123230
38049286
42439292
64582425
17046193
57072419
11991380
68397728
26511419
63612525
30684772
73067745
23159886
24856590
25007927
69083023
32768807
42840948
74708548
62052711
66477670
38162678
76696774
22809723
48251840
27356618
41175419
44645163
50451464
22462429
65435553
77274922
36965791
64364322
62140762
77375629
46873105
79136743
60570398
34631831
44688238
33081428
75183689
52746442
48965392
15403843
35748912
68160450
29562525
12964788
66904366
67107378
30461737
53348839
39020160
12444666
47806850
25555424
24078636
40892054
19418207
25118364
47662729
13795370
53988504
22269502
53446519
62061392
22587684
29038844
57493147
19692862
79066838
71787782
18078434
22076852
70195001
43580940
47740671
18986391
41884331
57587920
56136617
52300470
27921051
23022729
71762227
16260728
12010622
63442943
12978314
42773261
47879494
18769511
13229296
15980264
50978724
34615164
71584105
17343233
62166162
72376677
42611002
33222512
66371460
39773950
57897252
75992789
61063542
27861692
62084795
23958373
24302140
49605382
70799003
33530299
59567733
34593239
16902174
34873862
78152588
60334495
44633089
26857561
43853860
56978904
44740712
47184172
61948444
49583240
21513182
14769096
18437318
25994419
18370751
29816287
32845777
68906969
13286147
77153177
43622983
73064505
40021374
68635719
79769668
36496323
28409336
45538743
64743683
63924827
47318059
28885480
45852910
26855230
36109669
56589671
69101233
69694617
71119179
18527557
37162801
20998550
48217763
26700828
16901838
61473511
68962323
26240437
32083684
61077043
35539158
52380583
36767835
30493720
71304525
37021587
13620833
73929736
18244414
78189729
24026722
77419763
66313079
65601423
43686258
36346140
18860062
72848870
72305746
58894583
12082205
64764177
36599759
19744355
64853273
19511853
31461535
66225762
26021806
78715994
68268348
73339061
41300389
24529097
22216657
15156754
37050910
19993200
79413001
59431480
71797451
65343618
29057232
61070907
36132901
14090443
66344654
20174858
26527429
19509988
10876375
19054221
13136090
50186649
41861564
12915117
62247524
38719553
74616169
79404734
15542211
78758158
57152499
53154994
44945014
31739430
50436419
75091185
66029592
62813679
29045432
67099034
14312865
20120733
57777880
23771333
14660072
13003761
55348550
40075134
28172004
44076226
33679988
78418599
31894976
63316990
35428080
62499310
43073437
43826709
60491477
39191427
12768364
15583618
32522087
60392236
48456909
52107476
28290039
55171034
35934219
30722533
20173214
71901760
62334535
25768268
56856153
58465213
57469563
23531392
41656169
13357955
58760848
69649310
25086673
56523549
20271902
14884642
62824748
26397163
64124605
18539824
15428920
30930483
44169584
79779197
56207596
32272212
32967074
67656579
70276605
19892434
28745953
64341380
15309707
39936450
10464834
29389521
48994148
49220335
76697420
50822040
67355310
15486355
25196468
21605199
27177781
36570376
48991963
75997381
20295068
67838201
64533989
43892055
24097517
32565331
23803034
49949174
58312054
37994122
16157560
41045483
13829527
61158302
75550977
26178006
67982222
55622742
22706787
48664221
62874605
64727413
40308416
63978222
37926061
32599547
63508707
55733222
11039240
27530786
49716998
27396495
52178871
44116641
61067893
23731026
65554626
21548693
29531784
16542217
65913929
31974849
31226792
29736562
58568122
78596619
59105489
23453993
64985881
54164332
29963090
62338620
26718502
76277776
79156950
10774806
77721224
14734066
69422360
45732083
77349924
14576851
44038652
44917488
30833249
79979402
31858514
69222133
16745453
34105094
48207317
48036583
13364540
16662426
51298122
50174635
35982424
24631531
12907637
60539547
42096069
43878803
46894286
53336779
38160084
13955236
57263859
22125761
24783973
55965616
33923945
26003632
59555314
52696353
39020973
45133873
28327349
26602333
76305830
42960580
39919099
26639584
74864455
40698316
40089677
77906039
69436569
32431770
57603360
60825454
47957214
18996662
11925985
43163122
65818862
59959361
25574483
39864178
54099811
65142350
18743086
59076262
64796724
66993800
63688451
20588139
29612828
12883510
45961553
20780850
28266650
24688282
77147764
62899708
60286519
15790620
39068447
34382185
40193763
24499583
71810236
75333716
63393124
30201014
53060947
76512593
23734052
44905357
54783709
15809234
14955328
76503503
71906412
71963973
16357533
56869257
61531365
68408125
21191510
53643595
15525445
14372921
44546650
53109940
55077609
66096742
56554470
52582528
18173463
18993454
17700189
66390130
31495148
19592677
69597088
48482625
15259566
57749644
77575813
30609058
21545861
56923198
76769348
49898395
30127659
43117822
38289376
40276077
11972948
49554465
50116222
55960500
57023448
43417447
51813630
10848667
22810612
78149280
12160465
32828569
37745076
29479352
42483904
53754537
52298903
59629483
51208769
71531955
46357597
21312309
71575783
24972372
10141414
76587426
64364251
74896035
51899194
50575305
55119674
40069956
69855282
36805988
44894857
58689690
41487689
10581156
59022901
14435838
57693330
73029647
24060443
61788991
48736671
58972802
16271181
48708206
79640731
39523401
36098486
64202610
43251381
75517303
55819163
62179417
50860036
32647588
76537311
66797544
25504830
76184740
24197110
68130923
53766801
31649176
20641166
32858575
52233829
61309284
74351928
14575936
62499450
58535602
34335458
12929641
29590875
59622933
76083560
35330284
27295382
20580298
22493952
10440704
58110162
47097013
36606820
17295780
53373666
30774050
75842222
42740159
54075712
33252462
54053500
19765932
30954438
64355249
13236611
10030523
34314137
51462467
57161442
78785083
68913662
45653738
44048507
38053872
54765734
57882096
17162921
15341647
19583646
19874099
46822555
43421213
43697372
76249476
61916414
17997408
74482077
13250599
12646588
54118103
33615227
28738137
48124167
16216230
28312223
57608580
49869240
31502507
70492819
73582155
51437673
79010096
32886008
48097960
50583149
33765353
34929920
45802978
37752808
19133331
36014339
26246346
40760560
16955351
37893622
58384225
11446852
48531690
65400577
10124277
70447438
75428548
51745752
11393105
21405715
19937215
23641901
72932113
33961332
45483243
35003632
55047012
26446901
21270943
15652418
72579075
28987731
64281688
34466669
74707137
53421889
55168465
61969956
38932363
67604523
52093895
28997614
75383192
35296344
21109040
78355376
71793142
26928003
42848531
18695154
45072066
24968972
66146244
71371824
74624434
48731451
31819620
55818976
30189100
47649880
56066591
15751455
63159749
18326079
15418913
70299771
64269192
61948701
61754610
71655593
78143599
62873869
23967123
61023525
74033107
42569337
75145246
34843985
75033673
13891809
67030586
66662493
63880783
63091106
41208333
13466908
58928716
60857172
38076714
63751219
38913937
61998146
59062819
32070681
63450584
42189283
37498876
29002908
44378728
41610338
32707037
44409820
40473559
43519497
42455932
58061817
14802819
47654848
57031779
27104612
26445860
40445869
55655240
60256614
66834276
57612494
40711973
55797107
48474614
57912952
69777128
26699928
40654667
36663164
73552681
43401181
76274795
45965657
23382411
55676266
73074054
74479969
18364203
52300328
63796389
22491094
75328523
70826414
79301660
78576964
42814487
47165421
61316255
27123512
30549719
22638679
27499313
56348102
31762403
50021749
10034532
68316043
43502691
72230192
34971454
22999112
28559776
47451976
20385718
68122206
10719145
27286816
43957784
33657237
72355324
20423966
53630191
56791386
11985925
48066081
44146091
74623893
31296599
64839043
10437309
35985041
15316008
78508044
70663129
70569326
61403821
55281468
17844163
22866343
76963692
49748811
60983797
64303812
70826259
57855366
13712714
59002732
71033034
18254085
13664533
77724609
30773134
65905076
10286069
52694585
62993558
43848930
59338842
50410205
47364881
51722781
58586214
45284331
20329488
37888499
43742085
37585879
22397089
17527976
33713858
63337577
43616950
56719275
74985632
47883975
36388282
16092947
20486608
49232096
16435279
33151006
42089920
41221038
19339990
45679408
34200598
53299234
29637999
79820148
17524856
55189548
26413822
35046912
63367648
78681234
75758064
73231196
46288559
54960033
19026971
22680955
71991494
75083529
13282868
74621803
43628499
42145399
30628877
42532133
69470749
40940509
57067182
29166713
73013379
70617394
70899469
14456555
75225342
42705878
18301796
75575589
33035750
74080712
54231218
62425415
63292134
19750231
59463636
27870085
42894513
12709539
47082105
14578670
36389600
14769518
19400460
46086662
59320560
39235582
33814584
60316257
55102388
41156971
54344871
42104448
16454663
61338987
43132352
28927452
31820053
41223035
30535429
28031123
10479406
37756621
60745970
66803080
60289838
16927522
21688637
11625966
43864974
60372053
48550746
50446206
50696330
78714086
79990628
73786837
46353305
12883149
56645982
30515199
55275697
47586880
49245505
41021808
65701382
18619975
79115590
73395993
70572571
22508694
74526131
67573182
70394301
22573510
39309511
58709160
70321242
13040250
17099208
46378521
24957989
12732742
21863785
21042329
25763751
63700583
27398167
57081291
33518432
54998547
32723991
61005912
20024427
66049697
38509635
16058225
76337926
56963694
57977709
19664211
71950037
37307935
50799676
48263894
27987974
47025513
35079576
50959003
61571528
34701123
24355085
34274695
64318833
76022773
79164106
11412932
47476419
55817085
41991783
59910711
28926354
28885397
57804295
54388232
45145843
68331929
67461517
45410098
67332046
76310972
20738504
77188441
15574568
71655252
57288987
12117036
75032293
68177105
45937185
44528842
56746217
62593193
45764887
61940428
11983339
75841943
29272811
19378697
35924957
76803485
23352252
65469139
10358437
33042643
74835122
23903721
37907763
34547562
45603308
60805275
48306451
34219699
13282787
24800153
16109521
14102307
67757440
30695249
68918617
31538620
50020847
79353464
69530392
35628739
73682038
51736607
77744280
34504851
44151023
44655646
35990641
45190534
14157653
78858935
75353596
57228274
16586242
54525643
28475021
19630717
64913094
57017198
79422751
73230221
11602046
74258268
63565635
46670171
30377656
43010908
49251241
13867679
24734882
17427906
66607347
12616821
31158983
74671732
40479347
36263928
24223687
40794569
62546423
49078562
22668462
70714772
13165741
37989466
42517223
79306239
28765286
71769580
38965138
57854719
38119521
25186530
44130574
65547761
58090554
70194192
53531176
27777690
57528935
48754576
76155628
78159426
22456036
16389855
60350426
61987244
16295886
40249250
55651568
33917283
77484317
13242395
62683193
25267592
26338492
36309332
30338136
52746469
45830928
65463404
24870805
27280151
14970921
24469509
59564058
59201777
53285985
40027504
76940827
72412242
45917074
63909023
26571357
49214860
76362972
24399354
40444424
35955687
17991259
57996600
65150169
39841185
75460467
59747785
24262208
17756582
18153757
48785872
76431218
55283631
61601345
45095237
35618460
74847167
74103306
65079539
17624246
61276525
31929604
76191499
73024084
39764975
76748216
15614056
40925892
57236154
21307801
52724708
67635838
65764797
10172130
22179763
64040176
67861147
35464134
42832524
42059623
69521658
57183728
43211212
45897851
67372862
60971943
37996620
58120728
72035029
24817294
51998646
68148405
24022357
33651148
45655982
73180665
35997106
26423447
61549675
69174674
75081100
12263773
63845188
10799809
77465641
26339618
31525507
75266966
28747858
19136183
50174320
39020877
33258384
60176334
38914136
26466174
71586227
43927611
27670034
75209014
35853054
19639635
25418763
77713540
59288719
59901776
76889888
28555577
30320799
49089448
67632067
31438511
40067637
16852476
79362916
59495143
27133499
49836591
65150874
40276504
69754758
67538880
76388446
70109283
71723832
35855692
78227506
50693857
53082750
50901571
40772252
11801905
54816550
44929034
56260542
53285092
13005024
51590491
55181824
10934199
76207466
61987637
50705439
33653750
41545665
17744288
41151091
19170827
42757816
69383903
16000614
10271923
54263405
35839873
18066335
75473879
61523677
31500791
79795596
10527900
29480984
18827105
77761817
78083042
53988902
69707012
59797281
31164004
29298585
68018735
72205592
71785591
25350954
43774354
29983280
54899389
13472307
48539396
19804867
11444414
72789846
47265022
22926049
57216482
22556982
25682665
48776695
70669977
52875360
61344019
22982028
65223395
64737678
57001511
67534661
51431166
19062512
27394711
78995510
32274072
23252330
64572128
30865150
77723236
29951668
21307074
22989055
55228218
67094522
13907956
18236197
79860190
38274753
22040593
18369700
74321846
13583722
58096769
23738252
54897096
13301712
26162668
10834952
64989110
39345076
15213043
29934112
41232594
37789683
14148193
64560435
58748938
58638729
49347897
24685551
39388506
63676304
73603892
60463364
17123514
48337508
11910385
70332536
11283297
63976908
22309272
12200993
14995998
64683150
50879577
34894045
65282954
19054527
51197714
40798708
25159954
52737752
56876764
30789870
49568555
66604277
30189852
30419186
54886933
25286722
73613856
49179013
47145761
67809058
72963434
58707296
74853544
37380853
21185494
17370301
19098431
42106469
41915012
13709073
38066954
11550383
65118298
63537070
73238036
35492237
71901553
36711894
52713958
74348950
48098993
28309913
79652329
35570303
52784771
66029289
52831253
18416015
25389185
76697005
29874157
35754414
77921172
69203353
40427052
30332039
65815916
24897095
53319880
75681564
78850749
10046940
32258823
47736658
29765892
67694956
64596046
52943212
18408809
79713151
26908848
76034731
59592468
68371105
15423867
78042429
36755261
28933487
78832170
19150148
43951512
30459073
69463538
13784422
79110823
19079764
54513221
28802949
13140777
74177785
14010438
61117165
70937372
55803231
26610485
69405731
36858642
59191789
33516769
45674460
36730430
77351059
46087391
70907867
26641034
66259428
62831490
24315536
54473866
64131563
72028719
64303213
11557075
41495309
38647432
69030213
34774397
42136408
69315660
43830596
78129027
17684359
18238291
50889566
77142643
36130564
73317168
55632656
17572554
75985290
11834038
12218604
19593570
74572111
13984431
62511392
29178401
49723677
20902767
18278152
59132969
48487878
49253894
72030007
39902666
36165837
38592222
72037579
63432285
14728290
27895611
42598169
33423943
75417884
53323836
45516730
35442167
32869600
13515807
65645397
65844276
38331368
51237023
41940348
28048033
28900537
10821902
34449308
33199787
63233993
73227471
47901004
77549046
19183768
31005979
10297196
14073638
46469580
29181806
68407690
78353818
39823105
19551815
27832692
75324175
49657940
50484703
59108800
42561280
51656333
63948473
75950157
25539876
53584770
27090361
32391937
19449066
23572506
43168560
59291906
15327552
65093321
71737990
70760856
49675466
67130063
67773484
24156279
27913224
29648361
24654322
19439374
32450205
41880211
40632224
22584831
35341778
38129506
56094109
45175702
70270550
73045224
36488320
71597767
42102227
64354672
18911163
33615671
25194399
35810066
76012007
28760583
62274522
33291244
70471254
54989920
32398737
38023321
59077762
30590180
67269609
21750601
44573685
62548336
58758338
76760538
11568924
37812312
19053986
39988803
22687755
26032218
39321195
77064094
64004045
17188635
46176906
79967382
66833151
68391227
61331289
42920757
40177417
30388749
75292229
42566817
18667514
55701075
63123476
61043863
51014858
21959446
12802245
49286548
13976105
36945165
38063067
45233076
51164962
62147919
46188509
35954421
75054266
17481074
45467114
78154934
50745450
29748134
34487838
63730576
73982828
36312778
32866555
63264275
40089964
39709086
14397671
30320584
60496562
69271215
53889019
48000837
74944686
51288899
58957545
35698757
17427612
15501833
45269022
38031945
55306355
78856822
18899714
73078431
12846593
66716453
59200653
33188623
69322558
31983608
23159049
22988936
35034608
56806317
34631378
70073857
55345162
66303383
69002168
27679292
32811203
18038478
29119921
28237914
62711800
21979792
32144144
34236554
43993398
53252405
41609889
20895226
19327402
77626503
44708915
23234020
35459980
43668265
39200976
26870466
68955202
41630425
79694701
65654685
40846396
53810425
52513335
36704793
24936628
36645508
48475989
66913805
17858494
62579017
22986147
25487320
12643084
49420518
49330535
10735104
79970498
34598773
11103250
27734585
12697581
75740308
36896205
19786232
36734136
21532464
31880204
46455695
43371035
61240749
51932724
55940887
49701318
14822401
19830832
52132178
10951210
37596851
68849424
36020264
23730442
23294827
47281439
15172453
54185846
67088631
67108035
38003341
77981105
47347080
78114126
74733990
74227682
47198832
45217658
49773024
17288354
68188816
32968989
43403011
74268057
36579162
50355915
28610466
67368035
48233449
58217797
69156568
10698269
64317499
22635680
46460055
79406274
47868351
39211107
16550632
14618888
70037841
39369385
21889693
32425538
66935691
38995718
47026859
65225465
30469223
78458612
23287123
68208884
33969534
34403429
59308161
48352046
74527211
66144574
12652945
54088303
63013626
25710650
67604806
64529579
25342359
25454012
51364118
56179196
48008972
27495460
59156042
39274579
57457300
49755496
20275179
70116754
43558968
38115219
66700157
47478094
36054262
62069913
58593279
22355387
37701239
34770167
77571696
36254193
53927368
55083515
42758786
33515477
40105606
60211029
49938205
70293882
56976566
57035727
76909764
22173730
48312428
21743997
28270944
34694044
22819470
76869249
74712530
32277669
23293510
19235927
65580092
29665546
77070899
62409551
78628160
64527156
39028490
74620428
64883097
55814033
51572681
15680268
25287405
47114717
49245033
17305564
20758263
16439148
31374463
68433606
76930785
35526672
10472637
14023116
51250698
37982185
17330655
51933597
13232955
56326056
11278743
60304184
51695219
49721053
40429159
78283145
42448642
34232550
66810398
36604464
19737533
20859396
67547557
20081945
30537216
52842652
46578157
60449326
74758969
32405533
13384797
27981047
21242141
78266596
13230715
11276267
79737534
39603562
10011045
56779804
76759495
57451447
31967554
54611528
55992132
60032716
14001468
50467133
16051602
31852979
57113898
55232564
63118498
44437694
78016937
11897465
20476593
63300274
37380466
66976578
47504914
48156150
37239908
54836811
12085956
44857673
28319351
39171706
43091552
31874078
66144167
60006675
41090143
31468521
36674783
24560165
54442919
11686016
22805613
13655682
72444084
38424492
57020344
35502812
78386288
64979268
45726260
44390574
18306762
32941948
22381829
61697628
35897274
74801499
27440588
24423071
74762531
35512096
35816672
59868092
41775065
15440183
21537583
48741909
46116181
17446775
25478240
75873081
72296074
76442569
52621020
68355059
64862455
73659825
32944887
65343162
67986049
29904260
70809653
77066879
55544873
45013825
33867426
44895915
35190111
73862186
39889993
27797116
51314220
71635801
76336296
30809243
77019233
10914514
62851795
13260524
71072264
72476701
62099054
30981924
75695001
49506886
18905656
24144914
57895854
63776539
50917219
56175117
40245331
35323134
31617523
19585047
25791136
26362998
12390017
51433000
75768756
55508695
42913420
53370039
61405037
73786002
54270961
27159769
39967233
10987591
77348373
52777689
33507208
58542982
37512622
60150484
77527489
59680716
53095705
18602004
66987873
36631510
23044675
33505664
29581457
57394174
68675541
29887432
67062073
66478328
65000163
16339473
15551003
32447619
61510726
53229622
28054376
22476595
42897078
58075920
57546247
21212185
25070988
68251934
29684447
24964770
64416174
59899840
47802117
21089351
64552141
57289669
53476359
29348906
28520980
33943023
78437260
74759260
79671942
54668646
56628312
23267193
16394253
41409339
25322545
28991657
66584788
51780920
56941455
70794670
56060948
63367578
14680774
11136824
36873072
41406837
27186071
32883085
26152380
39501304
65514930
68565610
25617111
24784167
68654420
12532839
13017296
41770247
55476323
54581841
34712855
49671419
17249383
43646548
52846969
71878789
65930206
42311388
18988382
60132057
39430190
13053968
67620916
74186306
63701904
58958950
12572297
77723283
49773577
45788212
76485040
44104092
52730992
13399700
24090406
70074805
40066208
57257843
32525202
34610542
12376954
25474113
73339578
28657829
45186561
74056098
55118998
51073522
19852697
68067726
37227814
55445015
43651836
59856079
26792094
27343052
11476990
36913103
40326927
60554910
35742855
64989030
30463807
75798063
72787847
24827790
79980979
10226224
71896186
42172205
53438615
49150389
19343673
69948619
31165326
73832114
53816058
25399157
18450810
52539313
35780359
37163966
31398248
55862442
38394499
45436534
51464607
29014623
22650918
15903295
11025025
23282132
20096718
64355294
32314662
10133787
73916621
17335432
66861024
20207035
38650084
54341092
62391170
58115124
57956346
63156871
16498633
79685915
11861163
28743607
65059329
46074835
10605847
55882189
13267009
12951532
54768901
62443771
17191378
43966401
49673221
26741364
18630604
37899294
11750899
50595539
33228769
29879882
12958814
55815196
40331127
53033297
53650338
65985855
60899962
23896499
12522142
10918710
21421996
14539310
56264059
77895173
41187113
69623632
71688038
47636191
37131963
15886095
37665578
25594537
56816001
66821915
77302437
30305667
27690287
58246967
21246838
69321885
11579089
52009839
46106140
13492362
32302734
64970445
36476534
17840949
60042403
54633966
57941803
20315078
65548489
15547301
18822797
25003105
75743798
79757422
74841004
62105371
59918658
63361302
77194482
10248118
21898297
38128063
53880748
40903243
19154540
54847444
74214242
37472201
36132044
74757652
13086828
64203719
30952891
50331228
71049714
67365948
27396328
37514056
11541720
30966030
44114639
28958947
20309399
57239414
20564678
25737716
15422695
63784468
23758957
14395092
13366667
37103899
14031348
20674081
35271726
40663522
55263053
39779962
58989451
61708907
68452194
29600304
16962619
38723228
39337939
24066194
43093775
45175143
18818713
67433118
52942732
77245368
21869081
74869442
25251202
54345670
76155254
78082593
11326455
30125070
48619940
68969653
17020661
75865177
70589659
46768877
79364131
64856001
14794084
77536731
72410390
69692459
68992282
11399858
18167612
10876010
42855673
59886677
43472149
76724797
67098395
18289124
29191094
24180222
29527441
16341549
49489845
26080586
71333859
21862661
12628649
55734832
37166767
53070850
51100565
46439674
71165081
48502006
45199266
70896954
73502864
78298427
19698606
11288875
16787650
77634537
30590361
26579045
53223838
42557797
62409521
34631603
53860208
33701561
25736341
58903209
35072957
18883038
40552827
56935916
51856792
26349109
48583316
55630936
60794412
14521850
38636742
53993707
55188825
76143647
65336060
59275774
33008486
11374497
64632985
34200135
64208763
39964759
21927498
53635283
59772420
79613505
67910032
74614176
24742793
56393451
57464069
58718090
57933294
28518637
28602396
47603268
38043984
24506382
43858458
32646559
46525136
12795666
76247642
46333879
38936040
28777853
74885231
10110367
22912356
73347645
64961503
23853666
51925592
77184652
48598216
78625231
56677165
13960102
18117970
59199308
28979399
70903833
50871575
53132727
18713704
24039675
45429943
33641493
64843784
20682792
70825987
56785338
61546642
37178062
67005275
52075141
28686663
76864122
79595681
75360131
50040081
33020792
42687889
30549228
58556762
38248070
49400009
68091015
18696057
21710110
57907548
61220434
73151984
36178464
67746305
47870546
49764512
37666733
62944765
65117217
22935059
41444281
54222544
50720388
44115879
41166158
78433735
31747182
68970921
48613661
60092658
47510718
79625095
62558141
21458596
32014521
53813862
59752795
33886037
62399328
24152020
17246127
22626461
34124318
76713246
11856451
14747369
60888416
11504465
67139742
49315520
77760381
76272089
36588949
76731005
27407261
47336420
69192004
36750936
48372089
45995292
72890205
50578973
15330638
43970442
57091753
12577972
78391895
34782677
66946999
27698259
45124274
14764077
64760290
57627562
25945579
64436156
16833034
29207065
22906116
45995032
63268918
17626732
29692558
76821124
37488399
35167823
32431390
43171405
59534508
51771434
28050676
55260469
78097806
55688068
48966619
76299965
45148685
78179241
47900445
57900438
76126459
66027930
26313422
12197544
30777700
62599081
68601866
30850447
64045892
51621929
14360132
68766881
66983408
37701868
10009442
62416434
26175904
44854454
48713649
77425279
48427412
56644400
42205392
67679016
56410979
71404051
23133338
35137318
40227870
22089760
13682699
10226134
59294247
60293522
45062010
35950473
23299066
12454115
73012304
41229173
32562788
78912713
20004673
18691321
31266990
78378431
74908210
39399000
27486967
66608754
77672785
27627077
57460672
22096388
49489820
46629184
78071361
71258940
59605567
55622497
71287801
69078646
18223917
56096060
30854572
53675617
27010587
54069664
61477399
11609401
60314993
22668098
55550280
10630036
70557605
10858514
71129409
11921235
78741608
43050990
29278259
41953590
14533668
76540417
47704848
47060356
53693787
38402931
24249001
26372072
23662315
49311902
18623384
41031194
33244210
59062163
73018543
37810129
16266403
44390282
79828571
61657239
54326344
77642978
61691329
60272641
64035017
29933498
44122863
40097878
42819260
26315107
77134922
38891068
17791174
22038393
27312515
11961772
50097178
29145233
70388382
28698949
78134017
10282283
65179349
58340255
46497083
68902697
39425413
66925067
19481251
10662540
13526838
24455440
28899881
51630511
25192621
70834964
62118882
73665356
11395531
59384468
25701134
30646314
16258249
24152064
76749864
17412201
40575521
79806487
37772156
34311211
62491706
20924460
33649554
66402548
46235296
70092415
13592154
57883913
75520092
13066778
71284416
73844213
20478574
65763316
44210824
20545138
35825714
71655401
28523282
10510825
76085657
46493398
78545041
30098630
50729592
40435677
24750847
50031754
16595307
63142945
32123025
71591989
26617064
21867739
22322106
60902105
42737667
61514545
13434249
40227908
29644147
15505448
33292668
52179958
29640617
47068640
56197831
77476984
15446640
76576849
64326305
15945522
43965009
18703301
50443683
43989157
47536883
48805267
14630796
32819975
48113868
78263507
78102841
24595373
77010733
76064054
18263688
74227779
79428749
42424166
63099592
73718768
39348799
55812807
56574186
46274299
19533595
64567224
63750396
31676603
75765344
70693459
52948079
39342636
37848065
29314252
43495610
55154104
13311230
47785977
59163680
76837975
31310262
61226693
25319353
69905289
16538743
76702971
72934669
74642266
71078326
60746414
53449787
49139354
39595879
74505118
60109784
64601419
37055305
40543890
35387144
22149470
64322326
72658858
15835457
47768955
75937078
43463266
72978446
29501082
31327960
30806234
52352977
75804368
36744252
28947097
60044032
43322225
50498170
16693900
22817660
24004801
72912496
39136330
24746444
76481145
36310615
20418413
18664386
39716385
11539526
50937812
76706538
19380555
61562437
56963539
63334693
55697376
47172404
70669470
33813089
79473671
17101115
51683031
13197868
25697172
24614761
32068266
14663692
67645495
14665337
66215784
12595537
41241397
66188803
72195040
25693091
64240701
59020659
46480433
79441461
15991683
48912061
48414631
76842060
16513046
38991337
33401854
49836647
10090278
31447483
26421088
44330258
26336013
36565768
20881671
11525866
44928868
45784125
27407090
37902760
37372309
43134969
41595708
44699110
33467849
55766274
47758463
29754835
53755673
40604584
31042164
51974301
72931850
73874100
65106357
37298075
34253571
21947627
42471401
58220455
57492356
12898279
61094801
62714013
72099635
21969571
30096464
65737129
15143070
51658253
57004612
43441124
27614404
40319338
52205660
22179384
14083960
55545148
48223879
77148735
54909832
44900940
16209156
57734142
17573428
61317588
46007164
19842267
40510480
39230665
79044182
15559144
48494532
38997861
55608858
18219754
15601574
20027989
56453311
34540291
70240647
25563479
71914396
23019778
28107136
40436188
64208100
47558283
18321459
39382535
69321640
33641452
37332765
75576368
51990773
72427266
57154016
26888396
65110592
35007726
49323922
73829621
54396009
51261315
55419475
28769757
40058359
37861856
50019915
30056646
60405912
47410202
67896260
64910114
29411555
18119146
10549761
45982468
71173756
77333610
69128665
72471565
18613975
35644925
39590375
10631328
22473405
49027579
40595756
64994432
53118428
17583092
35284724
30371238
74393765
24209583
53588363
57087729
27405365
76632627
46933554
23511638
41484193
46708796
58015204
37040083
71400208
26502588
49816963
43789553
49288191
22458267
59298333
62759285
50837694
24421587
38668161
36917756
44213977
13560125
30805626
34519578
20810359
79575590
70221487
59012712
78439817
59760840
70555242
30457215
22133304
77612414
52370546
22756368
33710911
32291341
50787845
44162155
32348217
48730715
27827988
28735894
42367824
57636830
30208025
65567743
35084856
34504456
54646423
62281335
64811915
16990902
34250771
70048520
31594311
45752148
73939293
18214379
42450280
20501111
46543215
27983042
30629085
19341457
29410922
18957644
43280122
25696844
14240101
28197023
54772305
67964005
54627356
34278838
48626954
45394229
57175693
28741979
54781986
10212358
14597534
52445318
58787633
26501649
55742605
46886015
62749441
17727150
75059187
18317532
44838750
68564006
37470497
57513507
76536150
49037924
10075202
32506016
15533071
57565401
41402504
66525448
32530596
17400204
29264434
17319857
62251980
19901826
65183785
28858325
75379880
78425721
70249805
16491108
32730644
67780157
20924942
74627835
36782507
40024009
57246827
40009369
62781298
47958491
74969920
15076520
13692249
38262182
41267949
34132780
33124172
51477190
42248098
77673335
63409880
16107890
76511844
57448332
19286983
12170255
44027472
46082885
21637455
13199832
31456927
49258441
40028532
57479579
26279333
69997386
15783351
76295728
32222181
70035772
45232873
24831958
10234675
48298396
20017318
61432221
64332469
39687163
62095752
76924536
75942505
77845630
66942789
33894803
24033264
36146121
38386918
16704753
71151250
50339475
16755209
28316220
23404176
49084143
62745405
28623767
54124033
23535447
74313946
73972115
49242027
63093611
70889874
36626846
38998073
68198959
71145473
71224731
66466135
48152202
56889325
45286647
41105867
55685036
58070690
48263222
67766024
34792800
77588642
40776257
22362374
41807654
60476630
56090895
17003447
46655708
19987456
72548855
71343559
38960927
78502702
54266048
52883387
37900422
55152703
74944542
47330443
32071694
30510224
44612768
79097113
24285258
58122473
57309913
15697295
20600106
31146366
36686452
73778621
10592361
57133888
15014330
72202619
75860305
58816385
62474666
52784076
10155009
63439931
66401722
77836107
31719174
25114907
40459455
78537932
18386345
63167091
73342678
15838911
55488342
32738807
62324929
74905250
76257742
42681640
48648954
11022518
47376680
19717360
55911065
21184844
67365764
45723280
22854090
32356901
42626011
63062799
44973166
57602472
66701152
39752631
64663742
63601031
79232337
62005962
21397725
40198902
59591465
63727592
59631307
64535427
58896725
47462334
62816318
27917800
13914667
10141531
62067473
49912418
56918697
41264911
16307247
54996534
21649462
50177547
21547887
35752474
63741309
54519086
34342752
20786421
32604084
29815534
12155843
45757181
21998893
43215644
21404493
25188085
51738285
32664967
57777831
78277795
22994503
65409060
58499949
54501815
41754475
29068990
14461834
32852989
20821417
49901061
17751865
74539427
64343471
60550074
56678998
38152411
31564806
22574310
25486557
11349906
58468760
32377287
27356154
70788809
23877655
78746673
49801665
77538733
50425811
58116258
66464093
54863249
46683920
52352809
46842001
53008701
26530511
72102162
50339141
48181335
49980722
63769707
34420592
34951717
31801761
57820141
68347718
75792619
14935163
53430959
12383374
72714120
38222335
16543435
76897100
73583014
72344517
62806115
54208069
39357434
71969079
39165888
45823234
17966191
19450619
71235323
61546865
79632556
39371960
12944958
13620883
58828687
37781758
30056009
72411899
48497397
53226703
68768182
17465426
18168364
23094508
31221038
49182621
36279703
34476299
47848017
16055869
20050201
59015218
32255504
45132386
79983755
25383724
30376113
38876590
43589341
52333627
17007656
20016951
19814486
44956847
38720051
61122353
13000244
74848017
71673152
18353542
34374342
70813988
58644611
11557755
25081243
31774280
78002648
78773121
64390281
58408041
43717396
57057484
75234520
59081751
36921745
13206908
79144560
34876472
75552407
40018420
47671904
75918122
48475529
12195405
47530851
42512199
60572550
42962514
73023154
51335382
62727550
24754856
67907609
65232114
62608643
32894058
17096854
13406564
48079451
44624203
77020393
79549967
15207611
24520791
19469596
71349598
61649575
70046068
39603790
14660881
76099744
40144923
67343695
20524492
44014938
25406034
79001585
34289060
17521626
29672789
33338942
29574627
13099302
36987522
69796254
72750737
11131183
35936753
19078643
18425398
18309576
19530217
41101707
77425265
29114380
23715130
72408769
24329253
55922413
45295405
42307537
27029319
34469389
44215934
36552310
45836485
42403921
17175926
69276304
24911806
16964670
59022363
51851299
15920470
11315958
36574056
22869855
22141096
47706048
60336058
15716371
66166394
52263176
55651688
74289601
23941416
25340015
28113431
63794886
33335548
70636989
31340231
69280116
79241627
14027161
30751232
13724520
20783301
21925178
33687532
72735510
55077518
78439395
58337707
20364914
35622736
42737732
13779810
57301683
70886742
10586115
47666438
56840587
50696730
57889297
65324355
46700666
47125920
51147704
78260397
62168639
61469141
65339448
52134949
16180372
28735952
64709483
