15442667
47200787
65925477
35846593
72514856
74488588
11207577
10014010
32019925
61468906
54861732
38545658
15226592
20528993
62298711
10699457
14029240
72225481
43640601
58081471
68718327
57302347
60582148
19529881
61637808
14554317
56102851
49922928
76803381
15612458
27079786
41400087
36461317
66860462
24964856
71753784
58625857
45454928
17165355
14840644
13095206
34903335
36410050
53572883
50244106
38600109
72714382
18370469
62429729
42947665
46676297
57645501
59104737
18084939
29007077
32777526
55572635
11990188
32857427
78432906
15124052
38738445
71264500
77008782
63660564
17255186
26800006
30784994
16905435
13684496
10344142
61681327
77101210
78449933
17330958
13320320
30064650
25657517
22046325
29535919
52739827
40638864
14917491
24555345
39590711
56484442
76070221
34818285
20617543
62744693
61473002
69093147
69470895
45286075
30644330
30707670
31834716
33113644
25461504
17538838
29989982
20998957
14006623
38551807
29764542
77465207
50397048
45642205
54880913
17847385
20902008
68781521
48469962
14830690
54078673
39789385
30201095
41080056
77719890
30369541
66520453
76773165
35278081
12577277
50755466
51120538
18802952
49064106
73997913
13220650
23689782
10797970
28647310
36627594
63710524
63064282
46796232
51811197
25229512
26478708
61101073
59264445
41552933
63800508
23624085
15987558
48507850
20407684
47752045
56014764
49101083
42755340
75828574
41053639
73988533
62921086
36225068
53425329
67786826
30859260
35303566
65255157
71852240
12171444
45183758
43498943
15256580
71551212
77279539
50492889
14192235
45078383
35737990
15400448
19258238
13532774
45751055
59072615
64430384
18164973
48744073
25822582
66871804
38769690
77951043
75427311
32248255
65873361
44022222
69010901
25612533
64203394
36275008
35530327
73164277
32876814
77752001
44984759
41093317
47830490
74179007
58680644
53516465
22617873
46109474
27889094
45054238
75308321
58667490
19029497
73332293
16800153
75203536
78141810
22679776
52949473
27686229
20977853
66015771
35598639
30444236
46332356
61521780
27232778
61866786
63205224
17095135
68586094
15085969
56891444
50301814
40514382
11117193
66385180
47399803
38744779
65992486
45224883
36846563
49227829
72665019
41678768
66597515
27344137
28603821
24509924
28439494
21142618
57583574
18399673
64842861
52254181
33971111
16572057
10140400
75722691
74443835
33987912
49664068
66516465
47735771
56878600
68453817
26259947
34256823
27478554
71003970
64591878
32085746
76780002
27879244
18562444
24058598
63479314
30630640
46503848
20652449
52943615
34656539
61223989
50108893
24859036
53556760
73403019
45979449
44604394
36020020
44584742
51388403
51514547
47949687
38466935
16628392
48831138
74536637
47055628
59879010
71960417
20917672
72596837
41844434
47394072
46665428
36794484
66459683
67019496
44562251
43261767
55036565
54677219
57584447
16645607
51733251
45421252
24503007
35820187
73603945
74352206
56483908
33188160
20159617
55974426
73009803
30145436
27280109
58553953
43420511
76289138
31349179
58308820
47592989
53494747
66229773
26835648
54452146
49612804
51280982
60437952
52108272
53150585
59235352
49528343
25097047
42858535
17678964
62589154
28608467
23576396
72786017
33763864
37344433
52738865
60212960
58300379
21114096
78178269
36903103
72989631
40565973
29084978
58276221
35243651
24601186
53677381
25415605
67895554
77723744
65207531
28279209
38897868
27824489
60325794
18722293
58682511
27862528
51188956
34522910
77465950
77390206
77701377
19144520
54791722
38453397
33171580
62068601
67971590
51888469
30018321
16999469
68609852
58859481
69915760
30188113
11240044
36560192
77335773
46140925
10992340
44096365
37080833
75575596
69074326
69638782
71513227
52901697
38514227
29122526
36452434
15366360
62726277
74551941
59597020
19181011
31765768
18776095
32414586
74578651
69459881
52010996
30554718
40994377
54208085
62791694
38039510
47881867
10065157
79071363
78758013
28916976
79415008
11564950
33059794
50288072
32711300
42250949
51529733
51985854
74378932
76517746
45562855
58532861
56683095
62631607
68503692
16868985
49758116
57606618
73603317
38226025
17423695
17363376
67522144
53312935
55906094
39035432
39372467
19182754
18318864
61966964
70289888
39990728
48726552
15840548
77039789
27897967
26026259
36715654
43520634
46172612
20569627
38364122
72547081
50493666
17430313
33472748
24825737
77055269
53262515
35035374
42548083
64718934
50063849
11139695
38058551
45503475
60350982
78359812
42349337
31765963
69758912
71706802
60830953
25330892
76468426
25196435
19499177
48231278
19174801
63670023
63000384
63658899
39113210
12737458
48715938
19418126
55791990
40943400
38309893
45336913
49292920
19404163
35627666
56438928
45816257
65954648
10963865
22349783
15078842
15698401
26817917
49697906
78147614
65088046
50272935
16289253
35013436
25347003
66224083
73764386
45258689
71442706
14233636
33653472
55429014
41874836
10573745
67054575
53015641
51045732
33595248
76083751
77437776
59694424
62619905
22939985
32869837
27595230
46869404
18673593
22439120
16420534
23665911
13257305
26694719
14964822
41510694
76100122
51648250
65412965
68008482
18960837
53714237
79333515
69575501
75154094
10608333
34600628
41856184
56862662
17104856
10979614
32266792
20149784
47825007
45567884
19803771
70090517
59399730
39845655
64452390
57703293
36631919
17235875
24748863
25356651
25108486
40246160
37343360
39826962
12066699
71949811
53511883
33124101
32866242
16374234
38533272
65090058
27634074
45247047
61023855
67179132
31150029
76781700
28740689
34277158
68188031
74810156
32838118
60115701
54202179
49787208
45664193
67276157
63114864
64302607
56741260
47227460
77709804
65341969
30435673
68499343
56711342
38912785
75165879
31061924
65239937
79589422
44031909
42665361
72625675
69917788
35520915
26046398
51774745
52560646
33340637
74643813
38884068
23896043
13619377
79440120
68255012
66553004
11880279
21264284
41835437
35996151
22599186
71913232
74338191
72353796
58073804
72907779
56124205
35987698
75331307
76238098
40590159
62092044
73810688
13104507
70407237
76999867
42103379
17959819
33202485
30349726
22462533
67582460
44582312
13110300
31526202
42912125
19976109
20808289
56595464
31480116
17439501
49056805
46737280
18569268
61608256
45446167
71956273
56264639
10308210
11332497
12678806
79013689
71182249
67564569
55044104
25135755
22872061
26759023
68737488
18513100
76879470
33194453
17551189
70941589
36085007
63871881
14883047
49067611
48020052
24360044
65971335
23350207
60142408
44704787
39770789
28371560
12331892
26473158
58485060
61728767
78805508
64397108
15487667
45961566
43707978
50392467
59851000
45280774
70248684
38100850
29653363
64892805
17219650
69649689
38126543
59147216
15075145
73298189
53002725
40096608
17631569
43338694
37776100
59666964
52777825
18896601
21959373
24151743
50226191
70088333
54716274
34582827
13320618
46747308
62087355
19481922
32382247
74771213
65745926
12192684
38109032
64243747
30278992
70941280
42226726
38282516
38332107
46051448
56515811
25133199
38819693
57185422
21871880
11751933
71858743
53750152
71190188
65719408
52429480
32709908
18369319
12409100
30904429
60310829
42789393
23715602
34135165
30127192
72651558
48349715
46288226
74990683
76563282
75200084
21486853
17757048
10932250
56568802
66367563
62181478
78335122
53793298
66007246
41401542
24390740
62883941
22524018
67787726
13676935
74315400
27833063
54532142
66993526
47513143
19742888
66092730
44052128
57993976
51073345
48587076
33820058
77510229
69765613
21533637
18317266
78048681
59619289
16680093
65958008
52146020
35022235
39388486
14707664
53771659
67240235
17429085
21796443
76529962
78046761
76498594
44542462
30589238
38896638
42243312
12059198
16806096
57755853
57237909
33214952
79569839
46529112
60720695
42141657
71679184
14775132
13660418
61820986
54620205
18910530
68628681
49262810
54879407
67860159
65651432
11777638
63660567
50246585
11128578
14806660
51290324
49242216
69534049
40502917
58915470
69813136
19673770
20265713
54842172
60754148
62874915
77648183
48090791
22771008
40498325
25225738
60566799
68602647
41923821
59689815
31285857
17099131
28647912
68477431
64721040
20055970
72678493
30263078
55113325
37893682
26650661
28091900
68616099
70358245
77727173
40736419
52486939
18804948
13342210
42076685
57901419
77413698
24701108
41802656
66853197
40208684
24091920
61221085
44137359
73251525
62900830
45192282
18054902
71095064
27378652
29031198
58633483
31383174
18347123
21967031
70776162
18128291
50766798
18579786
47857614
20265957
11973879
50599510
33691847
32189476
72561072
33700221
47532960
54377369
69370007
53291461
38497591
54775776
39388511
64418319
63035041
45982111
69794256
33738966
74597672
15398945
62261593
49137552
30120151
56691399
25058435
72100614
53157493
29417239
58269981
72409656
22617110
59412976
14249946
28658757
78895083
22753686
30935382
29737116
25739878
62978635
10750730
64836861
41701440
34744879
43256995
21119111
66682476
60460781
17568056
11842026
58886457
20346118
32616519
41235508
28273354
54067292
46309278
70314077
16296170
52750432
21841162
54240281
14355996
73098425
21522738
46452993
63147056
74053107
32811160
11807021
40180759
72267432
53204515
24964128
38654663
57488894
67202461
65462249
30173392
19813186
40897308
21657082
64850764
23001284
18794583
71895500
21929618
70528822
28985404
35912851
11375931
28636476
42082970
23888403
23972133
29001888
32040117
22590025
46830639
10174495
69830900
71647412
56902173
18113206
53608713
76321043
12616496
39950967
54723524
70497199
66875189
60431032
61437250
77496420
44713846
33046199
58456370
77440267
27469113
33712261
31466908
23105169
15468886
50582244
43598230
11365017
35332202
25160384
21901175
51624432
16051152
32110859
16368619
32800545
11542952
68503190
39665440
11082703
57059906
18054545
29833306
61186679
38074241
42985646
72131182
16208070
40710498
51149208
41364132
43457119
63339297
59998793
30597955
35198070
69398990
19586890
61606563
30536547
72690704
17104160
30027847
27420126
53742143
59132142
63031235
41686708
71166423
18572239
74429563
60887721
28507904
68530177
50497877
59481596
12171886
53389778
77925418
71520487
65905067
77145177
45730503
53996509
65717074
16474880
23669719
33588792
19864681
14535270
23383682
37025052
63384198
61388445
78018375
60744278
38886296
60210486
52964843
50925355
28391711
28082285
55382415
67263296
17827400
22217527
10629913
28774753
33163654
52897030
31196218
32448836
41808352
55254731
12219964
64694822
10538079
45649635
56753586
57105080
61386292
38699277
75043163
47338897
70548101
31324439
75498060
29585075
50673629
46434830
50411912
31543844
39826135
42764321
31872214
57712425
13223676
20187500
29235030
10559343
16014701
19450628
44953406
52805025
57877195
32038599
34427671
67716070
58551141
74745463
76693143
11613120
46063031
28354225
24928523
19692585
16692446
73704981
36659762
17212919
45573564
46162953
30247964
66843125
22364631
72934882
12513589
35626846
44761364
12301872
47195862
58350536
19571925
61643993
11089073
67804834
13372031
35256404
28434804
79527661
59914882
45445385
55304415
72188241
13839083
63390019
22788197
63667466
67341450
29069106
14404650
73630372
67963079
51067920
79169409
70001474
23437513
31817708
59585862
42314315
75740594
51859543
33756766
35649158
70896248
18180050
66461153
39613533
36544540
66434920
26975718
54557898
79127611
39210404
49583386
41125454
37560831
31682133
12666465
69128350
73322248
16079537
27457930
71972849
45353271
32749012
38350596
15237025
12784887
58730993
69410693
22828437
56173834
60006573
19343145
39385011
65532594
28761543
53230677
26784328
64480791
33187287
47979758
67924765
62208786
67449008
21053405
22598640
51169093
22368491
22223229
67804710
73156434
42729570
42780724
39944743
51691030
76234784
30041050
45414221
49105529
26662044
73661761
44355406
33940423
43754295
27133966
18893063
69772431
39450515
17671965
36005100
55675660
16518107
66676423
54130362
35227250
77838468
68658788
77776703
33294645
68971899
37199863
22157639
33781095
53593762
72389880
72590104
12620358
37026750
48595794
41661536
52581328
66476645
69082073
45241241
56858708
47473410
29354903
12881707
20586082
14097876
42420741
65240691
21268587
53055075
12476816
28303354
18477884
11961878
29684365
13753481
36440051
11220961
46912560
15828042
15150105
61476569
45394652
73121754
34610699
41444331
13996440
14230222
68846174
16691766
12306846
68670422
14934961
10932071
52714778
51877537
38356259
48790058
64400005
77680460
36607078
12305678
58246015
71370357
36072675
22145317
54402632
59618769
51067414
11658051
47331780
50310221
47493899
29202718
51183870
25904135
16937348
41362868
18086303
79807269
23720626
19590653
29698994
48978402
70129492
16572313
52409405
16996036
61130426
33492224
16008736
22121083
12572752
42081373
26917931
66558201
68518710
25812406
48019085
15899867
23847452
64904642
70790114
46073211
28854554
27731275
47182765
73721270
72462649
69179133
54487390
32592662
52143332
10615128
39586425
30281381
68137331
37102921
13163865
73235574
33687082
37716563
50845081
75369153
62100194
39475734
49343559
77891768
73336126
53963086
36533209
59821995
37512672
79627884
48660504
17994187
65477736
39381994
58296958
75925320
53190604
27059896
27308285
14992717
46082236
72766088
23205736
42136648
38732265
16150536
74299185
24994310
64912061
79951107
31709770
12730258
35758455
17071384
38149201
39593569
32901191
58428975
27138472
65134699
48357776
16952872
15349745
64236027
49658702
64957234
45290497
16724126
58101192
73669503
72698930
35016929
79266002
36070345
67189725
50343575
10240661
19880667
77416984
29521848
15936927
75689502
60974471
56861328
44448139
51459865
77969540
23099141
64560114
31632009
44893892
62329589
55041660
14066848
14852672
41409046
26732485
47464103
60176596
10557240
63786958
27829596
47753395
49486397
29224294
37420110
12609667
13594196
64109108
62726205
12891562
37254699
30905410
22248360
54390532
29458316
67690138
11873313
17987877
35747009
49619835
77530818
26275001
49130910
46719454
57527602
67512585
26703117
59267189
36932368
76556918
46766999
53931825
45285255
77132301
68218813
55062883
46443012
22290658
23132577
11652314
14048610
59864634
74847699
75139274
73317976
45328797
47553258
53595538
27151622
32712419
40468176
15636849
22033956
20112351
72073779
58844081
51100716
69898247
10750273
45191895
61599965
44219253
64597743
11440428
73623381
37500627
70457886
53346027
66359160
24283721
62006619
63661592
69007047
78313045
26449454
31286871
54806879
26650994
67407274
48380332
60538015
20335085
46207375
59109858
14121387
10279495
73939110
26906121
53736929
44761297
76777486
28707425
79299261
66601008
68857455
14038084
17355051
41186375
72933977
73983781
54557143
22374712
11462891
19767199
35708206
78199120
78376689
25893210
26001443
63050599
20348531
66113563
47883762
29418433
43261821
24013860
23859027
55393425
23269131
77505023
41544034
47687924
59436719
77557800
60231997
74137427
54208464
45921230
60086721
60647794
34827115
29020885
38631167
38105368
16499486
18079741
30282484
75041519
76717097
49457765
36716726
58324810
62394902
22586491
24554740
45319119
69017133
65297072
51422370
25956742
26496421
49821759
12492410
27183748
59698792
68935948
62629348
58605626
43190453
17016105
27216272
40091718
15972551
30607329
67011825
60503733
31513485
66774410
38740861
65390946
76996983
36599377
21863989
29338559
51455942
31510644
69793322
27814115
20373214
57165145
44166919
52043596
30922852
19914401
19250581
11825969
50938121
35240318
27576147
62411923
73183319
79218051
20721380
25528812
74369217
22974121
31696841
24624109
12850851
41829983
60637626
47948926
15520242
27438785
64198609
65188778
76858129
46800511
62505800
40829580
41407572
23571444
12470825
67283023
71033206
67109445
69127106
54930237
16212603
31638144
50037170
16822075
45941258
64972170
55565191
20259534
28951188
54228741
48223993
27172910
22835597
75536171
43734281
37510664
57236968
15025262
24891574
24260955
70159547
16324390
21782101
32332660
46660042
47824172
45387689
19284503
47319213
73778578
22828559
10278419
70560721
31844815
16055732
67055713
39936704
56039321
18644556
52761124
31779209
69076327
24182078
60537697
70854581
17096804
34135643
64831197
36243437
74009023
57817025
60090184
15376138
11565272
22227661
65773011
71844047
47275434
55157547
43316385
50545522
22288966
56629078
50668418
26689435
78912422
78922117
18789545
20410325
52341293
63710049
72784619
78023472
49200624
57834445
36338055
27762846
71802889
73460112
66177403
46688082
58932776
22531741
34511403
61703589
70795140
75992245
45957704
62400553
30421177
46462523
43500011
48344664
45295325
74257007
50027452
61394532
44536296
54813438
39285568
45971109
10790832
39024872
58381977
72066131
54428227
39875070
55872107
57343890
22094816
77290918
29988604
63585634
73614531
63761975
29477385
67297202
60453135
34639200
73714497
17372895
16325627
15034765
78553891
21208826
79668193
44240703
41883251
23446156
25608252
51300675
12996350
36069226
14284545
50247581
30446269
44454415
78005993
16283635
12511025
15728197
71833233
17827088
65273141
40224590
12341574
33625839
75346957
18594906
34329461
56585455
74106861
16298804
53236951
54044026
68765708
23990007
71164613
21875727
32128025
32845022
34455036
79199084
66423529
24862043
11995870
12182549
55653988
13630931
37463306
64730615
33032746
12593739
71593994
59761127
50543685
24097103
21861164
47168489
21902694
56642817
62356005
30731925
76260701
59545474
64609830
12690822
51355316
46905372
74679614
29252538
23994335
57950508
37073187
73794787
33338020
23607399
48380162
69900688
50932700
71741416
19502835
38499926
33093364
62307199
39343817
70036116
13259342
69518576
39881392
38751076
78460211
16266263
76393033
11062880
57337848
71436597
66859466
14225474
22446847
48063395
51062060
72955021
48620550
77358874
10984409
12529466
14562376
53670031
59142442
35067612
16973524
69195299
24782495
78595877
43529838
39613893
79460782
56901282
41289338
58752229
65280410
62980417
14029057
33617456
53550365
72044626
62849207
61484592
25899743
50170263
39979973
61252351
70169189
46936849
79690493
10402640
27622121
75367642
70445173
48916768
74440371
23081921
44520605
32573088
66751821
38034107
42426608
79149317
32687150
18902102
16073095
47602583
66673621
48490586
16104946
44050168
30156038
54590508
63685672
45541833
79886692
63052251
73591160
67561953
39552593
28069181
41617168
15833095
34420586
18064794
69980339
16764148
78975498
72458243
35201591
46417890
16241991
48672450
26421548
22708371
34363381
78458538
34968897
13641619
51952377
33233948
41885221
26379120
78836706
30145271
26844803
53398751
25807614
55551348
67343582
53044699
25231766
10554334
73666181
66995210
77220852
70131652
77489523
15964994
10729533
67228995
42504419
10382921
23470576
67370762
36893298
59661127
57414779
11372439
46599523
14134796
54490023
55446966
45644538
71582148
78455365
62782829
77620758
14509522
20020335
74426508
64269873
22240453
29851744
15680807
18493117
22514221
32047424
33620762
10716134
74043217
71256043
24832761
20190920
42859518
10322682
53962688
45119906
26600499
37494389
32260160
26263242
24556230
74292853
17539475
40697950
63759987
41065962
31950309
62584035
41540990
72638343
15386532
36540875
70195024
33788180
25753799
68470574
25700302
47789234
53536182
57245271
51322912
11141028
39866713
66717630
76247364
32522546
40855751
42606781
78218843
20607521
45738625
32599257
32601314
75531971
41353785
55305466
26298334
79283838
23983551
29928805
35150723
17859413
12781869
73440953
15682886
15681845
11409525
46527288
75635852
49649735
15842902
76626370
28701720
77646410
24675071
21960294
60916287
45587205
58697154
32157805
12561735
75000287
20463214
25082722
65351790
53133311
25432997
38708401
43389402
42165690
44902042
17024478
79054739
59968666
33283326
79948473
37996492
37778560
64869997
79171650
60940152
79673272
26861416
32930708
15309091
62624431
10505107
30252309
46047668
20260123
10708768
74965820
31818784
69028310
69878870
28172761
59440965
21460554
46450328
48588182
26451141
47901000
19208584
34106261
70978041
51269314
25934253
72633376
10851266
79424947
45281672
38551510
51404876
34872678
36574812
28148198
73642769
57126110
47171938
21588438
73761690
27312157
69235797
13563950
11737240
48794376
46227833
65253097
52312080
62245286
41992102
36096104
49676359
52951913
29079607
15957958
35919763
21034557
18681691
42904726
59022210
26288162
43976876
26690778
12447347
19471921
63676000
14160322
62001718
21170548
54838167
57174098
35682333
57856448
65515936
34961163
50089437
33521877
36744203
58786327
36930069
31644016
74903674
30120111
26744772
55932904
43612771
51056915
52645993
24251883
63057264
15508788
66604422
10495864
46741146
61250035
20632746
50284616
37133394
64950235
53671082
19567454
34271919
57687623
65932204
51865541
27224291
63094293
29256889
26062157
31473327
57013675
58023102
29060644
23745345
21446707
36106139
22307836
61764789
38719344
38201055
41821949
38091044
74301987
58791300
47115602
52207194
71452362
29277659
47923080
21595026
79431758
34951196
22234814
26507683
29239742
12029907
64931738
32063934
50622334
53750232
41582733
64433791
63157293
55689739
42152084
25660307
23287801
52103442
20684847
59596972
42033148
47678256
24561464
30090322
64204395
46544620
44420140
39148811
24762009
50603771
11537209
53286986
54167494
49732983
78376481
36211813
48474622
21488274
35653208
36546745
31699295
55180849
25639906
31199177
75777960
47105701
33435062
32466803
62598447
46827665
16367882
26418196
35109815
79296740
10075563
78771546
37494118
53848855
68022273
14692471
40063124
70911762
51069897
29819648
41926672
36403495
18529367
79066141
35521272
37772691
26877028
46177940
12280117
68388075
47141407
27655135
12855220
12726240
40547113
20177572
29829991
48869513
35260861
79775956
59672339
36467326
49493192
61243599
72683830
12795075
15770753
70467464
11015317
54106724
25256213
32832433
49890963
14761044
19929797
54402896
40258915
34912807
37193375
49686855
68631736
31090088
43834954
42904604
67305333
56000200
55981889
15011856
68364135
20618460
25739261
17625160
43538782
62401204
67118120
72863105
25872677
25048299
46374105
56032134
57060998
42645363
75325094
70263841
17832451
19473739
43348786
74945252
46035302
55785439
43014238
47477456
26450727
19010825
78708888
22474064
18111833
13009654
68087526
65639446
24950381
51021709
11500080
74885784
77857994
19935971
78146030
69178299
17396285
68324550
47394543
77757706
62780505
34144913
54248898
63051453
28946513
41951283
17612816
45956413
71862767
10541213
44712130
39104737
30219633
46444252
23266821
79525325
58035520
45098462
60486543
31694278
79302516
78304937
72913488
17557251
15106184
61934553
35665044
32920781
79130920
60417055
73045663
38120489
35370478
66558984
18184873
38562039
10437110
65502742
73975668
74260844
79422139
54639624
16590950
20128274
37982793
24443592
47807496
52420813
48767144
48792111
28686464
67164662
57726426
76255729
73008619
73510842
51622294
26020207
43341297
31946591
70401779
76337172
73376495
57432557
31470198
47901694
58297767
21426900
52656402
68658434
15631115
14110193
66977943
21870663
30546808
72896553
57130810
75003419
46870641
11452625
56098317
72693139
68224683
20560129
14487303
27094366
48994809
63472625
69982351
79055800
23566708
27675789
52070065
62559979
58633474
72540836
65693244
15842579
11670075
55758829
43483710
65099572
15928342
74444362
54372240
30620896
58576194
25330120
18520148
53678052
57886151
78843734
37059588
69464127
51259611
36698021
30279514
70447000
25781189
34872110
30477297
25415537
15027845
44551766
17154607
34221921
56245362
31748412
20107549
71257363
44855685
61902194
58476356
42680750
40773058
57301544
67802212
53877046
69220111
14423502
69457234
16003102
26821469
12026840
35551482
72628701
78828045
42163138
73968463
63301160
52602329
29374313
64308187
54782010
11380902
31653402
63389937
34678022
55609623
68065352
48147242
63325832
72394746
73785239
30943223
20435948
27553257
53074081
74105240
78134085
50786700
74923950
42627377
18444272
54140913
27297113
22168934
72405518
77766995
32528129
66553492
70003927
46278053
22714475
45959854
79748383
13563439
38454039
61305281
79924512
62417047
22656550
63168593
34790719
22372258
22479328
35670063
30437262
37105884
69103048
51067342
24145808
39473347
25920410
19138866
57446913
27125428
28973503
47783872
40367532
11672135
41423094
43435029
59100441
13033379
48387482
14841603
65990552
78701061
64525757
18232776
61576394
36130168
33578366
57472439
77199355
45461026
19559588
42363389
16822353
50208977
43022631
43055639
11219749
19281332
69037693
75821955
25238190
22172565
55545100
32806912
76307367
58831989
38845274
52376626
66185193
72022607
34651185
69465385
57211124
66041163
14110148
66807222
27658908
34781073
19899618
34754303
12559108
36059795
39869794
11571723
33125393
56755404
53330039
27897621
20030495
57094443
43418050
42517647
52178116
71852690
10746147
11959872
76905135
45403091
40521298
68132855
61383348
35712473
36772570
17026066
69676815
70306047
57232819
48680557
44761419
20946972
36137988
32360453
13485112
33601657
40908863
21360628
17857236
11285557
30821395
29878418
10425203
21151254
27985961
15308827
68652155
51632326
52896245
38942642
41993553
58210283
73236030
27084220
51795417
42532606
61538568
54754356
36329684
73886020
52097625
48910270
76286021
49676086
79377251
23627348
78373863
26587323
77776354
36482488
36064925
77853102
43638886
53895251
20567173
17579400
64169088
78264232
42859885
68008634
60655573
11751484
70804998
22458634
51413424
28494300
34641686
65860208
33044966
41348002
60788632
45682454
22846137
54830028
56451748
18019918
73011401
19611999
23222429
53794108
53861108
16853084
64169691
68635960
66040371
19155937
79257558
16445928
51937624
75281553
12523084
58529890
16407318
59841597
16815824
44483434
51697918
68068176
57935302
33592687
36315099
38638384
54673185
43056415
34832999
50921340
58339285
51500793
55883671
43193882
63362629
71721033
55435193
13573564
68636976
79623265
39585707
72227899
47685115
64992201
32740854
63797736
26290613
50760429
52501540
53623174
61226224
55104498
41270064
13937146
63347736
53436718
73090177
68598428
69995605
45050672
27962817
42777158
29118418
11929608
70607390
16898011
22764315
77283743
37430976
48808333
42661242
56166531
78988598
63584021
49873338
21840957
15524218
48691530
32326903
62785080
44353275
18329930
32287457
63469867
58054649
68741773
68974584
32752870
42795257
54251435
22252496
51875539
26928389
41819612
70096543
72477022
77851832
61778902
40074383
67039865
18033494
11896276
75936233
48188614
22761833
64089845
11594608
72662466
56726058
76393549
58869853
61140411
37837845
45179530
31562848
11858956
25258063
71669407
54897637
72710095
65373786
20258808
74282488
30946791
57009756
21378652
72171090
14114541
31676731
19457394
23055307
44785646
64496864
67941403
16035742
70491252
53377393
38058225
78357700
19576484
21756325
53465330
43846203
46636445
14981218
27228035
43181878
32638425
49828905
47530331
39954524
10671151
60094344
63198111
35504481
72967849
36726290
14760406
72088542
32602532
65518830
57690665
68531553
28933438
28106446
48815273
15264619
37287171
76930384
75066488
23609813
40632767
30900994
70752746
70156559
42560085
53665927
77181167
36116751
25837809
55151262
16930399
15746118
78920774
62880683
45852752
47200749
37823980
60777280
22117661
67457875
24730595
59398338
76932870
72377261
20451286
28605045
43199451
16996136
39583954
68550258
53511747
74430876
72690902
30924559
25402963
20283337
22398737
77844742
23213926
45778031
63043939
66787132
78430405
55336655
52708638
39612933
52756689
71829655
69396996
18869801
59462377
34757266
59633135
74611007
58330021
40126507
14003671
30226067
25386335
11347037
37173066
71988053
31844389
37539793
49700420
34166696
50280218
78651800
69109199
59119199
28254159
50686289
79135706
37189437
19135655
46295951
22042795
24417177
68294281
21258664
41054011
41313302
43273116
49113716
65332920
33431832
17392292
49914138
34407322
34673637
59959510
22953187
10673809
25053507
24694952
52521412
42682310
42522405
39497369
48984499
38005212
25122219
56083128
29516652
55138967
70108516
59711551
21263931
47438904
62295317
28617486
31304638
18242032
24355744
39754110
53181631
76764385
26827610
55609043
45513861
74884237
67986826
33237172
10790212
51513816
49736076
64982872
64781029
16746302
50784104
54638942
59826475
23258312
15698969
42604786
41649248
45559760
15201570
26799713
37194692
21516774
46535857
21548204
70656581
60670151
20858946
29207275
44701793
69354074
35558984
24343358
53453262
21976661
38475489
59288306
64878474
63770297
48833655
34312936
44013718
47938717
26745797
42521927
75046205
12034287
63021368
39973111
38657708
67883697
34208289
56466223
12189475
71360252
60910784
51270778
25354613
40658677
52850455
12474110
30082889
34735689
69966124
60804768
26954877
58013878
72790952
25132184
64388562
79991790
57394811
25213805
15421896
76378145
10663919
31427408
59490258
23873112
65806064
26076710
61634603
58814926
15198402
69051139
43632428
73028721
75036161
62354851
28230651
71946804
62999467
40166129
11704793
13173464
41628531
61248722
55954551
28385310
73935094
74014777
36338361
72454306
46501166
39869274
42632727
41723779
12571971
31884728
59579288
17630760
35483266
75190548
54687287
21189704
33104933
65738055
35140218
46129648
31383440
52936841
49339592
43596533
75667009
15731117
22953556
17725907
22292171
54955369
73252607
20823708
79614134
11324582
14680812
26201938
36523398
53615949
45197155
46590903
50323773
33186343
67498860
37669018
17116255
71869566
43038747
14213992
31742028
67634506
12246984
60338173
43047783
40899714
73277438
25619153
19839041
66238983
57772086
20188855
28518357
29072089
75918132
43559116
53513802
43940146
27794751
48312834
15885372
22987112
52973959
54875711
18956926
25790520
39661187
29612427
68616515
64824125
45523041
43254662
58260868
75244943
34817527
53372346
27062743
46762495
50869186
69499481
37751293
62820942
12848780
43335414
74918789
62317190
41418767
12136107
45001972
37844162
60071428
45709864
49971113
63857051
78307057
24246178
77015439
35563168
63840533
71111908
78143475
47944512
15372994
47703409
16866590
66727424
49446852
61553256
41415551
76202404
45837447
13283745
26930855
47663404
19447275
52053305
67297828
28214204
28364689
78724452
53768958
78871084
78328110
18498616
25593884
58944745
28949451
74710200
15801583
43624102
26956429
47043078
39822580
10085084
66446776
20131823
29789246
49647998
34037685
32126476
46717829
70430970
50306555
33113789
26978441
49829961
55338178
43188207
56565481
57349871
61189902
49042712
13404762
32427357
35960281
12161769
67458586
37829110
77052581
67426715
76365165
40338572
59662182
16783136
12791533
37419739
39012921
76161603
20291730
70082742
67540951
79101207
11029484
30743263
56776885
17316537
41218214
63413489
53475378
70461255
12905971
28794337
35766223
24188960
53860912
72088551
13117864
41100265
12447306
40423507
27282361
56301007
16207212
25944942
10882239
37314407
53262749
70119802
46651228
26907730
11397299
54168243
10948561
22033943
12924644
61226570
24650700
15024257
69620816
37103283
54716265
75204052
19730248
53928783
49134848
44275848
58342398
47752557
61443292
77738319
67320102
77788907
36254774
55389556
45078345
18138345
73445581
37973146
46827624
61864310
79629670
53317073
59611595
74795227
68576475
29098228
18093530
17854794
51221678
28842928
73835318
53896453
56344817
12245483
37244401
33669329
78741100
56193654
76890255
71459279
17444798
45417100
11376604
65740583
68421799
11676192
54060620
57998785
19622928
32167354
78143209
73874884
14358375
65489779
69535317
24155990
64446718
70006677
37395319
63652451
40813909
50119052
36273506
21383521
51882289
31236998
40211892
45355385
19820582
77329873
24854514
35969238
30593051
21931920
77121600
44291967
60472622
40965720
21714272
55975013
18117739
18771113
54039908
73765998
78079993
41444511
13766322
66104323
59558170
61641416
14518106
21358867
23799150
79256939
16999185
33381094
14244215
35114355
40775135
41870299
67925519
75135274
35231284
10775473
52221904
48743275
60095598
10121614
47520930
19932179
38610970
26178336
18415891
41658192
30409912
70171137
50299121
56766657
32635272
57402247
58870114
23310167
25688195
47224423
30687309
19545557
77095133
21137961
77319702
29486403
22614398
55283127
58069235
56522125
43377421
69481561
67806303
25042868
35982663
61137379
54172960
54136593
49227572
48262732
12782374
16788189
22871553
69473079
73733809
19380287
55725557
11828412
12838431
32111228
48587354
42136699
65285520
14116113
31439960
18733934
67421609
33236612
33466562
15691328
78302449
59317168
66396660
33931792
65241166
74845587
55607804
69451113
37274312
78635021
23410438
57234399
23716723
76757702
73406172
14774403
23918425
65397208
25236374
28535017
27857481
40435119
26955700
50938335
20705808
54896467
31075902
56319754
63870220
32918162
22280488
18462350
58846036
48883074
42961889
51821648
69117336
48378461
58966360
22425366
74021418
19232204
16548195
29670313
64496192
62335109
74681245
37626614
65817949
52702360
10261766
62782527
58661590
46839465
13535827
21581582
37551803
65626958
57477730
40032955
68963153
30552288
33846666
30664477
18783856
42624744
75965633
54630257
39221033
70374606
35930331
57902754
38474167
51528800
15890799
67502392
57078582
66380422
53191136
24731728
40385011
34813528
38779313
14760798
12841663
30147317
14134142
72142357
65382587
13901080
21771264
20838770
76183832
30599643
14693586
17440724
68383951
20355195
29635990
52390862
40788824
40055704
40597330
63365696
70465399
77452025
78528203
19259052
54617431
79624165
20966705
70254388
36548761
60803157
67739514
31979504
34934310
67001579
60006116
77474809
77245064
64865837
66098540
76811093
43400721
76307693
30900121
30628283
76563223
37207677
41499369
56062946
68587351
46348056
30852913
25112319
68109189
17087013
10415869
18625973
32094698
71840521
76420747
71625958
11112669
76281101
51976303
51338217
11652758
29718429
56727286
75623252
62146165
74302322
28635054
61738660
75684824
14256024
16321847
43646706
30250927
70364176
54627656
12405602
33720374
17305311
65174973
78058725
53635347
71725908
10780250
41359597
38133849
51653607
54850299
16046647
25007519
53200315
74626793
36074093
74897201
51601519
32758211
17153944
48492338
26415713
23860669
48829929
67532607
65717583
44453725
79126522
72324535
57499688
69941053
42085693
71564098
67078197
16391582
47151700
33874117
30963213
51212185
27185857
24715419
25289342
50663540
63316685
34662044
48232558
50446020
43992768
57371089
69272807
39504874
45352327
75223728
49455137
25408864
57518627
15409372
67575113
58900569
58315701
62148442
19725489
72548145
10470869
50030009
50958728
21758308
51508403
38442615
41374753
36311069
28965038
24544334
33152716
32412972
60470024
44841549
19853766
54954781
10899318
42310985
64418915
61976063
67194389
53553242
12347571
16896461
44279880
44212362
11066343
63298246
51742449
24803643
79604710
52555226
22679141
21131693
52043550
39502894
49361180
28031920
22973187
62228258
30275906
73837890
54551430
47119471
42143657
40105030
63898714
55595620
57474477
30302057
10426591
52964708
22988886
67354283
61407172
53366803
52137145
32522955
60118731
35469725
50926231
74333212
22474936
51282774
50473817
75114793
64398210
32508882
41489941
35357757
20803788
21012040
59726696
48604447
61269515
15825207
47058364
22257968
59588067
25088614
57981381
12894927
79898603
10748707
38874289
48370625
22456276
66796172
47626325
18033921
61999418
28075712
68007189
77526582
46742159
46309419
12081817
70881792
71292633
72828650
49942918
61129822
25178302
75293910
57991359
39048354
75095711
33536995
35539369
25787960
27855519
39987649
13670433
55624051
62991178
68863180
35403359
70844580
40582220
58716074
67606670
31006689
28470893
67605555
38909327
59942453
45388702
34369375
48047577
44809871
35454275
32635381
71414221
32984045
52186319
66247909
18697241
29634291
67776303
21492282
14501436
13799900
58424189
75861337
47299004
27801825
24621217
33006929
31557444
37020826
58373881
25421300
33317116
26883298
26442088
63954123
71117457
41090092
50796819
32352582
71119532
57132775
32114450
56875226
66711876
61375331
16703113
73396358
44591101
63590107
70501358
60454451
68201217
21063814
41807945
19049472
21258836
28594074
14108315
49883318
16237446
58181811
58352564
31035795
10931348
78429637
19163300
61928390
48699447
38932139
69524806
34118883
25575385
52861483
39151337
48350853
78041996
19455623
57369755
50563941
68243957
68763255
61333072
79444804
17497608
67220547
36294959
77350474
63236384
50589979
45674501
48434997
27893997
60715306
46314541
27675212
54400449
50268338
35831330
70173212
50270356
62871589
23153010
54917723
72734595
10129406
54501708
47874463
68707931
60214144
38967129
57674679
48799917
37621866
72710766
25375221
68561860
33904913
65167492
52799407
25150754
24305607
63991211
49355579
20128631
44169832
69763239
61793696
64707200
57325592
61303583
54952104
23214534
75594098
15915350
64139678
38266553
59465807
76582440
48055582
66271924
79860002
66495547
24960506
45420457
52253209
63591219
18041245
73195845
15770338
58443913
76969912
12953849
43310859
54390800
57584381
22936826
33042021
11210902
56303743
15347706
33396379
40638055
49925103
60123593
66352760
64670146
68061603
37173503
43206742
63055389
65053690
32356016
14527839
41184508
26301124
38989065
27605457
52948567
29208900
21176015
45973972
24027279
22928572
53940653
63022650
52996084
31083496
34761408
63471590
73987407
29988774
48215048
59179052
13856904
57733974
54347688
18573828
43311713
60776062
64334229
18692724
34164165
24712969
44030303
78195878
45847629
54651874
19403354
44441975
23690028
51442335
79542239
60112929
15909663
43818398
69495882
74461500
18886176
11794049
47336352
50579021
58235906
72219656
63707632
59780167
47984234
72726097
25477669
47287509
18526994
36263689
12624519
58269244
71374273
50641938
44766436
66965326
46807463
71258710
33687700
76252603
50000728
26879224
55827679
62716569
23988712
56426612
79517616
64282525
55474019
76458227
32068853
14932506
22275526
56567058
20634063
75159668
53463293
59017990
35523394
41138215
71852738
52456623
69453354
10549536
23259869
54499994
74230512
13462758
73510808
10188159
41875399
21032193
17597769
10391996
61283983
58010567
36845667
58274543
50081996
70947200
70662496
22784481
58688248
22973273
33261741
62458094
45041157
16011010
25611417
41387971
33692508
67599938
26364697
35544228
55369101
36263957
22318333
74558387
49242535
21502444
52227780
79915604
59254711
39043334
39452748
78977851
49217349
18376499
29711624
74355753
39430899
45047816
69974922
63542013
24536937
17914462
56679187
54824305
46034598
56987789
46794512
39773973
73667030
79296697
40772477
39636131
49585168
25966527
79671171
31357973
60351522
50202752
49118387
25969840
53831795
38322139
45079022
68862042
53922488
31517642
27059976
66947451
29624032
41145092
30932999
32671174
64385383
67590820
37011908
59235706
33538845
69854782
70565384
69144488
60020493
37216799
29122641
24390006
49318658
42587518
23770635
52751813
78113561
68113128
79916293
24918716
46680655
78347758
48402065
45024932
25754853
43711280
42566473
62464960
29487039
35560216
69991638
61346875
36392689
31169894
33907715
30490443
21940412
37495570
33962332
14971239
46349472
40566980
29874772
60045976
16433369
60552207
36168463
39001024
13502616
12355452
40820876
66942078
57534570
72168419
16042305
26088380
45301145
31715544
63966150
59584572
22868347
25450379
42110828
43768641
44727149
34639991
41600822
77095406
44893840
65435791
25725549
73831465
63609243
61651225
38535705
35325005
73700872
77344311
58912956
57144525
14767715
44040432
58982962
70068323
20042183
72980530
29708678
77324860
25334191
37221461
63719461
60066714
37541969
73312548
10544475
75297589
76863910
75681067
21807492
38573922
61703437
76490518
55788254
35627267
26448425
56644323
10536714
21089591
52877529
59364797
29818391
69438793
69125345
50029810
41118619
72222431
43998705
40756662
72633677
17683207
49688492
61871494
58321422
55260775
50107670
22291772
67439281
39393317
34670606
50670031
37066760
25989145
76901882
18798226
70249076
18058132
77011200
76340937
65226605
40024386
79108122
52599572
73373311
34610453
22578626
14961941
67282998
71148088
35350318
77995394
28239738
28886518
19338845
55775098
66092017
22218377
69276370
70942135
72173153
42471413
24286424
69582267
28465605
69917368
63512108
18640275
72025527
57041544
14259599
76118659
44561996
44246271
72140189
21806312
57238089
54454157
22175216
38427549
71674967
28868866
69178401
71074020
43244189
20587580
69253741
38447236
30049165
67748236
78947828
18550715
68764378
25909945
68006532
68714746
70739647
42380766
61844127
11603569
12374504
48216032
20907040
32352771
19791265
13983503
69905248
35917326
46739576
59170397
62465107
60411147
21407446
12203120
20256764
48606257
16209481
56954162
18166497
30568077
49369441
72203502
15194758
51255679
63334971
10800271
66546992
37010944
63298142
75601712
48678890
59147543
20405835
39643647
39003518
47140363
37805917
79099947
70965270
51300109
49486604
56834487
30911650
24819361
52430573
22392761
28096085
33708066
57558887
30424505
47861039
38133653
76020432
79746150
30881677
40426490
49268497
41185899
65811207
23688913
64345815
36058356
39396422
75237891
31038742
34907420
58916089
71211449
69858396
20680156
46251685
58594095
18820711
70579224
20338930
50324452
30683961
58042078
72201348
31907324
74006121
59189376
48951118
47429329
75309889
45256296
39146671
18922194
15819031
51807083
21811994
15023713
18179265
36735904
36703526
65299382
77411556
16203718
58658957
31079583
67710047
20732977
41363414
27728864
31742289
35561633
76836910
65995432
27715720
50995180
24485423
52737046
45176086
71668140
39063152
38434895
71056304
51301822
44060589
33274744
45092324
58924146
76772445
20259948
30590560
33152231
74868251
45446251
13528700
15125868
43711487
35872433
70421356
38699640
61554368
36322115
71474543
63043196
49609270
57794688
25102957
34400149
28756262
29614870
20261268
60003504
50709424
56429097
24918379
31522462
25792255
23133621
28538807
51248398
22120366
20336602
68488537
45233687
40518719
64513203
57251402
46937691
12081221
43343128
12309305
43542612
34120394
56517012
54584739
74858738
79306237
34243709
72412219
11219348
43720540
16000327
52412499
18378931
31992051
12818135
27073311
70909435
45343063
34781164
42348088
50430610
79215938
44207108
61247778
79248542
55471644
27546611
61928613
10741566
55274561
70314891
52699402
23443795
76840933
51488454
74653799
12439534
10104043
23710351
38639590
79048831
66866362
33493684
42565279
42316986
32968694
55737962
56278768
68831344
73568806
14637378
23860599
76819744
72496455
78930299
41769368
30295755
61253947
31202529
21367310
67772908
40940402
65913812
70699541
75355500
51701138
64686212
60661838
72083692
39027363
16606727
57780948
50043095
50427643
17398174
60578679
63393404
72775317
60385131
50836945
20753573
16716080
38460207
70624682
51655270
24548983
62544826
79569076
49609980
59013084
49379247
73352583
69201214
68149380
23900624
69792674
36546678
47279511
67686313
26582734
39203543
23836889
23113013
55478159
51229966
23959311
70516943
59322286
61647293
29450726
49949494
48367036
38952492
24882799
17724659
23980464
75022465
35107385
40215900
20486258
76602153
47720403
40351203
48627289
36304639
36685701
37622900
22323902
27587535
74426173
10971107
49534249
11278042
78331197
49578019
45224835
25541796
74493918
27146299
69374538
44566864
31480722
21453897
13913855
46144723
16654803
48896962
30494160
45454781
11414832
34614076
74655307
68730623
17473927
40939184
58246305
53129380
37260410
15743556
22503660
57606311
15661461
28274911
23025822
47507600
33139727
66932176
70514269
12299474
29118717
72920673
22519300
43074562
46778868
64740174
58931768
41465816
35806189
55971018
58474268
52457942
69992196
33876594
49543102
32516545
64840449
10783495
44825582
75367203
68212844
18520229
66869304
39492184
21772933
67039169
69804754
79339402
60260223
76784840
75307365
23825737
12653932
44601160
38875882
37088595
73937345
79472491
21115443
17247580
24119211
76337215
39047362
30934802
24710477
68676450
65282427
23307335
51550784
57288474
78948449
18375244
49654560
68420684
63470767
63886607
18166693
17853408
27862353
78734423
74028270
14796056
26649022
58422803
65372057
36268706
68211657
43350304
35716967
36489530
34567726
38838285
69088039
41500330
54278535
33974297
54029353
68637556
58522301
65286612
24598787
50895824
69863572
25958150
23788043
57244942
62344554
12442459
15208482
74283132
46394338
60189908
18118308
55904286
29019420
52347153
79530676
58414161
50596227
13014221
17530082
28432734
70559781
17685966
17151781
43023978
35811454
27057101
14653187
74633567
78058200
60402569
11180273
26318219
67761971
10103131
48219985
73852803
23122336
52498678
71342488
60120252
66955555
43613754
54062376
33011551
32912626
61632725
55058893
24274995
60491687
24152668
13239682
47743814
29933713
49592065
64421691
15941992
40511195
22221420
12032265
17896361
78848599
79344558
16303783
47795929
44362464
18120291
13999984
57567338
25675255
71054270
44600612
72928980
57866617
23128732
21771179
33406953
75905872
50015525
74513109
22469595
61045475
49589915
32733703
23577842
37415026
52441498
22675185
21156696
42050862
57803108
57648517
56030969
14984641
36669790
49722265
32004585
66954528
28049558
45941826
49582999
52493768
51761089
67502355
47830134
76458879
28672817
10871238
20724667
67710970
33509613
46453081
66628409
63604882
49797959
23921696
19739078
44220197
60573756
48828385
11081361
72598196
79381196
13915084
41791727
66783153
72184433
27865535
41618249
55330019
56004002
24165626
13602175
50832171
36412606
62181951
56236940
36818230
37671411
48560637
23105794
31679058
58626000
35862775
74014114
27609737
38875767
13901410
19096618
46411449
17537640
50127316
18204080
32040986
43760668
26218346
23497400
33007174
33766752
70481778
79209779
50379103
44431893
23977682
48233438
47743158
48470273
20831103
47278674
30598641
69273773
78628715
49074724
21706237
49481706
43952447
32761113
26987042
37704823
66028136
34160688
41867568
73896859
46977857
30208546
23592081
17754153
65324411
37077028
55994444
37076086
43733555
60498373
31431492
31017196
79211430
31138994
11189991
28456695
12096024
74417422
40661762
21035877
45486288
59074262
65115086
75459649
24795988
29169766
22867843
45306604
79679174
21954561
21357114
35459895
19421617
12916561
51087906
70163804
12226841
67475600
33960265
54459527
75118710
33969268
55024717
79337036
54182556
78003256
17214635
31354648
13837871
53264468
13475758
36834222
37414380
10219784
73820611
50797641
40462897
39968853
30062783
44655842
39447872
34578322
37614888
70649032
72201932
67042336
23481664
78768806
71133134
11297406
21245191
36099211
29066240
79468699
10955278
44104097
23835521
24431962
35901903
48425289
37611335
27332102
69748103
51919253
23254363
11273729
26577634
47801492
70371021
21620945
77869573
24016744
43059800
49921368
18907310
54263815
71871742
29342081
42675539
71844126
24054821
31838536
34085197
36287557
64588268
49886874
27106820
21039140
58560469
11003717
42492656
59866102
79552619
45874626
63122334
72258619
12739516
78391503
74749593
57739643
76012973
71735650
51791599
55284936
42095559
17823448
37558584
78339580
73265062
57874602
52973515
63564382
23303740
25644336
30925287
46743399
35370901
66214853
18926240
55808628
74583292
11195668
68520245
16066384
53080094
35779068
30844236
64098850
30767732
30510122
46094883
31814672
78983279
13247726
18338277
26822514
37042983
67165003
48236526
21697489
32457556
69943367
17306783
48383423
11303508
51562748
10193723
10343475
60580468
23313962
74530481
61776141
19271563
57227475
53678447
32823495
43912654
71025573
43746335
16721726
75147202
27132295
64603716
66404754
46761781
34432538
34429108
22831335
18431479
25156299
42844979
61583849
78179070
51149456
48526834
11055094
36378153
45556646
39057421
56416965
12865126
14252763
54989456
62135174
62834061
35098977
24442970
59683594
26231732
54505263
51397434
38127399
79140227
43810397
64737119
68267612
48480087
25210307
41589332
10374990
28609778
20800494
65853460
19726109
78846039
54586061
72172676
43793653
73002677
11535813
73799777
13657511
64547029
52659574
19398300
29759195
59579584
66083943
48928182
29138106
19296144
34327451
61396492
45749199
47553258
39894441
28299744
60526415
71335667
13017742
24880545
45290652
42278284
73708909
14561139
35896675
33876521
21739662
54769326
20394338
46150876
44699227
48464534
74794527
27306930
47089587
26030610
18733874
45577564
78107098
78391877
64546144
18609433
77016491
53285370
50122587
14467610
15229135
61121437
58487999
27599603
27207028
47880553
71689619
68742951
19421130
63923964
59937437
60441085
46649416
58236474
34250242
50780090
39927551
64908551
55569645
52540806
53094258
66237698
36201078
26922724
28026196
48137523
26120679
33386193
58528277
30525537
62717070
47023713
66739575
70448053
30945330
59212031
10472063
37092954
48035003
36776205
17684541
49683124
37704846
47629190
41858816
77326676
23636931
14710937
25586350
65956996
68394459
37408755
18813557
63697813
18883241
66669872
73668751
53933060
73965669
14864653
51700355
64911093
36435636
60077076
55488341
62452774
76709365
74737077
35677805
45362446
67729279
79663127
47536113
41701644
20519308
22188419
14862544
66694317
31074711
75771841
38894941
62078346
30591499
17979446
22488825
29181160
54981520
51665277
36345415
64516916
39530277
62030595
50882815
40334335
59271382
79779959
72014552
79095172
67630374
48068468
29784967
19282316
16540924
67439790
51724056
79012147
37315366
27392357
79589530
44085739
55137349
60249543
20094712
19396019
46414152
41264110
17764035
39126848
55414833
72840205
39011165
73672726
15127462
31334564
62563458
77850252
31148763
12783549
26083657
61625127
42337514
62830418
36266062
21196609
20271834
69370666
27970633
60063106
57471953
20565919
73962831
46005814
13364369
17513942
54593622
52527370
44084300
40069802
73214241
60506223
43391521
74054576
41676316
71796294
29846467
41420457
53976948
30512761
74004485
47022626
19918441
25898087
23398655
15512371
75771469
64362195
13374267
54542212
63308367
54012236
71910649
48194704
52965551
22298370
70407131
67033150
44514337
28930657
44856030
77832526
29468757
55608019
69400933
62472285
60951964
79058155
64441058
11653581
24763537
31234267
24492542
34666371
48848030
63698612
43562203
75759853
70877852
60835366
20933688
43463412
37895221
70243466
13177144
15268138
10264468
17958550
26495330
70254862
28810046
10579489
21374571
37605377
59233278
33475808
68309356
77778291
61542337
70656034
12962645
57529823
12463845
37348970
63419497
25000505
32930800
76363619
50616244
65465550
63048226
20020789
62587455
47497081
33047940
27709694
76345630
74808413
76898817
47391947
52660696
65848786
72370531
19326129
12671210
63242950
37387011
36854574
25378266
70881266
23991334
65588510
11833726
72190130
75062369
71706939
34477812
45532781
24633974
66833404
26101973
71876211
28540917
33414854
68522330
16214995
64101216
45986923
78719767
60691177
68541486
12652181
60403671
51618557
79612598
15635496
69139059
37827415
22293690
27330531
74666220
47396732
59902605
40525362
46498349
77237905
29956976
31482329
10748397
23892118
61856200
63505493
50052129
21715780
22286572
23995108
23648522
45154218
29098342
25734145
51303862
63890765
31557078
11970970
21306666
27138990
60656500
56458247
23476162
53102995
77984890
67497457
44715270
56486851
55543425
71897800
40919221
11402987
73047878
38021442
64864152
50126381
34323719
11949057
59771903
72884103
26913397
38889967
15227377
30854256
39704831
64041347
37878716
76718552
62755177
61811391
65779147
47602514
19912112
74291775
15581596
63990648
53794148
79960521
49526830
20169849
43369324
68539142
40223180
13006798
19284071
28299269
78922827
42710989
65766509
29115752
50743565
50684613
77121665
48504051
62510522
66830790
20830443
13243408
25660542
11861974
17386049
72984366
70276339
11424355
69353670
57923323
12522986
33390534
59694749
74032865
31032469
25562877
55311897
72322813
78908628
68805899
42108686
49012996
51203036
24323496
31954570
20758014
11407583
41610544
51615037
74362156
72102597
10987123
77975248
71607279
73234099
20371531
19102310
63195493
36083741
24100459
58824023
63221990
26796084
68071827
23724201
61313263
64916558
54327974
36348654
72572870
48678147
31981844
74494066
19283342
40776136
45763030
23656011
68652257
60448899
30067020
45282948
53377943
52484447
24109942
13687151
51397252
73224720
34558528
74893759
46830827
46961569
41555559
24843512
13916258
40272426
78105352
41285190
21701024
74555845
31505456
28705164
18718115
36700083
29063272
59891745
16053868
53476324
71688425
46594609
22372898
54558417
50319549
30803923
48716487
58430114
10546491
75935285
64575147
64049270
24770350
38921789
40977211
36759260
63477190
76059146
63227370
27056820
60315982
64800718
18755573
44325993
13645478
39545478
30485167
30702260
77056248
53711136
58051560
23346455
76813961
69003077
48192550
66851792
19568311
79597527
28646729
74310417
29471740
11872338
32066145
17293345
63202698
70363415
16533956
23660360
48565194
14049796
31075193
16959163
30909015
55595377
19284449
55647514
57816898
64870255
67127200
64851449
56738434
17514019
60242092
24054673
23507138
16965318
39169569
27529355
49248371
61793702
17759998
46788906
43794306
51337415
56931099
53859396
26479774
12958781
78030905
50097910
33507434
22890479
40499494
10912375
76071604
48941726
22377689
55348449
26667906
11788576
24738349
66801495
77042079
72823434
25380739
53151377
63008205
33880478
72171167
21695720
79738889
30235682
60654071
19275041
39746954
49368383
57238754
28417727
60285623
69923198
12058888
77888625
63423913
37878243
23629144
42498254
49300680
47956804
45579110
16919841
78191359
68957948
69589413
50084260
38128995
44386032
25414594
76686552
50190693
79405487
56666388
26306117
57864602
10893760
37629203
38269867
57869202
61624518
67496931
45829400
61280803
29421915
57233616
22323479
56206316
39371429
73880402
30550697
36338135
52373836
25920049
79138489
57110572
64082962
51528020
43740877
10908748
19103619
35471944
45232707
43229501
24215118
18644767
14702797
65532679
36397881
71852133
49884615
71466906
36810235
76709225
43237664
18807006
32478765
49703196
66452500
37850489
65384272
30953673
68831055
11986389
39138219
61147613
54212724
49003890
14017776
36941021
26714958
72784139
59423655
22092355
33942850
22694008
25407810
67703210
79071808
48106104
63557768
16054677
33975581
53419101
14675295
24536708
58286588
29778359
34002268
24596949
20044227
10081400
77175065
37761395
44323366
74606784
77655201
27035781
74703424
54024834
78104726
51351533
34730936
65486720
32182699
39479790
74616033
13628148
22239497
58640586
39097136
77451692
62524350
26046178
39868681
72091978
23789664
37188558
72985646
57842896
74329182
35603258
65448996
77656332
58639303
10893035
78732257
75250937
44070210
73536297
36703371
21045619
22234533
66193212
60519480
29567623
25370914
38979091
28291282
13167604
29264129
39366610
40379566
35988368
17007007
60210669
64050842
44259582
79472296
57137238
19737919
54357322
74555637
58245235
50265705
62670964
79152039
22980164
66979604
66894740
29676450
73540266
76283834
45387743
48878194
60507993
26705134
13844487
39241973
22982106
60552836
57489051
57809551
66942850
10366528
48949570
35615296
48938092
19619154
60639956
31074071
79580591
48409597
69049803
73090611
65478235
41603104
14443346
76424234
70816491
18294073
43700799
47712618
22766113
35399371
68206988
79171666
33955496
24283733
72639084
46954441
35551077
65229947
75220519
28811572
13025560
51549272
78999273
40675779
22380519
79029678
63831091
11824049
79908897
43541829
60219000
63052631
43218621
31361503
64878732
11090875
29812762
44292587
34350450
24437573
45751101
32188786
59605097
30282174
47607770
13338557
14088045
73344137
46931910
76854143
48442454
25839567
57079016
29482331
39703102
10496732
54683612
21884733
28329041
78437201
36510570
56388626
47912690
34874496
69909324
63037381
73733918
14183786
53909691
58045374
53234150
69503856
37029169
41835288
49863764
35718114
60772586
69191869
60203689
68436358
76653082
10649824
77590977
60298332
69533111
33422863
64326100
19808699
40770262
55250242
41799911
51018253
50108313
42965709
53843902
22335057
61537695
42869814
14341512
45998873
77936848
73511350
71371834
63674098
20346785
14692030
77924056
13389224
21306125
69203704
15952132
74369248
58399379
78460717
24670287
13236473
41825566
29951052
27747596
10575843
74620269
28944235
53515906
18610458
70719492
35692389
62123412
64852451
37717811
75060135
63547804
49866759
40738659
61529012
58087727
66396666
15429582
71102442
77866992
73717668
35939337
61066265
41559819
11385623
12864341
23200695
54724743
19580906
59775403
54743152
40053320
12143850
67242854
35529795
69624738
74367560
52281651
11856565
12727095
44175647
25563955
60304601
20936906
46388794
53900790
12022501
68036476
19094182
29741664
67673832
36540086
24570547
49164368
37931973
24046017
66607734
74173271
15009535
73347621
62127424
55972668
71336221
13553920
64776336
26426994
49599287
36632752
63478291
54189040
61221343
19955972
27713055
35618256
57553737
71597730
56048847
31400554
39944804
19321576
31055127
14984768
64069215
11042230
28423348
50450782
45409788
72285239
30766050
38299973
28971786
11271385
49669798
66413754
14450356
75932269
14363137
30833917
37640949
45655825
56823270
52803482
62389418
43907220
33307108
27471639
41063408
61957575
58191032
16968785
50337806
47611502
54665784
38091364
70402762
56859744
64031413
60609931
18929426
19132832
58775824
59785163
13470078
47884860
57516604
40802135
77635996
73754295
77239412
54123614
59900511
62291956
71102275
26042854
44892709
18971066
75544907
15265365
19522757
40172989
71078790
46104620
56533896
60313683
48399239
66307940
21106345
12891727
21872928
31808317
43920746
41904807
43195998
67821464
22840597
17714055
54312613
29468921
78316893
76321440
40807202
56768251
51099171
41102947
56852425
45239995
53132697
41092577
31960394
54392481
50211149
62248935
26824890
43768500
38089156
37483476
60353579
58085085
16441537
59291751
32373143
73867252
55755964
12386618
29514350
15565944
31841375
63116410
47803613
39294470
50446750
61584303
75699339
19192370
74756406
79984628
65935682
52083553
24807383
23572879
22985040
12860632
45579380
32641743
76180774
49156295
39764288
53841681
77528611
49699271
28828988
41412001
33374577
65082758
67169352
12051121
28350210
40052510
62877892
70363926
35545558
13647546
67244480
70353231
14137705
46220285
12899411
20496755
55892847
59138909
60575846
13124971
21959450
76924811
53636840
26072381
22183082
58114557
49056533
68920972
50977309
37036289
32508814
58725379
65428843
69602425
74124280
75062776
23732957
74871043
57874501
53819591
18703028
72094137
29424796
15718993
60064100
39159856
57643042
32934261
42367607
61394225
76626495
41652936
67817035
49883706
45638140
23463795
63131558
48798954
21807506
52785735
63116261
48675843
17074343
67277948
31146248
38800358
52871052
58139273
44232211
24091735
23105318
63085882
12238622
17394522
37947757
37184867
72341620
47024110
67541569
23604899
46265744
29826052
28508516
28518429
70712068
35088515
58024431
17526829
28699101
61306852
71179078
73775985
62757415
10724855
15859821
63713954
30216095
52393128
36461978
66056934
15705124
19449909
52060483
66204379
46447710
44426538
48800970
28943156
64156849
33485367
69156256
61061926
49184121
32517453
33166861
40279720
16144061
58774550
68625743
57837376
13115249
52242464
51806468
36157455
70988964
68896735
40529168
17608137
22239734
66651894
54527835
24816252
53235784
65287618
47171967
70333165
77025371
30628829
75853098
44979559
39003966
69244602
51147388
27624379
79832793
61848441
28752659
59610836
39572503
72016473
63874504
25240800
30602006
38314995
28013207
63807271
38396141
35073444
30585570
60063934
66471043
65563862
31245808
44892774
36003717
21268558
21067008
48199732
73670831
46015710
75157626
49268743
56088449
74633599
75854926
65839782
41049445
51031450
38462141
15639529
53597961
61131909
12873780
50024625
28916036
57067500
53397988
70498622
27901884
16303310
18582418
78253184
21826211
51004198
37395621
54917047
21113226
66838728
69903942
68746564
65123288
32406184
33322796
75979873
19764386
71309447
54416974
35097601
35123194
19556316
21421948
64651446
57525306
19739403
69437078
34376661
71338776
54178399
68541178
12690392
35475561
27456765
54687158
38697211
66307781
56594407
42297330
17685151
69288293
12036943
71095840
52944775
17952467
40252380
55776824
41267270
15876764
27110481
15969539
29129373
58862059
55351189
55392370
48647462
64904431
71473200
70619382
11725119
23957000
52802948
78954581
49107103
26515021
17746699
13290699
61890549
69063966
19713749
58742509
11978503
51922485
19400580
48969215
48336721
58312404
61837135
74096446
14067283
20656154
35632237
57668200
40673462
64451475
56593083
22448610
68283474
59999686
21230628
42113360
16867418
60997658
40921339
55096689
16245708
32695533
78531693
37706010
13432755
67138804
42606751
48590758
25268922
52826813
49874710
27059353
13177489
21828703
38027044
39696556
17701606
30966578
29625517
15924649
46402949
62436486
35202185
34776616
69223322
21113488
78823359
30300573
67917664
51436055
17533556
66126874
33382926
42638825
53228795
20982950
67552738
38023081
68699657
47295711
43286000
11123699
70586715
15252829
35199369
25494377
15513416
45508097
18740173
15805754
79399079
74216764
79404625
36165979
45285714
43417335
72267720
62887911
35718825
43229707
13717914
42363693
71941657
67345398
68035932
55957123
36040957
58187019
24288579
56917041
60887871
78083048
79491295
12025825
56214149
12905496
62044541
40901715
48087904
76746669
69623247
65309026
70682259
29391219
33889449
72474851
33496164
13452538
49474655
40010290
19323988
36880967
53691308
61760703
62396264
67268991
72691404
31404561
31369157
64287089
69383386
37577279
60536955
20306315
61538739
42860695
47243831
55271809
70243890
34033484
37717622
28851631
23537069
78345618
37573037
67860950
62326267
46271794
74000724
31368608
54698697
49794126
24305951
34376291
47683237
33321484
23018519
55136610
11469787
57807588
12307027
78630944
19938954
53099502
37132444
21364208
69502963
44398447
46901562
77337666
39736479
74677960
36040155
49977279
32607185
71045323
55366295
21653015
50353604
30007240
69526393
64189525
47232943
72530817
30344133
49642857
14804377
44104842
10144722
10903376
45677208
58772787
43658843
23974605
67446157
60618278
29435279
42550061
43031480
59049560
16232350
41942605
32545085
20600394
33397094
39495293
28342905
53546457
21194934
15386396
64469161
71226741
61335949
26058328
11402151
61970782
21325425
32571233
15393142
32929310
78450300
35636083
40702866
40818230
28187439
38293149
58701489
25061503
55288857
76084909
12964270
19208270
55114661
25196634
69081238
51552177
57836551
63230660
32638257
46486126
37201985
12906489
41664985
54574435
34227099
30358093
21461170
17510193
21207804
66430776
15211935
65055567
74521760
50912720
61434536
66431639
30280875
38786898
46305163
55633598
65451330
69494967
46071862
53806342
21530306
42594745
52360604
18965848
12112387
79023288
42299763
68674268
12639139
12356118
78309453
20731482
71061161
61660009
53397618
35346045
65979441
52359256
49510212
19536874
41723629
42993572
59131554
32595044
77955415
77729642
26753457
21967570
61301770
59199490
45899152
24927585
41888210
35825491
16730930
25803173
55413819
30077241
15256931
16870791
72722099
55856474
43135384
48219402
77993897
28296246
10860098
59686901
40015431
49654759
23267332
34663406
54408405
17221346
61549298
56733297
49634006
53474826
39449736
25365517
51104239
57633556
49246814
76098893
50336031
73509084
31357778
58469760
37502794
35887172
69860761
72884472
53345792
19533384
14171136
16664032
75000476
13889873
58545070
76202670
77651125
12688121
70803688
66781789
12988589
61091062
45362461
10669727
75235699
32609409
57811239
52566740
59989003
64981831
62747283
60479975
30865265
54747316
26467514
48242118
71225628
75487293
61920824
72597128
25312738
11822133
29986896
33119337
72498824
68422232
25895402
26487405
49901970
58684380
58279527
10042764
28751423
44367728
52074814
71962827
73318747
50959516
72079313
64277097
47415971
67961913
48300733
38391785
58645995
43206748
47229105
35218924
46067015
62988640
38496375
21472619
78156119
16431692
68765891
49114603
41625925
71684838
70079325
30359613
62824676
34645048
18420409
57132369
57230460
49437743
77519454
49566314
42635622
59107979
21273833
10607023
72032664
20768610
71286210
79908768
47038583
49974073
19752206
58072771
67615335
48591710
73593882
31682336
51095536
73305174
10222275
58147064
67166668
67012310
23207924
51319404
15514819
53284655
55737178
52897146
21065563
47794208
46701625
47899290
73517711
13394609
67130353
77164116
35551222
56448258
53518610
33143066
31967341
55996967
58131453
70907859
69576856
73907790
23167791
78482472
71380694
60750799
36556902
28776213
30044908
77347226
78392964
53284777
25048467
15848249
72288270
39825264
75355513
41651863
52892580
56977048
44620655
44827459
34461054
37484199
73064001
51137503
29880812
79976502
48729613
74250980
28166166
52992597
16480878
44048292
54405344
77270889
28353238
18552618
65138408
11006016
10881958
34179404
54317698
22283799
67564789
43718981
74137638
33689306
69465613
30337591
76153916
58218780
67004034
53897024
19336336
74945671
75972647
49195298
45155174
41378190
62130659
79674924
61092936
28480681
46095947
70161724
39987629
70578666
32503001
19147967
36827484
48803802
21365388
48521650
57614398
36706279
15774637
70886828
42625703
15148713
26252288
15731995
61461342
44482199
35355213
49676064
25354748
33016651
28549945
74162142
55540199
11048018
16847840
22794153
16271559
12011744
57426753
26816470
55734063
35308126
20308634
41662873
57732281
68512519
26926915
44052047
17192640
33206504
37047506
10674051
78859920
35502333
38260875
27033152
47971765
14687801
28106640
51333905
60884234
10897535
49632100
62515832
71874585
22993576
76525613
66193412
16167051
70684589
69287148
74598523
33120374
26784221
61667109
64630125
69964126
79972280
23998190
59103212
32343805
11368279
67176527
37495974
61211590
45816546
54115337
47636162
68941252
62652069
56701420
11099222
24005585
64302627
14190954
59920946
27341069
48347989
25548056
27603222
20235862
73501973
78317250
64746635
73699458
79187904
15390802
63181482
44564928
49999052
34354715
44029982
40770445
42686579
78716259
65072147
72160876
33238648
18094901
34109783
54349293
23806906
29207436
21011565
63074158
71941496
67373612
55137823
79826364
71041461
15750040
51593112
76702839
27618595
19373776
73236464
13784273
47729385
10116297
52894407
12935655
41171581
21767475
22314992
10975754
25395223
54184598
32079008
32126574
19056562
17318257
23569117
77277643
40660744
41774155
41359909
61285643
65149359
70186551
62576414
36127691
63202657
40311724
75784705
26648364
61409675
21973020
39085292
58113190
76592301
39802574
47998762
25518140
47961229
40858512
65483980
41282193
70972194
47799402
14119834
58960822
12013764
60695111
55865395
26991346
23685489
71334791
76731379
61352429
38221885
28681232
45225759
14772255
72359582
41406807
67986906
55191855
21619795
34037304
60498218
58208925
29040019
53903482
52440977
36967614
70005239
35740836
42770116
18180838
73859149
12801015
35930733
74598064
28924325
16655437
19860736
69422521
77623010
62088684
25523732
24673474
60862933
13138329
54694515
26859312
71518819
35883623
16509505
55635558
50040120
71815508
65463092
35027047
10890411
17267296
25472704
53162101
39717646
48743869
44990645
37812036
11455530
26331810
59515507
71798422
18142465
48973720
24283752
67625613
65490333
47738762
72845229
48500628
33174751
33618035
47727855
15453920
24907687
52724596
22169759
49121995
70187434
65504952
16222600
62221489
21113141
71408732
55040020
25606469
50572514
68177107
35540363
22145356
55897188
35456355
15721410
52406440
30233820
74263408
27873546
52802731
51574830
12083582
68312485
69106721
64349574
14551311
20147458
13612881
25144653
32858649
55510526
65782005
54010798
28136861
48827182
44625013
30141665
77228765
44064604
58241092
11423084
26331959
58007063
41060788
14071625
43627483
13721468
52224389
39772393
41288229
40944704
67984028
29306668
32552448
29756518
51150523
71131361
67292454
51051674
66426309
16854415
78352271
44462166
76335122
53997571
55908965
22086779
41954302
55904139
48690145
13255571
26257529
48635349
33038998
79963812
27597062
62494494
25895435
14537142
64327447
66605530
40686651
13369771
75374628
61560311
56476919
74091265
75254329
15705959
34869391
34594612
25519597
14588896
78681233
21841631
73212446
36354475
68563332
60887228
61162131
57834910
56133324
66501416
42849435
61509907
36524286
53356322
65771416
31771515
28679627
16737742
27164099
39997669
44202830
39625584
42290187
69948439
15164118
60057663
72925924
20961680
70926509
40411775
57545922
52541551
31717663
23136989
58978798
77060875
50600121
68523319
68088603
35391155
73968611
40138839
24846321
50556088
22454257
70401115
32215036
35287428
53235562
62662986
70081268
21263715
41297554
12824303
31796342
21411906
18417283
43413307
35359790
55856023
34591102
44138562
61774822
44469494
46249239
47676306
70789881
22325283
22362120
69679986
30941977
61895129
25960115
35845292
12927504
41256520
24720019
36752646
50602695
29157209
46712248
58640705
78292327
77620688
27982525
23300645
77715872
21523350
48494461
40571954
53891505
59937975
43985403
15668419
67097363
46422469
44545342
45857715
75356092
45345112
15725139
31291023
34446949
35577608
38119477
32423354
16752350
27800726
34885035
41626816
37096963
79679972
40769267
25038832
68935744
17702943
23932418
18768963
30387433
36018261
64652181
33836350
14558021
29087456
54373035
77888163
57227181
55444176
78451403
76159882
12679004
54731878
25983235
31777597
38639371
11068398
28741028
59116701
30702314
33091643
25765322
75787611
22630252
78228933
65500210
19429067
65357209
68694119
15813540
65740353
62226468
18771893
74331157
21394985
54978550
60431953
19295597
39962118
68295766
52532453
28822251
24663637
68195913
47828452
69508506
71592573
75402739
23408810
69701855
22548944
70561885
52261385
38148599
36800019
75252227
68574546
15266342
55575130
55001590
73947882
41984223
66537055
26739116
79262785
32244678
70563136
29368017
11199356
29332997
31560367
63008244
31913713
50158246
60952652
62503168
73478043
28867621
75832308
72146273
29157156
71966221
69989186
57334830
28031205
49356482
43203731
21751461
29527717
76168840
15748128
14504659
76228569
66117245
56622714
51855109
30816680
31793787
49902823
31986970
29238184
63232873
23677687
53337369
45808549
35821350
37190115
23422704
32742738
40546860
47231691
54308751
62675950
25202813
28204197
20995511
19955854
41626869
10209911
10327228
16663763
36824552
38532309
41561827
72839884
24669357
33645858
79547005
29700453
41788595
10293730
18359332
40499357
19384634
58215206
49237362
66408092
41037995
26810153
66187862
52244714
72321315
62679332
63971851
46147542
50279418
19210599
45201912
60177737
58083659
33552015
17005926
61103748
56677372
40842032
75077045
50639527
17440583
28599960
33191190
10026468
50610728
69416794
50337018
76268256
26304615
40964670
49739156
45636739
22112752
32029291
48760164
51312355
39379330
61733863
77337557
59400026
45439718
30173569
33830946
20249564
79763364
49310085
21667480
70653599
52948385
32154090
70841304
64358759
53161239
25453661
14496483
36419072
16858026
54616848
35198698
51712892
21824573
33443497
13853391
49361908
24454663
38582464
54546119
34975196
27055808
18925934
22070011
18124955
67527804
30471212
59489560
66085388
31822341
21422058
48599630
61044143
66014761
38612135
74801501
66013339
49467181
49262015
78239078
65050772
47159597
74091833
30623462
77859832
39329043
63775369
59737274
43773288
11898077
41080613
58016191
76160560
10339392
68944747
24289758
45796221
17013345
26701395
37682406
11935145
26187787
20574021
14509889
62711997
76003125
20121169
31532323
61199908
51680629
12509937
66313083
39277789
21442649
59787317
28108285
14512454
39049719
68128866
24773558
28073482
20899669
36100058
17055068
50136311
19651260
67189532
38100961
33187215
70264434
50715947
62288071
52917061
48082796
79587481
29328668
25322191
10643142
76600656
28807987
28422514
73544698
74715541
21584104
49983483
39398130
63979741
28330644
51402920
28787020
31753741
40742321
79502750
73637639
31272054
70539513
31655341
67452815
24485028
21976004
44424959
77235860
29402872
36526914
30853309
22813217
75105110
48526519
13711177
40496455
58255756
58933700
48420238
22376034
41432352
24254144
37937637
53903500
14097551
78098602
68805036
48476660
15719509
26841969
52403890
48009971
49863312
28294389
16781500
55933616
76415405
40297899
18340955
31213825
18856976
16361459
27576292
38519898
38404088
60805801
15123478
74960489
29941857
16529830
24525933
72332025
16109441
58142441
60647863
50052164
66107861
79080683
32060654
34458216
37707417
49336218
30058232
35848639
77259393
10500296
53312689
31553200
50625854
13374343
17085093
34819447
75013109
76242158
64543062
76607476
16963949
29530468
45212978
32008520
57222348
30680918
51951055
18044179
50740752
45378845
58514442
48265108
12955609
71530847
18596659
29130312
53793418
14621558
24288208
56029233
77153476
72831254
29796572
41190684
52812762
37392205
35750515
15757868
16857648
33732331
25828433
79645700
27299628
56648033
29866033
26989478
44269862
68438797
41995224
21246891
32566146
34423133
58314950
27360641
77214519
20056421
50126320
73588674
61684341
17183958
26753512
30720089
64456122
47894428
47897867
30984215
12539981
37791466
78647023
60900154
43019599
47136101
18363033
20988244
41979149
56610056
45555885
69715777
41282074
23277667
72176477
29784447
68220022
32641026
62779131
43102210
33033596
26906698
70822448
23392814
18072463
28922605
46370749
11449218
50260117
60240974
30440648
55060241
28591130
42669783
63586352
17392145
39426073
13291199
13775423
28696030
12032007
32318439
72975439
68031977
79740488
62546726
76365535
33451900
63551994
79338386
42555358
77672983
32627358
23623676
49912320
10530190
61709285
60035562
25068468
35258611
63144069
23327698
45175503
41286907
75470200
50280717
38446057
16953042
13093423
68325249
58964582
79118932
40212039
43236020
26724783
62578541
71372028
43372461
36400625
31879153
20315140
52772620
79114593
44389444
48190372
28966904
26918541
69146896
54858805
12646966
42429075
42682262
13112122
39322209
62411947
16019782
32281873
29774173
55350207
15503208
79048096
70778225
20230388
33296609
58581996
56268069
17517091
55112721
78777605
62656295
74436264
10196727
20045292
34677384
59893553
39794672
20441035
13457622
49984443
36564294
75477679
11648204
25405539
32007422
67694495
38434253
39423547
56553573
37496040
11705224
52320859
12831210
39277388
34164042
57880415
56193697
41485961
34618461
61299588
58483926
47830494
41786052
60197251
13944153
20009149
64128594
70285690
63638131
52888083
62898565
30686139
49444843
63171144
75146888
72739616
59350535
45301362
29449082
68677535
61262324
47399812
68606881
54551812
52792263
32655761
63138294
12599069
19936833
20752826
23639160
66896707
54625426
74057268
14876180
55716985
44561892
35132665
47562239
47045772
39548379
68633114
47616545
66887125
24194648
43037668
21435502
52773044
24202352
16813398
66145765
50961344
70790819
57135361
15140810
54319344
25053570
68329676
73385575
36111404
19034026
63230564
50921702
45385186
21599201
76563975
63494447
77860410
43107907
40488028
12770128
43276277
35760349
58692638
17235316
60429031
70110678
47843969
68128107
29791884
79599066
70180514
47689101
52736820
36777974
41650485
75258718
55438265
37786138
23860269
36354975
24945344
50276812
54862814
71892756
14318255
67441477
73088839
72427201
52577815
77672806
23614761
28495302
63205531
34034586
60406019
72968101
78650662
34330414
50171469
74166477
29085939
13663043
64565874
70895272
68466916
43554951
45777609
58567246
51456347
55600527
54102199
53870879
49311065
24668052
57794962
26677868
31277304
66662006
46230390
29289729
20506335
21953001
77009056
35925666
51407629
23503971
51364430
23922209
46562205
10641303
42128024
34120507
45653827
74179052
13967826
40205703
23480106
53448400
69788105
13430232
29817911
50098668
56261534
67993496
29391334
51589478
11122746
77820895
66261013
77258935
60813749
54255908
38854033
59024739
73875416
29326009
75963864
33642301
41501476
54707743
32958547
36726653
71587133
76009153
45570615
52165455
45593692
73482555
36177974
67364889
59269479
17713319
31163668
64856107
47565834
24134009
74846971
19244363
11771924
30891250
19104920
16003171
58767614
67133742
66340142
58979151
67438884
72575744
52044444
26488838
31531810
54679970
14801519
17528200
46199209
66237275
78283994
72222639
77029939
53547764
43550754
39068105
37216946
66841672
74500218
49402431
55123709
63944265
14855822
51712444
45378798
54945182
37373418
45302309
69921380
14140660
46506890
31166808
27339306
60281776
35050972
43199353
31046865
50783141
52442728
66238156
50257346
47247870
21690493
28270771
24927565
31123511
16246988
19990813
14465234
58902678
11388807
34467691
69826771
15295779
30563274
76013750
32401418
23180921
67689001
43039326
73133300
76443260
74034487
46099776
68583222
49449899
34127295
15437606
51877573
51535902
71783913
55964648
62810538
42518558
61763639
24041548
19599028
62202581
49695459
23973940
45914769
69482987
66831143
13559823
44624225
72150354
11285665
60164826
11562334
62036732
78936311
57204102
48782487
25073674
41167222
21054156
45616405
24607128
55518049
65804880
46649254
40693450
35656267
40691669
33934673
11894396
41402719
46523214
34170470
42046202
50917133
29320221
20246114
39819617
27854585
73845617
12765367
72668153
60354424
78736323
20079409
68150830
47507961
34793841
63557060
27003858
66740654
26148224
76728251
15063007
30044833
27029390
25879785
56282643
60294931
21457600
29168991
54970354
18668805
64274635
33618829
60513078
68042070
72209401
58034585
17736715
24843447
77708379
47900642
59815071
41340219
31641173
48578983
60724711
74476597
23047220
29998685
23814474
70441471
78502026
66960170
18442251
31807218
20396587
75508145
52764173
49501288
26004648
28889652
39500084
53221780
56865032
63334893
46706945
52918010
43388756
70243975
69920686
67173009
44360257
14802041
72750658
35341109
13716354
28314449
28013681
45657059
43243342
15498309
20211294
10889982
14152003
18965523
38569856
79756408
56475366
15060969
14985044
21085221
27884100
46908430
20364714
48580868
10887581
75401484
52164455
11969667
32578836
67089400
27165789
27909859
21655849
34438026
58521011
56765296
54471694
68502463
15784729
60161188
36294259
58880134
43985961
28784734
16172903
20801714
29889561
42936488
57380176
11739134
16440667
36707423
61295673
60823322
79671428
36905213
54404818
66049950
50210050
71484476
21789284
39159754
78866372
10587934
35801793
31573986
74238525
55350412
22449355
31669526
66270325
13035840
18463369
15086947
69915262
18907008
56382218
10143718
42084900
63190249
77129990
17077520
22901041
54737263
56751160
74394769
40952367
57127650
71619172
52924309
51135813
55731798
41496986
30914668
18775240
19567963
64482877
27793891
13739440
51445247
51918788
48314117
41481936
18415493
36298245
52941898
47561624
23975142
22435224
23971139
38003851
13272743
12580912
29580706
65419084
20983698
12254119
20321440
63423311
61579863
46794051
53085304
59999728
29835392
34234172
62587910
42821563
79001413
73564842
36111567
37850663
76173003
30347743
54955462
73272820
64080420
74793320
70955201
54106387
14454893
56912675
19201472
34066743
49579735
15295997
60002107
12434038
75215856
61913179
29124256
21361152
48164290
35225317
42601309
60806432
60646571
35716497
24479510
41374727
27190008
39973774
68721611
23085600
38212420
34747351
13165525
78312108
78138367
13997932
61710891
11177120
54394918
42478292
10011388
60617083
66579354
22596795
79169713
71126322
53335862
58266392
70885513
25152836
17373149
54061013
51112839
10057388
73224961
70892799
26274749
43205951
67470867
20758100
45635563
40777046
61055843
40761456
11194052
33579490
11368774
76947713
15805980
34013242
74448517
66339675
27265663
71366507
35379771
16460778
26904498
78886215
60361332
67051240
33808713
46652518
44033424
20789164
28110666
14226600
44992113
24924651
26364711
56638537
65779990
78466144
15169271
63540726
76443024
52984651
12039275
15148059
19318166
65659767
79855754
21443394
52019414
27108467
61713724
65261378
31585129
50976257
63242147
58830833
34941587
26458696
68004874
32144430
54866079
55526070
70911099
54877186
70316767
67694742
78289435
10229069
18561226
62210943
43674948
19708670
46225222
72382938
66388360
53805743
20841084
16290941
13394989
34122427
15715828
65087348
55472143
53125154
11863913
14886026
53448864
22937198
61542245
21234166
48668768
45184335
56677379
25624541
75268310
45226280
31970290
18691302
79821162
11010223
54356938
76201618
57286337
79840600
54358657
46671297
26823179
31035575
44607126
13143137
44863620
58441501
37806929
30976669
62434222
67729342
54010279
39087733
40226692
34092617
54575224
23991193
57184105
18460450
45248788
40726393
66055579
15202127
70850681
11567277
79473572
35876617
35710825
30057527
26908685
54373425
17550483
55549669
53604145
64592203
40817727
47687125
45311435
54681013
17293541
15889842
57068302
56124477
23750804
24053205
24730686
44375467
49307390
71430941
13789772
59539962
46469253
75138887
63305421
34317854
36971287
39718564
61365399
61713339
78803356
42006908
25792787
69336684
68481503
75309593
50545775
44884084
40128133
46859800
75866236
19922397
47708991
75971324
71193588
47489143
13924341
57742857
26028465
30936655
64837217
65731755
61105229
73634554
39935212
18251248
38393338
54367915
65047961
39495066
79182278
72074285
50624061
16789641
63681014
71602581
45999427
53784285
25412562
50537141
33845347
62504612
79747362
65978833
50959706
48107320
77594236
58518938
55883422
30472324
31948059
12615475
39091381
13439384
52982872
67897649
69364873
47178989
63286654
47494757
47938203
10316867
25699938
77139655
21756963
75149711
45869830
39923182
53632001
55395618
49430050
55047964
13272174
51794291
72429106
58762479
30559449
26071480
51969184
47941166
57403550
42127154
72883118
42199886
38644070
50958064
10581126
45409135
76344353
64689684
17912978
17477809
51486274
38803948
60158156
74762191
73317698
30947165
24710312
35407800
74554800
51180432
16991410
32029589
58963469
62829847
14846846
45110989
36056114
56008038
51899571
56396472
74915185
51523942
44192798
32519027
46714913
18330758
36806873
69996347
69716700
43691560
20747698
51608938
70531434
18621182
71180411
55816487
19432019
57907706
35344334
36617289
70884304
25313691
15140319
75849326
33018696
30498639
62161262
55749723
76308740
50105340
53188105
15855025
15416047
43878072
58243711
67117083
15109273
23533637
75701746
12454179
16905540
26211197
18958918
26603904
44199874
26045023
79888400
17133268
21225446
42360314
62233288
43005121
14768836
41356609
15012509
24067161
54849403
62025027
13589864
58548583
19110191
10377708
29377889
41039619
66908911
14098937
28489293
59265927
74535259
15301300
65592085
46960491
33688189
75418162
60355606
19261221
21186746
56379812
12060230
11808502
47708040
36402644
26235211
67963205
40140629
60530371
72298352
59035467
39654045
73112121
54814224
64910925
79389359
73899128
18120072
67078440
34014693
14765220
28000228
72483402
13604701
51985784
11936380
76372306
18159664
76297481
62555343
62342808
76144383
54965585
60096316
43733583
79150303
27328841
47488880
17020969
30841717
44711426
66603275
64573183
26693430
79387719
32953076
56265653
11800856
46722539
78661863
22521466
21139888
19247850
31439249
24756375
35426151
11689379
52870664
31578374
43742374
47693879
30648233
64500961
44092038
48334867
48167082
12024801
53302331
43378971
59447751
38283693
60428667
17904686
43270759
34132854
72756316
72554420
45792002
65662470
45654586
73903496
73209803
60728054
57752480
36850545
46854881
44643512
11628895
39775954
16113826
38423176
68819976
79859624
20363559
56078980
52383335
66088203
37707614
24112469
50213595
47337389
33343863
59239854
17633519
23331284
25393440
42520934
44859744
19584529
59612288
28096738
48286531
44451372
73546989
74087282
58872980
43290806
79070589
14210199
77708690
55592039
49538562
34467246
10736458
36769971
49485445
69103824
30752754
65492616
32399324
63968604
43207748
41546435
36314709
51670288
41778691
51076014
40933855
36545760
65250416
38497301
47359406
77086435
57860502
54376474
43899004
74635953
13158065
69163580
59428994
36682680
74139133
12841980
10638611
39388413
32286872
22608429
22324142
68534810
29167612
74801845
61988598
71229022
25009910
71068790
69484752
17015213
43381296
66044708
47438231
40398142
64026856
67691363
29033323
75230919
73276113
35375154
51781135
55114963
56324578
63840632
43826362
60872355
46538697
21899323
23750998
25298374
60172949
49479141
35867721
67738692
25387790
41837525
32982606
31439093
19892320
39080470
24509425
13748774
70395584
67994256
25403890
10614135
39591744
38854981
37834833
13381282
72301203
62175868
46778644
56534476
58561177
65188274
33710716
22934433
73212507
58463885
43188731
50869304
13951038
11853305
18998427
72367260
18399534
77769145
77180548
41188463
24430295
74705740
30247846
34010599
56767198
31238775
64120220
26201226
13238410
31200750
14973290
58127989
22472186
70808955
75198939
25245098
44229708
55828531
51705029
32734581
65070411
43516452
21244230
37945892
67404780
74760730
60200326
61653767
10065683
21194262
19236081
16069798
60133956
64961511
54268200
55393090
33245422
43986955
53893494
36341741
44342350
75182704
25873742
57002190
55001146
10950341
61555320
53383735
35501253
12078246
13208624
59299712
53403807
67652159
48040846
61670137
13814938
78602048
27489010
14473433
29506738
17571636
66524998
79962121
52526413
30537836
53203820
56287604
57361690
53772364
24539682
45404368
19706346
45958317
14551967
17367736
17442975
23293181
24855968
12493002
31730129
51245568
78256152
21243270
66188431
57030226
78218694
58648671
10937085
57991713
22557596
32720932
58212085
39325148
71574197
46180804
33231076
34445147
18649055
73544627
53729938
61969466
53022675
56606932
20691268
77355492
77214881
34574222
56233504
45495983
68640777
79667828
36857372
58711744
75069326
56098920
18480512
48580957
78769036
54327318
79477771
45536213
66658013
38811194
38058675
61098331
48532921
43131042
61047704
68539584
43729761
32248769
57642488
59783386
12800789
36459917
36096919
53327356
70836982
44381281
61390619
42291670
12646554
46501254
70220872
47304153
62493191
22297528
27116210
27404765
58642460
20001622
33009308
44118067
18785862
27502220
74697117
20871304
79042656
17017140
56276021
29298030
43993346
65052005
11369999
57324562
20207541
44533788
38563721
12187116
20402313
23457118
62407084
20194144
45439970
45278412
77529127
61330130
73236426
45839511
37399141
78779333
34398777
14644009
42227324
23098650
54157139
54412366
15416460
56372297
29794956
71158893
56980594
69027227
69562293
34160557
44408764
44084840
29170268
66232847
71383878
18099524
33237656
44185101
31138203
24652352
60731216
64350078
16739303
28413936
29080087
12564151
45608902
26414305
78785966
48702416
29513100
52598319
68705193
16818254
11362478
27473257
16978388
31580419
18443873
54694402
66588817
58635966
17423315
27878616
78146660
28909468
75149049
38074179
47871800
17259776
43624225
11870089
77460887
43331647
21432233
41427785
74767815
12369203
51469695
42029129
78162719
59883059
24011992
10012129
37402799
21201612
44323844
63001053
14354141
70174882
14761716
25386553
33104170
74663022
23357421
38388316
42643699
51245066
34247005
48486369
71002873
16704014
26453745
61775182
12894133
60334391
54969042
35913369
43160325
63060840
10139071
73224171
21038550
38629030
63572518
25439342
42722549
63150767
70436081
35422614
21699095
37479576
59383183
29430883
60630173
40384320
61856154
75184251
17558770
73180388
22643021
74226784
79946049
18143911
56951069
22937401
73755563
36294124
23703266
22480014
56021448
52611056
39858878
21310957
59039957
68391762
36800567
13327665
79329761
63091815
45635801
56296283
72097864
68797530
16242304
52920449
64602787
13311778
23764424
34445844
50160610
66134206
39650148
36052736
47033922
42286702
36203121
35693829
47445697
22620695
46168657
42165779
29383908
39673700
53320254
22394802
63030007
14212733
10675379
74102486
74959854
34092040
38448227
60372249
67638358
38338140
30979285
52294798
31186486
50802046
23578962
56369095
75075483
59208611
50491075
52778455
19040564
11957303
54507655
23530804
10765620
40150291
23473172
77993470
37387069
30251598
77624615
64246400
12362614
70073643
54356369
14786261
48960390
56914214
25625886
44660346
14764153
78196728
71705899
19867940
68722358
76625156
44439382
77081825
51048492
26964576
37066929
21042115
45574158
20840235
49766709
30725285
20361480
37833988
44024747
63932083
59874444
35191880
71203096
53184250
61861378
78705424
45450131
49332591
60786838
72079642
67482413
24693273
74309046
65603827
31138073
31981475
69849383
69522914
71285549
66671759
76894610
71831984
75679637
13144148
58917386
59525086
49538872
12722326
61191687
30417082
19448552
64114071
64244295
26388588
40229885
31003093
68630958
44641781
42454139
19912687
27432063
37767198
65373176
14456996
37194532
12080270
16308479
49138681
29741625
64636853
26353921
11724796
11790902
26615648
36805013
54170537
62658604
54788314
51850278
66809519
70180406
12534318
79453002
47901754
63860720
66937452
17050993
79772836
25359382
27518579
15051560
34362192
35973238
12905709
51905764
22196754
51140941
12668477
79330898
38946064
67298101
73672794
55175308
70446576
33379125
49937365
47017328
73488328
14113262
77896773
47719947
77799629
50307063
36100676
39599898
11477773
71092626
78969338
51701568
47656982
74913035
32643293
45986640
15522736
19963169
52334037
11494175
78475630
17367391
21122256
74311760
54777964
27326880
58079085
33087704
18823610
26506876
57857401
61717993
23004572
19819406
10215340
75437060
22285891
36902239
36433618
41306180
78777085
11537160
79344299
35324388
53904946
18289969
77779121
52342749
43990775
34873943
15425582
64509044
59365006
79589933
21554994
73888962
61303743
76270082
35042734
33408318
47248524
23515136
29618999
35548951
53743821
31379489
16641544
30598975
19047927
11813492
53684507
29075681
48320067
29462959
22012151
75723824
51707551
69710803
27822738
74289222
46924907
24229904
33945834
25942000
71934124
14767141
58465574
69120924
62711776
52250323
46219233
16371686
45639071
27501512
41296604
31862338
30983290
28503781
13557810
42491310
20360130
41790540
68768945
30092442
34170838
11834969
38961464
60936322
77195803
48903142
65339253
53649190
52552314
50917857
47386177
51242680
21195985
66087391
15711996
76833454
59185618
59869046
