72856148
29571852
74341939
31896611
60728391
71505835
71845806
16000715
30873141
24225007
23821427
27114837
34696819
22122477
54584481
63364389
64983051
13030490
22832038
47432140
20349994
44894695
69542618
31930098
76813086
79397761
31000564
10726844
69735863
72373603
42210047
16375181
57143181
57118544
79827889
13167422
19088356
43411065
64724422
72408458
74648041
38417410
66041599
36580743
23546204
36767089
15864932
27360115
37786468
35279768
45908140
45241061
18796721
29253840
54962203
14047633
65472310
17453088
45303273
14274174
75096078
60314915
46402991
59323257
79707094
79363515
75591535
53367950
27496266
45927788
72309841
46239432
16905354
15422816
29913607
22217906
47760419
46572050
69607319
36932008
62655408
56625233
57940387
59723638
56782086
54739413
14894627
40412236
61725831
51162064
72935123
66042612
22882631
78164826
58293646
21398245
66066704
65704077
53170057
16043940
55637542
65311530
67973090
55659613
69977635
25943970
14609091
35385332
58365693
62477614
77756293
62401949
77356228
77514214
65337614
27905629
41710183
61680702
41432730
20045666
29558171
70765551
14485967
76020456
20850321
47038168
23255945
35241733
57191640
72711531
19290883
45703524
39234209
23178962
48996896
28759883
72146334
28703695
60799907
14976581
15137532
43161147
38137110
66439654
44133875
69897323
46253485
60957099
18336688
35014841
28120326
29237725
68166605
35226227
69533547
64415758
15716555
39983540
77759092
69533788
15960524
10957527
14049510
40792640
74716603
67192366
70994958
69560456
38778390
58020896
10498909
32045254
47820323
64491992
40281747
14253621
17327065
33949330
75896100
26366466
28817912
32745813
64103790
62437138
77094196
65259983
62733367
75349829
74928740
36158366
54171632
69532527
70410657
16927646
31859003
53982218
39891555
33439130
33395078
55746015
49595719
75624366
53169011
49959005
67422869
79485102
58195048
65048846
69723718
38070938
49886992
71537978
60601080
34151501
63341860
19161479
43866400
50292678
12100998
28626705
39542376
17325005
70946855
63402932
14158989
70537492
53523952
15270266
47388856
19329965
38084121
27973655
34194729
66009317
60301098
38384799
43664727
26109829
25253997
59575362
34039713
65880966
43484624
15056332
69118905
73325598
70327240
66270892
32104396
14395472
77768648
13664454
26407184
19788774
31608421
52424196
31088976
68886503
47672313
69308416
76616784
39543645
19489182
41776418
30691015
68780151
31964189
71898878
25226342
19872980
38871927
62175329
22752183
29337498
51375740
72391692
78201750
49034208
57754161
11315707
50592846
69277000
30616484
54495645
63175004
17266465
60973119
46003510
60192244
18124680
57739889
47402743
31067643
74119455
15603832
40907691
13368173
20647514
43520603
24592255
58772103
25190763
52312881
15118708
33136368
75993471
64663245
30439917
71820099
43229451
64111093
42069032
75453097
42899444
42952251
50821041
41570128
61268050
39609544
16552728
38054791
54100304
17733963
29849758
38207297
30657197
32876806
62946748
44663436
52820386
15187143
55288898
42376841
63840387
35180383
79088636
51877706
10492461
24674876
79936449
22781162
32283605
41868497
35041474
16049412
61763131
61449775
24879634
44869992
34727605
68191337
13563863
60156704
74323086
30341438
38195342
65719198
46919707
35321670
71772164
14281724
52218236
34200822
69720271
26372807
38718037
18143015
62498715
14389923
27396910
29746730
79096314
66884801
48719240
20879808
51334658
40025673
19571748
58016982
50017544
15408091
40146457
23100767
47581987
49511785
13511672
53180528
72513748
11519346
28801324
28658902
38950209
68011178
14482459
46026014
39207144
64458308
62310244
52307489
68447334
57908191
16153657
78681644
69003891
68298978
26430431
23301747
54242779
58164059
64851096
19439663
37797376
19808903
40347899
77679961
45683789
64205340
11215746
49956835
37913465
54681038
69483257
14290624
25498897
51508988
71579575
13064582
18600553
12239336
33241693
36371800
35094549
16450147
51543258
12255888
16429308
36414339
49874492
24263161
14389102
41101107
29617186
70644494
67157396
53881774
58386378
49695646
43240563
11248925
62893858
21733949
65643386
41407752
15283645
27195302
12764978
11360754
47940619
49555143
56985090
11430098
33777658
10838361
44827884
46631670
69605897
66033809
55522763
32198937
23749897
43022338
56123581
30595260
58579203
40784060
63582693
23544971
38881442
26389605
39174197
51932338
71454051
42680462
77925542
55835183
77457496
58281138
61968878
34106394
27591670
14379637
66441156
49547836
14415747
20556032
43720881
51040403
33788717
77167391
62050953
53756113
28636031
40546571
73140553
10686423
14597669
75693400
64367111
28466462
38216869
50767598
25398989
18780363
17098785
44233837
46015479
38268250
41841342
73360360
30437964
54021480
42180417
35327535
17710635
73379756
41132615
64999607
36385055
13143828
73827742
67938058
39774684
42094019
18210723
35305422
29339962
51191234
78240284
39815764
49965957
63384964
61981825
62795193
42546315
64997252
77614057
29238843
39553299
24245175
53389493
63784322
49763995
46548462
65707498
27996932
76553433
22666868
54600603
50164230
57429349
37577992
31129442
43204250
13101812
32722270
42421757
61024737
46381367
27922935
52021911
18722465
73217910
18502290
53445277
70336176
17948467
67728394
78287053
68460590
25793186
25585643
43584406
58278679
46577506
18337455
47598831
27934539
66200061
24441302
34344996
41555379
52497701
28039544
43052935
34789949
71192661
27187069
46069069
44222197
57410340
26888357
47999502
76253669
24144308
46054773
76643141
35779573
25489587
78963456
14578683
55290464
76003055
19710959
21273317
23011537
15089275
26986618
56745186
24126119
34250010
65565859
14996476
40128886
24335491
68808816
59368949
23902788
22435736
44509150
79674926
70689144
29731738
29329751
32342974
79354294
39238685
29168849
74574519
55420742
47499557
49071684
42213103
68920051
36862733
79567253
60841115
66865867
24534110
61476332
61432438
52944534
23160609
44567025
28853327
65377491
16403624
79814474
51575403
79401190
65085022
64816630
69763375
79042980
28907803
12130304
14515400
21291830
39592944
41312572
32702239
78090420
72691335
48058875
27657839
19629976
56114080
73187692
72626182
18245856
79845441
73321599
58770413
44374333
21504916
37335348
72433678
54390090
40443721
71090257
27015966
38215799
34995865
61380020
30492550
30701655
52600614
73750861
55264536
38169886
72395606
62075292
69648482
77567560
51959069
72631229
16761714
78495091
52031539
64502394
58449312
56946489
21127249
66305746
41529526
68761540
76440610
12744996
11063892
48690703
30654043
49719704
40034576
24492842
55055041
18141883
72786392
46632644
60674327
46327644
58351454
52180537
27189074
13854102
72262846
12628465
74762117
42829156
14420864
27173895
13959323
54687776
65406629
79511475
27929037
58250506
62797492
11311325
12396611
78666118
70718565
54988226
19879501
63859699
21365631
33673226
36645540
68234509
28152594
56755066
51462406
65066170
24290366
10686342
68202743
35998658
36122769
30388140
28112996
75663067
38255395
67904783
65431068
15945233
46460781
58948909
52432594
67039516
51041004
19039414
77244122
73510352
44585738
46990574
73969523
37811658
25019035
34628164
43589673
77032199
72395076
69538022
27364956
61103384
55652496
37389751
69818049
63532116
12046282
48474728
50384126
75469570
32726625
61976721
17407310
53167729
66179037
68922000
66959338
40333942
78683362
29288894
75354509
61185338
21739555
29591300
25595964
25182909
57918644
27070491
63890978
69044160
65030914
33460657
45927606
30455435
25132055
46736085
66121063
47332378
50227528
45686307
13675007
14763455
57465472
62060760
73099478
69883009
12788306
75799155
54718979
61942904
21069038
45047076
64410109
46516796
28046862
79449497
57570429
73689517
59189289
53525679
12618778
65326483
50149874
54883787
33067843
25037816
31984620
39273923
64404739
67256870
54673089
22747142
75732690
73882218
53573728
54278536
61633380
27575929
22991248
17726192
59237176
19463295
44576247
19140108
26519909
38323353
18543390
59783061
42022484
19319177
42582023
69843499
45469283
50418930
21358449
71046210
55753543
63197940
67095386
75543472
42683836
29683915
74253241
21002472
35611102
71388878
73042547
44342881
63539228
50682829
56143875
46573754
58536699
61875664
50044435
26944912
23097946
37460944
18755861
19350808
76846658
52594010
34996747
75787790
78783077
58311125
22411148
40196383
60248698
67292053
74789336
64892485
36024626
40477447
59796540
45522912
45333513
32631393
16926610
56846861
41153474
41255734
72889532
64776894
16750858
24744494
22287621
32855713
53797464
75090367
41507542
70105165
54771517
10363688
73061434
68932986
50358055
28017510
52423445
33528833
19742716
55778728
10870376
56722322
34516200
10988033
64295055
24184597
70165261
71502263
18791468
34849237
44452909
37536383
33982030
71538609
15143829
55993255
45276326
77830632
78985000
27081923
62813396
77878019
41644235
52834681
13273438
54909086
28968516
38483123
64559303
41900158
12087444
56212018
64238735
33463086
68601297
63440589
62230692
72982543
47874900
50707264
69104827
13644092
68994813
30502218
37991421
12906655
42580085
24679442
71778743
30791682
23235545
48602710
78949085
46239687
31663516
66162764
38386618
30232216
48786965
35106925
40982496
61509446
73997206
25676494
66581473
77516956
29609231
46358620
22601174
18019446
38203531
54461793
48832899
42634451
24210907
38732421
57685517
72041846
75763502
24872128
48237330
51866808
33165964
13786997
56802774
39614873
48158568
15863077
36735937
50619545
41557757
78940286
65309795
62036381
64538621
71733079
52289693
29026525
77093527
58141063
68405930
45770707
24049448
77499822
16309401
46027863
65285902
43535580
45041754
24756150
29856967
62026427
68527672
27369160
12599392
62777272
17553975
47304643
74816068
30762982
49445174
20717380
35625984
12839025
12306955
15942178
41694319
52182225
51983950
48622689
72899564
76115736
60604578
72501588
29441362
44450861
52432700
76923307
21767690
57463675
44008282
33340719
53211109
45383773
12059838
17104494
22779294
69684489
48482133
50916718
70817376
48354462
50242449
35951078
31673601
34997447
24142110
66968623
66826747
49713156
34825990
66525331
25370459
76214943
76868825
36752424
11090857
27905143
63817300
49495340
71817232
63718574
48710237
37687620
40598598
64445089
20198781
60318257
78072224
79593210
76863130
57866566
33357815
22453858
17552880
73327058
24505915
28450431
10709714
29940886
51872906
18390330
79142131
17273990
42897385
14605914
29850431
18342038
25540537
42305050
20602119
58958658
30591173
50050315
42363541
59035765
28332498
59431419
73761118
73156630
72645577
11656978
71450201
25083795
19905013
69953454
44547915
26945496
59886009
11019925
68334022
15482177
60803807
10277460
57145222
73401714
24785428
61372423
57451000
38386395
21803189
60033822
57162227
51458136
21307379
41262071
29253284
43447548
55986482
54784459
57698980
36589284
43586718
57142077
66316561
10343045
70109962
22961398
19611117
25379063
23049116
54306296
14496050
76912253
59068438
79714438
53578239
32443831
54103756
12212669
34177225
61831054
71611828
76227114
66908322
27294319
59096973
73979696
44776754
59610368
11696380
36332840
32962836
71247757
16082134
62208522
32759251
32903319
67773942
58990296
11813028
39139797
44808215
56539275
61731380
21758419
48134087
77994909
64530670
51498459
37404774
55443216
60873075
57448049
20605564
23151982
50068699
59959739
58203586
76687602
65905806
25480079
70013077
11852021
21320176
60572382
25325598
79381962
71470806
52476424
13347891
23074383
41006525
55820473
24902636
29408524
63121123
49166216
50734445
17727853
77038256
75782436
16451998
59878074
75743506
76393534
59958785
70724524
20781279
17859553
31649152
44954428
12972290
20651994
66568619
15665568
13335304
63663889
51264951
12158553
26746469
12052598
33231262
64711486
36079702
30605617
53382104
49802705
27694482
24418813
17206633
37767539
74319540
34161808
44616621
70766188
70197749
65593193
70126810
43243619
19909100
24175939
72986197
71925159
22838884
58207681
11546376
40543251
48343283
34394282
55243110
60659109
20830883
15626085
10253154
15111478
52681920
47695935
39313209
15203572
77319446
26561564
63885987
14303313
49390302
24747809
54966443
79357338
69597155
37374831
53986857
76167806
61804745
70488429
63311627
23814922
69123568
10252138
75087476
75676290
59629554
26430861
54817623
33019789
44642395
61454879
55486539
32328335
52808068
32995753
39625360
75275502
20125159
76781671
52744925
63404396
69720207
24479913
56322178
31229013
12183544
30655771
70446380
20551779
15767619
78030437
49648018
60207783
64497581
55796413
79162486
48378740
41367565
15871804
34297067
30508293
41690071
74161138
46630560
56250732
52010997
39708111
41869963
40039992
10207588
19176884
17030629
60316930
76556152
46592063
77652601
57961043
75646137
39117443
51145665
33964438
27623788
56424850
14557199
71261674
60032128
51101731
47887818
77198223
61855376
77936023
10014787
34059618
23742977
64723826
10098782
10792500
63639675
48285764
57536397
38114153
31634671
13539429
71241319
24586433
77593052
37918260
14078324
56893011
23108671
69295738
46613476
44565168
79977583
56602585
69957949
16410532
55686448
49644832
10468117
64614811
18787203
13124545
49782476
64096418
28728358
66195465
51258218
10617801
18679111
16408516
36656918
68214011
70905467
74166943
38002575
73321909
33649915
39126555
16892859
26089675
37478587
56792276
27700943
53792245
35782550
37212279
17534300
48111789
27140202
18730184
37017030
34735723
74456016
49283208
46275371
43966163
67928520
57986144
18644127
50189345
30741920
58085681
31718252
29659435
14321512
14136925
20144780
65540559
25796607
71703160
10344705
33875550
30717883
31096703
11081784
37280498
48442107
74915711
42026670
76950974
37695566
52289182
44838487
37349046
13297735
41825955
20401677
73113114
57821055
68771633
63063700
42812837
61279946
46134880
24538711
71322276
77393482
43086583
10739316
16106023
24156537
38545706
32288698
23035826
24996983
10709226
48948494
62405767
67265641
32999046
68486545
78230155
23439324
32491659
50541240
42891469
44154728
73179805
71312825
53288371
64622217
68640274
63493334
26769276
58962475
61430111
17602515
33151296
66430220
65943165
20507403
30965302
77250270
66721960
17179683
38083349
57850103
59839340
71325581
35690972
22583202
31370606
60365045
73019871
63231418
53226935
14833754
16258185
68348056
43632940
72532618
76032228
28034566
31695814
55365617
10797039
57916632
19326606
71020847
18167427
41985015
33049584
23309392
37814420
17906440
45137486
70880802
19902196
22494181
67060101
12863185
38252737
21030623
66877051
58239112
63673356
48437859
51189732
39843641
67281054
23269142
33602494
49101498
53715416
36530147
71905689
28096451
59940502
45472290
60049482
13814859
36573320
21776556
39705636
39581714
13263818
24176712
39189602
42916977
50242202
42532876
79656504
70939451
20930315
41730409
14313939
40938046
26987100
15838485
49075927
34331881
76161554
13874044
49297574
53701301
57998879
44908402
56178927
12462396
30586657
16744008
68417997
78234044
23629960
60924818
25241174
76895480
21538536
39407387
69226021
31172292
37751750
31246102
17592387
59093177
75334939
22258415
10991072
74174019
35315689
34547530
28041318
20556895
20105984
78468762
46126278
54875847
19058152
50438659
57425803
63456697
28494308
48674548
26361635
25797100
40378773
49991601
71809411
19658083
72750680
52256091
15851493
69432931
18482043
30331818
23842280
25987340
40356133
68403069
61825580
35745048
17366210
38410975
39034662
57185226
13022721
10108407
38298069
39492285
55662381
64375676
57312110
42831902
21882213
75264556
33181564
79869388
55174470
78298361
22755356
77018374
70206418
75783142
15866595
56205469
34953961
29849860
40125506
55426197
51095573
19460607
66838881
64352668
78683434
19793083
68263116
31598409
23419971
59987167
64862677
40868847
20529107
36779909
74659272
33608908
54065310
54818982
47590321
75138389
57653028
31990133
68768471
22673074
69528214
57237782
21137096
18802160
26808012
59715180
56948264
11741888
35047975
48203409
35262755
71503029
62357694
32095616
55681390
68438664
18947157
45931737
13860851
51733065
18931127
34644782
67231262
48893920
51533663
67018346
42704011
60609081
69833852
50671599
75401945
46599131
79448966
79423523
65069245
29744813
71597412
15983336
68942572
45298620
18867314
33708714
10131777
52256694
72351782
14059107
71648260
21593614
19373967
14792291
79604066
36801173
48080378
73320804
76213263
52347973
23603514
13700561
14964197
40181772
13516951
16942959
79132579
36464337
49225903
44754400
19456485
34823978
67493253
16883853
21815453
52641159
69229621
19400292
54139209
12036991
76403547
58785626
27705436
62164629
43923631
12581108
35160698
16924151
36175248
30905833
31817682
73514471
69570596
37289481
51555997
11132628
63746452
54910069
21171361
39389233
76167371
20516142
37613012
76770168
10694961
23016803
14359742
55312424
18002974
15938831
61319295
33848320
51555758
54082163
31762611
51161006
13043276
53214129
63357100
34771550
76238903
40922784
14732529
55281787
50120375
67990699
49239875
33493244
34132686
60489086
40550152
57145498
25008462
28193316
13706779
16619441
39840694
18954580
10554999
68472289
40585746
63633018
19992863
18928684
10575343
18857256
55468983
24635087
59937461
15960445
36227776
40561651
48613561
78482580
73702275
47829192
77174647
49680126
18668117
74337535
76209309
44457693
76972987
60670179
68596718
17210795
30255339
62068965
37518361
24112858
63532156
25795052
48695686
34247036
48733406
61178742
43390952
54621005
24559576
45374839
51212811
42401636
57765292
21264233
10453104
24844959
19338119
14191180
29801233
52579300
30189189
51786707
49369695
52184451
62025414
77335082
63623457
40310542
55837013
21460215
40963367
27704796
43278168
44975693
47915057
39566818
67188056
58685997
77574666
16854523
65061654
72033974
78566532
22182562
18067932
21281390
29498180
51259778
71551469
77869533
42950256
38271296
14826761
48252147
68599467
27427232
25290586
49118577
18035211
15484801
44887168
41053176
27398048
47453269
13620966
57135523
17853987
46197401
42102110
20401421
24227757
70666934
17746550
28779723
14649790
18166738
29780040
15664899
25364588
24718505
78220767
64888557
67393733
45964763
29246375
12627484
30882217
48300868
60131716
70183652
26149416
20618038
79058459
20826536
47276680
39133212
51150157
78767653
64610485
48110899
79449831
65608865
48709033
54251405
22231456
64574945
18992355
55027561
57563664
16804603
14986058
63730766
11611302
63233366
43107043
57280185
27583460
44123242
51181540
41709300
62647047
60827559
59328652
11291364
79377178
34487505
68299496
66059521
50515085
24855295
48285712
56016059
64782690
17430672
37078520
28059195
35652500
27214690
20644299
34644671
67427100
68824069
43611114
25207080
20100175
11411897
66474755
78242054
73580194
25257819
31874561
45590007
79592580
66650069
60828016
69304351
15033256
78594601
14144458
41063022
76182482
52878249
59204900
71995319
24073414
38624666
61933288
66988097
53611527
34184019
20660506
53230892
41440406
64623471
12579943
17144569
38204284
30574035
61956585
30457279
59114419
44651452
24308647
20454596
43765972
61754265
23020367
53881399
56719527
72760916
53425775
41519839
35459060
24447688
37612944
22304069
39458266
78410473
53099236
17456102
54068631
48887288
53016226
39935772
18155531
65357646
53493108
40672476
74330348
39988465
63895972
10584141
13567867
32862690
52922938
34313398
15392922
55389803
50682427
65288387
17710609
56186452
63058375
15867602
25227945
53355804
69656644
41778410
33960175
27134074
37669774
43874541
76948168
67286489
57890724
37700136
19944915
12299963
64183509
12891455
35901382
31073838
76923294
71190910
79640710
21895049
62424661
61495722
56748228
69029317
79698146
22300480
71313955
59558854
24745802
44748887
18650930
44151441
78938190
19038658
62957072
23957728
51899553
46524957
63422076
34088762
76694902
34508486
63471151
25826131
31571760
26665315
73754770
10098113
64243575
44280136
20281397
21736681
76357558
42273364
58764174
46229364
62264956
59367176
40336488
21918919
61952993
26864959
72794283
35445532
39271055
79926391
32803175
35439292
55628547
72078515
15761178
46874290
29004415
14729950
29994287
60576906
45153799
15192203
60262370
67723948
31434900
28962472
59251604
76783426
22117062
35476365
70198472
42424243
15211562
26751814
43229594
11128298
23940820
71138290
54174898
61953878
43524736
22971990
50915320
79929371
26313543
18733878
67565399
45754637
76256898
43896465
77293934
13385191
22537339
41582793
12412712
21782919
12245456
67206440
30639741
51468109
78839268
22780040
10900441
77594543
13151986
42950699
38628665
41543745
73397489
19773007
21623964
56054090
55102177
76118310
58401895
46921286
59412694
78050924
25179722
35531413
40629353
48667075
42950717
35864469
68719882
19350996
14163960
38817639
74372456
11184169
79269282
16474056
57692620
53434437
55026691
26677180
18044665
31282104
59191398
17530620
27642572
36792653
65069931
75555201
47745045
48199572
47993372
10846677
15088889
19676505
52351954
53694585
63756068
18644252
44143954
71884324
34988375
43174959
16494290
65128494
39994608
50033932
18971899
39752775
44781112
31864790
56078100
26079057
36930287
18645261
26540623
39141527
21947056
74538399
41674698
59626299
65142979
64797401
54507757
45980164
39626019
66799200
32305485
37763014
29013927
71784361
67505095
56707199
51149000
14959784
53251843
20212237
17460749
73938612
54924115
16474524
24341623
10528878
17319391
61543272
60125131
13927651
69821071
36051228
25035484
14596997
68248740
21600032
20426684
16504465
16132062
12288143
25184743
57682994
42357284
17451715
76601275
73752355
12890653
44410927
26704121
61799721
35467401
56177219
10660492
45825895
35751003
20854870
11337916
12309753
10840281
21573849
14536929
11000609
48659958
56176221
64068115
69754065
63283193
66723195
71835800
55256043
34508074
77848760
20057810
48625970
70624004
71880663
64564134
77672261
15902414
21993301
67488348
11778557
13526814
61228652
28771777
66150754
37781320
60755465
78125933
39927268
33220802
64345465
71707340
28092957
28147067
58408988
60858567
12465696
56185018
15269724
53063452
69759796
26619220
67414898
72387371
25426412
23285645
64710295
51228784
70330176
50421872
44356005
11137660
72864926
59653685
49970006
28024734
69114239
51285076
68749826
26985561
69364115
27291068
27453134
70283934
34411651
31744124
35580490
72709365
76631165
21267983
65911794
59152286
67113830
52221571
43576751
21141531
60090233
38921487
54938726
38065112
69647869
69180364
60742848
63909066
40888913
69782381
17323800
34152812
37011905
52998898
26489255
54756698
38723957
14517940
47377754
16511810
55647152
41456962
37275212
34693080
16422694
66768828
24044342
59238980
79745537
64055184
37489948
56348660
36313603
34317268
53466315
13581123
24950344
15996903
65355383
78974924
39024589
64278660
35019098
38736253
69450841
57029847
59866447
54881472
69798907
48432944
25068095
53482039
79037146
67973963
13592081
31049954
40557454
52976241
71777963
55106909
70579424
34523299
60436530
74118772
44654564
10698142
57629559
32177463
70915644
48648592
20717904
62878969
51752574
27090440
52663330
61272364
29596266
21052930
72937598
16102942
38366904
45147817
67998132
75982070
57934584
18509239
77071738
22357974
40777684
11329492
22742047
45494736
57367844
25467729
72155274
76373882
47380233
39534958
13754075
23918415
53400395
63749562
54914980
63348512
65811457
29936740
43527286
31257984
42009499
33349809
40062984
68642110
25852931
21558636
66733992
33140181
42515559
63968441
72062070
60158907
37319412
42063345
20520815
21936430
50208870
13287804
45378586
36116718
15795568
47886684
66484143
68502018
68977703
34366206
48852373
50394577
28187152
58061714
78162342
17071011
55400635
48444632
12757647
67996189
64501473
10348097
46030055
45461419
33695291
18943889
54692718
22292210
51574667
28387959
76521961
76388145
19706754
38381583
61128127
69917943
42173736
73867365
23021242
77916662
42417866
47935078
69386969
65337464
54058980
19048129
76206863
11796475
64489036
48984294
47277080
66960944
60520524
23053595
62132290
59248726
75332782
35763249
77605435
45459778
17686471
37925080
47312757
22958777
49262312
46629171
78207563
47076036
79414424
39291452
22334185
37091673
14632649
64005666
75824293
60008343
74573232
28671147
47285529
18845602
33567267
12118797
16029957
65868447
25208473
51678734
22001200
11480996
39516412
75384677
25096761
54135203
21469668
19943306
30485914
41531029
71794881
10166416
46278285
49145990
59007837
52619841
41795602
38467486
16715775
56279926
21175811
10996442
74821559
28521524
30170607
27811664
46463714
56706801
63313806
44433819
42486803
78364222
72748832
55803900
29508886
40973677
29676539
56560477
65563544
41477984
54491929
60304352
74166950
72610136
62529724
77521000
57985939
24419115
10387855
26671227
61234062
49475110
19981481
34597143
32271601
21810176
55616693
67296254
75105407
34843658
41688233
78775267
19697699
58567487
74604507
71474183
36262050
17238296
18483565
77448324
13420093
34662652
36451271
30920406
29438756
62546782
47763987
68091970
19430358
60849304
78356516
35086332
42493160
31015175
24551019
78246531
71028149
38479381
79304850
24264674
26041795
13609237
79057674
42614118
15604395
13963621
57547095
24500083
58035848
57803470
25146740
65255310
59391365
21799040
75754131
55076387
58564353
24926661
50914562
65806982
55640531
43990384
69455272
14572786
41460228
45260888
20689637
60476056
13238544
63804086
10854224
63832768
59361444
33749743
20227974
27443915
50402215
39217969
27430528
47503851
64712131
65754389
37712000
59097675
47975541
62034708
75189876
22538784
45044632
57046038
61445348
75309465
51588069
43792674
77552240
55827274
20143331
30511635
43251651
50770921
64216341
65637053
77410834
61307037
15326127
55343358
43321395
11656213
52724145
72553023
43405920
31482386
29881178
58330203
60722977
30762927
65000152
52602366
77216276
21719841
69397017
16444067
34937698
14133456
15306414
38528617
58271051
46272787
63683177
11363644
70791507
37059786
64912603
24112317
42484417
15410711
42449615
70045711
39931427
65423105
21471832
31736189
70680637
24978879
52328092
27280987
14945097
73278678
20212959
49670558
76188626
30760864
55124859
52999475
49816776
14370853
37856509
36802594
42330107
34099323
43624177
10088915
73325779
74971602
24771151
55611621
42328148
77973212
61914219
71694444
54767994
12938340
55829084
54026334
70898156
59643686
53315339
68974813
45768090
24243719
68105643
71809602
34794163
72362913
30147479
77503147
55630321
77181309
46165990
60515511
17023281
49637453
17392716
20128128
49484274
24531945
57694231
34189988
45146195
55582027
26977876
72822042
64440244
49162480
15026533
31635339
79692447
19778091
50158384
64908714
67289300
70310562
20804340
78670921
74476630
12226086
70202968
69890583
27277715
64014350
79773908
56016628
53774313
23672651
53936913
44427606
15302262
79283112
36221411
45427558
52198218
44404713
65521674
41581073
76178448
58883574
25198436
32962796
22680098
76143062
60179743
75796624
16875402
55706368
63860571
14322385
10146451
29178532
13678589
34431020
38687534
65028502
41426591
11311664
72265040
55535098
71637442
37545254
64989872
56825358
11318866
40520892
11512618
41969422
71562853
43409028
25917243
72004990
19794709
27009164
23586350
21980956
10206691
66501965
46118152
27309855
65894220
60441186
78512581
63977392
16485351
73876544
12529385
41407185
34156501
78388621
60418615
35318820
78432077
64531289
23694769
77347777
33306470
74163526
72745301
44821605
31338387
27310128
56392504
45793111
69911098
70576886
15162777
18461714
10000617
27164745
61487037
11685885
65187597
77666376
79132170
76089282
23956071
53960587
11675042
25489510
71412006
28266125
53238379
40923456
56067866
68413156
71692475
48010048
74412112
49324834
38973406
65765225
41340447
44335070
28420883
60943925
16141556
72861117
37987388
45647940
17092920
64350227
31666881
33094676
32819698
74853819
10279986
12989283
26672211
25240547
61508362
11621122
56496292
36783199
20505108
22638969
37954417
78532943
12597545
23791832
64895750
60044920
62726053
67116462
74275302
59681826
23151437
73891714
78366312
27872096
40415203
25314735
32684218
31862301
70147641
32651326
49412992
76157452
47575551
37704225
67041532
54665757
45656210
33895871
16293748
48127672
37214247
38270103
20072458
78139457
68128376
49269305
58379715
73655272
64772474
51689530
20816454
12238997
22197976
35225417
70974035
56440909
14352708
24766480
29452454
17261095
60269172
70603345
43332566
24748550
56322108
71955322
31313405
75580690
57417286
21678465
24896912
12459082
69912395
26050943
45422850
47941837
29433010
55587216
66326397
38938731
34209980
79981152
50347594
39042572
28322368
29109726
31108733
60658772
75855311
54982374
44415561
12753583
58913989
41260899
23220846
22556809
31157455
69002354
10385468
12439507
21142739
54026511
26772074
23184430
24034077
11322168
69687709
12259434
75211084
74867940
74102407
30998615
21118763
59584223
61498786
34033887
46451633
31068249
52129333
20556880
75167469
30599432
69350179
12908003
29658370
39730681
42009325
55921864
38521245
13009810
40161765
36205250
26374337
76168790
54070761
66456671
23742190
48017506
59536767
22499217
15617818
21777042
33216006
51663032
77602305
43255717
31789015
28699004
27731256
47741280
37232915
32793501
29113243
73495860
52581938
30697196
15706665
55420834
14767334
71856796
47476364
22788644
38449212
33838158
29527700
27285586
35198224
52458633
79090059
79914305
42066175
79768404
79428704
68175359
39917363
52285582
21593749
16707776
17900180
15629414
14697615
22053708
79033257
63349023
31749681
59897484
72481098
68256462
71520777
59106473
58135336
19691384
63079311
26595243
10230096
30894168
51274525
21915896
14152268
63477913
16929977
18686205
79015314
68884635
76744277
39781119
63146020
18643043
64974620
53647027
30859653
56094755
38565432
50231606
43300833
51272985
74758052
22518092
16577267
44148831
36825180
65177240
40484910
33739669
69337020
39107475
60455217
46132270
55771310
24688967
67991606
56218948
52658836
56125198
59956599
75037155
79941600
34561104
76051064
61495379
73075180
31180241
49830921
79355248
27255277
29173364
75733619
47117662
63379885
71702416
17126338
61920704
34725172
35286744
68391351
25728843
51535036
41791574
67391567
46340208
64407869
22972868
33248958
41917611
67860635
31418181
28551564
75380010
39560861
67133721
29797200
12418495
12940623
25543728
36789438
75297873
20665612
70181610
46593516
55725772
51208536
25500456
22682368
74481987
19391703
57428168
51163170
72331749
67145186
69053113
62187125
57366527
32474612
13242493
60819501
24768705
26997291
57793177
62525644
68280863
31159442
47216064
20204984
10181514
22852242
64926674
14180107
69154498
23629700
10192407
54133325
60403954
64969925
37434803
24562506
27404313
35713743
60986120
23119108
63108595
70354836
34217706
50253331
25153081
17365822
44334365
58716606
19861344
43445547
59156025
51905659
66254400
20958981
18271946
19612019
72809765
72186098
40164300
30971497
16041100
58586021
68570681
74626647
19122064
69038074
45326577
52252951
24795801
72069415
18374815
18900516
68106331
56538616
47455870
79705272
60302570
21235257
75981634
13232277
19865913
72348143
65577167
58169036
20603952
20766712
66908199
36171334
12738349
34314261
37510865
66799252
36098673
71701882
33827325
17491414
61762455
60036958
70737098
11777302
75726376
48322022
63804373
48161000
15555241
68635439
40889204
76786577
66427099
23965463
13946706
12353100
53138144
28823506
35494323
20915551
71557710
35017156
24760887
62337237
29237033
51669777
64604832
15461506
56845184
35173117
34710078
30945710
40554475
64685458
35445570
33240530
75839828
11164608
49745305
42297314
78408106
31261794
76614991
20665960
39444807
50861754
79321474
10131460
23782366
31732196
76462131
72228414
52690950
13258848
34883313
73303401
77889030
68697899
66369169
49375082
51234302
15362494
31449923
69171954
75625484
19187745
59916525
36200284
77198033
45222335
38469622
21029918
41545001
12116285
32896233
15236574
61391403
40601662
37802024
72255728
13762481
24971611
25403461
49961513
74858144
77110619
26420158
37899397
47460324
45318223
24305427
47737017
68864342
76108731
50018921
45841570
56472790
70144393
12098215
58637046
17415880
47335135
12600078
77103603
41471892
70359001
27679412
59423507
49919848
33080662
24622576
32114354
71321027
52249843
67179529
77338590
17285613
33937268
71526565
33990910
60391265
26362969
24755259
74647413
56275059
32300598
48240805
27298795
57579339
60524478
61744260
39644444
73786723
65095097
67813163
76330257
56758406
77802966
22439392
17267261
41873836
27966116
24880408
51728264
12487963
56541751
32974681
44402489
70796284
36794192
56973015
66286186
28333615
69086983
26763037
40636825
29663767
60892954
31155278
40477478
69052872
10521777
35757216
55022925
24160496
23147925
49788896
55825747
59341343
25654941
14873562
12555862
57571438
65731048
52880252
56795690
52721309
61765135
18441542
13807573
46927272
59014704
37381132
22527528
51476316
78932763
10488830
76479423
39921810
54249112
16187941
16698725
32497724
72045437
35224548
50110207
45179811
55620397
61011292
29490452
31343124
40490203
46060579
10280570
59738956
51091850
76620503
41463675
57417042
36481694
49929916
55322818
48899612
58256962
32553934
31286726
48989934
78297999
53853857
64873387
22806268
13157094
65170765
74646825
23472637
63325557
59207123
55311901
14300398
42007790
45113623
45843959
79215447
35985626
11705873
40367673
29816473
79048988
17041607
73321248
75438075
70085630
40625443
43166412
75726672
43542168
25835681
12190372
29434346
31591168
53835502
28619183
78986587
29821251
64941842
23139452
11638533
15380559
17940959
39140957
29821730
73538212
53706827
21853016
40242519
68345610
27468514
79059155
63460191
69692729
49010223
77602662
16505612
31660098
58247274
54747158
12602034
29982815
35282269
22271838
45549452
42856873
70513148
20777494
24747209
37161201
32142005
56957767
36740595
68407554
62847954
59582921
30202703
76826212
72761470
73010050
68194082
53077972
36463139
39146687
26433681
37295543
46428773
75540418
23109186
32774106
15805761
15758829
16192373
73275252
77631826
59032171
56463885
53706416
58768623
51084600
54476628
62246020
30619382
26485207
17297702
28053543
51075050
25541997
28183884
51582053
64427628
36451110
18641281
24201892
68779389
69242838
67608537
29213850
34809070
75988840
79518301
66834623
26338528
42528826
46587323
24003893
20159695
41821754
37816919
41955669
74268919
17834864
34369865
31730203
14892725
63283984
67824611
14673109
77268629
58061770
62311331
72433974
78180127
70060557
34547857
20841637
74769196
44224470
63122975
36758698
45709717
19676118
76967676
66857959
14260012
71621110
75617580
12234487
32302992
43596801
60928528
29785590
35966501
65869348
53105598
61839236
28617467
57498038
53874431
35149971
35905924
42900326
51423038
14525991
70355172
71578830
40025211
48862495
65619530
59723067
46398028
47986001
40551792
65972488
45610729
36324669
39721578
39799701
57478303
67505537
10406138
69034547
74502797
59288228
76229911
63588037
16023932
69005468
50536035
57333147
78870292
59425913
47787657
25092355
73790581
16826045
35892227
51281406
67905925
60773223
64595143
60353701
76449277
22379218
71992369
49202832
48377840
43552027
62804491
20854982
25569150
70369538
71772336
48925703
51886015
58451803
19065146
26401821
52468042
71285391
71061947
62543112
46248754
52622524
23718439
45931239
50424764
60569922
75678923
75176334
59517748
41251094
11442970
13344742
27910519
35856487
19953492
26721820
13627164
43513136
13230794
12316722
16685873
23707035
19683588
45387004
10469303
70872511
74369016
28813152
27632272
33339480
24264160
37529432
48389960
34070862
48454799
53026831
16641164
57688020
54559294
59979510
23272756
43385283
43903433
36069858
29643764
23280434
15593489
22811657
38164052
64030901
46813902
50697614
12592650
34316327
21509877
41326575
35179241
40461032
51998483
49768879
18386815
73432785
68491780
78351049
78457532
77222476
27381718
23891978
65694254
64821121
64576325
69589258
23478158
35162123
71770105
77254947
68620438
48855578
65692375
69233461
60080610
21031834
48723092
22918973
77281100
48982635
45589419
22516346
53874943
50274913
12860713
12053398
59070792
43525120
13353212
35910051
36193423
35178968
73622594
28672333
44313073
77402305
45156788
60211143
72164934
65412492
54114649
77703037
60379322
24095186
69025527
48630197
77312129
45896949
23063014
31079409
12130047
39205862
69518608
52104755
36798732
37421771
59055901
71435988
13809601
19310491
26883587
69911209
27333226
46431741
28929797
47302885
39586835
41630828
11223901
29288292
52663363
30736997
23006129
34199005
43200286
31010670
59525055
65897934
72839032
39911577
50987275
26929173
14240564
62832276
16739618
37449147
28019170
37685422
79573855
55938967
17560147
58612727
27018711
26433135
62886651
41839655
48155786
37665113
25766353
50772377
59305140
29538094
27436032
37478726
64669055
37938362
22715644
43764248
45236316
67626104
36338588
70676077
64918407
18748677
48663596
34733876
24955229
49439211
41879411
22765886
46511028
49263995
13326793
67028095
79983574
57182339
42831012
43880812
30099890
44733033
57304142
75068721
50895071
20189709
19428194
78795600
41683596
15164920
16721697
23221435
76967020
25529988
17481327
78665545
40495755
19241327
46811701
70136825
33925984
66551541
10122207
27928779
78742189
70311778
79852515
70067109
13884271
38698971
76343052
29304651
15882700
37261240
45645330
39180040
50917342
44155680
23145754
18791169
57116366
25590354
70292495
45613034
30652165
70180493
62400410
10305957
24814866
40859390
20852330
30850489
67745403
31266288
36946215
36996200
52124505
29531571
27461429
64462696
10095324
37791831
60537556
12421414
35092476
74781718
29758164
73838526
74989376
46908918
47358891
56484837
78281900
52128124
75215940
62693876
61270622
57471097
73965657
15107367
58234169
75096334
73031817
68762922
30070814
72595435
59353917
61308194
33261692
36563025
16482284
74526828
69254239
35377959
63220954
57760082
52617131
79593261
43030789
14759575
73950024
68749658
39658741
79004448
32296148
56018987
48791312
68234366
66606238
44229130
59764996
11205823
17370827
13647106
72780215
43011006
74655925
34907481
31218443
67519911
29416321
62898408
76068475
48298808
34786413
33896819
77948707
11169027
23442455
24708157
63703438
68218442
28849783
15920304
18116591
50070382
20136413
78156882
19890107
54156892
66607820
22608303
12781334
75912203
63777392
20862463
68331542
70390892
67933335
33876075
72055432
54745859
31916385
72620644
33864731
77523673
10575985
30470381
61448078
38225967
27725171
48606131
23787190
69951140
21485646
49011805
33932708
19606354
41648475
41510043
55857905
28762902
31250483
59899373
60917132
43143244
22994472
40570807
39562549
70229308
41868859
63105972
37152341
13252469
58854844
76232703
56685225
43161500
28267091
41626203
54584858
62044075
71605299
39903721
17506405
25374771
41934644
51522028
13404469
67903052
44608290
59165869
17355483
11644590
20302318
78580345
26296715
77536395
51188643
34622730
60640468
74720457
30995488
55395536
56717378
26061048
33193130
66830184
16260518
59260394
60872993
66934948
36837887
68214921
48004775
52058904
64742217
45764930
79122612
54910066
44593049
41853298
18227890
62015598
21814513
73473936
40164087
35468973
56231882
43517578
45058571
76194479
38034424
36273335
50952791
76803057
29799523
42401680
78167810
72696968
77508857
11704049
20879507
16956530
11707346
31570580
22179151
56453710
19084953
69342187
60235992
11377189
34314906
79369265
44315212
20890082
50947218
70293912
61391591
33340363
51780585
28378648
71337888
27102267
66425339
33027443
31631018
48939778
72217540
52637495
20358041
25199102
53430964
34968744
24291476
60107599
43123303
17465622
58293340
29420089
47994564
18333130
54813748
56416172
22303987
48918797
77324456
44009673
29714857
49128074
74254610
48250816
19297710
57632051
46625260
13817935
79883401
40735632
61779824
53856807
11321918
78691110
50134982
31226336
70796747
26059246
48680463
63055821
72905586
35770099
57453878
62895074
40955161
37611038
48259443
46172880
10438343
72012633
73084910
57637305
22799565
43274525
23844015
57641911
71784115
39863201
47031355
11307090
10068866
66483139
63053066
13097937
57530539
23133815
41358373
30560130
63692578
36273830
75637016
24772583
19738565
28365877
71449319
59632627
72825352
26749158
61709929
19007802
59369451
29680276
64196883
23608933
32330850
56596794
26609051
62079814
35731818
65416759
61336811
21865313
23814689
34792308
53865375
29078209
12230115
76512024
58074162
36540734
78552695
44884825
79248428
61616245
60491156
20287324
59283506
35831703
45990619
31763210
25801366
59137056
73133647
72083419
47469420
24668540
70875685
16826491
14300321
33044920
18906242
17101445
58848247
14751884
17097379
71408325
45875128
75600618
44103008
23197147
28191156
76190468
28467702
79678104
71719570
76058274
73178295
44223314
62772633
47982184
63612020
31949566
30771283
70571415
77725678
75894715
54553305
71236741
75649417
65053328
56815883
71354535
46359847
33918665
46325425
22942345
28317610
40069074
57772263
74295873
56312589
11971369
50882188
41784604
18320673
61685310
39543963
78994944
75805219
39513578
16108529
27167108
22772943
30976503
31724665
58462495
65081137
48444698
73786530
54089603
62930024
14822074
50336457
50724608
50275380
34847065
68731460
74329100
66874732
15933937
46700134
18092169
56423785
55425750
72177034
23313341
46105548
32060391
67199856
38318775
18795245
19196616
72472393
35224840
17966295
48707618
59159370
49242278
73038065
25692620
10018328
32547313
34029903
43099063
63005780
54641127
78598994
26227170
44700443
40956153
53393655
35127720
78714817
54323389
33086119
53081457
28933188
52060989
51094158
76375395
55854594
66463407
42184508
21770159
18037934
41170231
31367152
50313291
43433846
19324807
77569146
70204395
20586861
40410067
43112516
33642689
70296384
42393099
23340818
26506869
13066813
19695410
32397452
22413670
22814658
66542819
46939451
66381558
48315565
17219612
42391747
78493507
41793484
21851184
28900393
44161892
44447883
21547613
33371811
68172167
26105499
30080827
61210544
57279525
33853135
34425476
47458477
29117669
66431562
75205249
75125912
54576478
42867751
44291186
46148804
37456446
26363644
28997730
68584067
48767218
18854404
37386083
41328271
15663183
69918109
78694192
18940028
72965297
69216435
67247976
56595109
45686890
75561592
74188002
79250774
57942118
29759192
68576190
72870645
40939569
67232622
78821063
63013902
44857363
44517242
65024834
56508026
69315043
62928072
35259229
25462006
28689205
72949259
46815959
24517096
12677071
56306710
63179680
70477801
79418013
52158716
65689962
42927701
76457589
60042853
29481582
67469620
75622230
30248693
32520698
73023547
12057823
60065015
23944810
55159860
77146873
10588264
14058362
44847298
24319073
26160293
53660624
60240839
19485557
76540844
21398872
64491335
10833404
41202033
33762285
43768197
64814510
10506212
44632491
52449439
20218677
33371725
43868965
72562307
35089486
74182416
17839908
10493417
28478184
52095929
79545128
64086151
41399874
73920736
77910040
70007738
75819165
18208996
10056898
79809027
22023246
39739570
47861950
34775677
48993773
66527460
40237714
60980258
79480029
61865456
28213529
49811852
51227381
50960790
17911915
34622954
75483531
55051213
79326052
32534466
41935595
44105788
17387028
68347786
23466284
66906655
62778601
58744018
57459701
46574248
27885900
15473627
76283660
63201460
42406727
20254454
13051748
69514485
71000367
52031043
78508856
34513522
28686801
31359324
45587201
29773711
51708154
70306034
27440112
56783080
64559700
60108952
20269748
19513206
56532944
71779224
58603934
78584790
24540267
67731800
24740656
64937868
25824604
65538063
72028378
60381721
13642777
10462561
40848224
70793371
54292220
76032851
53117995
33578036
44837741
30015915
58059510
53853869
49299155
68184716
27486460
16725865
28463924
56926898
26730792
35633700
37320123
74676700
60958635
68426820
12017255
31514788
42775121
24546866
22463721
60414824
66739544
74972435
50131129
21669740
25027781
40727652
27249976
34695554
71725228
38642190
26582148
39742427
19025462
33210025
45866314
35233893
26656900
48207027
41803762
66322746
27547748
71227672
54748158
27810035
59526504
48812483
51292846
17809150
61327671
28215475
17072813
48468537
14763670
21218046
79882300
78203272
71450236
15833411
63977520
48691288
72111685
47257263
27598330
51274476
13073890
31871646
55408613
55231292
12912219
60561003
67771012
13001798
45412393
61798142
11224214
37322698
30035975
24820612
52037845
62860643
25643009
70973234
47682415
44411310
77301097
76641836
57357697
77033625
61777617
12654392
68190111
24357362
50870394
77028876
36236196
59467477
67951546
65269403
25841401
51752978
61182404
65911817
23283246
17176210
75918803
46203100
36734296
46709042
74110476
37595966
15486060
74249743
18465397
70903348
46618402
22330595
20576450
15109479
30973105
50249645
68550395
37868420
58920926
11685322
54052391
58116200
14381569
22326467
39840104
45771833
37540109
21585422
75769743
24136662
78651131
39046249
29429054
17180584
76131062
48538002
61690571
32350704
37356691
24911112
54834814
48408446
47520647
79365788
22655058
32127650
73861484
16026533
66007395
63685154
53045955
38098690
55850476
18580383
30286126
75213290
55403852
65836331
70447542
38286578
12059770
50743458
32724655
70942056
23094075
34160514
79033634
10757079
50775987
41550534
79624375
40611476
66578017
36741693
69842776
10123438
21120305
53218718
60486172
65469710
24880569
77952406
35562834
30485597
52498545
63451658
52930624
60999883
66881066
58224167
44850143
33127147
58527714
55681108
32567006
72108515
35018458
36412487
46389818
40598845
52643478
47144249
57900064
45353150
50997691
71783887
36018251
49127228
48162782
12949700
10135787
10681467
36961240
38277780
14237698
62259759
22883721
62881890
66045178
32775472
66082947
12992473
26991583
77459612
25613004
25419734
24879538
35175075
64840743
59742011
59774094
53231565
26048029
63889690
41788493
21079724
16093294
23995978
31325818
79564471
35009717
29478868
13938165
67874158
46484992
34097525
70835212
75028574
26655028
58434142
25788953
61378976
35847249
30299834
67984862
26667101
57436902
32612500
71958064
58738895
10586566
76695125
44504390
67783617
68338317
56374343
64362332
24222187
32228358
14385445
69311276
49307947
58677199
32454496
66384358
28429986
42534373
43910971
32831092
46563586
49571317
11946562
24569965
20061662
52936840
43179204
15395995
10970638
56489968
16393306
40397161
37655994
40179824
46329013
18897475
13778857
76131308
25925824
10961896
64132729
11310645
49005942
33540084
36763732
23060515
52772281
79894675
54248027
20524263
43187198
34375664
16130761
71277452
60224456
43390362
22328327
35808867
58940226
12839587
21613076
54304588
74720691
29539594
51063533
67404911
38961485
14153568
63484929
47388351
67739003
77886003
72959370
13514245
20948427
21927644
77840694
44370859
33822037
40299746
14099864
22309320
13786105
63986886
56198097
54739583
68167787
32137915
62656940
43736188
59731975
12697145
75898246
64969671
30215828
50285280
73646208
35273983
25477085
60475553
11259551
34791036
38197122
33502659
31846048
51704322
29259779
79725981
22838725
68306096
52248647
17380111
60980741
65709554
23477467
72641671
43612839
19730226
52179518
73716419
43392039
36784107
74407417
72202629
71334465
64679921
21711060
13087906
14523121
11036858
56646816
24782840
42038286
78259018
62497609
15819789
28425771
32975730
47294620
68954978
53625146
70264560
59844596
28549034
14077216
33331858
33999239
33253662
12879088
10894501
67786828
26465830
44490953
60200937
32528208
42809226
22350095
77965924
21074271
47824051
25143332
32377890
79608542
47925912
43123317
24293853
22378332
39652170
76018290
27156019
26355670
55920224
44224204
15010114
10865012
63732546
78844109
75669507
70250748
27037452
23765946
61582272
77741464
51491691
69202250
39534664
26635485
18442620
75670210
70248573
44081472
52413835
17323061
58815781
25685628
67732274
44442478
28911816
39575506
51337205
62772690
47651693
74167377
52082424
68281733
11837892
55633578
23637111
26002244
23641722
51089114
52163748
70602169
46569470
35725097
14021357
20547350
27215918
68841538
13856406
45823593
58724401
11321663
36212549
13085997
72967439
46653537
37985074
64121316
33788042
58505145
67954322
27409183
76564913
63100665
54964299
61842658
52990149
37669652
53307033
58575735
59634530
77450778
28787953
53996992
19946206
52252836
44255533
76925516
62505644
43157754
46018672
25420551
17889602
72848048
39832799
26218091
59170392
54721725
14457514
55050607
19166943
11107994
67406275
27893246
25975727
72594328
55276351
45980406
22064998
75562974
40964906
49371614
16119780
76411561
41130928
18604841
74040735
53912260
25802906
49252704
10259578
72142185
25495610
75483675
58478258
13164308
65400241
25340099
65777355
57936446
50476215
68434127
61146775
37090524
62212564
37179897
67664856
56139422
36048142
64243182
69191081
64680802
69399013
70230905
18007729
48443951
23969164
20310646
42930394
63904389
62837144
38510141
34371861
10763203
36641689
63031102
58588605
13314163
38045891
27941295
74633918
34942060
71175429
41131637
39041970
70576523
79600381
39883597
29303602
59114579
71169135
59959903
28609594
29196821
60409617
31356089
74630055
59084656
76966455
43640899
54173417
44971979
57283087
64392698
28650153
65871292
64651755
66633727
74048640
13149537
19560874
49414507
25964254
21172859
72790465
54800265
58171616
28485286
20777335
41709050
31545373
18839859
59785446
43331204
24307541
76929559
40928528
18269394
43073468
40327576
29489343
69200935
66069773
44034729
43288952
78660518
63909612
19481119
53633788
24509119
79894349
16925726
35165753
34027758
50650381
47729807
54682180
32162060
46986235
59045582
75100190
26831102
14576925
28684694
14688159
67661033
28061153
11900332
13096736
35866559
18977307
69517291
72867930
48683225
25952183
42613907
69527756
35965787
68820950
26161924
18103412
74630955
42984072
15349123
30517545
43289536
46428897
19645224
72797759
74753369
15446998
70815789
66434595
21816491
45962628
57075612
63204227
16691632
60348231
30577515
54255367
40685049
45449459
26535492
59795988
70333722
55534629
35142612
74063292
21529745
71268355
69797507
18778404
57717797
32024751
22724781
70279855
50074426
25059587
65727032
15159698
16758441
51593435
52958084
12090946
71248215
22291517
56336220
13106412
52712710
55401003
41592790
61746970
43731400
75365995
13681335
48615426
37662220
24155461
47335077
39614930
38308821
31224900
68370481
75550472
79397897
78492883
31244624
58442188
72775068
76037795
67271510
40803994
58438929
62725777
71901960
29599938
65555897
61487773
26907336
12249704
14002129
68190096
50310196
60161702
22906392
34408489
40390586
35891429
52950437
34430748
14162407
63299976
17428047
51300602
14880430
67563145
49135375
67513390
71439127
38226022
74359559
44147353
56246926
42298415
26698767
79914830
11410648
62117088
46121485
43109320
21616709
64448502
11204465
44477072
16544642
34086482
70628951
47103849
62158307
29221543
34138873
56282177
60143958
41426343
18568326
29744689
37442298
35512272
65984555
53149283
25295920
20330118
54669047
12607490
11155712
56018226
20712161
54528180
77243747
42907709
26527205
12845619
70276237
30374493
18554981
61218393
77245837
38119029
63212066
25665288
34050920
37397571
21346435
51772303
26491753
47996774
23339561
12168393
62216952
41874510
66357381
72717607
28220753
49731032
13374883
25791277
77562071
24484233
47758261
31473349
16859092
31957674
49956597
59369102
49519553
47619705
61984378
13093390
39936242
44489009
77498757
65670350
15533052
15659536
18977941
45231432
18122827
25710521
68142678
40436132
22369111
73367903
10314232
68922523
53545557
27248048
11681986
51151960
57725926
47299325
31550027
30298588
59669462
17223094
13592586
12752967
22185809
39037068
13063550
55290475
56099477
56543233
73702786
74225277
24346134
27742163
30804379
57248642
25387997
70594612
50955886
62285016
46417687
63568421
24508003
76223878
58258326
42354293
29617613
42272407
63229935
14346854
34185166
59575344
75589250
44825199
72498049
30222214
58805583
31196820
28120843
45659228
55143328
61876045
25052842
70701521
49082618
46795533
57746211
60378762
55894578
48001552
31241212
48312645
21096949
56888947
56777055
59563086
43600170
66690641
72106999
17659883
74921470
29623127
64667070
16446180
57503093
29173468
72142014
29241165
23532239
26947236
57821913
35958418
25056435
57268213
67274006
69039883
36777145
20046412
42914580
55632732
27373937
39742298
11556430
52219403
16695051
68712436
36774590
29931913
23823126
60387466
46268927
14834278
37386415
72852367
18130478
30583411
22705220
23604578
41823348
38418968
26760912
78878876
20901305
15006586
75227489
65349869
62807875
22100904
11231793
19550216
73444057
65875180
20063930
72388333
22946025
30367068
20597135
23880368
11406328
63433375
41708645
62525656
57561695
16030338
68265977
16997922
61080433
54252741
63212754
37357540
18684204
50450905
27859856
30978940
27756671
29986020
14002943
14792529
19323119
15510285
11249452
42002494
38802166
31628057
63963074
52596461
14745625
41505825
63496312
76944508
24256390
54321475
16207289
50592182
59073677
59570252
38487896
21405004
68779044
10031611
12823339
52629509
33612441
63137781
19724647
57209648
35002836
67046762
20628969
77807860
70572966
14919454
70616335
39605743
31111090
60409358
53050072
42666661
16533710
77737432
73758150
29784025
40276859
55616967
68794132
42195599
50871278
70985152
18585919
23957436
75597727
39628712
59167751
29018170
68522497
72511529
19578405
41320815
34724453
17782805
35406240
76707231
60466576
33313233
65000503
37909890
74546373
50411568
58378038
66243660
31464181
54387280
74611476
50514832
43460325
53476039
59273454
52092951
14697939
31185902
53815741
10314132
47798505
25329828
52637425
61508461
62825181
41252739
29082346
28135462
10235368
62998105
13206283
41758789
11967487
44644977
34894295
67073061
47239963
63423634
22457540
64815487
38305104
41664628
21230347
23950916
12179206
37980542
23987222
79265501
59223539
51190640
65099556
78854379
38005554
64357071
27885027
59598120
72295940
66478880
66171946
19617810
72298232
34591874
71503203
64162856
11776091
41673676
14609546
22862229
79199371
47847860
60582546
46631389
40893511
77173178
71172794
66884374
15273346
56253495
12475891
68021945
40019453
30620580
22687216
41615582
51114701
62100749
54363880
47087838
20579166
47056995
48250173
29945980
36865683
16296303
52422506
22857949
65448105
76484075
16827357
52819436
73288946
73438013
68379388
56749701
37338618
44073129
17306809
74434165
46884134
59899530
43121901
49170544
57266848
21971304
60219050
55781530
51108023
53260528
46118843
31871613
18540127
38803525
69263662
18776303
76777699
52382855
48807512
64227590
60955002
69827536
47599965
29576193
38793208
26795651
42627533
47445247
42686340
47165658
46083458
52866597
27225683
67581253
72125233
70504175
16386951
52602062
55464953
22382880
47556936
26069427
11710456
16215752
50292855
70584740
15902723
23949755
10039887
77322953
43286174
76791902
75886924
75235949
42970376
21690274
63879758
75282898
50360897
38454593
52650280
61452963
74515960
53989030
48650597
79089046
11409615
61872493
40155589
32723001
71746234
52324332
76641239
68334548
70000778
19765128
72506994
63857410
44840957
59491168
53754638
69703684
36073141
70622871
54350072
51629814
29690454
12436681
63694387
65728042
65246555
14332006
57626872
50383184
46354431
13476267
41945176
66702731
14937655
47561244
16270455
15110743
18514770
37554764
52425871
37758970
67544005
66479416
66176764
23683621
68768775
40805392
54354105
50278081
20374571
44298707
27125976
21088029
11857865
62336298
19634336
50320692
36139538
48300758
28472855
69038213
53151029
55583350
77027203
10703791
21356839
51122871
25256358
70183632
42892582
66359704
61377534
36032276
13389784
46189973
12008854
44616269
11192857
36767335
75151005
42853413
69270101
57586662
30479820
17871209
19286030
77072094
67919403
55904346
39853426
31438324
36736115
21095818
74965630
56039660
66687451
67115587
56046255
17194718
29298336
34570997
58438522
30202798
36017913
40314713
64445108
68420349
21748510
19549470
22079279
56309866
66741220
50388732
54723514
50254742
14820803
23849179
76638952
26659497
53863436
74239051
17737511
45003993
63109494
25156397
11998829
21861590
58891760
12167957
20487410
43829043
61558196
13889268
34939198
61341968
38773183
48539525
20317453
20758769
27632016
70132389
48530572
54625519
12621064
26612011
18853118
70164969
23993369
34121676
70792338
50983247
50617117
18502431
74368718
45288932
27820791
62766455
47342858
71583585
49455314
54847838
41966803
21687930
20602788
25803595
56778048
58808137
63057377
76803743
13714249
76846646
73053504
30069668
66964088
19681617
62810973
22108244
25255079
67354057
45832641
72094395
16273508
43886218
35775735
50586649
63188285
43069756
28478028
51696739
11753300
40113481
37121931
56329498
23789890
34211995
27792923
23155314
71671134
77828330
67441886
74660237
35264038
69373429
37651430
60262998
37051484
38008377
51227703
19672486
22819963
63060731
11928563
28962745
34464568
19538082
23860722
20036748
75821716
76574588
42834514
15974273
38487467
64380502
74821046
46211148
62619355
20699945
45612381
68467676
54837729
10843186
66999317
61924568
26316493
78794825
28922057
34412204
50486949
75354813
59637868
14417858
30589011
42612108
43357394
63530851
66220130
12220654
42038769
29784164
13874840
50183574
34806601
78846816
36056258
18955569
74630279
60967628
77687059
69124396
34090678
60177496
52695926
44519353
47733695
12189531
44870642
67300183
69686960
49636556
78880082
51640431
35395833
36423897
38109569
23912736
20894116
58589912
23155686
29239208
27002227
62668014
18685478
16396439
12012196
30518652
49359835
72756222
22835051
19431153
29392643
50657243
54418227
47782486
29118733
58585088
39612543
69119377
73232187
20668878
39624506
39476263
61523357
79255269
37914198
24245130
20443928
21855276
14027058
63541441
47831191
34534348
61084024
23793257
33717303
11275485
58789334
11028219
41333677
63918363
37527091
40586126
72530988
68147528
58074311
43698038
58732488
42525888
10982439
59768413
51886154
53191067
54515920
16554097
22732817
21866308
53346683
45486802
64016134
30318413
42439322
40854727
29313731
31279081
76954499
26122942
38411871
26339915
69710419
59374910
10871815
44926938
65775603
35322280
47882704
25551544
42482430
46499038
32897157
62124582
43432297
46223263
55438479
23365387
68147513
79479386
26440848
30559725
15939710
12777625
33614976
57443746
34581384
39246806
22600357
68099971
66455570
67353188
39517060
35064923
41237225
19765167
45853758
52405683
58636758
69667501
68648273
34770815
71757576
48868198
26870977
45267532
18097829
44546842
75650166
57639015
10833469
71626825
38924431
48068748
14694385
25223699
68996614
71762134
57417884
75832447
36330944
13198066
54062661
79171334
42525227
44840519
75699596
23916106
69060603
60542057
27933436
28004005
15771573
37527273
78963552
17556337
16476172
50343704
60753147
47850083
44297691
26630929
57729854
17248764
12113188
44705334
46085960
53868171
51822136
72516523
30426726
17287703
30208779
60452579
11904100
63386376
51735014
70374522
18258192
31052152
18183982
71029463
25748494
75982428
24517985
79788099
29161072
15883092
71559599
77229829
47077438
14900981
32791937
41321330
46647660
47594261
33855749
23016005
42943765
35773172
15394071
63962717
17700867
48303826
36266575
48760185
51529739
76650102
62554388
46893128
41963110
28477036
16281543
39415515
44826569
73088455
34164666
14125168
22085366
67881970
64842724
33813495
17945019
43901672
57358127
42360553
68373009
69573810
51489710
18343114
51812920
51932926
27274101
67527095
66111337
40943898
29991458
20352776
32182443
19218806
22448916
78627712
38705573
55517852
36681943
28254391
17355072
47906333
23669882
30031986
68235620
68706683
51266366
78759238
60012834
39802544
31874026
66182638
50693231
44433070
42530046
54685634
12105149
53931872
10648478
71796397
64976459
75774200
62873590
27746622
37587546
38845911
43640564
75717166
17808565
50024520
54009415
20007396
52915086
29972208
58302295
79427626
39398150
79896955
70043547
40678075
60372837
67030527
45442846
45228118
31262509
73591416
12219298
26803683
39181206
66892366
54706765
67883789
76636292
36702485
69549211
30743404
45006769
72914917
62792482
74610195
51803490
51546369
35120627
44604601
44338269
26001727
52406364
36198630
78566906
65618581
73085020
68943035
67590270
13469183
20303109
71559557
45349845
12515867
76354217
14006696
47917717
20741979
10127210
52801478
18928369
68801953
43574495
30438937
64013514
68459096
50420626
10712060
54133584
26972639
15060355
38552066
65495653
30830780
24092325
52942263
63512871
63444984
47264208
32188626
53961066
70755554
43211419
29888868
39417360
54452165
47182058
51244996
35507622
33256724
13216105
21920637
43179551
44650509
25705389
35805971
71190364
33886690
74972623
25304966
33922983
11870115
37656875
47315435
24048389
28182362
36717434
34936970
24076364
76910459
24419188
52796184
69847113
14402873
12015346
60459392
21639230
31219680
70181020
69307956
40585057
35849587
70235987
60820019
77616926
37462203
48864195
16229084
53988215
76181789
20251404
35886625
32916827
33072157
31851248
10468586
73405591
41878424
25463399
42366516
32214347
62910395
59411788
61501998
41619984
68093066
61164937
41291835
72598965
21202366
44825491
75307120
10674165
43485082
72894915
72079437
69171183
75038993
71844731
10147621
68846822
75767104
45787353
74924774
44406437
30477140
39296613
52136822
79345927
54935673
79201002
29867322
64226626
62041457
44807114
44045790
76880252
61687408
62878212
10965415
55698940
21851391
71694138
35760749
33559198
53911816
67602649
50351598
11461505
18834457
38192111
53517927
78576312
49277781
59250086
76115477
55854866
11173761
60804571
36143546
39278165
27558766
20650950
17575456
39564877
37422400
26930449
51879358
77902842
30036801
65843879
50139254
72812609
74657411
17874337
22729078
18944132
48149616
14486369
16109421
40344851
56987366
47495982
41844075
68686497
51906615
47641472
22646382
14867590
45669205
32948767
11173180
27824562
17634322
44062618
46446014
61289660
14458330
75751267
62488765
67260348
14414170
53736398
46207215
52058194
71214574
26912177
13633448
23313019
43183958
43539595
51800333
73124257
79354175
32045524
29865905
71500922
15479892
45907323
49953257
62463149
34317813
60908420
74698945
27876629
35765445
53261291
49859713
13078684
33403263
52368572
55726150
48956384
37470250
24042949
54269366
37988724
50318921
58623527
21648410
67260083
25101311
11720562
64781402
75869191
66826727
16519483
28865620
56265751
13570258
79152094
20118779
63669020
41228502
49354437
65715185
77987057
25845609
21377318
47653115
42182738
38185132
72763901
11123614
55027945
17622663
54125918
49157255
57752501
31442181
52103324
22205549
53303969
77078150
66309799
40649673
31934988
74817213
61108979
41321664
26844072
69281729
29074675
19418084
47157702
51727311
64849102
22238823
60616731
47442818
77576412
69377338
48709604
49333274
51286703
11812013
68842481
36609894
33051358
76226478
55632602
10150025
61022591
12822626
40671736
25554364
34970939
13654890
40169970
32038710
54018810
32019394
40723898
19505333
62026215
19283348
16241900
44647874
65520094
36926999
78724939
70881197
57954986
38599965
39439837
69265662
25433918
68996489
33974786
36169114
74596029
52702743
50737069
36342374
74835646
48841091
19588751
75754212
45540954
69950272
14849604
35796396
59701762
70087204
78427524
10302891
36672343
42508739
30352754
45619490
77184949
46442009
16696891
26806004
73664890
32158705
16458081
21343316
28912027
17188952
30712901
56262753
68785514
69197305
45203481
28036701
22742418
27322024
70087857
50764902
59876811
37212174
52948789
70312756
35879271
28124642
31613007
15604401
63015959
29004816
29917969
61945487
25834327
60134563
52475626
34760538
52662822
25735120
79972338
71795301
28680617
17406996
58798275
44429563
28446520
54184536
45004080
59818583
65351797
52916940
50644957
36576169
23253318
25197126
32932597
73464118
67005572
75271069
10560180
60754376
46836331
34432879
49832789
56342504
35477971
36063548
44811892
56656323
35794146
35440352
68065889
42308393
20799020
52830557
35074539
50560092
28412984
61051713
45755382
63545621
54413294
76961393
16597786
41324658
22803605
41503817
20601495
40495002
13351914
64991415
50950837
29282633
11894089
46725157
53949950
39906162
51637217
12436273
48801882
25367740
13197332
36232867
71318470
76966571
64727393
37499153
21270615
25413272
26486148
56327334
56849952
19936855
79957001
45037369
13175400
20567241
69196710
25933967
57598539
45639979
58195769
42220703
56948926
10836908
59123636
28323249
61015732
75385147
64561157
39476170
47273301
62590062
69886920
52372778
33533689
16335945
46641365
26385837
28407044
76190637
77060370
59103525
43386810
33416557
35215251
60234932
43378789
73320630
43194229
12390950
62142968
63107214
60667520
15703816
27477782
10802713
67970363
14455441
77019880
59607654
57572032
43061196
40738803
73577316
53076164
17352013
53614893
27369796
58108447
46398898
79199556
12380515
37111694
56023366
58226628
52121037
50782370
10035723
19068755
20839597
17258052
78980783
46019676
41296437
71164451
79351475
11510933
69556261
53631202
24197181
16824896
76289794
26217735
49041397
50745510
19017873
59708136
63508831
79956724
49126016
19585177
13248623
41096101
69543380
48324788
35285388
67238263
43963410
44228722
74148421
41645254
69561563
33776207
18604880
77090773
69171887
50589870
50335102
54865764
62800809
35079534
32653259
43081776
58734606
15002939
68699086
73794384
33967130
57755850
46952820
52522118
30764428
19776565
70570636
31647113
24272241
59439099
66408484
23350067
13450493
58450546
67346465
43231203
27645245
16033722
36757652
32134224
17599566
46445248
31474091
72768022
69685710
59573597
11936655
28991542
28688529
68721075
74435036
74034741
66158704
27363748
60285477
33324514
64201311
78866887
60899578
54752163
74335713
72381307
69237784
59675230
23547305
31213550
51722111
42235020
30187575
50955509
77463602
57301297
76643616
30024414
10847727
73046823
28218917
10473459
12398849
21267094
18745057
25211165
34335881
31185045
61798432
56312152
62958031
28010781
32150353
65666583
62521092
14608740
48189750
22087318
41439977
12282144
58486236
50655185
41712099
77215753
14914973
40468109
75342802
62023292
50941961
38362971
11762023
32932261
54177037
69690746
21374493
51917579
53983835
56011889
13607181
15099136
63996336
56937617
19790194
42424611
31705823
73369243
71920485
36306222
63811872
53477199
38168564
13354441
44608647
55315706
27640800
53876352
53509766
71255997
63704534
49215289
63236054
69331272
41755271
64549055
70675970
61605689
62384707
35313840
47239422
38358445
49291200
17861936
46992156
29619546
52281957
41512658
61566191
33258481
43098268
51105887
25617637
50122727
26175317
65561370
34380795
39109414
58399214
59988081
62882404
21856572
52019244
33474120
40024580
57444177
70704453
48762966
55107070
20037234
65877606
35766551
45346313
33018021
22916691
39802693
58342959
58755208
70606129
35178578
75965828
41924362
62282358
23041905
45568282
35100422
57541435
34071857
34373686
13975244
73446027
26036597
36430188
64628768
75376462
59477972
63593707
67429284
72137870
29926355
62016579
25852999
26591083
51843076
14802294
59674986
29052102
35359317
73929491
69388141
28298826
49175504
70196894
45091346
10368241
16305372
24723005
54059876
11937316
52615366
39843915
31178296
68288977
15540190
55319382
73498653
31894387
62686456
45192422
26556451
65928610
30671554
69330153
42979191
21834203
21623628
50597927
75018961
47752532
51830886
69863154
38309880
65169155
77498137
18598423
36411959
35481141
11440549
13081909
74984857
29541118
11790666
47698677
44544066
49253491
36914453
49996560
30379246
29936956
64425582
76301914
53788394
50253532
60720778
78266431
65113208
19851257
28979498
67175032
65066454
56309948
77429936
74813451
66665878
13706825
51836028
47758827
48188235
74530713
32548102
21969568
51928785
71679074
63773918
43838020
36524595
75245678
51280681
56100352
73824574
68172422
50498555
78096825
63993301
76308529
68237490
19115753
74422681
67699359
76937789
39429259
67719975
18307542
77290657
32808784
22332869
12716384
63848238
53065113
75442950
33077101
44747863
25264984
30733666
27757209
32409402
34958833
23480565
33051379
62997109
36837806
57018597
56072994
63954737
16955992
41971607
71956893
53737631
39284090
23636529
29061805
37041359
31242914
41287484
43711192
51569614
35953202
61679166
22184097
55859608
32152304
20184018
10852522
34148141
59319243
34791246
43932630
33266228
32773694
46085863
17363785
27808489
75252611
41703921
51775527
37938054
13541142
50362195
61516513
39850140
70064114
23141700
45110042
76589835
25284004
20011425
61422173
74913823
33361864
49222649
75825685
47260553
11463434
75242708
79133823
79257960
46731187
48237968
74691418
15083933
31848356
10049028
39413573
61344768
76367624
70195434
35215935
14402382
14111492
79789861
44008566
15647539
69664714
27570883
47267297
57197513
42022496
35193709
44779058
40596246
77566187
55473083
11118244
28578371
23401213
23495909
14716763
11071099
74855046
74492200
38723492
45839514
19058068
76159708
51921204
38988630
12798526
41311985
57860920
22982508
68980132
27648913
42758612
45366004
22672573
35302551
48725691
62103568
63819241
20634043
48503668
26170576
11249928
46740663
16923869
16460381
64757592
17436998
76776630
38362485
38765946
28410555
52381986
70150498
47035136
52115628
19193668
59515173
43248502
25340311
24216451
61328346
43603780
75082474
55462247
55012580
71756575
35970270
70198094
45145718
19327928
79495215
64186909
70805354
49148453
67323998
48267307
56600857
49775338
74338730
29420652
33850056
55033145
59323636
38474955
39227810
50152412
75196626
70750954
20302298
40189370
69724648
69435660
22732374
73217960
42744142
75563712
69250238
44265006
66360970
21965200
65165338
60014814
21974810
28199757
69174002
34276346
40858948
53293614
63686290
65771448
43626639
79753388
26625306
74784828
26033689
48289638
78074482
35275774
20132844
69469421
58815214
23651329
62729096
59047798
37757491
70214838
15288756
20734804
73398058
28248844
56671463
30742760
57022319
56438710
19611072
28797335
37981682
18393607
46068826
70556994
20816864
30673556
34738298
67357031
69796840
17566124
56511659
17200215
18584804
36061012
61786257
15158282
66277018
36192741
78791744
46694676
19437372
41422141
42743902
56275162
10931835
56476278
24493673
11129695
42409102
42356581
56164836
64755152
45918961
28361527
39895414
35059623
71630916
45237571
25861141
58485502
21020429
30187075
69525954
49118509
31610358
67411083
58288953
49301120
79357275
16090343
73833535
23688643
20109265
71283211
22516145
47317641
62399444
33398744
15782897
57350736
42876741
37168740
76077543
57958557
70568008
44801165
16729139
40691693
21483536
70721725
66887777
21577453
34769355
37895862
21708367
64106367
26484885
40824869
28246577
67007041
62353836
52486646
14212999
29385067
19736424
41169191
75393197
68825891
78285505
10322555
19415596
66841137
35506102
64733481
61082797
20702337
31411968
30458252
18816965
51054997
76378426
49244778
33954146
11074930
69061169
62564462
51119778
61337159
75244806
12241329
18364041
23243353
71062838
47463753
16408722
20840158
19103935
37333057
47229787
56654304
10419592
41157628
26861852
60726673
73697745
42076021
35564870
64151117
66344348
72701053
55486396
54887144
44781813
55512462
52211929
20654802
75678954
67319754
29212184
76671335
54060534
21609748
55671370
30841194
69455204
10096537
66108026
17368719
45598903
14209777
65770179
77401293
27475078
77909515
32989463
63386269
68715067
43658265
46215856
61425604
66464681
37508485
32921481
36232908
57923631
74609149
77662882
39962675
36033265
43162301
45874862
63889461
47082390
51887850
63498838
28762728
53374950
46520735
18048366
24702457
69204879
50768655
62928946
20376642
78680283
24099347
52881568
77327028
57789631
65255123
64408285
42107934
33463253
44075342
46495909
22085962
21603725
12955080
62453527
52423333
54099748
78996009
69813886
24878239
51979999
13483126
43774580
61468661
61474282
14384422
50802911
52741144
73588023
50902525
52946478
32782545
42413824
38275488
29116486
72448491
65122490
21367495
34679413
34374431
23890646
75489296
66442384
13906358
51191429
18068691
53777273
75103263
78635244
65284847
60710300
42930064
60790055
60843966
77806282
47951916
30504011
66134478
69936089
60151672
68596994
30498274
64730440
41623235
61025427
18324878
27563228
33439303
39802335
13979296
64558500
37005482
78333347
23123425
58956184
24386241
24481928
41514853
58810716
43755234
70502286
44039558
21293033
29149987
60862607
66021531
53915081
13463762
65947024
35555776
50696204
18655907
33822649
20738153
57251688
24276199
18266757
32064662
60241284
41706384
78161219
35800790
69630448
73908769
72578240
45776957
76259025
36233862
68461029
31213661
22250425
49552555
16600877
12897933
20546475
41619144
65058142
76139857
62268804
47589593
29629451
36218317
43372030
64391138
51627182
40875810
58784830
26406386
56017543
33112470
77756445
74734616
30521628
18808469
58840082
49065256
13038885
59603740
60754581
76720467
16086096
45111163
22521676
18435543
78074797
46383551
59681468
40512429
69749982
21548652
32699981
26432669
23784250
17708613
69475155
31183769
71804107
44952440
25148900
67482544
71229577
72584532
50587248
60000232
38133276
54921158
32951137
29270120
77897821
76200536
19127245
61450647
37352618
38301150
57255933
63601702
11328475
18670360
33185234
62219169
58185055
26142549
71425204
58672657
44779764
13646910
17515978
73958057
12306442
58314615
11030742
14074336
19943812
55722149
58749314
38145164
34187298
31084246
26992566
11145004
49251650
21758931
14363759
45702004
49467512
21635016
47220207
33093443
68617917
15000216
73000115
27313145
76599808
73430203
27533384
19755501
49671635
76987860
49168215
74533256
10268966
17067382
53642805
10088106
37858479
55896405
14407184
62757892
75210569
62613226
35850212
68128978
46164891
28952699
12485981
36327145
79877029
35007169
15263554
59263803
23586478
14357990
57991320
48647270
51538382
56330564
21905635
36336433
17708786
46104410
65028392
47730295
35978281
79035306
66607461
33897794
72871845
73633319
60632469
44154366
71463990
77618986
64756668
50755017
78669983
75160579
54133340
79445870
59115712
61258456
50953753
56755623
56998145
47518489
16658637
43428267
66700318
52798233
15637110
71278181
69165300
44581368
75768482
13646223
21733528
11053518
28451427
53523274
53398504
14183780
70477126
46596023
70601985
72999961
30378390
55100319
18050316
69299032
64186010
23749136
11711833
47009908
35394829
22953924
37381732
33209526
45157694
79521692
28300547
69765647
51852401
41084097
49241494
57320899
28824115
70890629
22197969
55919866
24493473
72372327
71453621
30805591
46708433
27612893
44430970
75713472
56104918
35454398
37946911
60914369
48060655
68884266
50920822
19013398
35080557
50937243
75239074
75331570
20308074
41046896
64372358
28631929
28064498
67111888
21348648
55462965
43503319
22581935
70915634
69953974
72284299
74874706
44705651
48126788
32266624
54589290
73405345
57507311
24589842
79180827
30657762
54734776
23297731
16359431
33585856
71613859
78966342
25520472
55476380
53122368
50811395
35800915
79953261
52628058
72629325
54091435
68627502
42477351
65695646
68899140
11034576
50759881
12227370
66334518
71224515
59654646
78689449
17817325
22740136
57366449
75521669
51806666
67576720
17098728
23518658
35692083
16845539
65182295
19546451
35426195
60023991
46068660
62894204
72224643
56702882
62802077
58990069
65942206
21806376
25420758
46640413
53514935
39862734
21245992
70072596
14835553
40238169
15908504
18404657
62112748
29644207
72108847
74120215
30920809
33757258
70857756
41746948
68900817
24823271
43150282
79278932
57546066
24192564
18844834
40983086
58382297
31406020
30388306
49143514
68207772
45316235
41334024
39256529
26957698
40819124
45148344
33302652
68017307
43519631
67694407
48446263
76881327
42022337
27180007
72088348
68719837
76403082
62778004
69506526
21399517
16800320
14091264
72169525
10721351
69090465
58424015
45192794
52857923
27870364
37493864
72067330
11539594
67557383
13181117
64476134
10923680
32238807
41776230
70745468
77919565
31299460
73170525
53001143
37243454
28241526
79032667
33976620
75238180
22091726
29237595
46292997
58515831
34261579
42662444
60367579
27638278
16446400
14318452
74260796
55992338
51094429
10995136
46970399
43398675
30606546
13552113
66491359
52423514
61005924
64301913
28409502
42430401
35375570
68932767
20711410
56942000
39828682
27022587
31904061
18661075
36610930
77630683
40967138
10669716
11355572
72564019
43030536
38099829
58772781
12481264
58264774
38964897
49297278
48674319
52395862
65483633
63596404
30805651
67560785
66118247
38558292
30940298
13373321
62914695
44721262
31444288
66440630
18571827
49829556
42710239
78042543
49991093
22559759
70487069
22705423
11499624
21413810
36436000
70711577
50896933
12408363
22453314
53415941
20770765
52762577
32518607
38421207
31684492
69737151
23607568
68684792
47558092
15986821
35687672
57829853
75608100
75190701
17289677
31268099
54806463
40436338
55405840
51599420
52944774
47474248
49263149
18280205
41511991
45492432
20205488
61229850
76486957
41314782
25383193
47499483
75531701
15319562
63011563
59943882
51587227
42720580
31523097
52654079
46067909
15216415
35059167
22404107
69516869
78517836
49522918
51185003
29477692
40836129
63364844
23504812
68577600
35152582
78429300
42521424
15192572
58314288
47641050
59151417
51899771
47695979
69404616
59665689
12758950
63096889
37751194
51314087
69332638
78724439
15369358
68026421
53472197
12197789
28452770
36401322
59102780
64730919
13290972
49259606
69580278
23736706
58570445
70631890
68544788
17021108
52601259
45535140
36741100
33947941
52677741
29195996
38055212
11405565
55873519
77971280
78613180
77780619
46762248
65897282
62708202
49020929
67810055
62367914
55887377
59165747
69079718
72993372
44090683
48615553
54764575
43811235
19805169
43491286
31994820
61939663
33861271
10537460
19598616
71271333
35100230
57796466
26158554
67830008
34413599
44470047
14037888
19804332
75954367
26433221
14666186
62738294
49445397
39923912
20440758
27943013
68844973
57866265
69695055
43516424
11120982
75820137
47004943
76018914
42045388
10863376
67450522
43180765
26532546
17397625
72758439
14739286
67561928
44497355
30488064
47391503
27848157
26894253
21457952
60637138
33954762
22469517
61841689
63541110
50382340
55141952
73006524
49817326
77075035
11926049
59836940
42169432
12513686
74633123
25466059
46905134
41737171
42121869
41153935
21914179
49651370
48592972
26023152
67966740
42445418
40390495
62012115
78545066
67857914
50811116
24995045
75143893
58787539
50132834
10306043
52116084
26117779
49521314
12264928
46513210
43139628
56342413
21849438
24506389
51985531
45192477
67376291
68086428
34279430
75715615
56057356
15752824
74876469
20117261
40774927
12204456
74530676
59249167
21770884
14225289
33023082
34233198
18278970
31533986
68796663
56019662
70865985
77198507
72909299
46227805
11850487
61561647
37207749
47382944
66464050
23522029
40166439
40152638
47862902
42289173
27353818
71033508
39614596
32176593
16020757
30586811
64715875
18548378
63122879
64884624
77147966
22601918
11066485
64426215
50928648
43752834
78316153
62785260
16068875
25210721
46217184
46306243
22445425
26669827
61863231
61986965
55622465
44093515
33407532
21516938
16677011
53559940
25782027
55560069
42051218
61361803
24386640
31974603
53340151
58804953
78902343
19386498
30037425
32134146
76781621
26619556
53272297
46427670
11534818
39053968
30981551
43617177
50722709
59762978
78756170
64736858
60383514
32075333
58330937
22717944
46027875
41804023
57105037
73863623
41594112
26360335
42715545
50224816
21255209
72101313
49597832
49687719
77720836
41189047
37890542
67460990
29836932
12130995
64677456
66049992
42520289
72549152
28124181
64608874
76705650
35028087
75026414
11673989
54235475
50022667
15720396
45201518
12221170
29824543
61236017
45120228
47708577
50609786
23107407
49428568
72572134
77392519
32962311
40276193
37103492
44497682
19691593
34778632
19543093
51911708
16052071
51857740
59521146
45903591
14254031
16906301
62267741
47978555
73619189
67780946
53689588
79652955
33442916
75426127
70102012
22719386
39921965
33739547
36952883
27798080
64111097
23905731
54586577
79801023
79619695
43603526
64360404
27842488
13556856
49498020
72150008
37606416
45721888
39908367
50534414
21385740
31158374
48202882
32692887
68354746
35460975
42539295
22025312
72704187
25097583
19888145
32302772
19143359
12431608
71482102
67528605
52067985
50399007
59000311
30693388
25198787
15397617
10859022
51680488
53970845
48032315
78895390
39998842
45033586
15454099
23207359
38932124
15209068
30303205
36131081
32718494
13880221
29932824
56551375
58443990
73576434
19736996
40086373
31390560
13703158
45695913
56807432
26275587
72101309
23599525
73314128
31993798
73433695
30273654
64100246
24883822
29690423
36232116
47630228
67166923
69498330
17347311
20399497
11909052
29643412
15510331
28485368
66466060
53918247
14304587
51847504
42244207
18457736
36020024
15283696
41345527
29216715
52480328
20623551
42575837
44179391
35635352
50584073
24344168
48415515
30127452
54590883
37815562
20709524
29750373
58673945
66583659
43354254
55463530
58214726
75509368
71405933
24409839
59084467
68353288
38387754
36038171
62918370
63338232
32932509
68390498
19812618
19667987
44493933
41770031
53443355
38222068
76614447
74423849
54888908
25078970
74951634
29884350
17481137
11109839
57475728
60635995
36481126
40312443
35993732
60414402
11458799
16604316
49800718
70912771
21206350
35459443
16701598
14227987
47825546
74733265
17123937
79567643
36970135
20738550
17782731
32191081
14105726
39621859
69357424
16907172
42364512
56163026
63020213
64777546
52650142
14122816
30587107
69034972
13003480
50352698
42828538
21380085
78992080
42057496
36093656
40561458
56416249
68562357
68122394
60314838
67195721
53816265
52812855
44620908
58245738
45033415
56053873
35576950
60687514
44521876
18140070
49484703
33600381
61982897
38685827
52326512
60500250
72289422
31756268
79985823
37141544
68414654
52858428
58126989
72235246
76126333
66433311
23820207
36272712
51461150
37585985
26355103
38212888
74706924
10195297
15845980
17183356
58275022
62640450
79310390
78313237
52894221
55821384
32495866
30961125
28223725
69197582
48540357
54953653
49030162
23228583
17461421
14681023
41855036
46888673
63192761
34850608
43782425
69657666
65988546
51360034
68785017
41454907
46280261
11778509
38905561
48834306
32138665
69895560
64414879
75739413
39788217
31402680
24582753
12962825
14017176
44832573
40571454
32505842
53086722
58646994
38469166
77910933
32900586
54788237
61298909
55598038
68567534
14504627
26374098
31373992
61435171
57835542
28626900
21490619
76464285
72212320
59645828
59964110
32483640
17548595
24819404
52879237
14350977
44564112
27445803
47006005
14420429
15338118
29994869
14518873
28313119
72435501
72737894
71629108
74434128
26742680
66821044
50774621
31502108
45167230
77265756
69048273
58192258
64394038
38844192
65245404
48287746
32935029
63433307
55524812
40279233
29312371
23501715
54448202
38948892
66539817
17965505
42884505
61726486
76456836
57820178
50957919
18877963
46276353
49306410
65875481
64206999
27871121
44052920
68411012
53841804
43657682
60150108
38521892
37791353
52022575
13395908
12755762
47482751
50425890
14393170
19675662
48620526
46448784
61767119
40065733
23849012
12407801
18131581
33854830
40611432
27303981
31844830
15540668
45749930
54169015
54472005
24244042
74330433
22757093
39716921
79418285
12671469
46996958
12295063
62249688
46109736
68587806
61668842
67055206
41170807
60060164
70271804
49972577
69275085
43412934
61610953
15755813
35256916
73036960
32195292
71803119
35329857
74250119
67763263
15522708
27916477
70401153
56676810
19370795
42022260
49365719
58588275
30452223
21137540
31253980
77038529
39155116
46439626
29833444
20611852
65670390
15073031
11366345
12064539
39728736
55313305
35882439
35664025
50798875
56895347
45659654
37646498
10915733
22841365
49587761
33555591
29761923
36490126
64605355
46545702
27549512
62046569
33346621
67320865
40381209
39266644
53925590
71586227
39167669
42753367
65546921
33301468
44978485
65643276
14656978
63311312
38671297
66277585
22937657
57847322
66665550
54879303
25131348
71345450
12894771
27731853
18765063
28069811
68644220
50287559
78908935
31739329
54916300
51503605
37593165
61425192
32949864
79071432
41664165
73010660
44032049
20542110
30463820
61526336
78829925
25073012
11871973
44393201
15134871
76597149
79223264
36044448
20240557
28756384
18339903
37756317
76680398
73974300
73471549
31348959
36322147
23060969
76748517
73681346
43462844
15653014
72431247
21307885
34380301
72858629
55430953
72755728
64630409
25943123
76078768
66893192
26812238
35518593
18961603
50830161
65268490
78710436
75070535
54865023
69226291
38698116
27272452
20866335
16964971
66359570
23914470
19591410
79512195
22613206
61844249
76949937
60246425
15877535
36495604
53122784
52301116
42366167
41992626
35833402
66975788
51465374
52359933
23527582
39010286
40367663
54183550
39813234
18172953
73281474
58162382
60521648
62806902
49551194
46995605
37867777
35147910
76899695
53696192
52898394
68897992
71680710
44301628
69369629
65593897
61892041
39581137
53367646
40735153
25418348
17862165
53971886
42247693
27559938
18733143
16835533
79075252
56112271
51775804
36680859
19079783
35716609
40050273
17833030
33226672
42267817
49817990
36758531
63063338
17578831
12037050
46301872
24896645
55719699
39218590
27509747
71865621
42265169
48061102
60018802
31057765
28681131
70636832
57831607
49774506
56130398
77183357
58124370
55231860
27117669
26777659
39923157
73849352
68461022
78201609
54134691
49154897
56816939
23293354
35430890
51852291
27266059
36936215
62220027
51832922
38387046
31108167
77051273
47278528
15324273
64775111
69761993
24283760
76503098
67180760
61735646
76829242
25478076
61592869
40608098
77717767
48678080
43949700
38511602
29258220
77446314
68143931
44799605
20444554
26918689
69743361
41988121
53325055
29144267
20695752
14097129
70772401
48789561
65982115
15577929
49259959
46311741
18303345
19897764
35033896
35110015
38304533
52754286
58031791
47165812
47000659
79948708
26268712
19146884
32420659
73960171
60676925
50688819
27051386
44634049
21893003
62104618
28342183
43455616
48943289
37475530
78211540
63579545
64465876
22965192
51537892
50866625
41666610
78247670
54899374
76813095
38455934
64947111
54622353
38746030
45441395
71247932
74227449
41829488
72662839
77882563
60425636
79763252
11036070
67763209
66131035
74125068
47601809
10775819
77260999
58150998
37080433
34534788
21781657
17719475
69484218
74064503
36271679
20521368
48283794
27815462
71844361
47208602
58613721
33651034
74308096
46330195
46794931
73339672
56937098
32027843
45650786
53248248
50749388
27416206
77167561
56336229
15022943
41358611
74741917
32529529
67398990
37466494
70810396
59343104
45031609
45480480
77706789
27896536
79281977
65253070
22246656
56319629
54627574
34873475
34480499
46804673
21307253
64871641
29152301
30684007
49743923
72143142
14626117
30464699
45112861
10960981
36399826
34719433
73524265
60122050
60193587
60637808
19895435
26572205
31247024
65561205
28337021
43328376
59519687
54447428
75412348
79819363
13441509
56889301
72219465
54021502
71111751
43572004
21932699
73180147
76301790
58329017
68791476
39635867
10591145
34918490
34255060
31004232
52997084
21399803
48402492
13420576
31561508
47099054
16618482
56304521
42869654
73736289
12912337
24528630
18787580
67581481
26237870
40564379
71496076
48900209
44372120
51378383
11602595
60431689
49995405
61848858
47731214
53839060
54505227
53185578
23097656
70542439
72946795
23450739
28292143
55623484
41919915
68364861
25907713
28165596
43770438
75649020
72085448
40685255
73738425
37718666
77448275
15102998
26198572
47771290
42047415
21953913
61483962
15501223
38557713
25925369
28619158
65335633
64764529
78112096
32143428
31942758
68165915
18472025
44854804
48441930
21370985
53280759
59515197
48382816
62687322
64472299
32946895
15633709
18775231
21902248
19100897
73811433
37386081
41306435
48430386
71008067
74592408
68044915
43041007
68365064
67776535
18193468
79857956
63879724
71901070
77604920
35793763
75820467
16309623
25738707
78868582
19237027
10036738
28688018
54941736
18158119
13508281
77914150
23031174
45569187
65135051
31178003
60788252
15058525
35415635
32048833
11815342
43693405
15325974
48226821
23532227
37099370
52308258
25597514
23690977
28576286
50300023
46478943
52961322
40309962
61582992
62848867
34319213
62354428
43017755
73892787
73973173
30583724
18077429
32120213
47839390
59252678
29995567
34519257
73309925
28304229
45258274
60744530
19338285
24858423
35219127
29872722
13452665
14949273
13570235
18172671
66394444
58549447
17067863
44045017
49005103
66729913
55975784
77947070
44939767
31532605
35146369
25535924
78241097
66774780
52640730
64916689
35660739
67851879
27830749
50335943
16941798
48724790
71415928
72107319
41925627
71679335
32821911
46184764
22348548
39742073
56256822
71911065
49055346
56496393
38803082
50921098
17252739
65098113
10091084
37729062
79906128
31879500
69891625
56395750
59518991
12725314
47312099
22623203
75514255
10471464
54463999
18675227
56190947
21291542
48532958
74510943
23439039
70022450
64665685
44049239
60198316
11615847
25317703
19164480
36502000
23639949
71257314
33663323
70906315
46588975
32769528
58657815
49139392
56784144
54825637
56565403
77814688
29740526
22090493
69767109
73746293
44454432
20533129
33972600
12620620
66747080
29143033
24719187
26814755
37702423
75607332
75569576
64529245
24814595
31827712
58772955
25322564
36057311
66174069
38645469
70171284
48447209
59504867
40160410
75278805
50138613
67219500
24313401
71548418
68065541
48475516
66384012
18204461
56053743
54045416
10177390
78982221
47023870
66021074
58104313
16693437
59013248
13726414
55125696
10430035
71393078
36409794
33969635
17265487
52808540
46606840
76511285
48108139
10517555
43512386
36523044
52082827
73108538
22212566
47367110
31890047
63437995
13957057
57393846
61686159
68096471
66671302
55018020
47353128
56112644
48527425
76088382
16751111
59325209
46284235
12009555
13701375
13965340
16814733
65777775
22219908
34168815
34857114
75824284
66025568
20262941
39568768
28156354
58902661
30706764
75016112
77522589
16785995
51217250
44269915
41061034
50180367
58987413
68707262
68144941
70434166
33512104
63057073
16604098
24424917
71924368
18329687
75337031
61993780
36238340
31827192
67816963
62727457
49280239
11263059
15495941
57935662
44487556
56189544
23794149
