75682867
66755036
66882282
31081788
23315092
45788921
36735830
41632483
14981505
23953367
14521373
13344769
40349564
52860080
72250665
76209791
56792155
31498555
70221198
26861870
62286002
42049003
71136438
72194931
75285250
79537252
69248434
71306900
65831368
20959014
66972561
58900483
30193880
13385357
54738553
78574553
26845364
62157313
21392366
79778859
23479854
23187277
78979792
47709731
36939239
33027075
76401385
32335235
10271836
13584702
62631083
18585377
27824013
46601694
77105583
70304654
44119117
46433622
70031992
65105831
13366612
68743503
46258670
79739572
65848857
67055419
59160571
78394024
74525468
48727468
61757120
77157848
58170987
62562567
33717335
70472382
22719242
58715250
54054178
48334882
62441466
59583876
73203558
47407771
37009224
61327755
17130144
14545583
64079037
64474455
51542436
56626914
63933927
62453338
24881728
44045666
22722094
32178434
56321408
22796932
36063245
49443226
17887739
70736972
71071026
10769598
59007334
38433648
17971379
13331068
46810847
44428803
15654237
71553124
55816038
27750764
46898446
33841962
76834972
53156515
32993420
72190751
31970758
46513466
41288562
31351509
33484187
71777469
46093880
60441204
54066131
45563453
44755914
60873983
63892568
33637222
12484413
49449976
12235000
33685747
47876684
39859174
46102853
56159303
22195226
57936136
79062973
24421668
31200096
33234510
61715898
55968757
10061087
76653416
20274621
23022704
26816569
17654909
47814054
25421040
34210512
77922032
43779713
21506305
30560091
17734102
15674719
18658144
50163712
54165849
78227907
59905866
50657662
16659908
41378291
73020641
46634821
29433354
26887294
45562619
45213498
45703247
50910172
72744322
67805563
16404003
61939266
43267858
31114003
20421958
22984808
24764960
60402943
63777024
53799966
20047453
45581225
44109026
52090758
26037627
30281689
67631343
56510960
42797855
44795514
15184502
33448674
65223954
40948143
22503247
64006163
61910807
64847136
40831219
33101383
27569187
64710375
64456147
49501026
43163773
21310552
41146082
31104792
31739356
21471761
29576703
28877237
56918818
33705256
65403796
33508102
19405634
15853584
34947744
58491183
47856186
58673237
75293686
11983509
28298917
53563237
36365210
68245345
37180308
21326237
71864219
64434670
43255876
59114107
25900476
50820227
63059071
22707035
15130397
46998516
46481541
76385640
76880548
52058334
59742523
49769056
65174259
66688830
53369428
24650271
41725526
28992383
66877183
11989173
46635193
42474983
43999533
24716695
73967150
73981206
74785345
27882750
70303849
20192257
53167705
31130343
50869792
59913224
74356138
77607727
63007836
75541801
68114585
36658609
40024204
58715257
32268806
16512440
22431395
39093907
46253447
72134783
72460303
74447435
59895282
12503771
10996161
14183839
77775190
77758014
30153173
77227698
58939582
66224957
32725756
11079600
36191539
42576169
53381573
35050090
18849851
70779108
76009351
39549535
10449395
31921117
50308782
61592034
63386038
67351079
41530803
43266319
40503180
13379569
54910237
52165906
69855504
16319707
78532150
13695961
46396424
14294539
21609076
48498937
10803328
30840174
11043233
10529525
26953831
66996736
13699391
58487260
67338102
25192217
62496015
20292658
43698788
71819576
73362116
11748014
50711152
60296557
56216125
79397491
33295179
27541337
67399769
30279846
20970723
60018037
53351876
60166883
70361505
56787763
75732489
13693305
23470137
14466271
64717184
44907127
20495300
38709379
44654999
37451727
38997889
58978079
21726298
65723671
66564401
56673570
25033888
71704882
44958762
27028708
14035851
57685442
44045504
45610155
39469068
40185054
19702701
43127676
12976242
47317456
37812615
54653148
14833177
18454561
55932658
12597480
33151417
49673332
29699313
26934380
20617244
44086263
60234072
13369720
12640328
35856919
67658082
65395426
37348975
21552291
10070640
72976036
13741196
29511512
50260456
21720477
23217648
32558781
69946863
72784216
42425301
36778642
70995760
56547339
24573458
57911176
39264326
63953229
66294783
69145779
56977874
39365614
57010676
61371106
47327243
79426200
79872506
20198499
47342772
54362902
10197775
45940920
33614649
27310852
64564054
72989020
40773482
12276360
59437769
41665404
67849484
26434343
54079273
50201137
67235484
72182821
33020885
11286643
51869822
16200646
24509187
37780899
15409861
65478034
22831595
10448345
25814828
58763532
48538877
54196734
48503931
29164528
30812709
62203051
49301804
14848287
61152700
53750190
79334164
62187215
65257851
58518372
22842659
43978002
12373139
65553464
52801198
28892008
45427853
66882318
20986868
50480309
49521538
70972984
48673354
65454431
75557447
65860631
67681017
12667867
66987271
51241273
55718843
78452891
75432283
34244264
52734307
77606426
55791733
14578238
30814992
31288948
15562067
48791628
37345820
45154828
30088365
68842658
53109628
23021573
62827729
54620658
39933823
65519128
61509697
17136029
69994988
46869124
31496823
16285088
59907857
17468810
11635156
35301054
15001045
38267184
14345760
33930984
46805730
48019582
68720660
65229238
28100699
11722320
23298372
39702914
41657524
41206052
40413513
35329097
22243026
66024141
27864557
16195200
63363404
52489277
23832640
76360176
40061031
77201057
71902171
75812633
42043445
46213003
26689088
17102173
55388538
48720111
58515838
71356950
32064334
24681316
71681549
58840101
72468859
60305761
39367077
71580593
60011985
42843745
29350835
79562616
70084389
67597408
20320855
28130254
53558992
61628164
75377052
45409403
26045907
72754884
58458273
25734209
79800140
46081386
67395058
35827438
26663288
23081782
69387253
53669391
78181511
48660995
18234679
33240984
32383810
75438362
58566364
28727583
79019569
45156028
30568697
31900338
51311634
49902996
64481924
15723601
26618153
12382357
23630084
62576779
26099248
24677069
22433196
49010202
44626632
63237806
22457080
11222869
60066487
13125354
72802750
19818159
21145552
25152994
32937902
77744469
52758171
10067661
17585153
33335437
20466615
44861938
12966422
60154221
13708654
67647084
52573305
54653349
15872354
57756479
19810404
16292518
51142200
74413145
27547389
72132760
76689168
32419480
58766345
44021442
56523537
35153646
18411883
21082322
26203305
20848680
69292991
45555041
63028791
61646180
42359860
44499221
38272916
29032579
40354781
26514877
27810471
50636644
68534435
67975251
13094235
57870026
32763342
29636869
37132021
43942384
72867959
27807333
63228466
45912253
26263882
49138695
43799193
58014453
61569363
42686304
41699263
36216317
63215075
44970444
15752810
10571650
50435721
13757974
71119361
52321932
29931456
69376958
21643208
53928336
18112074
28967438
22138391
63050917
34012790
66004002
31982813
65616606
39967940
19742257
62044151
13609736
28161634
27163810
22225855
61424149
11135964
73446855
76318090
70203880
12155748
70676365
41808285
64256930
44427604
18910852
48428026
47617741
16941245
74770179
25876696
19451244
27606951
72056263
17021862
18351245
46640608
15345854
21683982
74365536
67821848
59875088
48187510
12609089
62840397
27691444
10953959
54132455
59818662
20016389
21630982
60676914
36704425
71298111
55014515
64869006
25586926
19496563
55745050
41556003
20321336
19803005
41738453
63509641
17583354
29908425
49367797
47612325
32468492
26413486
21606243
20688727
53842483
19828366
78914332
46982407
55103150
21618627
25043403
15525633
62411802
79353566
30154994
37695858
22920739
59282339
17726890
32674714
18357956
71413011
19451337
46940933
38688729
52019117
34062169
70628583
35291709
40256337
35836512
41549031
46346859
21309411
63689327
49302467
47944452
79790583
69220571
65684473
37580296
73655986
55084109
29053322
67292182
79111188
49816537
72671672
47132658
70749710
28492846
38088632
29894388
52827417
45453171
36395160
68435658
21149697
23757649
61913178
62418906
73213072
35146282
16857658
74164715
37915002
78105394
74991256
49785651
64440645
21292148
46919127
41199893
15786265
66240283
41299028
75170480
39168464
45966581
26405566
19427504
17022336
29655820
34210749
23691164
32761900
21707868
24246173
20055079
23781009
64952704
77812526
23769205
24013403
62991088
75954738
49648899
65849014
47003110
23942402
20669435
53728950
21484508
17449607
23839094
26701250
62934615
46992982
77185082
33656190
15579079
54489781
39822180
63517362
18860935
34444321
25105101
50576287
61309687
39677043
60831524
79071029
10611213
61100382
59349430
65842822
45393865
28803796
16202258
75174203
28786176
31232430
50473321
64148094
30153729
22790902
16193956
23579173
66761259
13266402
57044083
34899065
68436437
74910615
24072989
19944790
78841329
63505232
54599847
58730049
46413676
43877350
71658869
76374125
77225603
41251097
76268268
25985249
53309893
44569361
20971177
70200291
30080673
16238795
65098996
57226729
74504149
61048404
68771482
67701082
25732903
13138145
39063435
44780908
47738488
56361481
45055276
63775257
44954715
77800621
77499583
53470977
53092987
50381731
34694812
71399188
41970599
61207679
49787171
11270896
21952314
78168486
26770274
60709813
41354977
41873646
52955157
69365444
74445751
46905710
62673683
34755666
15703394
21415376
23283692
33567809
65182836
12721864
64278856
43458471
50539152
38104320
13875754
29482215
67696034
38356738
75564145
20047595
40908587
32564965
50131083
19004644
57517690
60760636
47639184
64706505
23143608
46532022
55745469
46045138
67874183
69912158
48808656
20880726
32992356
30515189
62534223
33388869
60795719
20563214
34374842
38172140
68701337
45119150
65471391
33387092
29156053
49678201
11524102
21579149
52607220
62715014
79144712
31900146
19913841
76626362
39061846
70523996
33468625
13433382
38348817
34728848
20822814
58356322
62879148
72076001
52942594
47747492
25170521
35841846
22267883
52639398
21984398
45396080
40715395
50686940
33215061
36854296
13828433
57149071
17152747
71029245
58344513
11020154
48499601
16733215
42339834
50739629
39900787
37259197
57784180
57379179
20760888
75856750
59464216
74884070
68075712
24372528
56695565
77658103
35722525
48963185
74674115
73813565
56571160
27562548
69488206
77506574
50057648
63520377
31882940
48580196
58665285
68327846
27687991
49509310
41061293
40272855
56316696
20679043
65498298
32470291
60763061
70072820
64496748
61195209
77411050
49043896
17456985
33544744
68865527
37381509
30521013
11514542
47735088
25135763
53951994
75489314
45383985
46595773
24315679
34440805
31765239
34586222
25527000
20569320
79448631
77001666
29391451
44045468
69047560
66378562
46264673
27920169
10605409
19462743
21377787
31827621
51892167
45280122
30057988
15809041
16155579
77511983
68544068
42027216
43957164
60837727
79058877
11132658
62316857
47877058
27434167
35177127
63811239
23881178
75111328
25590661
79475474
19456807
39342048
14684346
27824559
52827096
61900771
59352346
21667877
17393979
20115078
38506244
35214698
27486878
67195030
32098345
26620937
41984287
52413492
20528294
29369886
14810833
33480675
38500556
42073692
47316107
37427110
34192961
34859871
69844250
63412976
39263888
52106078
17281505
48679227
48965695
47518167
36540396
24812143
66825157
18989138
57364509
53020873
42735803
25886372
47622748
42456981
11656671
32922481
52081603
53497663
30833173
30718453
19161408
62374647
72242810
47214417
30353727
10549148
46328139
31845218
12773939
45490172
46989387
23426716
48710304
57718021
36996639
20774986
14421590
46089369
21546081
39221379
46265058
69644300
54924392
41670310
68237814
67641756
36552476
18674163
58548947
37209162
67396048
10224695
63773276
36267668
24063918
67884623
68454884
68093498
53353746
30610500
75402242
23245696
45402297
34363941
58123406
65229602
11074961
21950571
29155151
61465754
22866619
79583832
79551130
14437677
57347699
15241218
76777436
36821567
65482283
15481140
33991831
72697275
75658413
64856856
15290717
29659206
10797968
68224509
65940773
39163439
29651515
17339838
67661940
77007551
59909831
52721553
58055661
35554414
36931806
23476005
54721695
13151882
42134444
40319320
75062907
16737320
45943815
33773962
60495701
58018519
48836811
46097069
68438965
74274067
19734816
51965471
26052465
69963387
52590048
22851424
42356072
39536204
18388512
61599948
79056627
70350105
51208934
43138881
47436581
31650278
67376857
18439469
34455289
48400142
64332385
52664041
58243574
70711339
56462256
70344167
59092554
11443717
14409352
53148703
52307399
11308507
19331795
19986298
77209598
29628490
26002437
30606265
21091989
73644057
62200318
50819838
43283771
65145321
14755469
36098641
24150540
55221400
11992825
40559798
16152941
46286070
20556086
63307679
33289643
11940369
51681557
58226615
35955176
61721929
17778748
51654364
62182965
79055694
42997728
46159646
51478073
20717207
26169764
19384451
30808635
48049943
61756593
70111794
79472863
14790691
37950196
63423843
27066318
60277283
76447109
21186361
36256629
76146940
47998210
38175911
71688718
38207970
21950831
44812381
42386345
21360589
64181889
39124900
55677380
38487589
25648245
43523310
73640055
76500568
37364435
16491878
41241029
79069690
12844664
44932801
71144226
12090212
48785284
64503422
31320139
35227191
14600108
79963054
78393246
47407753
57230658
29432053
68016013
58436828
66437579
61255428
57602635
20856760
56350911
76575221
58830419
28720027
33284856
60629738
65757486
42446436
19714891
35258148
12320688
11805808
48090551
47176570
22617619
63175588
44761500
74437248
35560098
73131845
25702852
51055392
41073264
54336333
13040267
57876337
31217066
71468641
55658328
70644657
28673436
28144439
76984430
55587883
14273445
72926675
13184790
43134205
19963441
71647593
70769147
36336263
14990961
13646804
10647296
61880950
36844511
77908965
32791342
32015777
33116992
52439798
40555353
44831079
71247832
18704813
63376963
39461504
24497054
21319247
71585037
56048559
73072616
65160409
30717501
16851803
23045697
58120511
34101438
46181576
12825896
20427148
14876872
29397196
41935646
75969098
25099203
75244261
72419437
58719461
12887698
62764241
22417420
30167958
32910282
12887296
77084285
66861493
34733272
78209364
61908238
32371392
79070841
14032654
44218900
33277458
68231611
58076248
21748768
72005983
39718818
46591531
72994533
55938649
51655138
62374471
61379821
50133569
11912584
30554754
57732820
70037447
24677441
54804549
44301851
15438684
75147544
32315019
20104107
44125539
70795662
73923119
12086213
52491924
45553686
42482294
47710964
31794866
51464131
54810380
43812949
40315282
42945953
53300173
39105135
25560243
69468269
14338843
43978658
44253388
41349379
55844569
77284075
70251070
66379703
62215024
30668329
38186921
59402807
73546819
23952821
62237687
45009897
69714426
21098252
43766262
65771029
38728437
75176852
49541461
50071048
63660697
30523385
51538255
34245082
66728215
53440658
41886947
75174694
58532681
17667857
71279200
60526894
27789600
27644180
18437712
59375650
67312219
76346143
65666186
66681097
39565896
78315725
40131276
13119612
59133346
24160134
42833108
32406697
45609212
34768424
31200624
77951050
24578363
36659117
54494354
50670787
34003801
78233769
73975459
18593059
28757506
56692999
43957754
58302504
39737667
31088012
31958273
67349051
41918507
74261658
75147039
47632148
31814501
17334901
61879723
60825596
22132693
66852293
24931115
34005377
61112289
48020566
52778076
20758430
30778286
67697272
71108534
29661007
23863529
22569021
65280248
49970870
36471311
15311499
26413328
47201803
63628551
70988371
36356226
42325149
78255980
33255666
47396843
75749277
40267797
38570055
32636262
21654304
73292404
68272527
39370827
13341861
23116915
12615804
31089933
46968086
66318065
35381224
21045633
51765312
64915906
51672086
30989593
39396163
77342646
33683333
66444322
31586325
61914894
27503547
42963684
78903155
14952075
46432549
31258833
22670380
34151842
22774615
15287913
21476429
79913666
47711695
36779149
53069838
42002177
30892578
20091985
39464339
55275089
78599551
52866200
64388673
42318232
55545724
15272864
64206558
70980032
63699693
73607605
31609907
21021186
75702370
64549381
53193996
34362375
50733588
36231747
53663896
69276366
12322523
36379085
14746771
18640145
61173179
43065406
77973509
11428127
47809281
59223966
18336900
28392993
78082045
28268849
42363575
79170638
74119240
71910920
62097172
16210715
76088429
41335282
30020303
27686927
50467715
45174147
53570727
16314768
69680868
18815995
28321829
33912113
34525886
56573028
59839731
62762173
40590972
55038050
43843291
65339989
74587277
73842020
61877884
57378941
52537345
47811773
64091482
62959636
49031525
52147406
54194441
62010809
19426807
27438118
57246348
62058324
28463212
40596308
58774836
19091044
58890527
78660194
78080112
12607411
78802303
28608310
19447933
62295219
41216359
13815144
77925916
26177172
44982512
46075711
34281104
20488951
22485000
32897064
12726016
10442939
69772463
30060188
40822201
23135871
64254875
62404938
23331233
58743175
64221525
60120903
45281840
71808528
27832891
66348502
42038060
61296836
62492736
34795222
54766028
39084871
21963776
51164396
47609879
59896930
62005527
28557968
46847763
64096103
50808249
75651053
35568906
18589747
30681938
31992838
21135474
57637042
35258425
29952900
27406301
71730143
36683911
74623935
72953839
70966110
15303943
49051623
41099208
39805505
57675854
54786626
33250723
56013251
39009512
50824950
55961405
51727753
11003171
59701515
33992154
58190951
44924917
70332191
10981883
11668321
23296138
63625353
30536721
35192630
15418952
14264423
18181883
68638329
41927921
33948053
52822943
61217069
64610032
30000738
75304697
24804511
28994397
28333734
21872752
46213515
64445288
64832046
19625105
57548564
31654924
19935869
51434749
51835879
42469247
69171413
23689493
78374762
45674971
61212060
49501580
46785617
70961537
38899868
41052238
32700314
35137138
70350924
40779669
57189674
45154340
45908279
62315765
20831890
15949852
10029725
73019115
58495982
19184536
57766655
26413806
29748999
50078991
43121540
37705858
33313511
37719138
30686655
15627745
71509503
21245869
12253722
11649729
59970088
11116271
20916876
41978888
32461013
28458857
57204953
27443381
57380429
74341005
47264820
71983306
36906511
16739013
17089975
18805586
54564078
57719804
24263315
58085527
65073945
39171429
37366868
18074037
44867175
23822356
55677485
60435843
65608376
64432684
62496899
53420892
29992066
20108631
54613348
38727993
76329075
51822973
34133277
46059026
63899323
51266066
59351998
72527341
43997463
25663645
66775993
41632286
64248291
21592111
77399862
17997043
10181360
29221242
73848248
74416144
63915845
58006403
28904815
25697605
47937226
50253576
65030361
76298692
23099507
56801033
48844162
64769258
53682501
15720626
23654772
49929257
48560290
39168537
18221252
62209619
71069572
46421189
36502745
49467750
23487010
56206264
40190179
76627397
21416757
37804333
37270507
54470459
15905950
13028631
24218200
67563860
37736989
16423959
67315945
14024733
31636437
60275547
10019675
35239821
36133385
50365237
62569705
14464344
22310059
10566088
50113379
20151607
75500778
10658003
10805113
71183416
19322004
15028035
21551409
30811680
25433222
68835615
42382711
22834263
40647215
76006681
63873131
37758455
53627391
61844408
63889337
56389268
38046417
37512406
55516505
25851428
22155863
23981528
50956756
73467903
34723448
15403252
38204739
60422654
14151785
39489478
69509024
60538135
47192252
27456057
58515114
32197928
54882342
62777488
41770093
23609569
78488768
50907604
78546052
45210753
44093077
36737775
64856769
26374601
33689071
70910677
50104523
34567790
63698471
62499002
49993954
64716658
31595966
69544511
47026182
46319763
68401945
46185155
38997485
27642355
15384935
22155092
24514254
29678933
33063155
33593741
49247228
69010024
79748793
13133211
21616152
11726199
22756935
15071915
42005216
77552809
60352901
12276787
70974870
51245272
33278769
25342276
44829066
79863927
11228807
35288599
65495163
59840603
42134440
74825507
51156180
45823502
47967791
17640167
17322153
53391803
46073939
61588363
52023297
28303750
67678210
64134634
73442983
40284261
77480480
28737371
72344320
19163766
69636639
43833647
12843236
22126467
66366866
41853087
32362925
40781302
59439294
75972086
60122260
37640477
51537804
55145249
51682179
39754469
57384057
35698550
30729471
64148890
12592536
54918675
75532833
27296381
64745732
30218082
71963740
75454344
38190067
61359205
50990129
51156155
17946155
20384778
49242670
16703560
70336852
28562775
39012949
77642498
30709963
67888503
39581501
11406368
69565730
28001960
65194542
26150865
73349631
47043861
20897034
54474126
27071962
49265186
15432019
64089633
64133825
20392034
26394487
40671003
56737861
61484872
46204667
53683574
72612095
38563971
64351768
35793044
18329442
66501560
18831924
49722995
13456653
70186000
78997670
40912354
47516108
54181713
14058848
72201082
10809178
65109050
73391073
51040759
29339821
44275469
38398068
76134855
26530109
33195170
37965074
44575901
54324346
56276888
75257895
60794649
20539669
72670767
57108178
27292909
29413938
68149762
27016233
60746642
66043692
44020414
23907579
16124152
11164795
53332370
63009395
79518245
50580924
35086627
21959207
67190864
73881480
63274943
30060832
10077175
21074355
61689101
29789002
60426676
78667106
42648168
59375565
31725224
18552442
19618395
46566791
19714177
59626984
15051646
10285711
67244528
27353135
24689949
43976813
61308081
56597588
21059860
14900164
19909551
16336356
32456258
10460796
24503356
15994376
65620931
19392609
27089239
49824448
39851990
29097931
29012021
63789198
45104616
46827955
35254492
71555093
67293031
55562388
37090738
43269285
42436728
74999068
72730418
63102022
38748123
54988955
76290435
50850837
33623755
18659522
64441451
65967937
39639841
27811802
74812392
36912512
49101526
13100581
46216069
28861720
22545745
46575804
26077579
54331269
71842137
14854042
74528007
13830121
21951552
65685560
28130540
67084656
46926887
14268173
52812847
33787347
34728252
33647205
54607536
42916781
11369277
33499306
10749971
71313915
25711072
14460276
51011120
64407485
62565354
66426293
27962327
24226224
34509968
11500948
16327090
30885050
41834022
62740278
73388426
68426861
66251274
37870540
48456876
73876263
76907755
57718418
30491595
41175239
15845447
73105980
45103852
70796171
76475936
58491820
47358841
21353540
16722055
58968538
19035949
42672748
49980720
53144878
38751505
48835523
47962717
37550115
21044590
64536603
15059667
46540128
46855538
57336078
28149286
37596545
62925374
66002354
31227468
53513097
19249677
57657169
69576882
40223477
76994946
32432851
65306693
26938661
21671439
42266497
60279504
41707048
77792893
15337355
69230626
58761066
73135532
63640153
26684388
54768534
28138519
30978981
17964443
63225748
31444021
44751594
74916908
58465992
43222265
48309051
42337259
49683871
52616258
64216898
69323547
54604238
50162344
32005782
37345255
72929994
62869791
41457080
13887008
60171169
55570487
50279707
68104228
74841271
61139392
19137344
49275054
26794513
61120091
38820898
56705646
49564766
54969434
24512253
19615754
42254832
24557759
61665220
59431582
13325315
57715952
76799468
24067121
51819037
47375319
33429562
12846274
56338604
49542531
33846553
43268890
65777727
43931226
26213225
13033349
36687290
44337309
31680041
16299492
32576162
67568342
38465797
49483075
71020155
70692680
75554800
40732364
66381498
72199283
55148268
18556255
53626563
58786500
49206376
14327308
54903073
61913068
61117909
22633010
63410690
71482337
50093087
40596658
41981908
79953044
68315587
25148530
48620544
70974359
38105186
15301358
28283361
14889084
77980386
32826747
67222357
39538040
58410263
69322532
61831782
45259675
47829124
39188752
60571427
12975605
48653586
41664126
23763700
33066465
24573834
51707317
19176748
38911861
34276628
49770506
65665616
18978989
23792249
38098059
13683909
59873778
65415449
62559151
72953195
29847987
11416953
29471461
77530144
10909245
60672855
25993238
59566094
61562394
58427722
63621439
73475441
39920720
61493837
15730385
35580123
74505778
45935918
72396414
57368963
43214626
65725103
76633032
53860083
23605804
17085904
75276240
23824880
46355877
35974082
56467514
54807180
21953070
16839789
18570556
75626102
64101105
44761183
10953692
26994986
31614133
50523561
42401727
74276431
41343819
71423138
62158173
48067502
66483185
78587632
67421126
19953821
71483654
65456322
43957412
38044174
34334476
24722791
50487099
19837695
79217406
50476928
19326243
63834274
55759166
28895649
75065901
15553535
13678621
25074661
31777762
40450573
72451660
53757228
54050399
52161441
36150956
40885970
71684647
12681206
66975081
50844645
54675521
55545655
70303470
68558971
58383190
79441078
48636252
43015348
41263040
76469096
12250397
53942324
20390284
51846292
70404788
52397458
51280792
11472542
68665296
14473014
23245462
60894269
48362595
49839283
61929747
78304749
53099123
47452622
13388445
55276218
18182535
20196894
22988365
40031137
47917521
58439031
29575137
22762750
31847630
48647224
10578526
16612208
57799289
17587676
77009689
10814422
26406440
22663723
26192668
44971274
71051512
31173866
20670216
13641771
49982531
42995939
14079441
33552818
79297234
25861936
19937093
19955951
57423958
19144220
64326176
43122266
12141912
28740105
70627118
55969430
28173652
12195690
53531276
57406955
29759626
67005840
74598446
37841304
59885716
38589907
12464722
50113874
57494032
53465574
11722907
40999906
50476415
22374888
75312198
54042449
51574796
51006179
38338206
13881857
14739400
25168970
60450229
32148023
74384099
27278806
70138668
30137708
70350625
59825495
13110691
23431835
35090373
60316725
75347939
36455291
60495722
55598220
56426160
13287093
78126345
63926452
36271534
12338377
73107629
27583780
30696165
58730509
41751305
10737954
15934261
52622487
36227228
21368856
54696953
62866880
14532688
37995739
41197881
67464779
12363162
65213557
69635369
42557230
76927749
61791348
29384838
28664179
45002379
15813775
34019663
39022580
33383686
28275555
24219886
77487903
18368352
63242838
52495479
23721794
50739304
50981729
75829275
29975372
31731798
76109355
32438280
26920196
66832433
66285723
38481082
39537369
45790315
77873129
24793752
10308617
21368954
77853612
65419340
57050087
10734275
66546286
42775006
52541546
16194224
52499758
58257587
49747799
36762677
15318331
42482872
75030702
20736301
21152153
43679364
35433907
59396072
53694538
67182455
49835189
50339104
57623905
55173471
12592316
59697913
69009476
56619069
77042893
75829577
64331101
50801245
44538588
64045191
61535568
63440239
61079500
53099658
22299755
75040040
50483087
59558083
69828066
11821367
76657978
63230681
40235640
11578315
50981642
66424721
55447478
65961553
63377177
70945797
21199747
58726898
67434908
17081530
58494716
36635617
56433552
76128719
46755905
41397110
33284876
54976489
45004423
67079389
77066688
54454950
10424528
37701434
21103831
68321649
59207388
50004651
61982472
48819913
23618723
67034340
18527835
52635177
50216746
73594452
24284503
49384827
28434369
73065654
53428295
17083610
26411413
62141506
36560140
11901740
42791816
67041562
68674847
64633048
57278684
64972742
54855106
28317940
15875293
62297378
67675376
39486438
72803546
67428685
37054353
14300915
58632668
16760403
58710324
73687770
50174673
11636675
25125440
27579065
20117273
61492716
34147347
44590323
35589001
19031370
17611432
42985192
52710916
30481913
15277420
36372008
65659228
11760511
13541815
69435595
47693721
15351826
49944891
48467910
19017497
66684948
66299981
55787926
42580457
69646035
66933105
32802311
72039407
10225391
58448102
16698541
57427053
47187064
37949891
70094329
24106894
29312610
39723044
23580994
15596526
71189402
44356387
36276833
48021655
62775939
77256609
13792824
43692118
70787892
15250295
47706355
37148868
22312829
76359476
76772797
13314344
10049976
54306168
28804536
28589321
66093351
41676806
79056102
53338836
60107906
43218943
16330034
55504302
25542211
33809061
65726066
39193726
77154339
51634984
30080580
48950796
78208441
64954685
33737188
22084335
28380186
11531064
79185062
17466511
28246135
63613589
58193845
30462320
34437007
78529722
45303414
66895262
26448425
57550906
73229578
24749151
57984649
66339157
75825272
43517379
60288175
75755571
40749806
31223034
48677396
47649509
69504448
48184664
78028978
25762512
58591742
74451671
21918529
51701479
29262886
73327232
40474646
10537977
53942054
38869116
13668280
43245660
16837388
48208851
51985331
14622580
64920706
68711614
73218224
45677259
73588207
51191606
33698370
69057625
39142798
38658787
31284383
62558687
77404927
11383875
50179601
78985200
13956778
59039847
79996621
79577529
16472973
10692924
26167670
79678979
14672412
29877714
75198968
23059040
50735911
30596928
68043727
74283282
44262607
38840826
28644522
14394643
10125355
47776534
27393153
26796693
16508856
76277348
46041543
12009606
11559757
49711170
39765233
66503286
22856498
62212945
38196679
37413629
77354164
26869252
49550234
33216267
69910712
22818331
60486340
35139317
20779706
61989536
29363133
51279354
37664038
39843907
67121056
25512659
75408693
73293830
41276622
59358349
61899794
27260671
14036405
41579612
42740087
64777623
26202558
46426088
59902136
59309063
31485785
64187581
45881161
50249665
18274437
53840923
19944145
21914970
59573446
71316090
60391426
71373784
34483329
36678907
12173513
19787557
52465194
16913462
72188838
78120794
66193692
69799781
35057299
78894682
45637395
32740075
74899873
79974933
13835598
14982042
66635464
77886431
79825071
11749736
26828923
18669441
49658560
62208793
59756120
41079502
16687666
44333231
38699540
74994170
10879459
68581601
18167707
20679744
76120560
55584684
23321008
56128264
64779043
19240658
17446153
39961288
14469353
79623583
45463343
47557413
44974352
45733873
72468785
74669427
45642494
47416206
30411011
64659450
30176968
13800986
48887321
54761947
77113002
64495608
71957160
67413553
60553200
35209588
20608790
32640051
69036718
62488928
77917165
72900522
31123873
10112935
57720650
70058562
65756089
24369952
14523535
70089647
52796369
45580542
55027602
18825150
65851596
33706103
64898349
68458981
24418934
54005127
35592498
72348360
40416728
48685536
79036580
53864712
26140113
36358327
36299578
31859073
32536636
65638138
31670307
26215665
21756878
16469723
66434193
62584289
10344126
57816341
26525823
37571338
31884601
68406092
21301119
15939334
13330922
60007246
72022454
24693325
59359781
20854520
53965824
23925413
28093039
44325124
32644720
31609307
44228244
38735942
17797698
16982252
70078382
47371474
44091076
44206848
34938778
74448823
28484758
30969112
66418580
53117886
70712825
78958259
44543768
77073772
42377375
75777503
31937540
71171235
40995053
55848553
34198505
25551270
65978831
15666912
36237808
47872852
75029125
23453858
32076454
37329173
74711285
66846596
50271958
14429899
74485846
45502493
17347000
66912766
73105480
27675548
30803158
23654687
37700781
52106227
56592494
48802832
18556135
12744804
68630789
45142251
74138257
76729565
31959317
53463413
16356381
44148989
50794346
68685855
78098985
38615154
55188745
51400302
59802235
25510435
70141083
55874854
78860661
76371730
13452814
50425111
46446344
50909998
26600352
51467922
48353225
34115111
72904494
25438825
76331072
79437340
10484273
74648545
34516082
76293900
65445376
37569057
15386159
42702702
49201327
61058096
16852902
60189143
29643673
62762640
73569689
43522480
69880550
65927604
59426960
68235050
38114456
33643900
18027522
55611548
24716532
23531114
14860319
24054779
38189839
52858520
63972789
30159131
51985096
28926199
21331383
48175224
78446632
20249579
28291317
54273384
11406150
69245261
55362588
44783890
58206785
42469420
76977550
67413770
66692404
24986157
65087645
76607761
78602415
29214047
56108295
20095125
55140485
71868747
55144248
27943886
27457883
71569139
65651376
59844908
65742545
12014017
67416012
64968851
31672156
59768169
47203676
48168898
15846866
42227330
39079221
55031629
72959655
36687546
27127283
70427082
12059385
36607070
45921754
28152861
33340093
75452592
32821211
40016158
16964705
52642935
27022360
13049316
17503276
37715389
46515315
75818320
72827874
74027108
59908282
68544710
36774619
42105736
23798270
76183387
77667845
20431929
18497552
45351951
47432022
60086878
24625666
70678947
47945833
54652276
41745493
45507773
10973737
32210217
47457340
58155151
73368711
15698618
35861356
16822603
34027785
40320939
11805518
72155344
47177857
47153969
43495435
37312498
50076121
67021206
24004881
74387807
30868901
18595960
70395758
60516162
16736549
58852189
37023420
61590272
67628639
24717083
40670201
16671203
58393094
72856981
12750025
34562662
20478542
49290062
56606102
72516086
10955205
33443415
59172324
51130558
70148245
20421317
48615932
27977748
67827935
60796110
31646139
43197175
71720365
55515441
20833583
55214597
68261869
66342202
70993015
64935271
55191244
65472357
12480017
14816129
10917472
70998837
30426495
15016239
70782618
70727594
71303241
34561090
47204318
49087758
31223676
34070924
31821296
33317396
20686962
25808458
68834845
11193982
66986402
77615317
71767845
71647309
54467095
62839391
43019807
42833206
59975039
32961593
13845474
13924482
46786884
76974034
39327427
67218588
38905854
71218834
30589226
67705020
71119402
53488531
39998127
23322450
27728138
44671806
12298756
33877268
63119755
20444453
27196045
60254111
28004438
57704340
38533675
11543812
24534056
51385470
33612248
41356085
56988351
33846147
42544960
57640981
59437614
76190032
58294317
67889421
78493686
75215546
62139050
79058766
27021093
30122242
70267675
78870233
38413964
53410212
74671523
78967861
14975467
57994791
11429290
75026707
12120711
27298460
61731417
50468176
66251007
35653875
43993871
23657005
22006205
22998378
16767567
41941562
57645934
49314351
11894554
32632535
51159935
10947272
66062130
25942096
49898334
29896950
24058702
25624798
22613997
26136571
29398374
38317302
29215280
66086288
47784639
11998173
55516298
45044449
46657073
52812486
60973241
55594401
36632954
11534227
30974295
41044489
62919199
58280115
14109070
28583426
49911037
51969656
19622823
47392619
69072621
33969983
14109404
69081565
30096059
70637833
37758630
59691696
52720675
10278495
38446755
69551513
70043429
30757269
77808897
13901403
62177348
51859263
33659943
23490091
11742166
28238528
76505438
52439480
12873524
63074103
23855509
36869644
24226520
60627247
78665873
57082866
44152336
60448489
15907726
68890190
39088574
15826038
10237068
75113119
72359944
22537895
77960025
42927450
19093964
71980075
17870907
78911330
12382865
77573174
57376166
52500282
63459288
69488479
14303677
48307724
73925100
69892560
33005168
53586949
32451154
65392443
57574147
16379515
33266975
79679589
38576958
45980709
57044727
48879284
55143490
11317621
66740577
29145109
53383391
70619173
15053127
47625927
28868229
22019231
15991305
56015290
15887774
56055772
73034622
17534504
21364638
66896917
17199107
12806284
38052393
58725617
20002707
16572531
11141452
67147728
76014115
42080782
61562444
10113936
64542231
72232561
57257306
47834860
40776598
53855533
79542215
29596398
19382586
37639012
55422040
74374460
54772085
65500286
23575056
13457521
74652381
39797713
72098188
65376477
70999279
55444007
44321874
69195534
28707656
52322633
15478878
15679487
25726259
49651128
12914611
29024896
73382571
26037706
59558625
35118176
47434360
72575544
17039879
79224090
44895115
30407616
63005353
13305610
35619046
12088618
64732500
24094164
62924805
25741873
33835237
71669567
16662064
77326178
62966770
15728394
58388951
63798337
59898558
54019815
61946342
76556571
25214586
30658359
31688293
71867035
28722753
51495670
35243940
52327410
37188467
38618453
38694704
11572138
54171571
60557904
23468899
66825938
12848439
32755322
34843035
57453056
51888352
79130699
16427095
75771889
57206309
47086106
38093327
16282827
58442092
49576088
39990398
16519585
18132162
31588887
19492989
34325097
15055769
26613311
76104329
65906455
31079044
40271417
27321242
22696688
39540622
41239860
31249305
63182422
51175390
65914929
42059531
22563926
69366531
15918806
25272118
67153903
20986741
23356632
57081025
21685762
53151508
52926707
79474749
10880096
38756261
63256185
61923821
20015667
74996302
41087640
45027732
74940921
76338692
58883781
70126058
10892015
71203758
75184214
20356675
61982996
46425691
27631957
13352214
62355263
29787303
71395288
32158515
56433264
70348918
26912586
55975556
31419897
71664492
66526516
60758892
42320708
30333128
14713199
19664001
62420967
15125819
20598429
14474843
28520171
50866635
79895769
45400396
33511930
74886718
13503548
36801589
73639417
62916829
51535944
12269798
14181726
13439289
26186862
29375691
43378855
61267968
22275520
65341816
74990398
15422569
76394805
57468948
45202256
69871253
46938405
40361580
64457551
18821437
77342864
72640623
67475661
38529068
23693090
20688877
35732334
72701639
70011150
57775541
61039740
51279258
11097996
70422713
72325142
11383640
44068385
16051865
39404164
16434323
31340869
10685503
20311825
14777421
35557004
32473606
59035647
62829582
14218346
64934254
33741419
35061794
71431120
56884754
64675347
21524217
76725931
19324391
40717847
12906492
32919530
62073536
38412258
57878943
10122019
39731980
11765317
38058751
18202637
42676719
39014013
12416826
73574747
14290447
55806781
10144771
65546284
15749593
61340571
28598124
18499970
64248181
32311047
20425111
64702250
63012638
12362854
17284268
58025351
53682162
29828838
54729321
27552508
30704568
29110863
20298825
19989349
10189073
60690929
64745659
37504225
61417258
17752342
44613597
48854533
34373175
13933817
69546219
27353731
47841814
12050053
15021983
11985681
75586599
79670777
70539487
55278419
64594159
50180087
44443130
78668521
37397770
51252240
49492703
60877374
75055568
51321256
18830852
67731487
73750869
44045431
23200674
49755285
41802560
41148181
18796015
78412170
51999675
25599691
23984342
12343136
14422888
55507400
23710025
62052092
26862382
68405956
75320191
55922006
57001629
27075099
33627745
73077612
22541175
61087727
30410862
41280152
78552265
33547369
22479981
37898230
33487821
24495074
47363827
39073121
71449993
74694370
79768650
56177493
35514668
54923382
72344912
64654399
30101240
67455401
44968906
69073295
59176816
51604850
71010402
63289146
49754383
58544005
11569720
36293611
15181930
48689071
53878697
25955843
31691366
36875637
65614081
27686426
25340110
16240327
39915838
66620918
39839934
28235532
40436906
23022270
33916796
31709264
41478135
50322851
30638676
16918863
34693539
63938971
16257838
36099300
20601417
38116038
49028092
29787044
47706524
77178382
37082158
31978898
50784489
75034404
53640858
29553590
79427484
75091864
22063550
16295425
19472917
12429151
74617617
73808437
24700387
51505238
35492108
41278965
52211548
14585315
57614485
78879267
58291558
31706642
10506995
79294318
49816526
68259896
79181587
71555999
60897283
60859057
70321284
10287635
10583510
26760394
74513977
25845187
40186120
29838558
46635794
65026153
63979613
44595998
23627775
60147490
75743288
40418772
65413150
45173714
31219187
48405257
49149527
17438096
13053407
39311119
70251437
16818922
56270592
27929098
34895828
50553798
79580185
35256241
25393675
48177374
19449168
74052448
42250847
65050560
75985129
53866822
22998017
47451369
59987331
49052395
14102553
38266442
54674343
23474284
53293890
60806795
72606106
12112368
37609269
50373185
77985200
33213953
65229755
15782197
23317715
42308604
30849083
33888169
72632743
58617184
11418060
31005303
14639022
35657039
62600341
34465875
69628273
69042154
76147880
51997785
11683032
32009867
15954632
68765512
46900577
69972646
37381819
33641763
73058842
46128129
42532126
76075147
71766811
51450835
16097020
11196311
39609865
76341485
40760593
20675927
57322239
11462603
43691077
61983779
44741269
25116926
54378959
60385335
56992088
46183569
72595266
25614614
14776415
37205484
33985603
67223828
47416039
21917042
30901606
79765086
58189133
53070149
57375247
47821420
20176828
15459501
51129759
14013582
12872875
62173294
34747780
51592940
53762279
40071551
79578794
10131936
68557684
53922786
65173904
29247186
65394229
48866902
21924255
41785895
57701715
23936930
72110920
48837854
31384981
53026369
67489324
68954235
39969114
73993927
15219574
58521856
20387155
65901099
22433238
44550325
38362071
12670492
24223887
42329598
72023737
43119668
34928384
79824412
77887955
21765788
40725231
45261362
41766658
24284450
54526276
78687322
35435339
53563219
66313452
38963091
24912584
59388645
24136405
33767091
75534828
36668885
69233322
47562578
41281095
12361331
71394671
14348530
51837593
53484059
60394662
38875186
33254222
66242142
28012598
74384973
64864537
71912105
42502170
54362533
17775679
19929645
30809587
45569506
68077511
55905971
59270645
62134150
78571402
16379878
20463128
65541643
71152921
73872938
27509938
31857908
68576692
24058071
37616524
72738549
23398275
36859824
35897482
13775702
47644716
33547377
12455918
18053048
22194329
24042008
71086560
35476259
52101517
34365389
17955229
64062018
71158095
57152541
25239667
72648941
45534839
46832178
10801125
62718185
24775854
29470911
15254230
47411032
22901865
60433542
54476240
53547632
47221001
63560760
44603398
79198496
17834112
37006699
37534241
39361667
77068816
55949429
56016582
16355421
30805820
72198050
17433980
28301847
71065507
48778801
24390554
17595853
78015259
74750075
26188828
18288515
18884527
38447661
32048729
15005231
20698216
78456067
66998429
20781973
44741450
53635777
31874795
50966411
79376221
78908835
19532945
43059070
24517702
55525374
10573881
19407062
66628313
24242373
51163819
48807239
13301394
79936228
55069853
78722424
63807136
30080139
65975541
69147144
65436107
18103670
44104860
28866922
40836413
43467508
20117390
35562996
19003281
34529154
17660678
45284715
19142693
31807008
50320606
44306425
25678986
69445827
61159930
72155971
50170352
25234145
34090583
67691307
37740293
23552664
43872374
30671672
72565460
43891894
52364813
45985062
58702875
48117599
17463131
71550770
12795126
51169328
49117064
40535317
63059012
55566678
37883716
68807849
19079860
44456905
60457850
54117798
11417158
28613148
63004410
40566254
73539547
60281422
28292770
53390347
57484197
60283084
74060764
72467218
46785218
43432455
38616825
34416430
34467331
41499954
47175852
58815958
25111500
23028847
71597704
44806093
58503110
28286606
65043685
52258657
53036055
68811819
71569024
46382186
75981367
70411248
73082456
68570763
75633624
18351184
75431227
39025773
52197411
71803384
23856901
53105220
59309098
77529752
40663820
29973915
71237905
79319994
27984955
68508606
70921272
29494042
78597407
41905928
49483623
30075489
53714543
34093575
52547151
22299695
66925892
23811224
79853550
77340278
37229553
79510974
11643083
53958766
21791470
36576632
15050058
10021650
63355494
59363500
35372075
34556224
24701106
50676214
41239442
62056502
69103067
65027643
78117178
33507635
29544473
75017442
74370273
51096674
35994235
53883023
43511963
44401837
57582023
20680555
59063350
60565110
49897301
29763284
13401447
21038804
22176872
55643397
60205334
65701567
62096342
74650154
66803178
62138902
70392605
15002828
10131562
36218129
66235862
32367456
22841272
58593510
20782554
43444652
35136043
38576855
74419118
29501490
57596201
28371718
61819951
15982547
60850138
57942277
42010888
31006444
36427192
74397086
45457556
79901401
66586535
33641900
23053104
45141974
30639379
58674916
34522485
65188084
33834000
37992091
68874792
39783576
38110905
37764209
49788840
17581002
28794744
78110885
36584138
56926657
27069223
25446786
58750452
22453218
12928785
14791164
11612119
25516706
47771235
72779882
77252568
25366031
23723361
18454364
72266549
39169138
34669000
51330304
74085033
45951072
57865579
50549223
51801105
11286188
30945989
28561310
76913257
18737723
72745175
57628766
69537422
63477891
64230536
62762777
78709584
57980339
37135236
18979219
39107857
56875246
25371868
16045001
35646174
44050664
30411399
67933890
41109310
62960621
64244317
36592372
13991818
18164962
66372732
75978252
10250231
53004556
65067172
33518715
44533367
48821960
52973491
62461766
10420993
29038007
43548071
56984860
12752690
58482500
78112374
27848408
78969235
34555728
76395265
55353996
63947238
40147291
41616374
29138117
13291987
57538500
67873362
39268923
57809902
75555773
19179279
22896471
64594920
69304974
15492952
58236011
75256994
20197174
16297042
17200262
38862768
75556711
29080923
36705487
12098729
73022352
74201676
67900186
26465417
72925345
33917061
22124055
26139153
42315606
51142405
77259517
12488144
66294061
63815626
55399577
15088539
32074556
62828237
43971122
73938137
36043575
17838941
36088250
45432211
45179631
11801951
18441557
73378490
38720008
27566364
19941699
67340290
64152949
78417030
38886746
32969573
46065451
40215254
61662376
44583674
57447968
17283377
17017955
75833124
57732712
55367678
46292816
60736559
79617028
63650991
60042301
10171277
73406526
50905980
78470076
28380560
38439575
71189747
16562865
58878285
68445297
78490574
46146254
35967642
37384611
71516022
43017422
29878589
29577390
41301473
47967335
71220767
56021853
32611827
65866096
21885324
40188544
34219726
67734379
11467256
75912156
58145489
23593077
31108188
18667126
33711646
43319676
51280408
67430565
12705421
70084615
32575489
56660816
69127140
39619149
16942263
48206556
78471380
29152316
26380660
32004757
45272994
43300239
50769841
64631024
63093290
38549561
73621622
19080961
65296596
29535782
45882465
19878917
18175576
51245764
72025363
17059903
15441039
16077234
45482788
52755784
63451460
13800760
60059073
10975112
47587555
65745877
10555839
10614101
51781921
59669558
22234908
70598522
31924717
15121632
32673937
27328454
66226686
63226755
31826641
55112602
77643497
28641123
59782459
71327677
70036559
69642657
11120113
20201961
43104951
73146677
38704996
21047100
48199721
20531792
75875125
52566130
12029341
25962977
37692739
72200055
45324049
29625255
15369337
40687424
59402947
69187251
25534442
24649817
17857997
74473608
39988602
67472430
78738482
37355826
74526295
36408346
12568101
69686581
61629424
73640087
37207039
34423854
53426742
32224699
57866466
18018205
14928476
13886613
47564874
34873513
66052321
78302366
19143589
43935757
44517976
12426062
18209517
51049527
52548791
20127222
69193912
44512811
23655842
56754929
21290492
59347456
47581619
67470428
75955748
77115328
43399680
78270004
70139023
63944811
21042682
53778108
70564533
66817319
60596687
20589887
22679338
71766928
40601080
66656406
61727750
60335659
62296372
22602694
25927403
43150798
24671009
18821549
74496620
29485901
67145933
44157583
25589702
26091794
67704449
58604169
39092273
51665616
24367204
75242949
31277544
40548096
77840500
61017938
20149777
17553925
41209516
46771094
67203222
56894926
79289003
13719194
46838169
78541536
60895822
61954211
49412278
54150968
79574460
25842433
68050102
74134752
44968399
63719638
38417654
48620879
50411036
21462734
25317570
29396438
45490204
64900320
12422952
58950934
63553666
67728313
11861663
48918430
38075910
43604200
15167373
75094835
55721311
62431974
62857945
21669729
15628573
18091363
40595197
41218896
49462985
16508526
18140594
40904375
46850216
49989821
59382042
34309567
11248749
20987706
26172473
23849214
79205283
47297350
39452300
60875992
36270139
51991679
20938814
67062361
25467488
52539722
38076568
78989028
60711717
72918696
71161815
64645344
65186135
29654884
32221624
35971841
74897912
33384180
43970993
76259604
36935185
50710838
14801436
24212972
16931344
44179345
53464233
52861039
53976804
34150572
75877073
69115024
75440781
52192304
26480387
72545233
18625146
25802231
35319530
16630604
40334030
45341284
65654323
26819353
60470573
41578449
22184706
43929665
57118304
24166825
37726096
62289440
37320962
74642096
30279862
64482227
53096931
24999412
42788085
67318243
52168727
15539004
46316288
10029813
63543055
65191993
66832859
51850767
59582227
33424070
11615181
72044970
21527501
55789382
78459680
69490604
33544531
63152706
10458819
37274525
28831264
19332439
49627361
55017835
57118996
14051939
44424385
46652488
71036630
40325526
64525264
67415983
66755475
50228538
15216813
37923330
63689611
67405223
60685439
38606051
61716173
57516431
77330285
35515141
71869073
75896971
23938810
25300317
67228660
28194407
30124742
56374447
42881204
63013126
26310714
75176962
49727481
43384116
27599780
54338446
76774402
48598748
32435781
54011924
51092244
70923719
55859287
77087885
74773622
12126861
47333769
33066405
48243565
14178465
49262729
41502969
42769936
55704130
15243762
68085120
18231691
39348355
52972556
30346985
14590723
48144196
62450384
20232137
29427719
78227708
54820786
47448574
17042049
58835195
49781091
53189769
12781652
42121967
55327209
38715260
18836621
62617967
10931253
60874603
23968689
41007197
65122774
20186886
38474248
76073728
35538969
33463157
35851435
25020117
46345673
71357430
51592253
61552633
12604325
79870487
62008498
25940295
10432184
73342551
38500768
17517201
63239735
10658139
63302072
18234955
42033050
32992457
31094509
76470904
22859305
63393129
71452057
55894422
32381281
43857878
11398558
69705919
79870022
11717479
36964256
11045716
13823873
63293585
39260462
76411424
47248225
59729314
74910193
20509308
46108021
37696893
23027415
65291772
52124829
64149428
34673161
15688505
19190617
40245806
24389772
67405223
26990019
29033129
34783762
47770077
66982802
69974585
43400086
75320186
12870581
68021583
33792448
18120459
65345697
77270161
38135480
79040239
45859865
75099165
15926069
30997458
16739202
45641433
75735271
47010105
73317241
17605502
35038411
78840394
16773329
18530508
50643541
41861707
55316734
40931929
66544343
19057483
14790287
27030294
10715295
28656014
30777956
36158476
29135946
12080563
37006644
25956333
15243534
71396329
42522999
21065982
68001158
54667943
12053262
37707220
33226944
40234634
45626603
38814268
49014820
68713308
64875988
20867948
32889456
78309210
25115750
32991510
72687866
78869263
22523855
33212905
23663640
47697835
45757963
40635609
27846628
53975663
36401120
33043592
40550539
39977525
51044723
65717557
47347524
45285473
16113100
43389158
26468585
12417209
33534666
12925609
25041716
67159223
20599528
75782983
15158570
15560068
62498002
16508850
78667913
70975107
62706142
77613519
43791256
19456587
26633956
76059784
39009204
53749282
58633341
10093246
68929142
36595432
72111144
45839230
40380460
54854299
51151145
59978995
44333537
33874281
60551974
42181087
57447769
73205037
50129705
27429040
46460837
71891478
66198293
74351363
68401200
14569146
29248072
29916998
37543766
41581057
28125271
36021607
31872886
79339517
40712798
44139374
11420654
54160167
72219314
72232362
18355425
66201142
25806167
78590041
31068472
36041882
15914063
37308991
68823133
57463403
38834717
39754050
51516245
16962544
60723318
36860336
56876471
44904771
21808606
18429241
69977558
19440501
53821206
23294235
64182052
51347022
21811984
12821105
70592460
32232465
27485885
66650147
29374098
22353900
69727147
47501958
50988408
52670507
64981748
13661306
20412577
44551489
40674998
79321156
64701945
30395529
44938842
74259515
22646791
17330395
12469606
56861389
78154397
44840276
77896464
50516280
15557821
45040051
62170172
48676626
19670115
55153952
61066701
77671031
35477565
56140970
28436016
45362169
13751531
71025545
51474142
63362949
21233080
26921670
43808475
48478806
75819539
78954597
76318360
64636036
25025940
60804654
15584581
72895160
57869970
44753961
78899092
53172391
58325784
18860286
70149996
54925925
16017004
47763126
60829267
26995763
24931127
40955478
47413236
45879884
24783984
24368342
65544008
36559312
10928252
10600338
56684370
42992373
32323902
30922682
37015955
39854024
70974096
42779182
22411137
63445182
13600957
33231075
71892112
36891636
39936378
18905808
42708134
23867431
65456172
47394405
28141080
51090756
15421251
50782551
46554696
63846322
52976919
42083981
70868420
75141905
60479826
45763409
44771741
30147914
71042274
68676502
50870096
23782350
12275598
14892571
76241431
64822908
69556258
70081877
76120474
10019156
34193456
12570348
29339904
56597166
49028538
57647611
65245653
44436241
14499311
47362714
72063270
38804060
64158919
26077985
69134883
37540987
63622714
35113778
69938189
28476763
21266205
55052863
35508248
70181915
46494539
28827457
11156245
59689468
64381878
49738830
58480343
69996376
51760768
23457080
57331945
45362948
30435121
39190953
69513211
36432395
70481382
30888209
40978633
70322781
78826219
72666873
31825552
21631400
36613746
68301691
35298938
43357473
16849221
20276325
19851205
10270001
57852900
11399298
47701845
77891273
53660866
37607548
59793355
73564892
27490607
15755536
27114380
68201463
21562817
12763779
46412646
54359378
31020996
25725535
41747976
49236300
71501716
78364823
43099267
61951074
39616451
33782567
28915637
74043810
35451115
72590275
14784973
64101132
78399770
11435367
68643696
55664080
70409832
52209016
22595379
40449729
35243818
79773785
38707349
61766378
64403298
25429051
47908921
75096075
45513047
25005252
33279699
44532966
37535144
55807416
36061492
37845100
78427019
10984588
48003831
10481632
17723047
34776015
39196927
18918562
34416514
55993847
24886781
70132166
39227191
77135369
38872553
40613058
70595786
60543852
75261548
27750431
54280248
44822065
47239247
45580614
41369541
63531738
24632787
14934990
42242032
73794852
73463472
76819360
17760004
23429734
58302865
69970725
58984542
75659711
70893833
74910926
46147881
27795759
69105361
16774870
40513376
50658959
55368117
19137819
55893516
65670586
28962244
27550054
77370284
14529943
64884186
23930333
14775833
42123007
41522310
55790633
53156020
46654266
53199013
60235844
33548374
47118939
13182132
40063151
51540754
72091445
70592764
71637625
68203138
43698807
49268380
49466425
63515466
38245402
28295776
17069222
34435422
27319013
39428781
21926106
50112074
28573434
71104574
24387810
44106658
31876123
68980966
33916824
17707690
17003621
47357506
24036865
69658449
17467133
70125675
63838793
72622472
11180859
22976357
50287646
79089289
25269936
26399173
42754671
62806018
49158729
33883140
59538029
28856153
35693164
61686745
23608519
11079037
55895950
47706383
46709632
61187343
26889252
73103234
77998558
27367564
59554295
71481167
72144660
72341557
47621413
14467801
54068669
74643066
62515173
10693464
19107338
45131847
47148256
76186438
31445439
44912788
28292935
30918642
35981941
44391998
53099583
18483063
70229895
61555629
12336798
39550065
75396719
38546713
23395337
47376501
13144787
18346988
54221254
77606959
54110501
75941662
40046221
71155552
53433464
35187400
22061944
21151870
23911580
54681008
12791338
18234025
47499555
20943336
14768026
37329593
30860717
49681096
73780724
74044630
24375753
65127465
61111605
79022844
11507394
46534277
79821052
52197305
10910913
45611449
77762681
27773649
40506086
65005719
30981103
76345536
17138512
17567476
19335411
54038638
42972546
46872089
73671116
72908951
73968713
48555170
41507991
12660891
25173091
33773135
25978042
24514418
70684213
12192271
59087758
40183393
30733774
33119427
54975402
49385484
75882505
19978954
57240145
75201633
68270822
56377961
18994006
19976122
48826242
48489803
77368966
26091184
49372960
51768804
52090671
11343054
13159016
63684678
28624415
71927699
76071025
45283619
21716383
11330363
13446839
46667938
34944413
61892662
56859992
73497807
66953426
71539904
67863492
32851093
73852247
73964268
51588083
26578740
68979683
55520547
48531252
47297617
54300721
35880085
55713473
26037478
79154854
48733084
43313589
78493913
78607311
55184187
40053022
76966770
41637604
28372339
39380783
58127034
42329657
39235129
61723186
67033458
30884776
67324666
26948452
29787345
43644175
56585219
34203403
11138422
77867659
56951812
62096336
29735033
60571295
23962313
22872874
75860676
22186528
32876131
30549731
12942609
35590456
25901724
45127164
37106417
19898445
34794008
40719118
23834629
12740855
53434665
11380188
17530577
17770032
55112491
79927631
57474562
19850941
68843455
74194661
24235345
37294649
40825017
40249071
71399500
75157827
42023414
38388813
51078564
22350251
69529451
32226820
56153077
47315486
12396716
42121887
77001632
37509277
12057244
24842498
79816793
24240440
55791484
64259773
64456834
30115885
72542403
52567192
54188812
64692514
45858742
10976264
42507324
17299243
47482526
32573102
71781572
46020281
12933865
66361727
74360247
22229793
62837348
10145693
45204166
22076798
25244854
23542914
34840217
52647864
25276157
75207703
14379845
75028906
75693883
17150265
78812592
59802025
14762315
30154352
55330881
31555046
27036641
57815641
17604323
62299741
16504938
42281467
35961735
39959777
36891064
30814962
43635603
44743570
12249476
63091022
19840850
47018326
44337690
40580703
62092849
42053929
12337180
32306770
22792036
67849810
71284718
68008079
12757398
43943174
44231367
21511913
23015771
39239156
77509936
50277273
26674948
45650069
65913120
52899050
55464342
68601489
17742237
33527193
74392335
72631628
41738784
59106585
27196719
34363760
24395813
51873281
55122928
68540709
13211369
11659537
12364840
30683593
11461433
46902981
73410949
17753638
38107874
61908493
60210069
28814614
13527110
33176113
50261864
17389434
45717198
10353153
50278936
64432801
10987938
40296194
77971703
59028538
53625285
74449270
27841583
36272447
77569986
45160184
56708163
27584256
30909659
37609116
38808715
79263692
49333160
12784975
18371223
71803618
18840597
69539811
18126492
54087791
10148469
54280462
30947771
76894377
28868041
52463152
74018079
40459094
71799966
65576434
17249127
59440284
24673090
47938509
11129775
68456896
44725365
48761620
11872154
51459049
71428090
10913605
35182763
74971107
79141520
16490750
17221626
65984203
15198054
53210443
67601271
56287149
37413661
43931656
24500948
73394058
31230938
18623041
37192023
67090720
70602482
32421435
67286686
21296266
43408376
70191873
69543527
28719336
71731354
51648998
34088676
53626004
67042308
77930803
56236588
34247612
51717797
57596179
12500120
23831553
76758264
75063839
56999208
38923202
32658560
79305138
79538564
70251695
14096920
63833309
54660996
17872277
79713766
23739212
10398008
32858114
53797300
18029598
79905511
24927605
42086215
77282865
65902419
74414203
20803215
55849459
60397515
77197644
50951660
12695145
63273126
33569325
58511231
72570237
64526679
52962091
26761480
44968551
15354993
78377046
41849855
62902394
42916465
49749134
74168739
22414960
70996414
42455887
66479049
17738672
53405457
59967619
66947140
19064507
43873206
69206882
29801087
65181265
77720732
48088342
50483572
61739405
36370480
19127064
27915668
34886550
68058808
64886352
74325817
29065229
29126034
77051188
23539916
23035245
41401909
54120080
59489426
19007429
64567906
56489207
66139459
51149257
60599764
63755402
64156505
71366716
52307805
26790095
18946694
55720847
19920226
65227385
49135247
65013899
52102512
79199892
79836714
20086627
45333904
50888723
62657816
70655240
43427892
64472962
30787302
27260086
15313280
43530980
56500652
47764121
34913016
55940621
47706541
46160254
26894585
38884951
16380858
12350876
17031401
77087779
46422127
36913900
43241589
78759386
15408792
48796474
24605939
68302801
19555821
46269092
73989529
21389435
79032162
39202247
74627603
52464437
77901289
72624669
26829282
46025578
33506415
49068646
51773155
47737437
24709150
56023594
14171364
66748708
37101646
32139420
46128369
42198250
74354201
14197739
46860174
67338099
28248067
61044565
63268246
34543290
16859634
21045787
63032641
72922874
14007324
18203492
38085521
60973110
16437885
62658737
10393186
47309922
48514123
35928614
11750093
32993847
15243174
76027288
29672234
57486162
50374831
78083167
57989910
69040836
30030723
63962695
14973064
27257890
13612914
24130270
61276001
55352453
52994381
41822219
72550627
49422987
53767020
37132673
28498958
43295260
15870747
72345869
77413407
39141997
78565362
55640965
39334810
52655972
40887799
59440613
16423841
19380814
29015370
68723541
79766167
71753617
53045531
77774843
15446342
69227809
64416105
54481116
46753179
74170362
23114573
43050331
69066485
31535028
39892058
57612896
23924414
75758489
10723879
22377179
28397030
61775963
78611582
23772237
43953257
58022891
75449071
23654424
78994054
31869211
27007812
14993899
47677422
25905769
24299385
22494418
54685691
66828775
77403222
51149334
68164924
14721005
19970977
65301993
54929426
11247752
39750575
48249586
65689425
65632936
55257519
10116908
79452009
55318936
15846899
35403726
75486362
68544451
35648274
58750875
41097044
43600239
28213202
43445661
11558274
23211492
35813096
13764993
64423349
25576682
66798428
24516602
36873053
72770433
45106158
23426433
75516892
34336228
66018784
34566789
41966443
52751102
71709415
10667538
48161887
62344986
48427123
39811197
37112999
47565200
28103047
73200865
71996450
70998854
41013300
56548721
36846488
63878082
37644667
77871421
72950317
34944791
17188106
77430063
32139911
36577570
41638829
41625253
23329543
34169269
26806308
15113050
68040667
41530062
30858750
68592416
74853869
72179635
51543029
26984796
39908080
30549596
73078804
18865465
50840312
79760652
72275648
71089043
77318584
30768135
35079305
63347272
66885616
22525800
20520770
37127984
53677912
58825789
39397621
47391910
75546292
12780877
13031863
61481959
45150208
20457143
63448821
31603101
46799243
59261346
77730611
54787557
61612906
59214147
64755123
55462607
43850844
58341834
54514743
20774240
41601658
53441158
36966655
38906038
72366569
49873085
52950745
49954663
67487713
42285676
20304803
30324696
54439681
14528268
28999710
39696625
65922586
40590606
44447582
25090407
25974862
51596585
43338507
32295574
64271711
35587567
45079500
74898078
54107492
73721834
63668661
39140356
21472170
70676934
25049125
45886559
79183142
20533873
41849424
46586547
10690778
47598496
35343981
76603344
33411915
32736538
36395783
23327766
63675515
66694121
22344700
41959674
74577789
78767196
27548495
68408466
18966309
42138789
61920052
23701736
46425515
65070027
18671734
12644046
60065992
56910127
55322635
49368536
61257745
79092302
31971167
63436651
62842611
62717797
49320824
12803005
58877508
53229393
62596367
23553496
21592789
78770206
26230378
19208201
38498615
75250123
65977460
51265043
25780630
14886202
20315271
27563002
12427667
15311154
55983053
16557734
44118321
10277834
76413671
14730654
39697658
53681707
13998585
16900725
43495357
11732141
39449015
26072326
20627772
60015226
52229669
25197601
66466544
75405995
25487103
45188893
58492304
55949754
73672831
45301420
39510763
65228634
44574778
58951101
49078064
42442046
17301078
14003487
58947081
59750282
75291077
10834938
77916264
26184291
47921639
18043732
47851687
30926786
69026001
78888756
53151442
17252270
41527173
65849873
46975535
41892991
53133323
24165740
29612525
68732592
36635028
34199460
31819702
23011582
68734685
69853126
72866374
34494969
52817546
30254024
19232418
33694787
48177208
56237206
31992018
16865999
17562635
46417182
56922716
70781695
33862973
16785932
46132737
61587598
35054520
39697894
19939139
22664860
58489153
27866316
16445860
57332756
77493767
72789860
69501864
68437573
49076412
17249433
65457350
11540710
66115525
67003676
66792850
14294329
17750981
55154248
48063840
77543232
21954802
29611739
11167498
30568512
74269156
67352128
46488243
47387970
57270353
27015582
16877037
31185116
18457123
37532185
57350357
70614140
72002678
20448643
63446307
36829829
50858099
59231332
70127832
35188819
73793312
78761869
66575031
36878179
60772816
76052244
35855021
66278765
69219727
15280156
37579735
23072770
38814808
35176338
28921824
37270209
17818441
65422929
10628373
27410605
18379482
11157260
34639364
25299289
49786906
63686648
42726850
48736622
55739326
70681584
75823714
22079806
18582299
72304732
48030119
19578672
21354168
39908822
35645793
46046153
27459562
36170235
34091077
12931659
43753974
70540089
60227448
31864581
44777477
51849877
38070760
62268631
17297881
67454535
38854322
10499964
51133161
35171259
26916781
76263587
29720121
46982693
33100170
18190219
61659302
12627014
34772234
32713635
67542195
50867616
54510632
71739321
39225143
12648191
78457758
35222396
13550985
62845243
37299045
44291982
65338754
45353386
52725573
28677518
66178284
34207963
18828325
75414705
55110158
12241105
44874739
20710632
60330593
15119641
44650021
23224541
52857257
55807748
74109962
52021153
75501559
28699008
22750721
66085716
73200828
39159511
54432707
59145472
32840605
18061792
54641994
13235863
38817246
47937462
74402892
68934479
47723927
23748887
62327105
57366565
13275072
72008816
20074698
38482724
79254841
79335081
44187163
62546474
53964403
48145210
48703819
19869865
21287967
68159529
13561497
34096114
74934272
60593847
79979388
42145513
67773185
47421725
26810950
26990515
46325466
10671253
42260205
33465520
69414068
32403427
46816763
30602307
67245800
15015551
58294603
33413609
67033002
64021286
48041288
11208957
61473414
52719684
60856306
65950884
69507174
74773330
26780412
19938256
63989567
32907093
70190273
32986990
27636027
30841553
57301994
54607689
13636119
30334211
45221540
12853507
36947160
26450961
68125052
28931543
14070081
73719968
71210169
47471432
43016347
71398562
51727974
45905148
40948393
59713851
17061944
36548036
36424936
16134678
61897624
52155894
48298785
34037435
12956156
29058912
25030066
44687675
43559109
18593188
26907550
26202721
59778856
64889533
37217933
68152355
37047758
71416967
77667609
35732643
58701012
57698365
46425173
51464523
35802855
12865893
74521316
78359708
10916094
67050790
58383953
66479526
23458496
32046478
24756739
55055292
15236840
25954465
39335471
17660064
27363686
67502012
64980940
28953728
13683460
52066702
28595568
30021787
11480175
11829484
28444906
31196641
22300059
12746153
27881404
40707007
34069712
60543111
20056396
27045818
35828037
65068560
54134346
71393939
46062152
47297281
35259300
28127203
77658520
26592258
67875670
37893802
75939185
51844417
47257799
49488817
64222350
59502260
55931435
62705799
11199217
75661074
63007525
70974218
23507188
42596266
46504340
55956920
11931441
72072733
23716680
36301554
53099689
58753731
42251324
32596028
49665485
58655043
44396761
57670630
19277584
19980178
10174588
47328050
67968453
72306110
45084764
22707658
24330983
27810506
48179967
50401561
41789623
21835157
18870046
75336857
75166761
14768424
66401891
20531544
76881679
70024396
23196706
70508958
79167585
62292039
25733562
50946799
32933441
25486047
76948251
52002112
64214985
49455158
28941059
55977981
34463497
30978606
63809547
72144044
70579490
52885569
23346122
55883048
45640604
46796654
35281805
72930864
25703721
42468095
76676125
65143704
57099838
61847186
74817863
38065499
26635015
65181314
63731266
75586411
63736277
62524496
43239538
19357832
71487805
52179476
40883787
49100068
66112266
55600430
29754093
31734323
28750087
79049347
29689114
32004581
34466478
78370266
39041075
24553939
22229115
45680460
41084035
12326344
55400140
23886255
66435455
44631269
59781286
21488057
26125202
53480786
45183472
37577420
30440505
39354523
43196609
40877053
37631757
30239727
77492947
52474638
26419167
49162400
67101200
41074455
59405085
52609292
42191226
29828014
50018575
21712961
31574879
19084970
49823623
40479362
39627659
63867091
79041167
79860685
50869327
41759418
59662128
74981054
10426941
48404656
10386354
38105973
10935709
79594042
76914907
16288893
26328470
38688172
28123581
44690510
18875206
59090547
66394473
44087469
72552127
40461879
36167544
75991925
58382891
58191644
27204925
76249688
52198579
42078935
42482616
78859730
38470337
47331605
33010323
20190880
48401816
66703048
26431928
20339460
48789180
18400728
14817167
56682092
50385139
31523136
37387010
24528821
56329192
32878786
18032304
45821030
42424666
31904952
20848338
39603896
62326775
17776604
20129678
19897442
11035108
42324470
12074242
76564424
55158440
65454617
27271425
28311446
32228367
78875163
56410650
64351666
50441040
28439872
74433202
59016200
65640716
53177639
69281102
47877674
69915563
76881133
46426144
22505751
50457970
54920447
23049353
50371555
57818749
45346795
56003901
74283025
57814123
37668708
41674195
78811288
21690251
34794122
77976702
44612312
13087714
56262899
26135519
70292109
55073616
53250106
23969223
74625942
65138447
29646137
34954255
75172686
20718126
47782748
35832599
63910126
40954678
23090642
66258631
67593159
28088845
61232190
21600244
25855977
59285503
74049726
63277407
46907353
48648934
43547455
74882335
12459507
76290683
17292306
17518933
38887817
66848968
35788031
17642139
73625792
19030672
61197278
65719339
42685284
63304529
73346416
49365735
48834379
69696180
25936565
60128147
11035598
29289118
43718376
37856367
12969852
51505062
32502043
16800541
61690102
58737346
17689969
13871018
26223694
19459412
37603044
17875639
71818606
24301576
56378726
31787497
68030460
50362075
15210558
21966251
23012949
29167127
26208313
66886493
77226272
44190863
41351061
52742328
61568189
79145585
42738154
20029521
16087494
32940401
74658245
35483622
69971478
31813333
59429226
52729836
15408520
76008862
64990662
15512460
45547266
42530400
22512020
49203166
73635635
75081121
15194914
14716302
26379767
79581919
11327877
34293885
33794028
72897108
53848928
75372277
44226657
54067405
46625042
35563517
62304261
18306931
37781704
57842145
42648101
30112921
28121307
60736118
14329394
78710071
40215866
36773069
63326683
71263884
32980906
60816075
20806322
24377746
64290553
23180114
40913815
41382041
16191081
62421532
73886608
64535747
24220331
51864172
19900154
50159561
49726488
78604894
21237698
31149688
18313264
30476613
58624409
45545799
41890577
31186229
42420096
11000294
59888130
55141494
65989955
36112808
34951460
79394226
74807461
52120305
76829650
56985134
55169625
47938864
61963218
21879286
14773598
11660102
54288210
45066142
70487347
67607929
35998054
72355448
47616748
49141671
55131781
11655464
51931546
23947082
68687812
41842064
10878835
58673094
35789402
46831992
29947086
15088268
38197770
50834427
32257499
24188311
73223004
76893896
75027817
79869315
39963888
52640429
49987407
55709216
31018460
72893670
73647867
24765065
64236488
64152378
30121659
45998581
45769101
34273337
25807704
39754903
36352995
12933361
43976087
24010010
65655588
77908581
62813914
58781478
27699022
38572953
65297088
52734083
51428124
21689720
44748160
75648945
24700938
45058761
27313104
67488951
64250094
71289177
16971631
39978764
28980104
37025546
67035210
22513349
29329408
68856053
20922181
11724620
71302485
27135278
58259953
54898291
79186509
44955903
58297390
45270980
14952505
49649993
10037361
25547216
13463227
68424716
46012288
62672750
21960096
43554469
56440908
76567738
35787355
62987688
27480861
65243320
68547632
19694535
62953520
56923182
25562820
76545663
79391237
63171800
17527872
29169951
50868585
19750576
32773738
71789185
27336247
33268496
60144621
64767376
68926640
50096587
50719803
42115603
38692913
58397873
44534339
28678953
70184714
33186579
26773349
62634391
26649919
44539893
66163407
32488128
45360855
59032279
69348171
13594128
69897213
68438232
75998396
33666269
13895090
37011610
32939708
17038170
27639435
57209261
68666398
13801082
30123884
46760109
75746377
20024015
77591939
42447283
20165918
38094575
49006163
37330357
35998966
64014444
23679946
18740245
23486194
57031920
68056226
35429327
66742223
79427156
62358041
67954168
54945123
79488761
45539628
51257621
11560121
76353214
50205155
74794026
35126308
40270785
58897936
65532199
61082888
73005130
16775996
61327439
38227962
45514731
34679850
79962365
54770473
65945552
79568486
41604183
14240012
17903797
65483594
17026206
14247328
40583887
31513632
30841213
23101446
32884398
10483791
36836754
25374160
19184874
23317681
14225872
23380190
52553366
11245749
29004157
66564794
67386147
18237881
47281336
24459536
49465270
61724844
27812427
79298432
64266388
11761331
62208977
33553648
47513447
37298766
21061060
12214979
76041337
50908724
11836082
39506320
76476651
42145070
65288809
50949943
76536470
31364497
35543156
31755450
47726492
33380568
26856163
20342588
33929820
71258617
64301059
66719600
49524109
25505393
55554920
35860758
61372483
42679646
32163668
54044887
11034780
50683254
70184379
74346562
37733052
44303477
40477458
55977520
17736085
42489400
48116218
46655436
55843878
53658912
33210780
40553797
64760408
58677728
53447859
57955593
75135063
64827081
65547432
44394700
49683458
15770938
66889249
38896688
18441243
21652065
72906336
12791671
33740482
47632572
77026839
74391870
35262572
70168854
39989149
78024631
52244404
53270918
25547488
38208068
75166972
63701063
59942451
37275395
21881412
10381856
30542660
57849253
37873913
48133529
47571331
25528998
72028341
47509631
65573977
34134159
77507286
44688061
27155571
34592105
21504456
62006907
20347737
34950408
16609001
52370519
57655757
44915196
29948769
19514440
76500236
50583878
49345172
35049902
10850122
69241983
33105620
43460390
45416447
41033811
71170759
57953688
28782680
60068499
55439465
76292037
21106789
28539203
52925139
59457238
45105074
53734865
21498649
12494903
34566499
60847679
34003294
32473124
61964396
14862944
58642458
43919148
71394947
57793791
48807519
42391010
35130020
35061958
18015648
59054750
11310646
68501463
44967717
71860539
37691349
11330657
69684467
57459283
45883199
35110847
63038781
31596739
54638031
33399482
76666592
76697711
15805333
15516552
24192912
44090796
58096263
24311631
61234705
62082300
72706720
60148864
39429963
29397125
37899688
36468794
37582031
61290944
60594178
63962745
79151225
60549415
32659761
10187486
45183214
42990353
70146616
26708838
11733391
35260526
47629773
12929386
72589364
66733039
27735317
43623951
56848819
68169884
44515087
20608191
12292056
18547596
24444292
14233384
56243586
23412066
25194144
67700728
73081963
22603880
12873382
71775706
51667756
50682512
66183009
58827949
73768642
57679117
43422146
64103062
77855334
70653149
56290673
26094140
63791192
34049484
74475688
13429985
61643062
64517375
46368700
35623125
17058175
75257168
72582486
64349411
73445552
40448840
51787255
76441338
56152021
39125802
20347578
24228944
20104587
66416204
20897502
45398780
10759848
36575101
40543878
41952342
11539152
27601053
69113032
74302341
10841618
43272020
32768449
48283556
73904076
51920558
43657453
33858375
64138275
76044057
54401924
57516748
10216194
79562946
68727655
66463786
11034023
40156188
52336585
36221432
38611730
42084226
17919584
45132018
14474220
18736857
10986275
72919136
36780164
13394020
19860685
59562381
41471719
72434790
38026421
61680131
56253533
36324690
78090462
19348148
70941388
51974581
52418799
29350554
43322053
78967641
73459004
14863099
32973735
78231071
29468143
73224359
20204207
75731254
57831146
79261123
13390919
53648136
48009669
15871348
45933652
45338642
48752795
79572365
36910743
52971759
42992740
46373559
20254769
34397736
41163841
74525080
75213299
68983612
75151785
36293184
25565219
18731896
45556939
12652808
22260515
23692648
71498622
20877097
67698477
61689941
38850620
48310929
48402675
72423631
73014156
23628984
69394758
15544223
38694421
22992054
49497144
11171758
26702269
15276085
70847125
61274287
57486626
33876708
42092869
40261475
28057496
67789099
65878459
33904686
41138855
63181958
47282093
11279372
68434940
12449851
52224873
45996979
78345832
13078882
61852741
45542454
73696235
67868029
38218511
71377257
21668300
35134254
36757444
66870756
13049307
56465821
37729937
39859883
12801818
28640248
48499046
51424699
63421457
57967799
78487012
25005563
23045088
43793258
28494570
35916606
55844447
77590673
36400656
51816801
34061606
47921641
70726516
57204322
65748445
38324386
15611544
65701663
12251347
40991473
14792030
29397109
16702245
18745662
34173742
61321572
28742845
44657680
20023293
31040744
34993085
18623353
58289292
30360866
38964394
45372654
51753855
18904337
38077868
68582691
55056232
10354182
48697230
72289191
62829650
53985572
73861441
46471017
28351471
17012022
64111052
32324455
58838504
39649386
49464554
23482486
47068510
55658703
72341865
49517564
62995767
19699755
26644741
28875167
36702025
18927377
77396419
70521086
46298886
35574001
13197418
21509800
79897511
28347713
63023853
76346204
61754419
33722901
68550264
68061043
51831301
10308697
64047447
65051355
17279074
56860830
53585013
66363938
47758158
42070801
27619822
66064100
47425981
65966960
25333352
64554786
27325939
71254178
31550363
69829093
43052558
49466516
52635059
17355554
72364649
61772000
20297650
11877330
48636502
52498174
65386027
67600704
32985303
57472463
73645080
34269034
65549623
38609573
68804362
36816706
20082304
75622576
49813657
27504684
30231923
71536101
23747550
37068277
25052662
22442674
16914128
55811747
46353090
51216640
61755889
25221492
15541543
64046176
15169619
49949453
50515939
59972694
22768876
47250043
36211918
63724037
42670368
51906302
42766156
76954181
69453134
38385743
13246319
78745481
42943536
37525616
78155115
10285356
53467245
46557769
41147410
18505089
64594211
75061522
13275654
49787982
34899950
24918181
69930469
42276687
66256961
31172318
41531769
67155773
26669382
20450652
58297495
27089267
66501670
29568220
25099691
13568125
16656669
54584476
70496281
75520932
69710426
61743858
49579572
33139997
29940473
79783850
46970246
45504688
76471800
29580744
42079348
65642473
65146622
26237538
13405914
51720218
14177927
15032403
70387647
13229065
55402380
21607230
77696290
56986677
25090951
61463262
51557461
40278292
73707914
20055169
20293122
51018802
57850326
19395448
56086355
16519453
16846090
18607964
45229687
35650424
38082991
46843795
41634412
35812055
46340634
55830915
60220684
20685090
29169217
28010603
28274332
58681267
68915684
55837139
48150204
49296070
51779199
23773042
64312696
76698460
66411070
41154708
32413805
58788334
21679241
19571226
28448395
57177360
30005625
51782385
65230489
46568562
67924091
40076989
22277440
68637178
16620661
19929464
33144254
34349707
72760370
77577027
61101656
75589333
39097750
40573747
57906429
68018554
12378772
73806568
52291777
63153210
43401359
59922192
45066617
31040202
46923169
70015385
38665409
15363240
77768161
60106235
16985481
69883192
15506774
60524451
54855075
29230255
66291424
50906614
56937182
38462405
57039823
49707715
34998095
59790835
41474949
50759705
14528458
43012055
40900994
22779593
25255164
23979901
26010986
65804235
69491725
57914328
79430855
28867867
55658566
57428722
52836195
17123801
11897465
32475701
31442986
40548432
70036717
18536341
63055654
11119816
71448594
76400143
15168949
64302831
47526801
26772468
79579814
18789784
11043423
70573085
18315308
62849274
14609635
73819058
29880139
73658241
19254404
38119485
50170675
46692309
14448388
24823516
43203861
38473481
11594575
49700092
78841193
31291273
67730160
73649207
10029882
46229950
19675864
22757810
78507569
58540668
49766147
50358759
33711279
60888479
69368823
52772387
15132869
18762127
51036858
58705554
17111905
71762654
23859696
62362536
11037904
15634222
71930813
41326650
25176259
58927001
23315702
66232827
24932920
39644421
68585728
55230048
60528818
49168490
48977876
14374296
39154998
67831103
17782634
37874386
31767260
42469815
53735877
43056049
61472089
22012272
40010229
27971663
43221319
45788700
16442399
73134935
29380303
24569226
26274309
22206970
14961826
19672204
43604324
31849453
18734143
50125952
16060297
62554502
56210871
78023972
65208971
29161488
38132051
63152025
11418351
14917970
13726713
52537710
69523339
43734548
72929193
31825461
39483553
26616198
36394560
61584473
77831017
38778554
13446010
59215310
29346611
76544334
13332951
71714580
77420280
60469628
23603581
32612831
23970740
75447994
22809213
59192004
44379197
27684867
32824162
76871281
27767607
60095425
33612300
77695933
66530628
79424002
59633572
50140674
39875646
77658530
51230294
75316731
51901563
55827857
38301216
79168281
51351983
17794087
62740007
31587590
75090055
62774015
41227450
46093497
24989214
28803307
41695058
69910590
22489289
13731622
57466955
58860516
23595880
46642118
10954227
22832377
71041997
40691270
47626908
55964380
41334729
51813714
20306743
79560414
79190416
74630508
40120919
41225096
27955858
76993650
25233162
21030140
26210635
78843305
61584524
54636414
51491540
12960841
34522289
24115491
46147291
17992388
56267957
78849448
40173030
55809257
48805640
68857661
48998987
68568491
71227669
45659471
62396446
63182066
46674242
44376361
74237209
58754833
45582274
37553666
79415512
77103289
70196331
60023219
35474534
47458301
62783624
26018797
20740829
65011666
79889460
14040015
17356148
26304297
29578545
24370051
24885447
69012055
71028692
26414776
67059545
48988394
41671087
63367513
30660640
22825630
69437423
63563013
16766699
28502049
47318472
63992528
52150667
30423493
28369426
12918634
17401628
19818968
10829119
42658904
72905267
54433999
78163717
15042596
68456545
52229925
46999515
58669254
11535410
10349760
41390940
17490526
69956920
39579729
10296177
66406173
63738081
72321193
44733850
10994199
65838946
28696614
74113169
59303116
71965356
38588402
27962838
47747339
44099933
72606357
39108395
76975323
53955276
15567768
16964587
62677766
13465495
39677320
18744047
75117859
70401319
63312506
72806935
29331509
36790262
20897788
40641113
64188045
40187141
25975814
27064465
51760726
16805995
31302821
57181184
11397955
61102450
38013358
73062742
58427738
46574011
64650878
34427527
45146495
51821034
55976783
24061279
50066756
28995155
25644301
33183099
49993951
16969369
59503854
65137733
32938234
18877241
54975994
16783564
32866176
59745662
74459700
16629383
79774744
68792475
28623468
64096258
48467326
77474906
65865043
42968430
50005838
60149723
52808088
53219177
16910957
58655072
21047853
79612685
74089735
28969167
58184496
41442302
61256562
27382966
60510988
42146888
34148407
54343097
39979042
79905039
48177319
16166197
68953485
77946740
21437533
41519028
68760015
75561989
17835958
15923808
12950161
36198027
73790892
16725311
20771386
13017721
22974549
66967191
27187491
17887372
28606426
77702955
60403172
70287687
69596260
65117261
53113447
25614708
14631004
37058432
49700211
71403808
69668870
25482856
74308318
24945225
48097141
24403194
72611642
34561413
11762204
20448244
51631125
38707964
48978098
72657162
67737030
12278569
39278276
19459247
43147260
72887188
68012770
64660622
20496324
38029388
73666354
64087798
12203092
31948964
70310982
36486809
53578375
38402632
10456195
53623911
24196710
14973198
74493474
11528362
36194344
72136612
53316408
58943534
58320828
27658253
63957955
18643155
75964577
23379659
33378784
29145619
21065829
76927703
22479210
14650215
68554917
24410703
18412054
66356235
18332715
12625263
45796110
68925418
24577200
39826324
56409998
12203087
29729934
65283945
39861571
40029270
77485788
43942120
71333812
66426547
39441143
56362419
59355818
56314118
64925225
18940164
55788106
72634238
75034971
37866664
64822389
34124291
57891710
41619220
23220459
13246532
64594952
20252881
10784514
53015496
62251235
21927807
16760510
65383350
64971496
79975656
66166212
38645390
72265006
25483602
50969474
42800599
14265630
47233452
59784570
26278720
27266184
15821934
62025113
22064537
56251037
28884935
70331499
17602495
34207253
75502200
20691219
61031086
30468532
49241473
63008697
71431741
65318087
63176805
48775193
26996378
59310748
74418062
30830708
46396284
13313723
20941880
30047730
59086097
56123553
17349336
51277337
19496806
21783445
25243680
58523941
22883071
51637100
44115565
50975186
30937178
64813326
61997066
55138030
71825113
72956282
25643927
61027167
76037891
74574476
31226936
60028641
21256100
16396153
50603018
37953010
48776427
24026520
59012988
53896963
35423295
78872054
77964681
33286892
31605842
35098117
45211538
28735290
66163266
76360860
19548310
14763090
51535003
20002457
56955785
63428398
72932278
22932674
70633142
65848911
10818706
20631835
49692307
38666799
63543822
54419538
23544707
28038884
63482022
12399009
18735015
50599904
69296651
61100801
61839994
61135643
35443669
61580368
15160025
12836934
41185607
20404819
50498507
56822114
36200296
78196105
20763861
55005823
23564005
64260949
28988196
23826382
32747869
30747687
64558308
36126699
45424315
43826041
70642153
22073874
16337479
15868518
11589291
27203708
46509659
45861668
57928611
13224400
25745940
66945537
15653278
44018155
68115808
31915933
34362507
50653744
62477591
14590585
22258491
18890111
54010951
47259027
56640967
11844040
67240646
61196493
79115675
55077633
37073134
34110043
27482530
63725718
13889453
72284302
75814076
30355903
55790115
53333570
61425604
41259822
78539905
48580196
50516543
16142453
56675401
60443683
53167333
74709239
58915413
74931348
23776030
44972569
42719252
56003456
19368140
57367764
39281160
69711376
15868590
30274388
21532766
66891878
34919381
32166027
27191615
53949558
15884724
31226329
61061320
42185790
70727347
40156915
41374900
21190124
26938002
73456046
22912007
79184278
67930146
61241823
49610527
77230565
20978041
64273279
57192083
61396289
11433043
39077102
73818961
16637056
16789177
43803356
71521116
68477266
45495143
61694955
22099015
13218451
46926453
10190477
49767847
54510415
76875180
59794246
18567962
32636109
20806349
66022560
50495982
67947555
16631430
72506143
19951767
19373551
52298471
76346710
25164469
60346789
54860239
54758303
22872508
62024800
29114315
17155738
45499173
59547581
36049918
54607852
55657190
23178358
58068428
69901853
18962292
46732072
57242867
52433953
45930236
15550616
15023331
68860945
61617449
14070161
16568056
68544788
69544612
16640981
19968904
70225623
66209323
24024141
69366308
18549906
71021630
60652891
57298477
34662982
29766009
21465773
60165243
64788653
30871114
43198605
60462526
67246535
23131778
72465051
28669724
37859798
63225361
56593954
48546764
33658315
75548974
30120689
28724228
55340134
14871482
62340974
47280046
67181150
31098829
33253353
13700568
22565280
43957984
40717885
75158990
63520939
19455545
41236471
36288869
55599339
35400119
60340446
31652023
51662694
30677491
74616968
22210878
51148264
79086029
30331168
64089302
35156918
63934667
18059777
37205260
33352915
65703922
11013295
17661434
65848477
25983239
68156289
45252022
70749918
70476120
35462332
53481867
36987760
79720076
45875986
39861982
76757903
19770488
15371045
21764650
12498544
35461497
44080389
25703000
66478333
58541499
72446058
72823564
47244771
45882086
74744673
68201989
58755262
77410815
77421363
11686279
71273703
13734049
34873195
74708283
18096173
79399724
11173077
65310468
72101587
59797980
69615574
32867223
61055457
19960710
10519676
53738691
43219204
76337457
50471382
25915509
72694139
29471886
67302394
65991496
60014457
32653052
11506440
47965477
28254698
21701980
69953934
75769308
61457312
37253227
79775971
17231445
63291180
30927338
51752776
63452495
58918271
48685563
72050270
14474445
31946027
13149407
33556913
64041972
19371520
79653170
43577814
73632143
22192062
74121675
71269940
49171924
50901228
48494992
70879244
11342643
79039583
41473572
52854385
13428811
36458172
19455984
46068046
31623329
13791343
77558931
32969288
55869216
33238245
23725266
45251584
24848268
60452378
53055802
11839968
30990301
42743533
58492002
21565462
68187154
79760086
19755715
42277458
39884472
42799457
17735491
10335983
54020422
29244209
11115059
13472108
68854863
72802165
20175568
74070293
49049611
78265792
66974237
26288007
41441685
39341377
56399407
42420104
47881693
77107171
38378249
78193974
50952561
20772941
66047222
58786062
66238160
70279540
76058129
27751903
51255781
15840445
71797421
68724950
79788454
38903310
48294580
28814991
62318021
24594753
31595276
39250312
69744702
59776929
79722320
17214554
72392732
66415658
26616818
22615087
67059478
69553486
26585982
14704863
67683884
31217984
25531310
73874028
66831364
10115064
54093557
57950852
40629215
53483890
26694935
24887035
46612753
45755284
42902537
72982807
66779374
68365555
43015483
29881016
17735167
23728195
69723895
56184347
17912798
60739298
13729046
54748613
40803919
53137537
26747076
77042107
34903926
47706342
55404783
67510208
39656879
10052055
48901821
11136263
12497838
70690177
15129584
32539942
11838346
50957065
41493562
17566169
16911542
66229779
26623683
19053883
19788041
72977706
30288665
37182774
54672241
61746095
63789980
79288986
15412199
21503817
56697209
19440105
10479177
59252721
70211732
75156247
44075749
30603778
68499047
58884318
45063229
13926888
12024676
22655740
65534401
23982694
62483952
50069281
52029609
34976147
78092995
65207084
14878154
58103684
34717528
23915952
21729096
72176709
65536017
10945424
44193500
53802064
25694202
78480106
30440391
40351724
28797364
78269539
14036589
60071428
12726427
68411498
42683027
63141506
73565220
66305369
12691207
46804492
34784815
27151560
17021982
57465320
77404727
72694433
19205053
51751154
44943500
10226884
76532096
17339096
14506371
77187427
62528504
78481271
38013885
33990957
44623456
39864521
44916702
17913614
33352262
14533027
33809421
10901111
42591471
62445901
68345972
34555117
14809073
67200194
55769490
11620706
21457860
29290600
74149408
17813516
26182143
37390898
21879882
34275941
34130071
69798818
29520338
22044455
47090229
20736236
50952235
16277609
13727904
53526860
53965347
69732970
16216618
75723973
56673151
48435211
36149594
40890345
30561154
42051283
30520598
77590057
79867991
10627475
39121418
16357658
20584340
45351787
73603569
44310156
57826978
67973294
70816795
47091985
54990622
15881468
64826093
61027732
23467149
57607527
46658811
17233646
73226994
41792217
66639013
65008850
63997927
30213221
30629875
79809366
39764622
45577294
75852304
67988223
31783250
75243658
27454767
34323577
44051597
13732529
46114822
42016766
36439695
36201526
70605261
13093348
43294467
48799331
52683639
60335068
67469411
33247397
65066980
21861743
24261565
21029513
68200099
76802691
43470507
16380798
21815651
69986033
61640044
11235340
40392785
57902624
21054356
41376847
58124750
62564469
31133380
13079676
52569794
35461039
30378083
74953891
52722720
47150868
21959322
32186567
16805751
69957343
77022207
20367257
65946635
34345877
46438544
42667242
73850111
26534820
36249509
46158359
36550964
29339070
53095047
61951532
38516890
51553749
60816117
30619856
47018575
31767749
45122798
19070894
77793007
10607648
25896106
64816383
59365176
24377180
42972639
41198324
43389637
10444842
37404855
54050396
49545274
24460040
60434551
43970306
14975279
54905946
20318435
30839391
62232248
63837967
11612850
27127641
51484903
16102910
51709110
70796160
71642585
77611803
39501881
66761160
37497323
55509383
79892857
14812585
76269208
65831333
37891351
25473403
39615163
32179282
10346990
53390879
34395739
43054246
28354343
66068615
16987659
43582122
23735021
15643473
60987056
76894326
14030272
25559641
77813446
16863859
27653254
36779335
11103183
78608066
46722156
44381012
59875124
14056926
12106040
45347034
47656823
23018325
31973350
44824440
71178493
49739290
45931061
27337859
64775386
57366846
56747785
64095280
13967445
19693533
68082429
78058992
25251348
58655668
22371798
46103397
14846936
71047093
73242168
26912240
45956188
29037186
71865999
44987846
11058335
76328844
59734045
27846842
11973915
79437345
54616401
15884902
55079978
68588216
33206584
50342474
79761744
66133999
74845740
68329429
39284132
48387539
57571247
45980027
13890549
74144237
56439429
56095265
40102447
31047574
24674301
40736211
71319180
67209134
42499243
17831144
10569503
51728753
55930676
36617011
59080696
57427363
63955335
15346471
17589077
11992719
16141018
58297079
