31328522
31213940
60292051
36926498
17535341
44717534
74310249
49571397
57387210
27499082
26354930
30798843
72836283
67021666
51761714
72686933
41963833
19478426
77881838
15561532
30375997
78655051
28471704
18215440
67736027
17739977
62087889
50982571
69842459
49929497
12292262
68403915
25898024
23404213
33796309
22603427
26319827
38489296
69177783
33855874
10184855
17873547
79493514
31683894
58070317
60618046
34828717
32830009
33951893
15462538
26079950
73661589
65944554
50744723
28473268
51416790
23620181
22004081
16234359
69533381
39384952
70063647
66425861
41482154
56583923
58525263
48146574
45072835
56749352
69063560
53871903
11242463
10280070
49041449
54971244
30131624
75496471
70668114
56156587
68036521
17094889
12750824
65257635
69051482
58272011
68214213
50078878
64188962
15196244
47605162
29164600
69471977
33947906
62621938
55963681
12966617
73846060
25620694
13394788
48779125
46354924
70063030
78423502
33386382
17846213
68211165
47659621
22300627
10640241
38733810
33138918
62392412
77721657
30763612
26559701
37980190
14097394
33023461
16490781
49267607
15450680
55529491
70275987
31443473
62657243
60897688
61907304
69160188
56593041
28226020
44384342
16857698
75384360
15510893
34300723
75297548
56932509
37240472
14268186
28051375
51524213
14186638
67970539
74975148
26368409
18587480
61274521
75971589
64089799
14516975
46847788
70527481
65637199
19852252
17539101
18282433
52610745
28906047
54027073
15277088
51249055
44883234
32832562
35951363
73117562
66265181
53013877
23131884
26230884
34181976
58506025
43236632
75269590
18125669
63278309
31224729
31640486
38892384
11167223
39414624
13602172
39280054
70494779
35955801
35247976
21647297
76463439
66345467
72318331
67466689
66579381
31037918
76651776
47501156
41388444
64132090
76028443
74785001
24178194
33141250
36509857
65086258
61895256
10434650
22764650
21876096
69854052
68971030
62682292
77495336
43530106
10957836
59997336
78285542
65019429
30025583
51049122
68480863
58379100
23640600
22909330
55105756
62822392
17269895
30229291
16433893
79501619
40844996
11930538
41478408
61823531
18885354
52295392
56500889
74759929
47588544
73377043
66466556
73067774
43110365
54361002
42136239
37941057
46225083
45307074
12076590
75080466
69650578
25121469
54830300
43029646
26888710
62250225
56698022
36878612
71414790
50882110
44842517
15317501
68235198
47601720
25935340
41219448
38350905
76452967
76673340
69921445
61498361
45036745
42496828
68456761
63470230
37224750
12703669
61383145
11010296
22136175
10495998
35490258
67375211
47171782
29379559
55291291
35132038
63036314
74915121
15705983
46515430
11505579
19865449
46823424
23364858
41878026
13793473
49352484
36386758
45055739
29179678
69964734
26438870
40242215
53453239
21155078
29568135
42761616
32714449
30793606
16093546
23848985
25655701
74874740
76284550
40471234
25593767
61655355
63480083
77202208
76153350
12721278
66368383
57586298
27026076
11945765
69092959
72481834
54772924
57447281
59170675
14170812
60439610
38711831
23333122
53750726
26474192
43727397
63559950
52973439
73993902
67013687
57080537
41285437
71362761
15799129
56331661
62516753
54194091
40878741
38410161
71077336
20582425
21572566
42848849
34802740
25533595
66196244
45516368
46440610
21520421
21797988
44281651
38695806
60334289
68610964
72393555
41684577
51044021
75167685
21452438
54323908
59843833
72404164
29807586
76890001
52338166
48211072
36271248
68860892
27009540
36918100
20205014
61315403
58943698
43005810
76521780
12876741
19504597
37553168
31211355
51562803
12941542
44859640
15079512
79128965
10844824
24432677
66474356
73132691
39752701
50825769
36329854
63347707
53744612
29401518
11696134
74987243
40887309
65944700
77685330
71271334
58348162
46588067
57489173
13139381
15987959
67612274
26866441
47756552
19478435
53643420
20541842
39508149
40028955
33986864
35262690
57632248
19738104
55918932
22452511
54237150
40013665
68548805
77718671
18006038
61653304
73364293
57570760
72156415
58944918
24112560
67697388
29961152
75371060
28601410
74324827
43320124
70759127
31592129
69372381
57429195
66691784
60123312
53610122
78350934
36194735
65656060
43988250
41341608
13482557
44989352
17048111
16560412
21733683
17437338
69408029
22199872
42417107
25142368
51738324
66423709
54217678
42821867
59203518
77222154
36819199
13775220
59084293
73623670
14908632
52332230
41719605
10209381
47290147
15718386
11404127
31496045
36772559
11427449
77976912
48617211
51980663
32965763
64666844
33282852
79091466
67179059
62744119
30190442
53915561
78091255
17152002
27718159
56221164
24705667
17742167
27294991
78684306
67456320
20340100
49595600
55065357
19087576
70798413
48329702
60941015
71193780
27567474
77004516
24610192
25151825
63045707
32707777
66839043
58879828
35753522
20985805
62225252
54271312
64005705
46741142
39182394
46910715
37646573
42689632
63119456
52799269
60946317
66465674
72164847
52379655
25561066
70434970
16095908
58635216
34709006
74847740
21560257
54719241
72996111
71548983
49177798
11966889
78126817
18552414
13608163
52686409
47151486
49415284
14027339
50227798
64854624
26257931
65556937
73127467
67248221
44676842
61237407
30255971
63796515
57002349
62449622
28193353
23510748
32638314
59784147
42922950
22632804
56490751
70605304
37045186
13171485
10929646
59602120
23135639
77427588
22686574
13283529
43510794
25181695
69567540
49375455
51579378
58796991
42629862
64749182
51905605
19853526
22529913
48638339
69862850
13747665
79355790
75330921
28859544
68120920
59021125
69217647
44322506
59443043
61261254
49807819
20729032
11320164
47570455
34518377
40932884
11285638
76141183
11374343
37677637
62304405
55522565
79547730
54935478
33574662
48577845
26929603
67574881
32428680
22576452
33324010
28689674
66286327
46617016
44976154
22893923
48443019
74467075
24708769
69134283
49439868
38626511
54526133
68271690
59761241
41429836
52731981
70223637
55605667
14754665
55011323
45875420
27673333
50824161
51139255
33053003
15633648
66856728
55941816
15210382
29163505
14175018
73013568
16814529
78583537
58630677
29043058
15583062
11122320
68830710
65129411
46709024
46561387
46221290
61822030
39738359
56416147
66849539
54398298
21294275
77550229
52739234
52872393
30798352
55470293
72195211
12748883
19687661
51364543
71941843
60124357
21483402
43315876
66436947
16403773
57742959
27928838
78754987
29946824
27458904
68228077
25968643
21143058
66263854
77835549
31074024
54991182
54734870
52306019
54379560
46830996
43522442
69313157
46774747
64673565
48896850
65975767
20224388
57760532
60990829
32077372
53074182
51104778
20733226
10841558
43250005
65629392
10267171
75433777
39664566
18103297
55496543
41215385
12402672
17075986
79715573
43829549
60454656
73716829
17170682
42679335
76214233
22472796
40196000
15556802
67296631
55523614
28569881
14349284
76854181
37022429
74615501
74701987
66429090
71735539
53455176
55523036
70434460
27106103
44838309
56672566
11414322
39853332
50951594
25132891
72009449
24373858
68812160
77500667
55290281
28699342
68422221
43634086
15322519
32619186
34714881
10765975
22215474
51214895
52187465
43670718
59340237
76842320
79895479
40143111
71394015
12236086
37268394
60741625
13346315
71251539
15132656
39892582
14877444
42183661
10631636
65002429
69877944
77623282
62311630
47665639
34841446
39718466
56854771
35607836
19657369
42579064
11465161
68904458
60461408
41901254
66373255
13253963
27082787
74877835
49691769
30471645
17212543
76258405
68277537
72018235
38651552
57841181
51813446
69069269
49746614
67291451
14472694
49317805
10440276
77615459
58785291
70351349
56432184
36927397
76479898
39283805
37790008
15368321
52004500
53876705
35494725
42663611
32212640
40173014
43665759
42367326
13111716
75163093
63010181
41138197
61732777
50655437
55076244
30718553
63159643
55494189
79285816
69537901
66762650
59419896
56720476
31887430
11552814
50314154
14737917
25861635
69740898
66036999
48085003
11199631
15931215
32059025
63425271
37327089
40060814
73224866
39564504
68499340
41248772
32308206
54941115
34851949
70187191
67058962
62925062
63115480
75485930
40084541
68834273
48395344
47014469
27333635
16185676
31591331
56974346
47867845
36581934
12473952
57092780
24888594
71656240
47144182
58542528
62877220
67687451
60187499
14528162
70968397
32313795
17128111
15176203
60129195
10481630
21823574
75156606
34365643
70494486
59727955
20501673
65163554
50354580
70762604
27939446
70284298
72113130
20362862
15132128
39969088
67484168
37654382
45096625
62334393
24635745
62851625
55854071
37653964
52184667
50368551
56882316
21563186
22025706
45743400
25913996
64811262
63705732
46816457
43712284
75881127
57061795
38026659
54349699
16879432
69703145
57379359
64264197
19396359
60244952
52679679
68144245
71417411
76603331
56099118
20838185
12307714
72906428
59074834
71899107
23019319
33964690
41219237
75603303
47697988
56360694
39076120
22072793
53810451
37691825
66183194
29210375
65278163
24178239
13796359
36717566
18882066
39540403
59115338
29207617
41801468
32075431
56111917
43214902
17512885
29508810
26423028
50129803
47189260
65215609
19942585
24667030
20543070
14952277
33271869
63397794
43298979
29428837
50204502
16350070
46732962
68734875
18027669
24927067
20543819
25197728
41951987
25455284
66627189
72365545
55274220
14300061
73452929
41294449
26208119
62069658
73773102
11551660
65158305
76598657
74843415
78015212
53102369
51557047
26648596
35245258
49817194
19068489
79691696
56218059
18937365
42001053
57421090
39726273
62477854
34504579
68151595
15434693
54828600
50449022
10070947
36339203
75024917
66630115
39813078
29000622
11895078
71964025
68614828
12204794
77053234
62182103
57517996
18612065
21476137
43035831
65154645
72681231
48077002
42659045
25329695
77465307
24238103
38960586
41074060
77762818
28932089
14974197
59246624
76891029
32778124
26043578
37854315
53721585
22961225
24574862
44999962
28295941
47586134
35077126
47942081
49843115
40428105
26927076
45164564
73158910
61172245
24543244
59708854
31149192
68277156
11523143
65101084
78606863
39318501
75030220
26375517
47652276
61807424
71582091
21911576
67263820
57774913
15730212
79050686
13208909
62614416
71637151
56614374
44368230
68379303
47997976
34427399
35996703
31041974
17546231
52643738
25788595
74508091
12510729
59793516
67618445
63669242
10662647
56374577
42167369
72155935
57008895
20467942
35689461
36980961
56677443
77011783
76977769
32788518
38255218
67640255
41177453
65067641
13703674
67372462
19475452
51284696
26252089
35363243
63969152
43978763
29857856
72891104
77269923
67651946
18097795
14079718
58310250
39260112
10183453
59665410
47968285
12204406
10991043
25387848
24240649
54250919
18260294
30112568
53169794
12852774
77571806
66341397
33785794
64072167
44714133
75103352
26469116
34703762
40986779
19785205
50106446
75729841
12944393
60508459
62117079
57061828
36377197
56312183
18726302
29356305
23937076
54307798
30096078
15245976
48844047
26004387
74030572
57365217
40267432
51716314
20139027
64411954
55666102
63749700
37653135
35635796
68438246
10717761
62999022
16404858
75171868
43119812
32119082
10485812
63789155
72806978
44584300
55950632
33205263
25948865
63831530
39397956
34839178
33931428
23425999
17599108
51131652
12400852
31297397
27463771
42358123
32550831
46267315
60776137
19174912
46000228
51378363
77326149
57025377
45284170
16338301
67190224
42750859
24011209
27038208
42954547
48433300
56419856
62623543
10573212
34961532
62649152
48327313
54060206
17003829
49680422
73670045
68124218
31696201
26511624
23303295
29034879
51777985
48861917
34058522
53940986
71044864
35733154
43064082
37581805
20163877
77938385
59979743
24297951
15472518
20573448
48575055
50364352
15060780
23713630
61856518
47388195
37913992
78425426
30958707
25015643
57105398
25367194
33306852
69050031
65180728
18763786
12447344
46814676
58353145
44627694
76261797
51462770
26750015
54877102
46148684
46108965
38875475
15309690
24496504
28175268
75513465
42657652
65728509
61166051
37463440
19455295
62281738
72652530
55777754
39292116
74935803
43314751
21653731
31294380
21133535
41978023
41964077
60984804
20134580
15870042
42400202
26830671
45504820
11096071
78722716
59626716
60276452
31299593
79803534
67116127
32277886
57758415
38892044
60264912
71118248
17713722
18529444
60754275
31579440
58932056
26714240
21620712
37659008
12241571
32056581
23277969
65298958
14095474
35218542
65408485
70604728
64817494
41808401
60947404
72845518
33297686
60705032
63492150
79422252
25234837
66348085
72085280
68468734
44305621
75656065
45209929
47347204
15896883
27782668
18781703
78052458
22801655
11133704
10862682
53898849
30692322
24042641
39895819
71752618
27010627
69104464
52770121
51321100
74793950
79201574
34322145
51049956
41199203
75216050
45705780
35963709
44612987
30953713
17978264
48481924
76026649
33469030
64690406
37659294
65152467
46543198
62855082
49956163
71845616
10334784
37179667
26786224
46593295
53716518
66616449
25855396
14975270
18642957
78967663
67303129
67348780
73413498
39412573
42568990
72872151
14207997
68955343
64885632
74763643
31644636
25132098
70407522
56832998
59939415
27148035
59412149
36026773
35123611
71911834
11059629
79835997
20344612
10407082
76707604
27759875
35516617
69238192
29227006
23046106
40397899
15947886
27176086
56204269
50705942
74571040
38469735
26743099
44289165
19967152
73115330
76920313
52465598
32670991
61385914
23536628
70763188
56489095
69010148
35995484
32757735
43370547
43025098
33896595
53148172
44238939
45398415
45324049
11947831
66107123
26102021
61340894
33821622
40584515
61790062
30600279
57454838
49366279
44441014
49053304
62420700
13924946
17550389
27904159
48988989
39067829
51523280
73421886
40189580
72834882
73330808
71495975
16218160
16350422
58097763
14351371
45104407
77754227
21215579
39358765
55685804
70316837
69081906
49769175
71967293
53974015
79255583
40391578
37146772
15486988
63028967
60211077
31815130
29227298
74794678
63425222
62824829
27414470
50911003
17666110
59950656
50435422
79243564
28981273
64289070
66465013
15557737
25111922
45820649
13169673
64441001
68458893
33717146
43409567
59596124
15055070
56419391
49359901
25783651
46898054
34086564
47641432
54097194
29476377
18783181
55743617
61286365
45091239
38193374
44983085
66908521
26011992
70970698
61543275
20930361
76199691
50130360
47064465
36522940
39043344
16643582
64276023
77202711
53029300
60982818
69617473
43910937
49460125
57056996
18458230
17201723
34488730
40119608
39781457
39528397
73081811
71831507
75257465
65893918
11424618
65824437
43508215
58972192
75781677
16893842
46813274
28401221
26166556
27812121
51776370
70128754
60764143
18362049
37705071
75006624
79973453
59272516
67415426
69533125
73522113
41174227
76343285
25301489
17172015
79043975
28016263
25364124
62746961
11695546
48993085
61352902
65512905
65316871
13482495
56655473
36392680
25489578
27338527
38234720
19345689
15017355
68151179
27782921
52850128
17705913
57254410
42044161
64080800
70883693
46850477
10106736
77455631
31607541
20089413
19418025
36882075
72453465
66704371
16224565
53459229
11528849
28881096
15813334
15091798
61680492
65745266
19293431
65087543
79710725
71243386
70582701
52753708
56203926
41104048
28899633
56157543
72616407
59391282
33034222
70434179
25033482
47467324
68797488
24238191
66827594
40340252
13294698
21139724
44102806
25917395
49603222
16894229
33031637
39224695
77141421
77289740
47673255
20101858
52625079
50646264
70241863
35985040
23916608
14460552
78868163
39649909
71440415
10610808
20895644
10892942
75350945
79670296
52490916
69481275
49700023
48837962
22121231
51874388
30410398
75546199
25421563
37839037
45546342
52743504
31556377
16503109
15244154
32817731
12990560
19944201
61942492
63830831
57158118
19558343
14493806
44209650
29565649
71398147
51921063
23033762
36224046
19531467
73865456
53739357
39614764
74484930
60988726
37110815
42586583
14274080
13204841
44162478
41417742
56542077
76038130
47708138
66568498
25174506
44641068
59684517
11869320
69241070
17110028
49043545
46567138
28809970
72451260
16369035
76748659
72810990
21920664
69568400
12305294
68092889
54536445
58491964
40202889
43887488
18703782
40657278
79530174
24788866
55218190
70971483
71509682
45545078
71318671
53348813
10499774
75933390
61377974
29860999
62044025
24658414
78084004
33572299
74578627
29275938
69266165
23764779
74487263
30769785
22669652
57665062
20438345
66819998
52133183
49332743
74998054
42719684
51696948
49971871
41332043
30151754
48834393
65741026
20790410
77938973
38365075
61999837
14685970
33065174
55294031
51928506
32185251
27469657
64424404
30445843
71198567
10949347
79038077
66660942
32111722
16886889
50773771
16907951
52596565
64381152
33450356
12928561
59177112
73964082
63899406
74674844
73267427
71755869
33446074
56597986
23387663
76876529
19102716
49217041
20908802
35724814
50452059
25433037
68240723
25818900
30249370
40191501
58024018
37019430
52643180
60072528
36434406
44743489
36939009
78736454
48560505
10631635
18187205
22143547
55322170
22988502
41367118
50644433
11975784
31093517
73433068
65372115
39597446
42091934
11391630
38485435
48743598
37201348
44281085
69017776
30732221
41387963
13861800
39309690
15536536
37091553
73635622
32214173
53306976
57448622
43501257
79906553
44016219
21875269
72037661
31176313
46476581
43694368
52501074
49803796
16792056
65863799
29489330
47435926
32543916
24512880
13271011
73257180
53516634
53097963
27273597
50263056
47141707
24333182
77534249
70648119
36168217
55033998
43380413
77562398
46851887
50236227
45881936
34981630
75343572
24620203
59182173
66717492
56446122
71075121
59727112
19691309
18476790
49134554
47651385
71239276
65550010
28748091
38805980
50040330
20578408
11708911
32719354
74906287
45156363
22172378
77082220
28124966
58647957
76374724
24213654
59502845
57782738
79528725
47872463
52546087
54228613
29396181
20372054
20029250
35215366
70452008
40816551
43118746
13832296
43078224
45126441
34841478
26435381
23942498
34184819
62848312
17837831
18980483
12982428
20878648
54076814
63188596
61915035
16695765
40006957
58662203
27159712
17765218
13190840
60778484
49062888
65473418
66620641
11172840
62828416
69507233
67109264
38757048
52600103
79240939
73767629
37256263
43296415
45476435
54487812
38591702
15241678
27987626
39119368
65811064
41228086
73938343
71726766
45531796
19992099
77382977
32157608
50341087
74997601
75271045
59748519
54565296
46268100
70819943
60962895
39246937
20605405
72580495
43851663
29870039
53008373
26677492
11920809
22275422
64267236
59037543
30143925
66072153
26224180
18035180
74383590
66982484
72191311
53926471
12105209
52737063
16825183
61754190
65019074
63134839
35546267
32228695
63774884
28612717
35890842
19182862
50464282
22248589
58902030
24173427
66775234
44769652
58097074
27225346
60015983
40229344
37027742
59831290
19808757
40923144
57939968
19909275
52787294
23479198
55253761
23614524
58502105
22435730
34799353
46047279
66316322
79780930
39651169
37806253
14695733
16387925
16633807
39311134
21122342
32643272
41373676
11074589
39609421
33372744
73555390
64468784
50486513
35310898
14962185
35011794
47226072
23518131
50222978
41890632
64914218
68768499
70872633
16513744
43267612
46648424
63921967
36553198
18899389
74264126
70245863
11906918
64868511
31140497
30796647
26258583
28247062
71911478
47522441
38000886
47519208
19584937
16569532
78366561
33114599
31288272
41196351
36473624
34330717
32605745
18103986
69664206
48768929
33832804
18356892
64750288
56795020
11562755
27581193
52037303
13498262
21964118
38304440
78706475
19110491
59668702
56156567
17811468
50980548
11642241
40335539
11705891
28345858
37579938
79293915
77583895
48441486
10467534
14591397
11897562
12033458
18143264
26532483
25587285
26500488
23027737
28150832
23753394
49039557
43905268
56979463
58243885
11312037
31918278
71103487
17818752
62615198
64455754
70902164
47895245
62816683
31363004
10031773
36039733
39589578
12992934
37282015
33899745
50145574
66271243
29002894
71044595
75178961
46812307
57201558
28894485
45904352
75693848
63210599
64458131
39202868
72957663
18341896
14359284
76501380
41219151
42196946
44686738
74910738
66856907
72888302
30131911
74124900
16563946
79209009
74488145
73441866
55365123
30094957
60927198
49710174
13577747
56689384
75932155
29392934
64662934
20561808
56858155
77544466
11310986
26541631
59590176
14446049
11245606
46350955
18404976
52574657
48164344
25046712
38685385
32467101
27180235
71508652
78763744
36405395
60830903
11966716
53585192
50731072
58972419
49324086
70245281
68589104
25917596
19095014
50920896
62967747
29342563
36908648
29421009
25065108
55954948
35370738
64217648
42916140
10405259
50718020
21194144
11933035
33122434
60291899
50545165
79108357
77164523
23314197
55831896
77427149
30826139
11262199
67655423
79442923
43464446
53136829
78967463
39185908
79196730
79947334
61148592
78164388
65475617
73755835
46541576
64448907
25447196
64511586
38677671
26085871
42603302
79715937
22752279
67445047
18516420
62966901
68950784
20699100
11384663
39441788
15087896
52955557
68399795
51095480
70111067
54516816
58756969
57592625
18612818
23527051
66334709
49478910
19860320
76526161
25780501
63728466
57090632
18981790
22887049
77256652
69728444
43609375
37144419
77526075
71083337
21852802
31390017
45591768
32509954
66067914
68281533
75309978
49932003
13207940
52460504
64082943
47977003
45895390
44538852
48569740
55056403
29626918
56101334
16918226
58589306
69300432
16642573
27109643
74797624
57737899
12515416
35383960
47567480
64635506
11027846
55357228
75934175
34465549
12620937
66936493
30816987
72898815
24409269
31396520
17169013
39848741
14631599
14434288
63645401
36320865
51261961
52387395
22137048
74854512
54320978
60440661
59570957
77093865
52748452
51311740
44130549
19370750
60843120
66116722
59003699
16105676
70350076
40238377
61192448
50161818
53665912
75197871
41265207
70975678
71682577
47244650
36241663
21750583
63772498
48434714
73764037
61671379
70840650
60946034
77001837
11733679
31284042
61858900
69024996
17863752
66223107
16659329
63181654
49032010
75003299
34732453
51314123
30483809
51717062
56338888
14296337
72267258
70495768
25771508
41996923
10551714
15486349
10118926
51751107
15985985
15314267
60485428
36670970
20708243
37212744
69167280
73799040
39317666
42553538
76133539
13490612
48219609
65260622
75292206
36271839
23086336
65667126
69030106
18034771
22656823
68796180
72645418
39184842
76839897
39846783
55116840
14552291
14713187
10727024
20019230
37157909
42358397
15093934
13488083
46692807
12481090
64002023
32771728
26981260
62862086
32676050
59499058
63810558
16491018
79565135
21994246
28766471
61820797
57464581
49306315
56733441
19780657
19155613
69674604
42160511
44823591
40046371
62650873
49690098
22226204
61304977
30692824
60500280
65849792
23452144
51630479
58381178
34865638
34972945
62697157
28680350
20452712
17703951
51786673
34188055
35437437
75334478
35851308
58011344
55183252
24143130
16242491
29284680
18887874
58469524
45094455
72974268
43040270
48329110
51322949
10357645
23158713
24522381
15739161
36190883
23228854
66674049
75674579
34513500
39176434
63404475
56164974
23433237
25646092
40348516
76641491
32998027
29294941
30582374
58954545
48272584
49614048
71472229
16390493
76562485
36015032
77970437
44000136
13886233
33575740
77408388
36998761
71085478
46636424
66270195
79713148
68522062
20612503
65937038
69801691
45648513
30736653
16748801
36385816
68551018
36978148
69986880
56742533
20450564
49417819
65144952
16180741
11323478
46599958
30956567
13204973
53448990
23270193
66672732
27499750
20619729
26735558
34384432
65472229
67095965
29279582
60106913
28664910
73767425
20522795
28736174
64321464
44929317
17481855
40278167
37942384
17006088
16775220
16430313
44500374
71593188
73258177
54439987
38410299
59425683
71661873
20953682
49736570
35689408
63349736
23925242
39969105
51904981
16798734
43801616
11600335
70577879
29009175
55057948
51648596
38048673
51423184
30817768
44682914
79423529
16166749
51761823
63257917
50927088
77819476
21473938
67720316
75880601
41239167
70739801
23451327
54025834
75079302
57811722
39298623
54909061
28379923
20388513
52717458
24465156
10571140
72442617
59964504
72440826
54885754
23358262
16036434
79692856
61136900
47603276
26611655
55948138
72249597
14416981
60751493
39976907
22994380
61201191
79476841
64321772
71374811
51196485
11040525
15875577
72287439
71481540
15128010
60787245
15293186
71635611
37877832
11405618
73111924
32085741
31485036
15085640
49292255
25473588
43783851
19456794
49601898
16024831
69669592
11210087
21822105
33556161
26139969
69149624
43047830
29284999
70500994
75158575
57353453
18836751
60374748
71553716
40742986
43466404
32904448
27875427
33286209
40264588
65341890
70786052
29003539
36949470
17289932
19909071
19184656
23722910
34220053
72222384
22453118
29049325
11154851
59957267
47999936
23950355
20226187
51688667
73055350
69062259
64905833
48113148
76183224
37649466
15616770
50988796
60933123
62609792
62128881
11120809
25851456
13420194
45290047
39153128
23701493
73973863
49930159
38086415
68431084
53735972
64426263
70456351
64710321
58035318
33103437
42038373
68131687
19646815
16060321
70154296
58964010
36993793
79156896
44333998
43997388
22808120
35382767
58548935
64120329
53219361
38311729
44269412
62370570
29692831
68190691
15913526
68698914
73586194
25372951
32512276
79740916
28702670
57988651
26011510
51555050
68625336
62231906
18157705
59759795
48313109
57892318
63889698
38860172
16788347
75644832
12484828
17673664
32017350
27041677
75202381
48059902
46648178
67239040
46846303
53811992
68577590
21020910
72812493
45489937
40857661
69807223
43416890
49704335
49605011
36807927
41240646
61577604
62777475
75564260
32732613
57025324
70118601
69690376
54061888
61481159
20400064
29510779
60592710
61055368
47382920
72800536
12485681
52737899
49245997
53430109
25548080
19772420
76346173
21667709
64484868
24293620
29130571
41349492
57436107
63931378
21533728
55958188
44478434
11148547
13438353
61665723
52428003
50241020
13178437
76826003
51911229
44622262
51220410
71434024
32904363
77323968
72519049
50933278
79017613
56906893
41048565
73109950
38418519
66919957
34086497
47324121
76669484
24657408
24479950
44437084
16210501
12145189
42178275
30036868
34258573
66652780
77812620
47662282
13089616
58706589
13668748
40447015
61099581
72036829
62348651
51691661
71912916
59085077
75538728
36463342
77547940
65829653
24127414
29907583
50037998
59210622
72247792
63002201
79180523
58692607
55999985
66139687
52213480
73765548
33885625
16494586
65652551
58211932
64382766
43550687
32899291
50556342
17416392
63613709
73688342
40003983
33124614
78476527
59705185
47250174
16538132
75149369
14342920
34690483
54423012
45317788
67616587
78393661
46705962
13221231
28358604
33125514
76955907
53482923
38163379
34954918
61484912
79290780
68026598
65269380
43953083
63968062
61923068
34176379
29431267
78061991
75509999
42233805
35879530
69131206
49656188
78422795
30543892
51744225
20107984
26505462
41450754
41349260
59825812
34702152
17826922
70958864
30546368
51423905
36331566
27579252
28117154
41077987
31854080
32828951
40527984
51032774
10602932
34070081
48320413
15974944
73424358
77837697
29769985
62392258
32537459
53185484
49066479
63737571
50401596
29507182
67053195
26547268
68613819
46293748
52760756
12342690
17029500
10734992
77920479
14432958
46930957
64363771
57949363
40653715
49369554
27645530
38793247
79550904
73750045
43514254
28255457
59101294
27886369
64090976
13711277
55588524
22752786
34923829
37713188
16516521
39422433
71208122
54542670
34414998
45360609
37854724
75096618
78466090
66535282
49533571
70336550
16895335
63880775
79522983
50665676
22635218
65715582
70616562
44074502
46907684
34340413
47575011
78473759
74035317
56600977
14235792
56270042
29897174
61977504
39191679
58245403
68333051
35005366
32080663
36008275
26691053
49640812
48636000
49593356
47682866
14657570
21649364
28813881
57828555
28180369
19989857
53943464
44002793
38781677
12505719
54557771
53555954
12322677
10378471
33664656
44134824
28821094
76990929
62300761
59213944
55680393
73557054
55859152
42073198
41717674
66566443
65653772
20937289
33283406
77740157
64427119
19701064
66340600
40374326
62065737
64621758
48524170
18583576
62185832
14766564
27084897
65481962
24419656
21889467
50416119
37765405
72351748
75106458
57534211
38064182
52920353
69391771
11619132
50572436
46490097
52286256
43198292
50638553
58414880
31731543
22361985
69371201
15147654
45284391
53923539
52802184
38299985
35923503
71294703
44545631
44015947
31441043
54578136
16205508
63270753
34681819
26773085
27307703
78220652
71454424
12861849
14978158
15177912
21765302
74781107
67331927
46293881
13320105
58999895
33525522
19973813
36941844
37070233
77826949
51770823
49776732
56143952
73074945
54742558
13578907
38034199
65226931
47483456
31881522
53752166
48711626
64396708
36072503
29748697
32387706
77565107
63551228
58448386
54375481
69344505
30484246
16569003
60743106
45630203
18733756
76878233
53170587
20318022
51485060
66569990
13141308
58421866
66374584
40619700
77145331
17765853
58874415
33252772
52460840
46303789
77397127
30056021
64735309
68349416
57870004
72541045
11745744
25894352
41412190
33623725
49473904
47551652
64325944
36219959
21507657
69407677
21513711
53360992
76931841
70224514
31739185
15764985
41681557
30091477
44781142
47175039
28078246
36507615
61256869
65489641
57753189
13283953
65531980
66556353
33103668
35928061
60439946
49424338
63012907
74985883
19686236
46778015
36399809
25999921
26644503
23786962
60339798
68121968
16447374
78565551
76367697
54710736
28109188
41853400
34239634
19439051
42997516
32812338
63598992
75086050
22245909
11986954
66164050
23972534
77795364
49733289
18141197
72359270
69177686
78613941
15034220
23962077
61226776
77635298
48486273
67173728
25487118
14553414
38282686
49804655
67679165
22753176
22370091
48679721
49346903
65529989
39765436
65861589
61169004
30597141
35507995
13369975
23070623
37139199
75056058
20146027
13068572
62434372
29097397
20152980
23615602
41719513
71181037
79912258
52373777
65942939
40694783
75887814
53491082
40416846
63400162
17992501
51583971
70862299
11392312
36472115
16798329
48145020
40843363
37398354
25932503
55608826
45069144
33141440
70382972
21614906
52308778
44883563
42728940
31533697
46932968
49286567
41212599
79756665
46947433
39938668
69892349
17814217
63869385
12484614
62960697
53743405
36235271
25125764
71411745
32673432
71347529
25567975
19400313
45164333
15889756
52083881
60100607
69757293
61199374
31725394
46293457
42111997
45094996
42022359
50465094
71688727
74904673
27551629
34633869
16438765
69270736
59217720
37460384
77317887
32785637
41693130
41116575
18592000
36666204
20509042
77315485
23475352
60410890
49917759
13964087
59045354
36870776
40721805
13797890
54045868
59247605
30759651
31370468
67447128
65554092
44330600
30518499
50713173
24446445
62973911
15070190
59426295
19738834
61206204
46104978
76925521
22976478
25692891
12376499
15615141
39741879
71791250
36685754
20183858
50563640
55341273
50101342
69241023
77490601
42439566
54699135
29673871
76242608
67175810
30677934
27649124
45013977
43976031
69169011
68252840
40202145
75230542
20917379
18535038
65980107
31332181
58717004
58853777
56153452
78824516
41184342
14971731
69670737
39270736
23333077
32065807
58843239
22532229
41115045
66277739
11759054
24539420
53751789
45008812
17065061
46986756
73413680
61428771
69660618
76695920
48485599
50335688
59693872
38681454
71078789
49659187
40092700
61563556
19614456
75981953
17208322
77023357
60214119
58525424
48746984
36598595
63485373
78204181
20779577
21882901
67999965
32371046
71730800
78208699
65979231
42847974
79101598
44966589
36182058
15357933
21251788
12218854
34376582
15554475
53265898
37231282
29884811
53622456
46076707
71321836
77156012
38113133
74417947
70225001
62213411
61927981
44757931
73896126
59568942
13448330
73280695
51374682
68763039
50720483
10281916
51946928
56662243
31457074
77568759
12761321
20308005
59850484
23358633
51423963
17472822
52195661
61699961
60155829
79658593
33862779
35259236
24914211
37160857
47109756
55489105
24374611
67964714
52583128
27850427
24911217
70533168
53638302
33205843
44114451
42657451
51061699
53137392
68951520
29838674
54315555
41152400
25499441
68129118
74650497
21661315
57051583
10045686
60451927
52915893
21020192
10202214
37927887
67539917
10798306
11305903
31844510
68552486
66206113
64984942
18790383
24120719
56745872
58249058
28043207
79521578
52227007
58777358
19836041
22233699
77567276
63599875
57634294
28082566
21374035
56419709
25891540
31886460
55126126
32577777
64440883
20284580
79710104
43350216
66547301
79372244
78609576
16483567
69907048
37444865
61527266
44442198
10668245
23923926
66802208
71461754
35607868
47554502
35038767
39025041
41471700
12273851
34087539
38977527
45333202
23221258
49323414
74225649
38379799
62259571
51119704
43915595
78568363
39344435
62373960
66732857
74583323
14789996
23327427
69586876
42803788
74385224
67178340
45023194
78403885
52451318
72077066
24702770
48623091
19392096
55732382
23135386
16300519
25578522
40592301
57073952
19754066
58805463
41666415
14938836
25338753
73328592
62512461
67441930
42935130
19411593
11118393
63193053
67426735
13064047
25887556
52542205
38311248
45697726
54093501
58480247
29404628
69602034
16469751
41481567
44110255
32521408
20878364
23567288
33959863
41304664
20070877
10554427
19363466
30648701
34717708
62624517
58203968
20179894
72072963
17343896
39374463
74657193
43030129
34733339
59738432
37047314
33569608
10524864
17587049
42179376
52180828
26168509
66534738
50452524
42650413
14492604
59198574
18862489
59658295
71404784
46509626
20646306
46800832
15692964
43055544
51704854
39528104
16400364
74028411
32719246
39335257
43497257
28614257
58646325
25558953
38716285
21986025
57898646
10682874
26986446
49680099
17740459
52626417
71769416
53155000
21365932
45579361
25934013
43944021
52307257
15918442
60410928
51399606
20852570
41109580
47335416
61087357
57230876
69453022
20461954
22615344
69786523
42398508
22462772
74473689
54014502
25702867
55964954
34538615
58141538
50798277
58936741
75585996
13176163
70371490
64445556
22926243
49008908
46815101
73910612
72771218
78093973
65952869
47245921
47047892
30574370
38380175
34356727
24827553
32470545
21699826
23926357
53627328
34012952
25100516
21820375
63362092
69580330
35475579
37067926
11616616
51174996
20857696
52640230
33558897
13901158
32529483
63714495
10311540
35569569
72034255
74763570
31138012
26378334
53695376
73335282
71891268
46083471
60670812
49341481
24003044
59550948
19031477
71592968
38692403
62682479
30172555
39569959
46247933
49715096
67786661
24881598
33620309
54960413
57018871
39664559
56818748
16684111
59091689
20121352
65030198
45124793
14328855
35140900
73919919
17018099
42234926
66020553
48888142
69576657
50792503
76510876
45409394
32159960
13537733
31740422
41877026
12423567
34031730
55450328
41123956
65998144
74597234
25168830
15148725
27549585
70170785
16880554
51032049
43138742
24849752
51887978
61269442
19671359
21493889
14652389
23504747
23078395
58925747
56525557
37680117
64049552
58606832
55144206
28830077
64469023
45155650
69491096
30726337
32489417
75283311
56549442
47004673
68259820
24673584
50476046
78187967
31697944
62502147
68100549
47863729
28646244
15234467
12915711
35771647
75605544
79080167
57486533
26290742
45523097
12315764
44177341
79140455
10355688
55204125
66030616
15712559
66404844
21421698
21557121
58076596
45800427
68562483
77474456
30657841
58765367
64973552
43228927
12959437
25708598
28503883
19591997
60966694
11738536
55725459
46422980
36922464
64757685
40351640
42936022
26088479
34658739
14933001
29634012
25400725
30763868
39530672
50115806
74231192
39569084
29728608
39673698
79164884
26886585
46551715
13815097
21292387
78566129
25021152
10145096
64029154
44121357
32709271
25708042
30256084
64650425
22612666
65449865
40730236
63910030
65443089
58299961
61717325
48359370
75613854
22575280
74296126
55225464
22871224
22593689
52782431
64953677
10336638
77092796
50942151
71858297
45639370
21296250
11398885
58890652
59457344
56285066
53569218
33064606
27796694
11848157
12170324
43756681
31929140
18075639
16769858
54693352
64937936
20167612
27992406
78935625
17896001
41463609
16095956
39114512
39960092
41145947
56954963
71338143
33380108
60428395
56960978
11454963
78636150
29360308
79968054
19938038
71837759
64864312
31501047
58422235
60563144
51929861
31059597
25747295
57815452
48358106
27080104
12730647
46697009
51412882
14808682
24684195
68183826
53281529
53555359
31324927
52215311
60731385
44568516
46167170
21412626
47918154
17955294
27086525
26700304
14257014
22829432
46059031
70469927
54690541
72307706
47170198
30935590
36166653
75065383
21102682
13143128
18248332
29530644
30963481
37226186
33291358
57192734
18035386
47893577
71427459
40869455
46382510
60083170
73771727
38064746
29188367
43325481
55915644
43926288
48156184
76569910
20312401
74047343
50426989
73443508
45674889
15485564
37868148
41885870
20500102
47575701
10812861
10302217
32704192
34709657
71425179
22188060
65724371
11029405
24405792
24637730
55320455
10837443
37979033
17454556
51970052
44349810
19066131
40963898
78386116
57287476
20057543
53801919
43242252
24188315
50548268
19171652
71596538
57220906
49536872
64105792
22017161
41165508
34303554
27811722
48393065
65059211
52990974
35373946
61336228
48743208
29873651
20091556
17988898
19949212
29803585
78434610
23010484
68326612
48775462
12343230
31849769
29087635
19561090
60661888
23783454
17692879
34679974
33405027
17299321
76254936
28674509
71566298
50182926
14624251
71563597
74352598
68911750
30846225
66495585
35094956
60357620
21038995
70571396
14676326
69676861
37196564
23945132
29358381
34699266
15768863
28341173
51420472
19133633
57401754
46717574
13837155
25538347
30670555
62600707
25166769
10056793
57862276
55312084
40959089
60122491
43374428
27492626
36863551
74494356
58700550
53265394
76301252
20499227
26817836
29923319
51228654
31744389
14113186
46360025
63734969
43834678
46321041
18294496
55967098
19737345
29783749
14317668
47123991
67463154
54146722
66846528
11306746
62231153
20841594
76744680
38977438
13455089
23874027
11301438
50926566
56517959
68237413
70943108
58072691
61442216
49652508
67395151
51566432
60471098
45417517
23019604
72331219
68917618
39119757
74301885
48224416
64134349
23195748
51338147
57287170
19658393
64247451
31647020
42109521
13434858
54978531
73416283
39128410
30683847
42831501
58871305
51710025
44996526
45703951
34036190
22865993
76865554
52028231
18852703
29698843
25226041
57421184
12811544
13923542
29338203
49213822
63600820
56677470
63567867
24358552
31752910
26130426
45093212
52008277
24632052
19547971
41890008
73952685
40484238
40218548
13425895
11044573
56500911
22136442
24653770
66368335
53173273
31542730
45624172
29268334
60670054
15416715
71683889
39920424
62123529
78085459
45553482
30831009
27392685
27364083
55247006
31415447
49606822
38060791
20435847
58821729
69545786
19208054
47546542
12918537
26623529
12737803
56702797
68668076
26543122
76039109
21334736
36727355
56282452
12272244
72465865
31889900
60857308
69954639
71166054
17182517
69753765
51452175
27375718
34103602
34912964
24344496
48250572
11864423
59848914
49357108
60062484
56686394
65053719
12591400
13399217
67254112
19588305
55169756
68898434
49457262
36384832
65918561
11986469
44760891
69867707
22909815
47302635
55638681
22038457
58370982
47561431
46343859
61608075
45957936
66546156
13427827
62395136
70199887
62279745
20569047
46743371
44000016
10071038
50502745
42161131
25903204
62788874
65416788
48358436
47113472
53066083
74100194
61455987
59217444
31004973
68142514
48993390
55174902
61850515
47926998
41993042
22721599
60988418
64204035
12935120
65129987
72462124
39292614
27529950
64545955
75595783
44836381
16895693
76149930
39617588
68040126
22840854
48226988
58633652
35364703
36226120
18447599
12116665
33894850
22424486
33162744
50606885
17682366
29974004
34232468
78452495
25513274
31307090
29452564
35534165
66848247
40077970
76072376
58301427
36632258
41301463
13781448
78944257
75947160
34082227
22012770
59514294
78048050
21698991
65883296
65961979
79849213
42189218
31849075
30784951
51693115
70471978
44465447
40024071
79145902
45633771
21512511
55773895
45810744
24259533
40725174
70232562
50975278
36420238
33731883
59418419
24583684
30404266
77749652
52681180
27444268
44176241
28558790
79398565
54461046
18892697
20473402
51959384
12604901
56274118
40108743
75732728
68262226
61440407
48937891
15111923
51434125
19921215
54097643
72569257
44291704
36825751
21369121
32566500
58824739
71185669
42786314
48494817
11033925
62312026
72458046
16313877
22179792
39437529
26852534
18977485
37710819
58304415
56371464
53925248
60552471
27759258
34870558
13927878
37842251
60459431
36538467
21541023
10850633
30161935
18434057
31406247
75608122
50142826
11111187
40333126
64508195
74397790
31501451
25379103
18997918
31226267
76889307
12793373
23278100
20444544
46471438
41985890
36726094
76155395
20608046
23582368
78236761
48369640
21828392
54985203
21970697
71341372
50085857
31906673
61374231
27952096
34475204
69727093
19201283
64614282
37795117
14926032
39989911
52602527
44535059
54117155
23074002
37595085
72518841
68650392
70417083
24204553
20600339
59720120
72594348
41915821
29153992
63663845
51379206
73813950
16994565
19573589
12842448
51944682
21388399
18363450
27586682
29690030
71542906
20910693
78193153
51755131
61839370
70440972
48881622
78202907
32908183
38389596
49569336
72018043
13783865
61648466
40385007
78359312
77322939
36014106
40057096
67205008
23517466
11972650
36871881
18406041
14904851
44843466
74428033
14790124
52954591
20253357
43055246
36186302
67689769
48852141
14049188
28053490
49810354
79677816
16704558
13021435
46356401
62401687
51414002
37137778
44005896
49445966
48788025
10567369
45249488
71258856
38123248
41843189
66404092
43633211
38540976
24389385
42426800
32142096
49784562
62641687
62744498
40392772
32859156
54941163
39497231
19667168
12975169
61888234
35425549
67567834
26343772
43676933
73129535
62473577
63293363
24651420
24360233
16491117
47927455
11712886
61873542
10701731
33588864
63492362
77252426
31511804
64368131
70789685
56738754
63439219
33159259
76476022
18449321
34899264
44456506
57498123
60572369
67893806
72701764
59803743
25264801
78892299
52345479
72345498
50797753
21033648
49635865
36192726
16701556
70037784
77193961
66106814
48395083
36929718
73692174
47117569
16881778
42895645
36090973
79802447
64030833
16809114
50877472
47406113
73959441
23743534
40036680
12669781
27153223
51349746
42395393
31382434
38252821
14171155
23765595
28343236
66536460
12810352
24838366
52365881
58127955
42476481
60865719
18779403
10606776
77133549
32048042
17393359
63710716
52938113
17896826
19178291
40267110
61170564
46755495
61225266
54835014
41336805
50690817
35308659
25205078
75483811
77526778
24570061
44537305
63249339
17129358
63863470
72568445
46922389
59279830
15124507
17887840
67203965
48126235
18600457
47135009
72032925
41001360
28359326
33895174
71469763
72510492
36737070
73118498
30013471
62586760
78893189
67452020
77774322
23911034
57574155
45938244
14023538
58246713
25501488
50782199
49125988
21220729
77227846
15811440
31914219
61348311
31987471
29208059
31479279
19099935
67323509
16036246
18041664
46929070
52406842
22114474
13932346
67346636
79644160
70459007
74164580
30536334
69904961
76731022
55382156
46365675
34521756
60118095
51335273
32905955
37154580
78610088
14160914
23033535
13619254
66918250
74977965
52929303
49814109
51103015
75229002
66515991
79505427
67448533
50641497
75636478
59180390
19570156
27094213
31112512
76563500
60861381
38323551
26900577
73008232
65060795
75641611
22125690
51955998
19322168
35831230
23410960
73958256
61928647
22441414
14734764
68562401
38524730
72834878
44488702
53960079
11237614
26712076
26520129
37114625
68836483
17337269
68482082
43198606
36932797
71011312
76841033
67756785
36392684
43061867
57424313
43664719
41702464
19931604
56588785
28309156
29790056
76210194
32047439
66207540
76466938
65175531
14274838
71551348
39968627
26948550
38014116
50586069
13582666
58018749
17204372
43678369
71320488
22913349
77295837
47242898
75389442
43167756
46609574
60770017
48657005
38889214
49233565
13370914
62500888
41539578
62816585
26718472
62139389
33234651
30089747
56892632
32154018
50909831
24767989
63256625
16295539
76103809
18939289
51394096
20309950
77369785
34659552
28656514
55828123
64535414
25814664
75814140
20076595
30346045
72508786
33886037
76185384
13808283
20877189
37838398
69267583
79379266
74425801
25938828
36717839
44457406
31251158
36585950
31888964
11819957
23146524
50117668
43777914
76477432
46153455
62388745
29019582
62506506
61321619
76139884
71381428
47578462
42011480
29078096
15844444
71756627
38834156
53384775
62942011
16944839
42188494
12612487
44264425
67289775
20863219
48443258
38077528
53938387
53877033
30520640
24362201
62119750
70543295
59961521
43329217
33677468
25585007
54624302
15754467
72724860
22997730
69570293
43728316
76680417
14694072
14729170
11611512
61729651
24977591
10677933
42269332
68244397
42864498
79183264
12444237
61447764
66865678
47107663
28627267
54370063
42968052
73257634
75867819
51835599
60847347
76844719
26354316
33186986
56730523
77682755
58728452
41877274
31765606
63680702
76710014
66070137
32670676
47167481
40757167
74279993
54960021
27190546
29921867
40095884
79879527
48684570
63687954
35056051
17884618
66756164
27357878
15088908
35078927
35497862
12701467
74211059
71366092
17994839
41391406
59265428
17782676
50444396
48057895
72261339
65816096
69368301
11598061
21595796
53059707
78605095
35456442
49262797
45288569
77917324
49515453
36720329
43629790
70163161
23613250
35080701
35151023
33080750
47999380
68802309
75187571
72279578
50534794
58394724
20400017
40148413
19417168
74252140
22938120
19018438
10974412
17407269
10865220
15329419
42119695
10432501
37914753
14554868
10067073
16278549
26683173
44859698
50466422
36725598
76886857
38474198
43319409
62346646
65105658
13933157
41784312
60310572
75695907
54931528
56265295
14629924
35992680
39271754
71718283
27203180
29163941
18002650
31995463
59111693
47554083
73113590
60730940
21870995
65440743
25143304
49681591
31917272
35742884
56835848
67600380
15418846
55303405
79387970
54932085
74430071
67987813
77981116
61389324
56976689
11041333
51190450
79519289
23991309
61199634
56001215
63576986
44147846
26718261
11196539
76048312
60142487
78344880
66559592
76054486
34588741
75055293
20012145
71056579
41196057
32939815
32548350
73947987
27998435
60767258
45657640
44455799
68405239
77989958
11147518
69106359
39483686
56134491
23754568
63722383
43247054
11547245
71568807
79335447
25298403
70922842
20495294
63431836
56243159
56283851
43414059
11828475
61693223
51669825
45119810
56849084
64263428
60537751
62181190
62642487
51789986
39446470
69606923
59384373
19583304
10009563
31772951
65643411
49455859
19404602
33223749
33936981
30933715
14806123
61412721
58578550
56866738
42884892
69646862
48248137
75068479
37312909
10831156
16019384
72218750
71471793
56693223
48451702
35909142
34600178
21970642
51641470
38147721
37360450
36321074
56926175
73330238
44631780
70587626
46012975
17940161
29755408
79657222
11130432
17296334
72739100
18761249
44942352
56414508
52293411
47048001
57352680
64217501
75321920
14588035
74318003
66682584
31939494
59154283
36475986
16978802
69065834
55477085
56565627
29212651
40516781
14774049
67986458
73518626
43361762
13956058
61511319
10009115
27002327
18883069
76723350
11610543
43300715
33016396
41075128
24946887
22498939
23597124
29456067
38635879
50487489
64450144
26810827
76892814
23243232
60872725
46178814
37123191
38981299
59635386
52128272
34055063
45418852
29261780
36983286
33263745
75447878
26151527
48049222
29543477
10543566
42441375
17911104
42374767
56336154
42613414
31591453
50563493
43518137
25614085
77827400
41169652
54341449
79297392
49192767
57281060
64555903
66812477
31798615
29838028
33905845
61041073
52103256
57055082
46270703
77348809
21419304
31771557
42920427
46958407
22372796
11073517
17786116
39274316
42867422
47893739
24706943
60326480
23680478
72642423
35515383
78322868
46498611
77099774
26062488
16857038
17734927
29955879
78035632
44868374
45261393
35114935
64372028
16318247
63335140
71447896
31735129
48487168
74469773
72033122
10415863
18389921
18374462
30319623
36611304
23681927
77832040
53173804
75748172
43092732
11486514
62236846
41540321
25248598
10781804
31815571
68010113
74523208
60816089
62219869
34143945
44520601
37509122
22263616
14122139
75012412
33215854
56027138
34754830
61251879
65086423
49527182
68814840
52510646
26839801
55928156
56144501
76191799
47782921
62028968
23769027
22965275
55066068
42382793
18950071
54913816
71399829
16353735
68135279
37016295
31006557
30732183
22888001
17947526
30111024
39416660
15381237
49109537
55162714
50422601
21671376
23846694
75838428
44309034
50967819
34857327
18617743
36331254
38717167
13029357
63931082
19135140
37701164
57151006
46248157
41674290
69619606
15193871
13316942
51231693
31080921
56362139
49823848
49006437
36494705
70968964
69698424
10788198
61430163
33274350
32190058
16910008
28585901
59546884
16054562
18358277
10266725
10615822
17419100
67022890
44889444
69301624
22470189
29916409
53409390
52129674
39143009
58088001
76162885
35890994
23991782
58281781
33458807
25524354
32229440
58820260
63383854
74418020
17098099
64309163
42734065
70565985
23173704
66759750
59029921
39033397
20079823
33015194
46028969
18965596
39546811
34522215
23068879
41327098
36735233
41675260
65422878
13211190
12249161
37525825
53060053
35014430
67868667
75482489
15475751
13661238
10655148
26657649
13437138
72902414
67466017
63100260
77028597
27279336
34142145
16179394
37725642
61851670
49124745
28525038
10798784
28396618
58333780
56799576
39911318
11217671
75670224
65337824
31783425
24044793
24380125
33688997
70066999
31109588
13787806
51367268
17077986
58334749
33601852
10908355
40220216
29868403
18795894
34846451
78007410
45961878
52844153
12749411
59059426
48421098
75543837
71300917
13195237
64513345
52137989
70233043
75605730
59845883
64970339
44738319
23856396
51667894
11232645
67859495
42553088
58301780
25666701
59838637
45639906
78010178
29655094
37888138
32435610
12123829
66890063
35201971
27861196
27038061
13553429
75019082
55807793
43390180
14307038
58611509
70335959
79051761
18861824
51997317
12388283
11386527
51155953
59949876
45709637
18630896
66307910
22166758
39507859
69214116
28327702
10331369
66466489
15665884
25457601
75396398
67782470
18524479
21143434
45569851
60718836
61660135
51033004
14623664
60168216
46862905
34508219
40311860
46842183
51714860
52633258
54080462
48505600
76781757
13531508
43937791
66004737
29410511
69920581
67680552
17189996
50056419
65944184
37198133
73443844
17560169
69249073
52375345
64111711
37735158
72560808
13882350
69407732
70546764
10981043
31098584
33562741
29944671
15839434
51646006
52929225
16333579
47976178
37693122
41867510
21539389
53312258
41770917
15660784
59251764
50969789
18504823
39382645
17319887
11592315
44947561
16253143
61923776
18982962
77317999
60770074
27385755
22388954
60448019
73530631
17026919
18995729
16238883
59154794
51854987
49032872
22553244
31911799
62034334
62025114
38524411
60098924
24657733
39268340
32560421
31128536
16911062
45334610
57676539
20497279
48509501
24987339
52351013
45635739
20534802
23652102
67470217
47927090
30118392
75242399
24751491
11625689
28477222
15731464
69356108
30695586
41719580
10748322
50914445
21177159
26550800
74380106
31596780
22875750
42867500
62443015
28581173
33059520
13431557
59462297
28358859
53361144
27934245
10819524
45860498
38132579
10203419
48119518
70445759
41548262
63819658
21267263
47913206
29976727
43997357
21852364
34019911
63168431
75753715
68679164
20118797
30338661
21506134
41390819
40283035
50548798
12224963
53465317
70769466
20611108
36271993
72216521
45619229
14947582
24179520
60230577
47555407
15069898
10124620
56264487
32495688
26161300
28425403
31121443
51831930
43234769
27210270
49422364
79864393
57147389
12244914
67559497
63552820
68076951
69113438
29935995
76707309
19453059
55759857
49504827
78144653
58031951
39154459
69392229
79060675
28149067
59321927
60658210
36085441
72943493
28206190
73237551
59434214
48435361
54298920
14702221
43573212
55281595
69607276
11545957
26329847
34415017
47185052
60162122
56359777
47604921
72673750
79029457
25560826
45689372
40571162
48548196
36764357
29767811
46983837
70860060
56737848
76949626
73911100
39524723
78324569
49939153
72503665
47898376
71710124
60865110
17087929
48746646
63979241
69095632
40339328
74064047
11029737
37725145
33693560
51029538
67232675
10683792
49425497
49950873
36236782
41949691
73740515
71115700
68723428
11578356
43960336
30481115
44327061
20589759
16630993
60002246
12311581
78645442
60458175
23643740
50303450
25258042
69586797
61782684
69755413
49465099
19373623
20284014
79940870
46790614
76206412
47524360
22573159
44208676
12019124
67781695
22191560
66296956
35921644
44253331
27431042
75963053
51745896
69015346
40652402
75555889
48771256
57012216
40642895
51282984
75286504
71393093
36104913
15154252
28895872
63813697
48250170
15267633
31722046
65010085
38945141
16990891
13877913
46288317
21342884
10059169
77868935
24576811
18413854
10662025
24553463
26504785
61129563
39341756
74141802
53100290
16981686
60306822
35138735
18328881
79825651
51755563
54811368
17819672
44639898
60101909
60502020
74907717
59488685
69034875
48111750
24787114
45351302
27813906
58023508
68738164
18493798
38855350
30845056
42260988
49030543
67257640
16429614
65858148
45254970
17316175
13159208
42275145
40176176
75863727
13259278
40422134
24171112
15149174
19337325
79714379
67315339
66758352
10820013
70877865
49936823
24885324
44269401
40373366
42488438
23061456
54117883
77482889
10715822
70155227
26214044
55082333
52635093
25449907
68496655
20928177
19052662
72070410
77538789
33135967
51377672
12621672
57938970
45676893
53391748
10951010
75105094
38632328
53871693
50034912
33349856
19903899
51876797
62209695
17606673
20480184
75315723
58504124
54833109
72123847
59180066
73781044
46847679
71011881
33513261
19038400
72753435
71217550
35430456
35397791
58350081
43802356
28878108
79603069
43366135
78981019
33042425
52069614
67236264
36689255
64585632
10152649
18069567
42453170
12391630
33961629
41152453
32468718
15940768
48222984
40442647
22185606
29793382
63067196
52733316
13524388
76297325
24522489
69517043
13340566
37978293
15008317
25522513
24517576
37122252
66307696
20415051
16757122
72655400
74185763
27040544
70230882
50409538
59150240
28731655
20012350
34373802
21785322
78183384
41410232
60238981
51184103
23269139
73114313
32689587
19681852
72528485
44072627
45206258
23040002
33015611
13823775
31128029
16041814
11957834
61683669
52860719
36291268
49739180
65156025
15862862
58828338
50211152
68199276
43806423
10233721
52105418
35565115
51594959
70298726
71387973
30865582
51624848
24278749
42352964
65227518
54830194
49146122
41891680
58102930
41785777
45494588
37421893
61262506
44538604
26759615
69257772
35024081
57152148
30721828
78881134
27249449
30604383
24224797
23920025
58901207
62787851
16031802
10820946
61662202
58494084
33607096
29536201
71469504
18696135
24011150
16144339
34989867
52593826
14349592
11201990
78309393
16159385
76139272
52673612
38022963
11041319
13541940
31034795
43355438
60817003
36826978
39912733
46575106
41848974
26833277
73782781
25841261
59062799
78637282
35461135
44109056
56088739
46261984
46746498
51125466
37367314
19237217
20755075
10268787
12865585
45630121
57839532
59828519
62058134
70524541
68936253
43073038
78883841
58443350
30679358
77397454
13877044
65055809
18695199
29457586
38056738
21124108
75898429
77245235
26726648
57840104
66766993
72568489
14421022
30608657
43993881
66865872
24366458
24585197
17689335
34905929
77872301
73599013
51553970
31893097
36664623
74563081
12727734
40229176
66474175
72721677
62315167
65254490
19004873
40940531
49740208
78851965
17124559
35283197
63511623
54198591
73351144
38759116
69158889
18056103
43169593
20846946
62109488
45797391
70165109
33536498
50037362
54776030
47377972
67227692
13991874
58044775
39133190
69747417
33683983
48554866
67163584
59201257
53219623
12324549
61706042
31440958
35329166
49243886
38559973
69358616
47286428
73375854
50551005
31650240
57241498
63259246
39851824
47440071
39612162
59606856
37243204
44162007
39890942
12625763
73204989
63186355
10735145
48253637
51206625
11796639
76648841
20468754
61232651
12045381
43528653
11979479
75805579
21343222
36128296
60609326
21101384
31493736
57210680
60035013
13972748
34824774
25630443
77145454
57734710
53994313
21641184
11463771
61947304
10483626
70652362
44104929
10592099
64960560
74521668
30108187
23858550
75896217
60297889
30179365
40741515
55054291
43493077
55106617
22157540
65354916
70852671
12745631
60293128
44452749
56407078
23595039
42691484
33248293
52507505
23069281
66828423
63873540
27839784
56112655
10170776
42814230
33562651
67267292
42495485
17653934
27068027
43899165
36417304
49917691
23829076
29278616
74623778
21825527
36963614
33260332
39273552
33338032
19318239
14108364
30630585
24631082
15125518
17076600
75742052
44835943
37671620
30879851
57819110
48883924
69427997
73494356
53763199
53782471
50236964
63291584
67421086
31687387
45208228
56555344
67759942
46838056
18376032
70345381
47825597
10805374
17562151
79759853
24095927
11617992
40750034
23627543
56321118
54350075
26833980
74037881
50062025
59913649
25820226
41817448
53000764
38352573
30321957
46694997
11554263
47358077
64863145
75459607
68960221
22611670
23884741
77177739
76239865
44492084
38566885
64127582
70619187
60180956
65817041
27476293
78760210
42393973
52853966
74925878
10504251
42003746
51432072
29851218
28785056
17698408
27103962
69793926
24024046
36066835
73258858
61060927
12416363
50190251
17795319
28997075
42990804
47686376
30119383
13056324
22563692
75275152
36689752
43136969
57320601
75490373
72016330
60881933
30912115
34103833
38474733
54955004
51726174
24326710
75884836
44986065
53082088
73014513
55458594
10719945
73431408
69420540
63467155
11073574
76417504
13212427
70745083
30154032
66669151
47346904
54817168
47405887
52489261
10573705
26577303
22890675
41622336
76172678
43073900
75502546
69305274
54508595
64809611
44591024
74086218
72649413
61211750
59999098
69574067
27739081
47220653
18553197
76158124
49437183
66164792
33496556
60994060
55261843
50141999
33342550
13974384
44733009
13069478
59845287
11960814
60465431
28395871
10118634
59333067
10646861
77595290
59939851
47170108
29982915
41732500
61365306
27713768
33234581
19811092
10184190
72800215
54762653
21118543
22923807
44631164
16394076
46874566
42180688
79350754
69439638
25844378
24572258
22604206
20966905
32759399
42570154
34988617
42041354
62216093
29413748
10483664
44367434
21236053
69460811
15499468
26496443
33817745
32102220
78067968
49162476
14662574
19051435
26438429
72062145
41113942
12932301
33699498
66339475
75609902
40236240
58895640
68557441
79915861
11723601
78791483
64836552
31120917
52822199
79493975
72629106
54646250
52178796
41713073
45840078
29918382
77632472
32731923
78648489
72148822
14526102
15328976
52255829
32848444
15604012
74093089
52170677
43852122
23232078
42650398
28407329
31712045
13177905
46536336
55007817
78715940
26284097
39618936
51161605
65462613
29413445
58344373
58276650
24453744
18248434
59511467
55276750
24955153
52523716
52309395
39018856
48668327
39883246
33716329
10232698
52655467
67065717
75368568
49851057
22242988
10635456
55609560
77061104
72674018
73836343
65618019
57540309
25135042
37805324
15688130
53913777
71495432
50779824
48960256
32907632
41665956
22912113
48986058
39121270
13486030
74352177
62252229
15882866
61128019
50637018
11425726
53350879
72064000
22479381
16764268
58064396
47990239
10985910
11489856
68580478
12465136
65445548
76270439
79115758
73549582
75076765
56070935
50483960
11828261
43610638
66433998
46672342
72998691
71641198
66694339
27277085
45011001
36370548
26768421
27492703
36313419
19357960
56068872
45879359
52421396
19980634
25636575
61354723
32045432
77656525
57841901
77157682
46375097
33916012
60900710
74845850
49965178
27975646
63767104
27306695
48647788
39813495
24800607
37712001
46834986
42506560
66538776
62881374
41080792
78095758
50883975
70158718
77111320
35804642
71465897
47257233
77882833
16868864
13771041
47378297
38654527
23295869
24619745
75130903
27113932
55856571
54700075
64542559
24352220
57234728
19672529
77101578
67375813
57081666
53827805
24019309
23243601
36564954
39927811
26847422
68280797
10833592
50758664
15391517
54628016
63062636
20266689
44315902
38759120
60601994
78121001
21440256
16400408
68112921
10192027
58960988
43764861
28303334
36797868
70298494
25820976
21788950
69390713
63245847
27870092
28471739
22719092
33258182
26400754
41653994
58037616
67229475
30112622
47460728
36096792
53042736
70920151
70457214
66324413
52703994
15804458
71131286
28632121
76719591
25275595
19546143
10299310
55626600
54313038
16878992
35895354
12583589
25937333
30964173
64351229
36949973
49479624
15073054
41221158
57576418
42416993
62783553
43835590
45443423
47668455
41430917
58326952
78737223
47093052
67797722
59362586
40500592
72087687
71430034
20442377
39619943
22604808
42685981
54058178
75858051
70906513
54235805
17742422
33512633
37014144
45108040
58941505
71596467
11110306
57648367
54492773
13648268
33975508
20854633
54525591
49877366
50726112
36553251
18898665
53301393
68610882
54008316
46089713
12566752
44744884
13562833
11114215
34084961
34421159
67025370
73047701
50327415
11860126
29922735
73533310
19818476
64168093
21903320
23400682
70942077
15662072
54832760
39598858
49970236
68825594
74382505
18528349
20504222
48202064
10372351
22867170
50957484
52893965
38207721
10689314
17848615
30458728
14561135
71867284
78244537
15371643
20706511
66278944
79178607
26420775
43411788
40691058
15847715
46366622
30610609
53385174
59127750
32571455
19901475
17247045
61662564
71203494
60155650
73304897
65398745
16134178
60690125
78916897
64415370
44441481
25103421
26494298
45115146
43009762
27427158
49916041
54891153
64538205
34895492
33765832
23709392
15294708
61815273
61213624
22884547
36103156
44187426
69672426
30903425
26034927
39166520
74713750
59404631
41457962
42343696
71960277
29132557
29720814
16457328
55517277
70310526
75266177
37442961
19900623
38387524
30431575
11960472
22751205
34880200
35445335
54788695
61443875
62523358
52955526
24619434
57217988
51166937
45620690
57075377
74558730
63875605
78232914
77713453
19386737
34768144
15697907
23958742
73698145
31585838
45811959
36858371
57636407
34190851
73651679
62941346
52241331
44032931
22108461
60299689
42658465
42046775
24865420
38409207
77259611
54160213
25700928
36595704
24734164
56770735
15597827
71626008
75749980
40712162
70878740
62857825
20491808
74049353
31290493
72229701
64574009
63510194
14765653
41800035
34722885
48997208
41777498
31696043
47228642
27619076
16980999
45645325
53073081
55246657
34510016
35658596
66477068
60793635
28539994
62690552
15566773
57408265
57493671
73169387
67165576
20654659
61787552
76043286
11064901
34264751
29830964
48714884
21173764
29851525
19624549
63324804
12414506
24600623
11766770
16062508
17580421
39976217
58603378
54963633
59516491
39625801
26551438
34700911
76878240
74413540
26979309
12436741
12685004
32590189
70983520
36300225
66164329
35118108
32869984
54646966
74285482
70001975
57045028
11282733
43781836
57977924
10276297
11087146
42031916
71366287
39254073
43262421
26673787
47751992
62826628
35642011
69047660
30593994
71127955
44331820
54700616
74947425
15329490
13278994
75207090
57272022
23354200
46467004
55402178
41895036
41466253
78897670
35686374
70593676
35563695
59179106
53631842
34380765
31910943
78810006
42473167
12653855
26301492
59377735
71976422
43060165
21459097
76508865
10516663
39795147
39734046
44211291
10428491
59217999
50193862
34124065
11744513
27543847
79574944
31305058
27024853
12939930
34253725
70585826
78415969
26759704
13985342
79211831
30622605
61571876
29385490
68379599
41947566
10866916
38932191
15580521
68289434
28785718
22994489
25000283
67579991
17541393
31044426
27441031
57461127
41602355
43497362
54712512
14616668
48517280
76850213
73340002
67109795
19123645
15432182
77450242
38371509
14393153
28176128
65616736
21347246
40303855
64776733
35909501
11549836
34849950
60401126
41862334
17004523
67402461
62692822
63470492
38185447
33850437
77607696
34524234
27187406
64038314
66536449
13613088
54289988
76201172
39027033
51363439
22314427
64145061
73296353
61268313
44277099
67462515
79385776
75201016
41901208
10898488
70134928
21628498
56516444
61127271
48140496
21762637
41626772
34214088
56082606
20879715
20524994
49497833
11876666
63579239
18721915
51123712
23758949
42131977
37200749
42940610
51830904
22313671
11981558
30897074
40342411
30807516
10958963
35814940
58813927
45847300
21800149
18826720
16893242
32620550
55594845
29765388
18177123
63397039
21061400
27392288
50508191
38979738
26401712
16498837
75256895
51363841
69914221
72558365
45641489
45705083
53978840
22427883
71950652
52983826
53636445
10912394
21942861
20754221
42576078
44981111
35424792
60075560
31490579
38491368
12370368
38092410
40209450
78595971
68271344
62271614
46562271
70839376
28832830
25827714
26754438
32989928
11525640
58006250
67905806
74208856
63019929
53496262
37962848
30603364
62756281
60422841
56005122
53625047
59783342
30401020
46114766
37011060
59248636
34250779
52373627
18453872
16481937
24689810
77517270
51927497
31804502
61153453
43649063
27209207
42434757
46837635
20224579
76481337
49003012
15546518
75289505
33397784
73573078
28933182
11401419
48761668
38824765
15531245
72009688
18810227
66478019
56074833
20811378
22172237
74992283
48216300
33172659
18920838
20423916
20394256
22804111
14555343
42667569
53067264
13379770
55115105
51284851
72036074
43630422
60868339
75110924
69365425
59370425
11893641
22126209
43044195
21663251
15895874
31166520
68976464
55670694
76804330
59420524
50872770
14290712
61896354
12032642
58088572
70924884
57304539
66829196
27449404
71494307
72704197
77367787
71165398
38763861
11706569
29813559
31382912
45026466
29738920
37395431
28103101
24470572
40591810
49934516
74224904
56091143
46055876
36289717
40438079
64372345
62783266
16986614
33879665
34294841
55754844
26696128
31247583
46680955
58665495
13397463
15451178
61921107
46900586
35749181
30904028
24130539
67070340
21529379
53916272
52494818
53003296
30415230
71274382
27491332
22668957
34256768
53809893
28340261
17996769
26986538
30562960
58794033
44664275
74146620
68748418
11389097
66424457
13208145
54673797
65059122
48910633
51309964
74412435
28790886
42620250
73848780
29227911
51100975
12740417
16531896
70628645
48396512
28308265
68617795
70496824
37922753
12869876
63975970
44367709
11983666
12815340
78086752
25802138
28901027
40404346
52934098
41308962
53603751
21823181
72233979
70716342
65471441
46212692
27740239
44537736
48520887
16819268
70454385
65773676
42117507
75055840
38382739
54223789
10414279
57542350
76183191
64170875
68323941
74751535
38422368
48491801
28957346
53558218
60145553
10836080
37773007
38917833
63941737
67539448
35352396
27958572
71312754
65781639
18052019
66797485
78073527
29218530
20951843
67211259
40271282
43367124
15169676
60780774
38358701
52860258
41680890
58910339
41151999
45020909
48004313
29332274
55011057
31582945
32812569
15253934
27235373
68298467
19719125
15286902
57856595
41364477
76353768
24709412
62848008
71783647
66553403
24030554
70833009
47631684
30254866
12557209
64798334
54253427
35763062
19668324
14574849
37969638
36543071
65374041
51951576
33396914
45761780
37545270
19858929
11514254
68047680
38965212
71686613
32136252
53226134
50005032
38487735
34235000
41362663
76824914
71170141
61813903
70117262
62831229
45014417
51322310
64359921
20078165
75787694
12293419
53336206
69728159
44242501
30638349
57974641
41479030
24762382
68359871
12970944
43024493
70714621
35863951
30356568
76185971
51238030
19002291
53367482
75357760
45725506
65566773
46264138
22002762
69328899
75833756
49218303
63474687
43498255
19196384
46785290
67878497
68919899
61330560
34952366
25732818
25084386
15194077
27851609
34899721
72561654
57457422
24375389
46618085
52275923
78767347
39190289
48135935
77999424
59263182
16114093
29415052
25113142
42532430
11671747
35302884
75091132
70582879
42209100
21937819
70635448
58797548
30510446
75951992
42798384
52914394
38588684
77000064
18561811
22744689
75424451
63541150
43046292
70783502
51704608
76273198
33961995
68768157
20754607
49200431
62061799
42594391
37958649
61913760
71986585
59892116
17748220
49651366
70070476
31236451
33221309
52741214
15927885
21493712
41356778
46150937
38023327
49712860
64541668
13119578
75356046
26185583
75744742
15275088
14937658
14574168
43054332
62214717
77925255
62031983
15978544
70241078
31699213
43256213
43160707
51370841
73898735
74385863
16084142
17667284
18365242
46359255
54927358
56854034
63583281
16044446
57282572
24695725
12828132
27841681
19672807
54155129
20454112
62793088
44413601
76429929
77188834
11238123
75778137
48910040
63942084
32713597
12721871
18317978
61430972
78884101
69415320
40795090
47273493
79663383
46762750
11059557
63132345
57828075
22878987
79739568
38816747
74171597
77335078
14458783
66733769
33729463
27555341
67482281
62197132
13466701
49077868
79617278
71813994
72105357
66467555
78481079
10052515
13985807
61480804
78478266
57215714
12681751
71598673
32531481
53867320
47757676
50501468
38491440
62003563
37403507
14958746
17346755
51401643
37616806
30710148
23111318
62106672
41412882
73370728
23287392
44448583
53861705
72999854
66164354
76487337
24254422
32383310
48628157
55371591
48313551
17418220
24578279
13058891
40003257
57697059
15402847
10225450
71350616
46522732
15285804
72043290
42423019
15190421
73641584
44802079
79118466
10127419
73080276
11768250
40399316
61152343
64012419
14026352
13020723
19803935
63732577
79620304
44983439
46836569
73112626
45546622
26039140
51406444
53980922
58117619
47159795
64905536
25247685
23486774
64710384
22881185
48292959
51960679
69359324
48345881
46485524
23287561
29799244
66040014
57412870
19158323
14944204
65469826
60432813
78330549
40336498
62166631
55752339
15894394
12902521
25510634
50535035
68906952
77203570
18852905
76029222
14569329
79491817
38354030
40517460
18849419
79254987
28083340
33439499
25899699
30609234
77102675
31505158
12032387
77092669
37400280
51616313
72383598
49880069
22948194
28493112
10068300
42669917
42888530
62031797
51039527
75412723
18018239
42063010
26458371
18281298
72164020
59542588
26224230
13907012
74190734
66103679
73935458
68931622
28922624
37608506
38212120
60949428
61036348
49318376
58837929
68766553
30523320
54889988
68160406
26683108
57773572
68068583
76445422
70706861
31612173
68254104
52898446
36963028
22260668
23121528
68905066
73728874
54431092
65738546
68752813
59586007
60318163
49459667
43912084
38940300
66198928
71809782
66377094
63320813
62790800
61047401
70401106
59380964
60199358
15098943
38584948
30594098
63471134
66083932
26501790
14232661
48957802
59973852
30110864
42882674
70206204
42669733
60361396
67790764
58648388
59193170
49879570
47573634
70269665
22516948
28527108
47005244
76976607
52483777
17608127
39426776
48275988
67615439
25535804
17076976
47295146
29101930
24122947
10449861
65669109
47714928
32718094
42834695
75268694
17955980
74273547
45769043
41102083
73614375
16035723
23953801
76896078
72773126
50801026
19449093
19981553
40152245
25502713
40563502
18446785
41775814
55660320
43278109
22547540
23486414
59806172
18987192
45981414
70254671
78206631
27567684
61563035
60526633
20907058
65289478
35122978
18100515
45478687
52930369
17389219
72305512
53841497
56862717
60340252
55229088
60946669
51333341
69965904
20469638
75380324
28012549
79189150
34554975
35703767
50811429
78075377
76893957
22302494
65562834
56473301
62825869
46436844
53314336
22676125
23646885
37059912
32508629
64530904
73208146
14147022
26847808
70434351
46714504
27455631
31443423
32488370
52761013
65960909
79969274
27960066
34974355
68700465
34614436
69854241
36659436
30277675
21469126
74584435
62781963
11778217
76081836
66454334
54305181
55101100
74839276
78691745
17889613
50314379
33498682
20712742
54815434
75423978
73973930
60642782
41235770
52074645
78541559
74999600
69242639
58609316
11819109
69305811
77641969
46071096
43896332
74424614
74019427
48589970
70613089
42940615
79162151
37309487
63631766
31316396
26037688
55365105
61969765
26960930
72109626
43070821
16627147
41557983
16121417
57951053
14698413
46803509
46202875
11273046
68327505
62464802
51247833
24919794
55254123
68644462
75962846
35203660
77340994
14987079
59686724
23066905
68431549
29317589
56287343
42384371
54583952
63728871
42378099
72484463
66915631
29202270
72339317
67176571
48531681
18408477
29547183
15136828
43361318
10167780
41699185
74917838
17372281
36440811
62489981
52440209
16476360
41315661
69249208
51971996
34142305
14812271
49971342
36970056
26442676
35812961
77980530
63593396
43478421
70760879
36569473
14967591
24700903
45463533
40691444
25404101
31602057
29076522
27183555
44011530
71157167
70836679
16120103
66542089
21942117
72057405
28989499
39427598
26538779
21035808
33972869
21397051
28953783
30972734
28420737
65662346
51536306
75984793
57509592
73949015
33921737
49239709
44925972
55000165
30249997
40236778
71000151
66054853
23982260
69271655
36730582
61291392
20906958
52188358
31764483
42985025
62107888
53375349
27734955
35900558
67124745
34057156
20831183
67632793
65310398
16400378
66690808
71505834
45077410
44763077
62290561
21729928
61728385
22821346
76182824
41759495
43454852
25404317
44246463
63583014
32950448
28999033
18321555
20980801
61245008
70644623
63578163
16985557
45312240
32187746
30483348
47573577
70420399
59331344
44929675
74173795
44220654
33592431
38916148
11973631
60337678
19560064
34750189
79155986
14763890
64558382
12993270
57750706
11782876
24090838
65778767
69374189
44861714
32088717
46644588
52696448
79470300
37775134
41544911
51949655
50710475
63162654
74622855
53206423
26061795
75996339
48235377
20865109
29970530
34577802
70364184
11694167
11924130
73021697
69032826
40790530
46444515
24268926
11435975
65724829
61990793
34486469
36452725
41396512
38013681
49807981
64091530
27010724
72216030
73035592
25491022
73322415
76465979
70459143
26935873
48938926
17754755
24300619
75167094
48315063
54599015
20108659
24063309
12989957
31889710
66697015
79784192
23638349
10488623
64474841
70319918
26323831
48040231
69970702
78335819
53602396
31621803
52585370
56888030
77809413
24227601
78094015
11873376
18382626
67514069
11273188
10504202
48700051
70765059
41725362
43866761
16936572
22935244
39655652
76165955
71905558
77191233
72885305
42397789
39896832
30595401
75049277
74438155
42754009
22240396
50819375
62720043
28398227
66093126
50427868
16116557
23311115
38082118
18694226
27797410
73335534
41251272
58556593
16229015
58426200
71875352
41151033
59220577
41631024
25005390
16567583
54225527
36253012
41120542
31374099
18017230
11039753
51903062
29427031
57867819
63889979
59008535
47584336
34108687
60386412
63623417
39603856
28931315
60190213
39128500
65796092
43202633
33875247
70622547
52310747
21715884
50032182
18278109
24368113
50042275
20783636
43636381
76389823
45754430
11067254
37917926
40736531
62115567
35544350
65569690
20240931
52045681
20702959
13259871
26139084
63451298
77594686
23982732
78581495
43209188
79759760
69764979
24541590
31514047
26947493
62226947
47706924
59787288
28517871
57853165
38454357
71711805
29079633
10343039
45587028
76672764
20532370
77656248
60512573
59488445
36804902
67678313
11283774
62947943
48514031
41026225
79931796
62529211
38782906
41011890
24584005
22407053
13280298
75903076
36286666
78503059
14112168
77029171
46224458
31110533
17298106
22543538
79326822
59432043
72715994
12738390
55418890
34224811
63586928
34094503
35197897
21397559
27648607
75169070
41840405
14418966
47614732
26389187
39059147
23745930
45927427
24188119
44921437
68090981
49546294
14930001
76204542
47467761
49335482
70533710
50274224
39374952
16584479
54698344
69373096
51573112
48955005
33217096
63274214
48482398
14719267
60817262
74183173
47238491
66366008
51088780
40589378
20516657
77882445
48709100
49993754
39767564
46284066
67947773
28700165
32187038
33118373
68289605
56382816
30159465
78267596
37113066
33111808
52171145
58599573
45093251
24039618
66292806
40269010
23723786
12957828
22825136
63588946
64369538
76560161
30967908
58629459
48600890
66495699
78246801
16540610
71760878
63168795
54278126
65135232
63438834
26209045
32450343
47026980
32856121
70599041
29727826
33788070
24657482
45380785
59148983
21430873
61935141
14576904
69696709
18543425
55771037
29801545
24973322
44247046
76224187
47852692
74527874
73143244
10413154
53923871
42336998
44685443
43543800
42497234
60269954
19925827
21724290
39630685
27523750
60669963
20089280
67520633
67723084
35123107
37606826
48900170
77926515
34290448
31930111
58653297
68692329
61224848
25690870
61540172
18599706
49559661
29814617
19343125
43025489
67812326
44454510
50414943
72335714
12635916
12657064
20009496
18194523
60929962
60477125
67556519
39060087
27122943
78571732
54805869
52302390
55489077
64183536
43478662
55812390
27406387
48667365
26187583
41609689
64402846
59365286
67688633
59574927
19849017
54374404
15713194
19013572
54408276
14267095
59111413
15491195
52123698
13542176
65289410
13245624
62878639
63749652
44961447
74519502
28380214
29107899
32160014
67919013
21631355
20827789
77155293
49699731
17521395
52618707
55583056
21103451
11181208
48176103
44070441
40671427
35320347
26031772
10348450
64555162
61903714
29848216
10255323
65195160
75863217
14970436
57204492
54409130
38981912
37103384
45360896
68782797
33211876
67356109
36028198
21830871
74746250
38215560
23417155
14499953
19990143
43557770
45668693
27081459
45795844
67374155
13063368
70512956
13484206
51147550
79335280
48626724
11364014
34676650
56144374
11612364
38890409
13551972
28454004
23882738
13721901
79110611
65189032
23623033
27770698
68045249
20616447
55468631
34232147
62163326
58833615
34304871
10586106
54022225
61538077
76554819
62019331
14632314
30695661
41958258
30517251
20541864
34952975
68966470
37559644
48940977
40493323
26871834
63356935
67281686
77471269
71212304
43720585
23304775
15966888
12399857
41104321
37637816
45179306
31180100
72821230
60844731
70875662
70751675
43927503
68532653
10015031
13332047
76982584
50271333
51142976
28565725
35139020
28206499
27171058
38527672
23112502
43267623
10214479
36532967
14481393
21591864
33492201
26895491
51324076
43503787
62348816
42756595
34705705
40559799
43151781
72512545
65598433
31367597
39228864
45692231
46588149
40877457
76758644
27817979
36325353
77672680
25901896
22315101
65517692
32925208
31205680
11018101
46771847
21619854
68962202
34140285
19343343
13736817
27903345
46231690
55062013
30473329
31086325
57585562
25441898
49998497
35994736
49901458
56429870
60825881
16747311
56055167
35700581
26669326
20176386
12517403
57188489
67585567
71145265
67216391
50852999
14407207
59305668
73729385
73451831
49183734
39958575
65578822
44187389
32522215
21514326
44428936
59614284
21198382
41252190
73173850
61572080
25470278
43080385
42210122
19722189
27114101
74220999
38207811
73465449
22873666
34008040
29369692
45944962
20654151
65835017
63692681
67812320
25262833
28716167
58756498
20848702
61144461
78196261
13987787
77024092
32430483
15226327
27349691
66291759
10003764
61278228
45958791
54164658
14892629
64384779
64997633
65522254
32427767
55903646
21489281
48321719
17341908
66971585
50383568
49384451
69410045
77538842
71294714
59159055
60629595
51454283
51801361
71093298
15529485
79169164
26860501
68095325
29271372
55787140
37142196
12493082
58591004
50495775
54486638
47773147
75322082
72792183
27139675
59989792
20323819
33552829
21081143
16546078
61115042
23660955
71862000
36470331
73245247
24160572
68108240
44188564
75514282
53403533
50306124
32729429
78858766
51990621
16845449
12102574
46140562
35775856
76866584
11794527
77195474
28094183
46797537
49874083
31337000
44594380
41756856
20675580
49026455
68885519
45042060
62116790
47621950
60127299
51031525
56296530
39284565
22790841
51050580
41407120
77794190
38965854
62928495
26788723
28201258
28920911
46417422
73621473
30104800
34737188
34847191
46227006
26277315
27021844
60163765
65516415
12729114
76674248
79249183
50167330
79531440
21560352
69857123
10505377
34645451
62587974
20953408
50895279
76967600
57241018
50155100
52572471
12188152
52919288
43441071
64525907
18691533
63699809
37822874
76493522
58322540
67176434
31187859
55540817
23947239
42574558
77744456
23716371
31949616
51480595
40945519
51922510
43286278
36815851
30814463
26429153
21817653
51900478
45560305
27896584
31599894
59472338
75468128
15555074
16806491
44355116
75587216
38584188
54022354
19681047
43612442
62726519
69659150
69667188
64289472
42683091
44671074
28227387
42218736
10648184
23708407
77262473
44143287
78638615
16368717
26702185
37654827
46907735
38879312
32506384
78096397
30896397
49918146
36527530
78834656
59002196
33890771
23171131
24906931
27022265
54700829
37261276
74841299
10534787
58614358
61902176
27304580
52658282
20973414
53559360
55391487
47170780
32159494
60552932
46068122
43041048
13578235
59647246
78578783
48537513
50161751
37989777
62141635
68499563
19830878
13530408
32505548
58072496
66081072
55323475
15273885
17144353
10980821
32143352
70562683
14651285
63295281
44292851
42403924
15142648
74679270
17670605
23056860
57308919
22718446
34366154
47545645
61930244
28024734
50937427
22962432
49810389
60367484
49755835
69208109
30407034
38414733
53182752
52407997
37123512
33504403
70303308
68266760
36716683
36314727
32877392
77404691
21650945
27704093
51273352
62985382
17379239
43191306
55360662
68285049
75354984
15861048
78285239
45671717
16818683
37738287
29668365
43799951
17862945
59065273
45888798
78350953
34321321
30340650
40357681
61233956
38476838
17527357
59503698
29372725
32415643
13322008
61198276
31573659
13574034
38111246
14974897
46076816
76425084
16464501
13144163
63591523
30773734
54991858
44998131
39522395
20424400
49369812
77237611
76759868
46014432
54940371
16858391
54308775
16388682
44965665
26921790
28464114
38944475
41998932
54017334
63555751
58047252
13993029
45476290
68640578
40052749
22378843
57994651
41987054
33070972
16964963
53565218
38842893
74107531
14555607
51994608
52453299
48135336
30829138
15485818
26059207
10192993
35943323
63064381
57922724
11101376
20004038
68287944
57854963
32263285
53780579
61474915
15734706
41081394
60956548
38175247
35393616
70306311
63391833
75613603
38643227
56733800
65268412
47706656
52466910
65490037
13638181
32177674
66332483
31905434
79825532
26400663
72263387
79462968
11426660
63705047
71078333
77303875
73416079
38168370
74432355
63494918
33129159
64232603
18724003
17214143
30986749
21711730
23769353
39814306
42683128
46832384
54400358
33470324
36255273
46828303
73700175
66685603
49052681
54852217
71866503
70508889
37735425
74229409
46790901
54120222
26090345
23289902
78797584
30566970
70057814
65875033
66701791
24527303
38780848
41035744
42256601
39556894
23639378
17953544
45249384
15377059
77683353
47442493
67452977
10916736
15337505
57212357
60228931
53404209
15537495
34380762
35825417
16622011
69745230
56312882
24284438
46237585
67747037
60756649
32815577
68304798
27252334
14012768
67856195
18008827
72998041
22125784
52449347
26108761
77983705
51486833
25930482
47662106
57756706
33123073
58932002
25938741
43909231
70441398
48170324
48461772
71946533
29232583
24687744
77157433
32294185
12645267
68000384
13312603
39632544
75248643
15288814
78703704
31150679
71227131
72542410
19350740
67498226
37455017
36465801
38212510
26838187
32612471
58624762
16136570
60848583
61792651
77233094
22601564
37333808
21191601
35793206
36735434
39944645
61783917
37159136
19096825
41084367
11831184
22716598
28971477
43590001
13879570
23385199
70043724
49430811
22775983
43020481
51785288
40432675
46832032
70843816
32267555
10336684
73880028
73243099
47954882
16023728
33405553
67989256
31984993
38084734
68845880
23495810
65379164
29371488
69416355
48242353
67311709
29131522
61951042
33605743
77859610
37801968
44916915
45937333
43807822
59972234
45986092
23682011
31199852
36431814
76029990
55876671
45325057
21665285
55728825
48693433
63288850
55229106
23711841
39076013
25901505
63437199
41895989
77293504
77255844
40630691
67963094
78611818
18222857
43200151
33121150
69592900
59437286
30976878
76930658
29604370
29255035
27669126
55892255
27714047
39336691
33146316
27965403
70097651
45670729
78489182
52829148
39040982
22401080
65988894
33380548
60379666
32238087
21186632
11237238
21989591
79834521
79095125
73701010
67173226
21332451
27282362
52118668
50585051
21391826
67816950
79380880
77120997
53122498
63614500
64123097
76209704
63750470
42089268
29736575
42573543
60185048
27873389
42830902
75348417
17047970
36859115
15233855
51891340
74442850
22791424
46665838
76299978
44165348
58434457
43886863
56442071
66573819
45777230
29873856
44166936
79051483
57382407
23242415
13320497
54179201
69821439
35494984
77566994
43378930
36476839
10622879
24226374
58050964
76882389
11725908
31439070
17140698
77588700
77387036
75742488
77272306
56580222
21135096
71612321
40811928
43220013
37653678
43776080
16288390
47186135
67171898
46901404
23803239
68730675
53003551
69424398
15335240
17084741
33837391
12498787
53870207
19323442
12216617
69488400
34041890
25425832
34121687
13124678
36684682
34177893
42707102
72370275
75929516
69937588
60007700
51156540
29230911
75540980
12794802
71129440
57083266
38266681
57978940
16834867
16222705
69237004
24391412
14382506
21694931
30952509
78692722
18351767
32479273
63811530
72365045
45058754
26109045
33621615
37151922
37193508
28491953
17236187
45934619
48197454
24137081
13332364
68342386
59864951
22232186
48653121
69243742
76213510
27454478
20703433
13907728
34886393
64574303
66251899
27701510
53118698
22155710
41409446
64588597
37413029
29432840
53054406
27225158
63565696
27862636
66024869
41552984
44922244
51240337
49084054
28139485
46237657
35884854
13878516
35283961
23497745
65834693
18739599
45676171
36560151
54185015
78285568
15003204
42603764
19918678
60223970
47456933
71875624
55997349
27669352
14783098
38323599
44100143
32250243
73163644
76408226
73294785
51848538
55680720
66692441
42146593
29071198
78102479
79981087
35759467
54277353
26591026
21264341
17990443
26030275
23408820
23513880
31836031
64831113
45834406
22854688
10186220
53340050
25176926
59675145
65359969
69018871
50419427
24395562
62633801
14436794
12156245
45946028
24498944
41081355
28429558
42760595
58212278
75293540
62016999
52459810
50743931
25806314
68772666
47608538
16984028
66497690
40001415
10517512
10799953
16647949
50840278
30551443
30925893
42780038
20904719
39836188
62640542
28126923
77858518
25793044
50972776
79583506
25791461
60295072
57381296
34665781
34213658
27672215
14103560
38825237
45023339
74930522
75327502
60958593
28664252
18864021
71315858
37248786
33874325
77950069
11466735
16309853
27881898
52978492
66051445
74716789
35224496
78968729
25188177
40099006
59657309
43190706
15454758
69980792
48620822
62685239
37369585
26245758
20836313
43846110
74307926
76976218
55280401
50512256
42414196
61079256
31803040
21994581
70250218
71808846
39242064
12742591
11480354
43926697
50538994
12294395
69176912
48809852
54016565
19437533
23472411
63612787
28276032
35954390
48615749
68982834
48201350
18175776
16760684
36817875
74818139
71016918
10602737
57779142
76347564
38940674
78329235
10185426
44364383
79306956
76752203
78456809
79173999
35001311
70604417
34225830
71373487
51579846
33615145
29430745
77528080
73048271
73418851
53403303
35969638
47158939
15930800
70207215
53702673
33514866
50358186
77844108
29134256
63832132
38049590
40610695
49970525
67282791
22279750
73313647
22098672
33598380
30119164
47372854
57311984
68107123
19891850
46757270
70171582
33959231
71406263
73878657
43143654
31438015
41871923
63988875
65380207
18472730
43535377
58932431
23989486
79628375
34034518
25823370
40783192
65388653
43398546
35618979
23385301
20925402
16794560
57049950
55261067
42246067
16638580
48967223
10478301
11333755
67781826
41930673
26195822
63029623
18557266
50331246
75884332
26241995
11168830
11541523
20834151
54111094
64636867
30243206
14444819
64342945
70946846
76742676
36691893
44673172
15394808
10109354
54725519
55246136
49526802
53247172
10922421
37377101
63505900
16263742
45968005
27036132
26172163
20160871
20032898
57106258
53926263
36834944
44432801
25476667
14502243
19634203
49253812
16738930
13461604
59196974
75748782
69536924
24214501
13300657
66522913
36740129
46231287
55949040
58425463
52132607
44000000
32521648
74364734
58796208
21683743
34879901
74778103
53721264
39995450
47750527
61461561
62053533
31902406
74352276
16283872
53765704
65698641
40599544
72927391
72535945
13239913
19149894
40831735
34265932
28405038
43543562
74556276
77610485
15028618
11339201
72209685
74335838
19168078
35230810
37848590
72391001
22490035
58759280
78802580
44517466
63508201
28144755
49356775
20389236
50609015
69133454
53063507
58154680
34187862
14135590
45779393
34871662
33433578
59249839
11764169
69786980
18047364
32225027
39452829
72101805
50903421
38704540
47661155
42309978
61925730
26295763
31300239
71896722
61139378
13290457
16022933
78691510
43117301
60628850
44368210
77006885
18481259
51503301
77412406
54382016
46276770
47178748
47059983
23189745
57664294
66727590
14565562
51500490
21152587
24937755
61003773
78985601
36588702
32843745
42898483
17667106
66658632
75357002
48993143
31125697
20149913
29013049
49478790
14935621
51536065
24643826
72722705
59545157
62057602
20422846
47834545
47053760
70924217
60065775
75175805
76461652
39002117
10246588
72531932
55713586
68602942
55821472
77853131
35272390
33870975
57899194
72300801
19425681
42016705
72312313
52088168
55796459
33233351
25014628
32345241
40639730
66403671
27143568
55251200
34761352
71852757
42076077
51437483
32336479
73607700
39132371
53299315
11797335
40346017
14675100
23636258
67599136
19137518
12877601
60793864
68839476
41653104
20553015
50014241
16432462
74759559
64806805
52492013
41310180
64796142
51098448
64673386
67206425
45432909
13621247
18231786
40327390
72656992
43372430
15614998
47902270
75194911
68309445
51916913
61191248
78542708
48777717
21647049
29048284
78940102
54656142
65475215
31975255
17228275
57778476
50240395
25586172
69446408
19000873
73637307
58443943
54758022
44090240
68411257
46106953
21552181
13067432
49600318
38531798
14806233
75364713
28035196
38769643
