21646472
73501926
27372348
73146031
56675547
76029344
75566728
69931777
32992906
57765235
39395202
40829759
45888137
34154161
38862805
70810376
37378206
23653711
52647838
37821174
41202968
54504905
57749568
67331920
77818455
38008720
36810394
32632755
16286222
43261735
40437851
74087028
41788742
14885431
24465313
46412289
73342460
68643510
34333826
27149442
52293342
51607086
20786532
74174023
14231181
36224587
71508828
34892433
27678784
26192175
24050537
71967456
38781300
49645482
29160295
39352270
11635067
33090613
13969884
31085831
47079637
61562627
17305081
29782153
52436161
77308188
42716519
44123146
47548447
55024426
61729178
12065206
42930330
16235603
21950432
77397414
76495219
21939247
50574126
55399952
15129814
34183943
33356025
52966224
26255945
49437683
55297248
55657207
70158950
63930000
59503040
57576384
40105764
22284061
43418724
51934888
65646805
16438301
11575840
63010333
27206071
27306514
11670991
43177572
30888622
53682296
79865937
13051435
13918373
52642172
33406493
19348056
53929594
16146370
73072285
37675362
35847187
17850844
18264489
16411106
78859899
32628608
63794999
21841585
16057831
53509876
45732576
30062017
78294845
17317299
21054133
65509781
61529152
33034856
40031963
11893228
40286419
30841370
34554564
55432547
70621298
17488919
57380430
55492479
48155244
74509257
30808529
15711744
52966567
68667179
44773051
25835836
22352554
46638397
53070938
35944945
68662790
72274975
64545135
25827506
44830564
12600087
64868083
51481302
43607131
57391958
40577792
69645720
39923404
76502074
18814039
68087233
71590177
11405159
28416156
38267877
20658496
52311900
37465323
44555417
58356682
29380411
40829330
46896970
20302119
75617039
24095283
42832664
30837501
72509478
38598491
13997413
62463504
44114729
28548815
32371579
48995687
16460010
42057503
29141943
50358703
37132960
72280624
60667000
13013178
10648052
71136140
39993012
63440846
30732938
64185221
23508038
26823125
11586061
23038305
57858963
24009167
17235073
39591024
56126004
31862247
68900027
63936372
20957411
14694561
27480136
15802775
41745387
31124463
32241265
27172582
21362861
56017435
46969681
39922560
75270797
15047786
58065839
15688964
37824254
40132672
60128455
21042792
33456660
27633289
68805179
46595392
77950408
74912001
68498971
23311373
68706153
26743224
65121863
40420709
57856728
70656969
44323347
55794948
77861201
62633723
14552938
31750521
41366195
60178342
45653866
18325314
59593820
30363796
10604805
18576612
66546295
79603680
52139316
73823680
11805410
69775420
38802069
41871658
59669958
63406045
46433492
43939777
27979818
66461058
13969051
66734781
55573233
64922785
16894691
35403322
49396159
24734733
70084905
78798363
30307393
48670940
62841550
55026808
29540834
18403758
36232199
73984584
73051266
54270340
36625757
48576118
33876254
23724559
65506150
40381534
29946326
75259515
72639596
63827114
46042343
55085070
35118071
63374799
65016632
52430362
56674523
20683081
71205611
75336041
41807044
42675319
47608814
37211965
64828294
21151292
28219385
19890796
31354320
56311291
32933584
32074521
45278885
49666021
36845245
14719429
33553615
70008053
28819753
11476202
54137466
36131458
73007035
48558296
10988289
10335932
51465126
64500825
16656261
41725501
39337539
11669742
79901316
79242623
62102259
38891255
26316326
58646678
16335968
55444432
30127049
23241159
59680730
24494265
69109294
14457919
78963501
18574835
37765492
52451312
63152243
64962619
62304059
61903552
37758509
32277712
21943846
26920691
23281348
27763046
11919106
30264648
53050267
26250615
56563426
54305437
24249382
57472943
47774003
70378936
70729068
57529860
55124523
40511945
77500964
76666560
28497373
58281902
78167409
25576373
15184332
76490854
14906792
55745024
30924734
73211132
25139273
66142264
72122181
68446037
60277252
33948578
13754363
78144423
64273644
30538066
28049820
51099257
23211087
45796355
43127166
50777310
46082582
18845309
36714640
79519859
16127055
59974619
45820285
22901124
12937116
75847974
38430913
72593310
12941715
11145295
40486462
76398808
53518710
45280868
32873749
43993004
48315728
44292832
57249524
29465220
16941352
67569431
45084641
45117378
14767537
48233284
43248653
32515489
49558697
16039882
59943456
61900848
48800867
61252333
26911457
10909270
77402009
11744927
64856736
11778750
69858916
46051177
78163314
23295796
38101668
54583411
61181067
58684445
57722564
33164844
39840812
54901009
24470548
50835179
57923690
77249014
43160044
59634155
53776233
57774861
10749617
52416574
42288046
11932519
35478806
62327704
30386622
25982564
28842998
13989918
36059723
44847647
70342222
77843217
47743534
60645852
61555003
46111374
50212581
40468520
68363978
14316921
72417422
56985069
22327337
63119914
64103939
33741264
54235547
45609014
27660374
18318934
75306713
77928199
74042046
39260208
56680703
46568341
36926866
11578673
12642082
35131379
61165996
76507824
67719805
52419844
16584464
26088720
71891120
64432836
71997226
68153593
61019629
53059478
44878927
23507357
42831330
49628296
12735590
10290461
32686298
74943894
62847865
49625634
48629692
66846071
51242756
54553359
39235590
39263555
16505809
74204851
69259565
76865136
60375728
61186386
53310274
12563422
41733287
42730821
69857861
25078615
76908364
47743425
67926503
32600333
59689967
36383686
46040173
40224038
20820623
33294284
57770801
58142483
49054944
73636642
13350947
42198357
57801952
76911771
72266323
66918308
26883695
30520403
63069214
57565172
39738160
39393908
13659568
51862471
47116488
51576357
14606173
53948390
67890761
23409460
76333837
35866041
11697457
21815881
19401586
43806663
45499268
42590448
31537363
38944959
17148777
78458769
60994457
16794323
30935673
17280625
58122233
51753414
62718971
78885449
26037601
71861734
18806492
47368497
14846940
53725233
54011807
72401965
43762894
78173573
60911077
61653748
42585015
21234572
21564364
48447270
49170866
68410439
35246561
67768454
20146879
48887566
45791994
76457013
11825739
17266934
17042523
41926565
71277651
47086217
60442164
44024975
69801695
10101814
33149190
49110665
55313963
61610701
20762537
60682007
76713712
24732633
66914108
19154503
67792496
38975701
79556243
17317847
52418046
39630241
26339875
25627491
37914983
70615145
53133257
50520121
65540428
57628433
68120650
73334841
21011817
63465422
37319619
39397193
25664636
41184854
10771072
67774408
53313433
47534567
66864666
74025016
48272758
10564947
45676054
56397422
31781081
76498547
10992834
47485674
37037305
38416101
41058212
53972829
17720890
48149353
34891633
15004065
15741132
11476174
24761695
58685055
79678516
76248549
40101967
64180548
43120683
69171779
21601845
41141130
56567015
71301587
29813048
53708291
69429450
71822953
69964605
17923606
74523886
55142332
51438719
75638835
50822830
74873923
30676920
44426223
42198567
63298692
16763966
33126467
45686956
77903016
78724049
25930766
49266185
52460395
11384097
73790565
21810135
73647553
65228839
33284289
50185328
53347533
74127444
34396499
37495791
19699894
18963497
48660317
26073899
74958295
58208740
68605508
45126456
74582029
50908482
16364950
53553073
73227955
19585788
30562906
10056602
13295865
20496115
51667959
48289341
34218619
38403953
74403443
62519864
52910034
74065612
45503634
27223611
78982171
78842633
67251876
60074195
58221123
50874358
28739363
67401736
78912680
16711583
45073486
20897603
41716935
63861701
40198828
63975885
37650372
28706177
42598045
33310747
38934108
11201024
45527289
68934751
49590504
12484346
57216142
60432158
41784236
31417166
75986208
51087833
57407076
18626396
59579464
15140605
62585687
31455223
20512527
35560462
16506767
68378784
59963832
28232278
37059309
59210611
79840070
13226671
17517045
59977938
45782074
22133473
16577888
19058095
24429765
23711865
63849413
52086816
79385343
63358096
52693268
70387949
49287934
33328075
19645844
28484200
51041521
63139362
78218464
59213369
14688484
33280128
21988008
43948298
70999083
56252822
10508488
53764890
12064359
50593047
77272460
76967716
35660229
13855086
46192942
55171763
58373712
18855782
21331057
34408540
38832493
19006516
45921676
26914902
49503064
26192782
19120096
60311889
44285344
49733050
58791458
50734269
16078168
24757056
74174771
29564191
44558597
25805610
54570479
34247006
19258747
21726640
57674371
12233479
62750898
32304032
50021233
33518261
14463152
65808155
74493484
12532320
67817261
60597942
58134906
50472854
48924848
63826153
25173581
71479422
78176534
26149569
44829741
25575658
77097097
43024540
23886653
38854456
27783199
60348065
46864061
22249082
76106208
48827807
42165905
31967457
16954821
76067502
12243333
10102554
73591456
62634521
70599946
20722680
51100596
25815009
55814703
28459149
38800679
77844586
16751700
19274094
12118685
48133481
37876769
70110482
13009281
22308085
37013260
27005084
55798070
79284561
19947823
22688158
64569423
22829429
64200946
63245232
55126864
15857186
53261906
63346477
44500183
48160841
77150592
14181192
16348904
72065997
58696615
61613322
49344759
78992754
36681317
29611774
44380451
67958067
48968837
15288315
33754071
17809601
57546335
24007097
55701207
44545934
44319678
75661002
65349756
19899474
62087034
55424466
72472235
22168238
62323915
52936063
44090935
69665323
65900230
62828584
65165954
49261658
46331962
30720165
55781411
69177045
77522036
29077037
21131437
20958360
17733578
39821906
12731455
60835117
63599386
15273783
54645245
42623230
35724654
51986403
78532088
78349437
24748978
30063835
24636984
37841198
71722353
30701968
33360125
61495887
17011333
79533598
60015542
31909737
48927005
14988192
77684835
57425220
30224367
47135827
63920393
54609888
13386631
43521575
40362532
55236248
43952635
24855806
62191998
63170180
67125544
78213841
67353828
31298771
53763731
51363030
64945110
43722736
73849484
74219558
55987743
26852989
11080780
31118218
13750632
60787040
45901087
29255865
37310830
21172546
55084335
70871185
28635184
58171600
72977608
66246923
39933468
52276211
75378693
34063107
30431619
65101998
42610578
46865796
52105101
42538033
38818108
54184819
70137935
72962376
49335891
74010780
35656677
61559994
38848606
49072698
51795567
18751832
57178033
49311828
37615409
66023951
70170677
33326744
50888403
49174215
31326190
66679981
15391284
74935958
76898916
53039061
53574088
30227097
14418888
67070617
20316404
41182779
44981950
58121032
54010569
29245409
12182940
36504848
73609041
33690843
52376162
49494943
29986503
50804308
32658602
60304833
28257900
18100549
50757273
62533481
54360636
12479554
54215402
66984377
46375958
35255464
59245040
74999942
66634103
60931301
27718924
43619389
55639946
63255732
48429678
43866415
57613331
77196118
26915069
46148494
25377944
35208806
54594666
14872971
42986898
48968107
74827063
14579594
30240393
78046337
60248326
58401526
49819010
54386882
67853879
22827051
34315537
50635350
16362780
67357431
57478525
70796873
35524398
79606531
33222630
78677108
47150018
22318078
73043321
26124540
50682439
31662538
71953201
49289094
47443311
56716493
41198420
56246752
24968275
36395021
74362476
11785959
78715271
37973081
42178216
65689007
37339069
17094040
24132385
69663971
21027757
39522946
69180188
45284787
27773388
48013372
39793277
44886086
44732330
22196816
10611673
66727725
45358261
38665738
16535507
70657630
29734776
55005840
44195145
22051759
23320104
66623308
25447732
17453397
30849859
53631235
62232930
34936848
13371325
77688591
22988243
63486884
72185710
68284562
74929401
76801664
69129420
58225121
66627138
38500874
13437596
42630477
35481980
60757108
45127874
75657929
11786471
59717497
45450068
57393660
65972630
49226265
20505421
57343114
40785571
65190263
78203270
76095998
58098667
11480470
71390678
26856159
10776240
79373928
45571039
75573564
71815290
15203450
14042509
46171272
33080471
14786625
60408172
29480677
50656260
63063274
27560499
41713306
15348664
11483040
30564504
61708098
17774778
42184078
65504626
37776802
73216369
20548763
32053582
67983726
58741853
36837586
30666148
68912391
76688888
15895910
12499898
51303206
17745690
13255342
16044087
11801681
14949002
32242288
44441260
63073242
59215082
66843160
78980321
37419203
43728368
43611411
43504988
23901333
64685170
20998094
68707599
18094954
64734081
61493197
52802376
51837079
32020685
26307282
60738166
79651172
32400797
40115981
64009145
14282418
61571467
63424645
49349054
70823814
51455781
50864807
13886301
32388989
72470580
13900352
22823775
67808429
11704261
73974003
74329218
47298279
17981386
38446276
12245775
71909570
40531072
21074354
62366917
34335838
73165129
38712544
77135258
16711274
21640076
47256520
51305426
16569651
77680801
55122864
55576876
61373535
22768215
47963872
47253344
33409972
25377470
22013449
52166627
37994619
31931763
64623163
14973252
71920148
67137051
60428899
75948275
25432609
23013591
78995773
54623403
19119529
63558532
70096680
66115249
39553621
68078733
10431730
70766940
46282395
57062625
23899750
72550281
42578232
49067130
14474976
71768163
61437533
57703921
53352124
31676004
47484596
39039747
58383441
40603773
28008661
67422756
71960431
53672656
18089320
43898442
64041819
49463965
12681260
28328487
33507574
21176528
64144912
37824208
30971874
79786448
21479778
65118535
75604467
68618128
28284765
23745834
46803905
73257023
12563883
59169320
24529606
46494019
10603532
49073449
51416516
26256234
60242044
29277795
27397004
24853064
10335699
35701991
22293464
74543061
52982845
59289757
55551125
50115202
12187234
46378349
15053447
38164576
48793324
22031396
48187528
54635879
55628205
17009024
17346591
78365627
19487400
68300744
29091489
16044568
31146654
79426788
53198246
77499789
19538358
40211190
79412556
30745839
69911518
60908029
77217844
46917859
54125847
72744594
46722771
48004410
54220287
17362225
13344248
76706502
18187912
24862414
22166314
44954093
56364538
32184053
73092295
40088563
74352189
65999887
15815253
37085930
65700143
31441971
23751894
43450168
16815077
49420075
60446237
19186812
15538288
53655631
17614302
74840763
17098579
37009229
62982037
70038681
23143726
29045216
17995503
18843202
66433582
39563643
71040375
17408707
74532439
43435718
14430384
49643972
71032879
69758263
39164688
55670214
28478171
18709870
57943312
52663613
31146121
48212993
36513692
36222984
33752752
18735987
52374504
79433322
73238049
36652304
63097383
11447078
34745611
79620705
55907098
71098737
10228413
78028714
66691949
23902779
24161261
43776730
78541379
22118447
25282520
12105506
44407788
29669646
16108346
62734307
17809313
29670896
14968915
41439359
62795427
72349178
32692106
12111622
29864649
27807901
25561903
13079804
14429594
33899030
17793231
76749639
59605445
19585085
14100802
10939384
21254586
39630502
77726347
71401954
52213934
53586168
67333330
32933319
79023863
37206264
60293812
67522202
70002530
10553600
12971115
21879986
76395709
57015321
28385131
50223098
31337637
39735198
44802721
42013798
59938626
33328177
26258931
78237324
23416190
60186101
57309531
42657078
25003636
58906252
11121016
68978135
79729121
74717546
46901004
11391042
19798496
34825052
67257216
11196597
55267957
30861975
27201672
55978633
65901564
68260051
74045132
22547079
57650687
25542866
44704567
21566269
13017816
29182875
60362467
68725833
56932327
66053286
37980386
79027497
70607078
55600739
58145302
20799112
51887094
38312955
29520490
13297888
30247028
17847287
53027543
36311506
59588638
51799744
66423598
37909957
16405998
72696745
14119608
71347744
12752739
31709483
72601302
15493700
45044281
49893528
72260591
72542536
42601437
33720531
72071302
78691913
75354884
26255925
27339610
19978707
77522768
49708762
33793586
45847793
68140179
19576915
59242653
27068360
75379233
60452915
20018377
12833267
30374151
78764849
56484004
55964147
74785762
10968912
42025700
62635356
71568149
35241472
60798123
57667621
22228342
39134175
16299983
37675111
59505748
75890238
46378473
23277629
63704808
11097530
23527735
28523063
58446509
18165725
54762628
61549720
32403303
53451498
28325970
28916169
26247237
44294235
58342824
20232686
25067009
32037960
28424031
12966180
69840549
51106339
20921509
29493760
19549204
34561767
48433849
61094811
15048355
36185715
22300964
50180497
21313885
21602007
35017987
52545331
65440601
69113224
43546173
63012461
73174372
69236614
28048132
20606623
19432151
59483051
42700407
20321826
41784935
54716745
55675948
58980899
68208476
27498546
52903595
43686067
45660096
72966017
66093200
11031174
16879774
77389597
57230823
47279407
46258092
10002538
35661642
59898433
68113608
29673629
65911743
61028619
48564437
49230986
40528054
25977599
73517216
17233830
67764646
75307504
15659305
14243967
53652815
44817074
22804563
71595551
68688037
73266924
21532957
70506745
62678850
54073407
69399505
73628921
24549487
73371080
19988754
51243530
62621793
60180251
46466309
23909295
10772072
47009297
56174895
50475934
52410686
40964961
63543727
49850756
26621248
77860526
66790362
76383073
69658209
18497475
26193673
35941366
43670897
41939257
46111278
73876682
48518284
46933709
58660460
47817811
46819992
63039615
73113529
32877250
68364543
63399422
11468669
56707436
44598460
69521700
42586387
38252804
22327580
67372117
34744477
47682577
27834684
71314654
75018012
79881106
18244578
15756693
39832093
54933971
79936342
11549299
62321425
69735501
26954351
48198311
51022177
59670641
50834681
12260917
32378755
17693490
43287699
61336802
45239502
32262021
10315527
25833208
11298814
26911538
73561500
67106483
27904987
71822357
49359828
12829505
43274582
57919480
29730164
43056692
74294934
27800495
27807148
24597889
23486334
77240619
35350003
10210540
25386009
48338079
69134805
47384780
55095823
22591323
56914438
54784318
26240469
53189123
17738661
17737380
28131647
62325963
59978274
64489632
14766035
43515552
23517026
12702094
24148139
49730018
68879301
38285181
11674045
61306537
68455531
49720194
38264212
34680959
47967019
30671171
32634410
34557719
56739017
55680042
61652160
73125274
61649415
69945736
25965081
53804327
71265506
63941297
22100943
73777868
74412738
67419556
42559466
38407489
20436376
56692367
67010193
36729938
40256571
17032710
75743890
32140577
44469846
30036072
32789246
34735523
15877629
67490412
38831685
41701246
59362027
37023911
60156146
21139070
61158302
31150195
17500012
68246636
13009789
51160267
67113798
37728451
20618930
11922850
59448461
55157265
70547894
69625219
38590329
63630415
65445265
32252029
19032779
48313159
25074029
43008361
35348452
35308390
12168453
29961367
71789467
18663544
47759840
39670331
70978335
53120074
48055809
50697215
67686641
28792884
67449635
64407659
70521515
56158049
23048235
40995827
48181546
30495017
60873870
15448577
33039225
31604221
50724457
51148442
33189702
50427214
47555350
69461706
73051630
63713521
34465308
51444591
60065508
36116758
55737566
57688546
55700390
69741390
43992357
13148594
13261052
56485958
53806436
77008208
32432512
16143491
15227065
30448369
73467577
76281384
22029713
28023505
73801054
26227037
53421358
40132663
59971291
50706943
74159023
27147163
17882372
59683609
35067286
19242714
46061160
31344470
72809315
38010664
40664919
78973843
62543216
62644569
21583744
71397358
39451422
30161227
58213419
14254258
73702679
74891706
33392884
68580337
64473110
38997554
58691522
73632203
35870269
55070153
36815487
53439542
45433895
56286127
78409850
43729714
42590380
48110088
63698894
36027049
54745576
19122686
46572999
75489534
45051591
12590205
75991185
13790218
27409548
19825723
20449390
16229023
46574019
66343916
43503732
41277073
60973814
63876107
60614146
57476965
11390229
79207448
78487393
28404788
26741166
75693193
60353099
60457929
71393362
69668559
42091120
23792205
75011621
19803951
28931401
50526488
65292029
78989366
51242409
65177449
55152208
49690120
45198267
77910600
12716798
26405872
65364552
44106843
45845315
22665648
31619595
27354057
22813490
75556764
75060769
74116913
20571811
64263012
61376737
36667526
66920235
50823603
59583522
26352476
77507054
14367632
27993161
58057675
62474087
47176996
29758545
66512143
20935146
61126994
77945228
33309429
30601494
49656666
23532171
79291308
30285401
43247794
32840618
29407183
70240212
53993791
29811802
43075414
42328047
23581641
32205559
45898930
65149676
66608416
21790396
69137046
43069396
51618193
44928996
23195001
56856965
55577294
33599373
23362399
77936967
60021225
40865521
36517618
29853396
10040361
64692117
60094769
57734149
16163187
47564333
34276001
71096103
68081941
24325684
61889423
37069902
47947633
45669126
19514615
74909558
37210950
65973619
58946787
35469923
48532338
26375782
50528952
47755688
67242250
62584746
11835059
66950969
19073524
75203599
26299542
59215653
28307893
40595813
56748465
42806840
21711826
22144075
39787973
63804972
62336492
33116498
54676947
42349227
73335898
21417588
21438084
32141955
70220112
63719853
44706828
61567796
56986010
65386126
22961793
42944497
78826957
53877157
68080584
33441998
32457080
75466349
51619175
76329062
47967317
42915116
42035276
73283706
49163062
46216078
53930843
21034307
47811119
24806787
27809570
49378735
78604951
60208682
15608656
12375621
45015734
22086935
12491617
65320791
52311408
72309347
55527703
58765722
72727058
76653282
23160403
44934801
61127937
34610615
38992519
34825407
40916018
27709265
22498452
63853866
65192891
12493397
28275011
35048834
54453484
13150374
36631483
52973237
31211537
10392964
40660365
11085037
60540678
32388329
45872786
15922460
39699607
60340171
18868910
59109801
33557953
41030733
67724704
41585627
39605837
65813189
72303508
44365662
21329053
38562459
17506101
19907790
17983952
60799663
50717627
11589978
20859623
24807552
57856293
42407367
18635452
15870983
74858679
15901319
35961133
50752707
52653312
59471302
63256490
71240091
45795280
79234507
48056058
68899801
58523020
60176095
40716141
35505860
66618235
53422267
20374389
66974451
41352617
48507397
78323676
22411696
33491258
17880291
53551259
30749667
47769918
60829229
74288735
42265357
19805342
71053277
78412334
74252229
46050840
77829500
58469228
29128462
29225049
64942893
30177013
48838170
57061145
54556930
11003915
26732471
59230506
49109528
31558630
30572209
55932789
70914882
54494570
77673283
66858815
70115425
53779706
73524120
21996595
46602611
40329362
32025932
57360941
40419904
41543483
23781567
34641967
13018434
38120428
46804367
63881616
68297512
57557835
59704441
36041204
13146898
79228007
10798155
14894072
23640990
72021965
13538024
15505818
13395158
38029673
53476756
70820608
18219958
22976717
13267695
73537996
24712878
36333012
75469500
60130818
61200785
21920266
44017694
57415059
41270628
67974810
52496945
58648594
54698009
75028736
53789137
47064285
71835776
34487007
59707741
18523611
21213976
77128565
22467598
24993927
17880436
72604586
28081937
69476906
33414377
55236792
45718253
32042425
16023351
21307905
68693152
54699176
47203129
53694778
17341883
70150288
63758192
61954622
21783965
64436089
26597781
67079563
15915786
53763338
23165254
11541405
57704215
54709021
10415400
45052546
78010925
28129456
20014347
11907275
14286700
51569215
25771139
30495792
25769764
40938754
21660872
64981976
29091452
18442930
12168553
47034142
13954159
20743561
47713433
26319354
39827287
28519650
22437884
17916758
64668936
59111132
30974805
63781406
45058691
49868858
52774080
71569109
37241291
22539442
32829169
51860563
64802853
35419566
51339180
48295467
55438494
27922560
17347065
19842161
18769768
65526314
43537009
40838896
50891809
61214716
70043341
14041841
18923801
55715182
72030909
66088289
76628324
24961194
42098636
22359143
46752592
52624595
53352409
23508787
58101450
35592274
36426838
32128131
62780953
15595819
23395845
67973303
11953153
37663668
34469493
18395103
12823934
25154653
42297111
58104624
17211711
23803605
73344908
52563997
28594763
29218417
38052768
17130086
58157706
51534952
67972688
40872938
11606525
36587107
73889482
63990051
42751994
11518773
74905772
57225314
19985293
35526428
77126544
75782764
47334761
42125389
69221758
36666551
25336244
53030247
61936810
10714502
25953100
77635214
36699636
62084697
58611740
35873465
62299550
32998059
78973224
79934782
60162310
35703088
35990348
16407979
61058980
79187264
26417346
68210798
26376653
37357205
23934170
75694920
71012292
14384574
70662479
60229275
19163552
61686475
30853421
14623667
78989287
47800550
22052489
44884450
73183467
25824670
70095064
11069812
49064193
48322906
51618571
78373378
78641785
11891847
64351993
27489547
27532907
67397755
14969260
56867878
74101646
17624948
28460197
32259084
13854080
28513538
53761640
75908081
74957563
17451012
56389924
63774875
37562634
53129719
56512413
46157139
58679572
65066220
62707514
58540321
48616772
23118219
50170364
76446554
14546366
31776271
76261372
45254057
61168188
47779634
79809254
75030698
16283649
78530806
11716809
75915165
18368628
68540767
65871239
60742839
18758447
11567888
35151637
65109313
34930581
58989436
32080177
50427623
30945309
25040892
35131792
45253507
60649323
25364212
66566991
13538152
54090077
73834475
62763348
54469303
44197346
64773929
49838549
34678577
30096794
54752070
43999769
65493857
50905113
15504768
11103548
10289418
60846480
79454212
73175115
76056693
62317603
51444057
39088563
10207342
34152994
27245324
45681405
23146995
32828232
18804044
19522554
50247845
13999880
31000963
35962765
68267081
15188482
71655050
19137116
75690972
59178291
13186941
10162566
49424755
22594305
38890226
75335860
71331974
40013013
66483770
76165942
57259252
46083629
26121572
19565583
26853891
62159312
16321443
38702316
15028175
64505480
62719388
79020862
77272878
29630308
28379464
49043277
41585189
60976559
27761751
53398447
32173341
66166308
19827991
47125669
67458817
10479521
37687660
13537613
44088799
57729417
49002826
46699346
17456167
71981095
73384402
33530781
49024492
67449452
61132584
30713097
71422447
53287153
48412767
71038925
29392511
78115086
21581781
75508927
74507430
73050676
66235156
59460831
44533678
39623955
52838205
51207858
67503064
52135202
42492450
39975218
73424164
63640563
36808910
36570560
66340342
17030779
45604592
37542395
12134371
32180339
70150666
25946011
78134580
62648351
51921689
28888880
76258310
72520641
47037130
47686799
77867130
35103214
41570119
45338535
64304086
30897204
11821115
42371327
77849807
26179056
22934820
13499175
14097385
29239603
73304097
35342293
18586514
74976157
25622931
13920288
21677926
18945334
58005097
28023006
14380935
43278699
22739339
12609962
77865261
60603429
68235245
68635758
50349889
16526734
38525871
57245024
74359468
61886618
52382868
34471141
78790272
78473614
40478735
13626554
77003766
73775325
37265959
67363428
25219609
54188207
31366726
27855093
78448597
37674581
34458792
75168300
10003536
63752799
28564072
26042502
51921411
45152677
29561078
76939878
27581928
70594038
39763744
29870842
15130189
35940104
48215879
13336079
26662998
68629481
27277097
23147614
69584140
64559686
26430213
23060123
60590738
23818310
74452857
76824541
60503808
34664138
65239520
50894963
65626089
69814467
38270589
75068044
75346704
42567482
76420106
43617293
60285127
75673717
69262009
19483355
62467953
45081516
46852835
64595968
46380725
39291338
45742392
65593438
37107230
79782747
57544145
65731990
27607107
27178566
54049197
19229671
42633551
71410087
52066308
19188530
29753342
61687507
19278922
63771761
39366061
24651037
65852586
74234351
66693768
45063013
24579695
53515828
24537634
32507500
53886130
37362344
46860127
73900209
50632898
17921793
74753507
79009526
74412027
62061775
11713751
28352774
59351495
39500593
11758204
69882274
49014621
68507248
37974372
22646144
77277332
66931342
64623752
45135614
71471369
74400196
39284079
12064552
45499383
44710092
15553095
16424405
48751045
54671824
25995421
27131802
43733044
25949597
16795871
52138718
13535187
14563726
24584962
11205749
39107748
25408057
64472760
45749855
42692997
17761968
36258179
43087777
63037380
56981317
46300254
26292313
47097702
66539077
63758038
22441120
59107571
41645153
71701218
47628707
18977283
19859057
25441448
30542103
32007899
71918644
48440063
72262376
73307431
12422262
76308209
26267438
13045402
43986198
26434437
76373175
42465127
37430466
57012856
70341747
63829948
36613087
12103366
12754848
79772011
27611038
66926596
48772771
47932048
52876806
75931878
22124793
41469705
16115155
30795230
78031133
70416556
62719505
16424264
37517087
57144583
71329899
60329114
52511065
36352879
28449960
17146853
30986852
16993178
58677806
51675510
42169656
60468008
71028962
79906443
79132402
68414951
60948463
60934815
34014509
72315478
20601166
37869616
55430379
56227564
40011737
50067228
58859003
27945935
16676985
60919780
22372348
15935011
64383860
65800217
70588073
22979995
21281052
20236118
32888192
11529465
27813718
46231529
32194995
18732424
41571898
61124666
19724581
68589302
28666799
27761470
34137423
25133918
74260835
61075896
36073472
43942843
79812523
53772508
28663872
13276950
75411095
57618567
46901574
74572353
30408714
76916278
78971095
61879197
78125869
20560318
28178638
79777546
48598277
24402861
75938126
38858596
69428592
66184510
66431819
24736427
18037758
60753971
46911727
19994632
41739192
55955732
15135720
68438430
37423402
26625790
52804698
20613573
53637553
39794821
66243879
71015268
69596528
55888540
43987109
13569738
64589670
40856773
31154934
43232671
79578405
32393999
13828666
11702918
69542321
16050917
13972603
22868408
67797887
59773288
51907792
26619012
10019679
59324684
22588492
74377205
56288233
15541132
76431348
65460862
19320793
53109496
24465043
12857826
11657383
33972534
50546888
56420870
42234061
40138128
42747741
14619028
62525907
33356231
72352389
75727741
32879386
15695427
34362785
33417632
74200588
67785659
38963432
60465524
18190053
34921574
22084227
24658930
36767137
20248877
18363292
33948885
23306814
31266941
54640729
34567906
54996896
59898348
31155097
51854713
24042302
27585829
35000872
52139164
75481400
27454501
71315983
26711378
63056138
74060901
25065232
25762771
20351301
21811788
36913635
65632271
29910277
49668572
27013157
41482847
18326435
42246661
38419444
54006928
26116109
45352314
42898843
18903619
27711709
11522775
34845064
13463933
54592715
17390516
66805746
18849654
12198588
35451559
22172846
67910372
55913368
34788999
53155594
65582166
45479566
72699300
77496715
75027560
51501646
45601500
48500394
78830061
50543597
27906265
75760525
14145872
70719853
66205121
43301985
58473346
55255743
19581926
79723087
67836672
60344684
21339826
54355394
49695550
75408393
19717359
14139709
63532061
50080182
24280471
52407200
27596236
19318710
51956372
40257670
73879611
61585029
17444700
54966835
56320907
63835079
79014202
32029469
35989952
29312574
65163996
56373296
52597507
16015743
34969522
51928207
26329579
59147062
33989083
45341833
14938392
36872188
50402438
32968055
17846358
31066892
17716327
78992048
16198217
11407312
70079520
20064691
34207356
58457786
55669486
65815965
25337125
27752945
57290195
11799564
20187676
58281380
68396880
74260936
38544045
22294335
63698667
44119561
54227124
64439819
42474120
31280998
69918075
50847826
42514303
23066120
33377122
33518841
71428587
11941554
52279295
36072548
74858236
64902206
65244087
39309654
47257383
35204231
79826183
37771633
53299778
21005306
72810726
31879377
10466040
73473646
45396752
67786911
31630219
30163451
63172436
37482624
33646759
21934192
53352559
31171761
55522296
77351404
49112735
12507233
63943330
38049585
20281984
64407433
61725610
78475135
33164384
74121641
57384140
21647890
25889587
63888797
47172517
75825187
30342465
47520083
15475580
53129743
74598644
37585265
65295279
69951706
56582647
31196733
19784708
36392491
22340336
67229207
58733197
75025830
68094021
17048817
21023993
22850515
62808262
19729285
70552181
58063337
22042528
73968224
70429126
72113467
36419151
28233370
27191314
48272981
12721228
40660963
30156402
52065840
18188641
68335466
75654882
28102805
66034072
58649418
71946324
74949348
58506748
70185571
27142764
58054551
17410377
33788120
57403980
59473663
57379635
60208494
28477040
25739907
67229184
72210363
42986291
59059065
44443449
55555115
70588263
14249923
79923750
21326539
22028977
26630646
61958685
32534428
34549747
37253859
25082558
46056544
30683638
78250437
26485173
42945393
52179539
21598359
37927903
71035651
28951109
71708359
75896689
55866594
24985244
24604729
37249397
78462091
53726596
12423028
26503675
67193404
64619368
55284541
75103565
62845425
43470007
52619388
36709561
52434911
54556235
25723789
45765620
46061865
54902158
18126657
21357536
24039626
52892767
63081124
14760360
56039788
11089743
46736261
76481476
18263214
74981418
21368271
22172821
74535588
51629034
51357783
57873560
24112376
31404025
77760124
77587720
25287082
55736901
54909691
33552971
33237591
41783472
27712560
24537877
23106950
30242665
28388529
63746539
37888385
53372183
20007375
18485874
16725598
57737880
72430352
42982560
26208283
53988434
60091130
40614695
67535729
44338216
55785080
31390931
13297063
50432368
53175424
12335255
61782380
21147606
38488403
37476743
71610014
46924309
28004258
46732830
54384514
72054035
23574451
13163608
65393545
23455488
21773777
61850905
65951225
27897522
18916129
37830247
66314633
70857362
13249781
11864780
55692674
42293056
23064540
48428091
35219276
55208951
51180665
28767523
75090456
69857413
44568294
69679862
39721017
74928960
27902581
65650993
79782354
79054455
56678555
72657715
78463758
58924355
63779162
37545956
62478681
54378263
63748461
38888410
47597435
37056798
37597227
25165966
74757455
78520011
23045324
30877645
55574513
55226685
19604966
15007235
32069064
24902984
21099092
72215141
33261408
42902973
30881617
54797298
64763848
16095905
40516656
15812890
40939075
53971949
73608045
28823858
11035500
59524945
37548297
64334127
79593410
11110012
73836944
24076859
77058943
50724381
16518292
28939714
72784576
21039719
68648649
79248246
62450813
79224649
34711452
67630959
77246605
69157068
47677390
10849358
43400726
25483421
48416733
43722146
54937218
70239132
12140825
15859322
59043970
37218510
46841306
27132262
66705198
60743495
42513356
11573306
62563523
76321766
69755282
62903509
24498443
37816508
12382558
57678190
45558443
44423551
78043171
57780685
53518856
68981930
29220135
53089026
51253601
55979906
44038057
37282379
23083064
65980963
27020858
29020538
17585472
36462488
39238878
19346696
46891070
18446586
34117143
22679478
28545625
68797598
26452955
18560551
29688571
63652721
43273121
13487957
46722705
16484171
50097910
13241449
39161544
59096866
51573486
18986961
53786964
35696998
25166202
17385206
16878809
14452875
43377554
18710280
68022823
18373449
50176044
76591739
40713583
53959064
47525577
68170020
59247864
62973771
75567528
46959101
39503900
79436423
52431856
35742221
14843740
75944275
10045458
46955961
47858611
61548492
75573812
38131131
18644724
45691259
29977460
27972331
47297802
37494845
33443743
47897689
51633137
24309875
12605894
27162188
27327425
66245440
50337596
30647461
58251637
65686938
75892331
33363777
63082754
16046329
41772635
59491233
75499072
49158945
36800561
34216860
50356222
23443552
22783409
78111693
55539934
11334232
66166050
14367730
32656355
14502253
11799531
27151339
47267998
70037026
29509552
59470191
26192895
70300214
61085451
14265436
75369453
36364080
50753415
51366550
20708654
31888795
70800059
39963832
76513396
68766550
36107941
26803252
57796651
29490290
24754488
54666704
57802616
73172584
46749400
77283510
76007761
47976593
30506560
11411109
59850664
18867651
27889039
58486885
12532462
36253530
35688755
28949164
28923593
20616570
13778212
15249320
30582272
54542534
48236413
66156484
24440436
76937920
77206525
44559806
26335838
24616491
20281414
40184454
63077610
68083818
42546290
45816881
51707833
72863747
65359719
20007127
27428076
69915043
21531805
77555643
17925782
35050664
68056822
25386930
73883710
56064509
44895743
47873936
36636095
47505630
53532720
69026416
58690625
41210636
25818055
23889182
60175768
72841073
71693952
45588256
63214354
78594604
50869218
43917476
74696141
71749340
54392593
76573059
28920455
13348367
76235887
44721821
21656022
59328001
53343262
17386089
37292198
75959795
42665413
74237773
24977888
78681426
30577495
48486372
22799104
56635155
52238225
60033340
23286717
19870398
49748946
49294482
13114096
23332105
43247864
24579154
71072226
77631868
58155061
51253133
18768026
20564104
42694489
56547836
27028686
32262822
21704016
29048342
64391826
10264675
68617311
12807255
69080852
12488728
36743529
66447874
11223130
77404532
40527840
38554559
60454772
59348525
13211282
37145839
14002731
63928768
73201269
33309711
59204174
70627549
33599155
27248972
54894810
61348810
29194154
21825750
70044777
13590494
12875390
71714431
12534775
50637840
45380118
39086182
22290398
15537785
30727860
72693035
78034882
55370692
19574335
75203829
20030303
53397969
67899750
12119139
16612292
53388119
62055418
78419966
42704071
62387782
45683236
28795878
20952751
73825138
10669138
50196631
19967520
31331500
58013851
58990281
30606033
54425742
10757563
75774123
61510939
27430592
19106134
34021868
23738226
37450613
13431337
12864017
67829743
25773639
54573830
66618291
24487832
43103964
49825751
34169566
48609116
75816380
39788957
25831776
53664741
47379431
38293858
13772233
23030339
68771466
37707131
15242165
51315517
17388148
43419858
74925859
69740133
78399015
44893296
34572187
37929564
77495993
45304113
72842388
37489773
20401026
44377686
66318325
63903716
72328578
62417506
63909117
61767034
49815350
26559694
13873138
78572492
56827157
65769980
39824222
70953785
39700256
52052074
42415224
61822053
75426398
15657103
49949056
34902497
33292631
77456210
33591378
64345813
74698462
37626175
30454792
29680341
75473434
79949701
20821968
32884644
42159631
38215335
65237812
61970124
34702496
23540781
75660581
69543529
24696058
30087200
13106169
71993247
59181081
22137222
25940256
34887832
64807327
60234668
46010469
75601403
46543268
28848677
28690064
35609895
26485747
14109361
15698369
43027923
64935845
24095102
22975061
47310334
22498547
17398609
38848894
12421093
57750956
18944321
51720473
29823993
60918770
55638053
78642767
64107486
76070907
47829897
58464042
23405161
11701432
17264698
45976712
12547441
15616519
61303364
71571637
76790495
18897792
30069335
16604653
14647629
33750894
19729232
72903048
58150700
75657591
68207927
20981510
75793258
50799114
33155527
22406113
29115952
16268532
33311753
69526454
67758877
14063142
59323700
63993170
39964911
48993606
75230170
78659876
55041539
57367551
62266585
36229084
48977580
22219272
75045454
74633542
66713816
18580618
30375326
11086995
76910424
18309448
17856939
79111735
13963880
48736042
28659075
38624598
16308504
19625247
37385401
56130513
70840007
76524281
23152854
60457149
61217697
42704088
68718873
63297118
58714157
45092758
70725153
42547289
67557844
35642241
29862859
20236813
64296393
44755724
73984148
42977620
77559081
62254531
66703628
32755051
21674306
19925337
13492183
55951677
28969925
51787980
28361779
78448579
31063284
68312725
69202563
78773678
65587933
23157706
38444451
53597697
53134867
72976362
17197568
13806698
73037698
39253740
67219387
54064727
75185148
28836397
66656824
56799275
13828974
39866890
72629268
37735879
58293015
61573862
18290104
78263565
61991781
68764468
78642992
20862065
14868195
11474607
57679477
46237892
37689398
49448198
13721873
46416525
59968824
43351844
15233708
54991798
14966149
70069797
20526896
78896481
38314872
60522722
78592553
48280724
66927781
56864515
24101642
76344419
43102954
22560099
50646911
68168283
78968453
63010879
31374375
42472955
74104246
59963967
40813660
58233889
63135915
12827978
40967186
57541339
63845864
31987014
32331166
45185591
43592157
12402700
53551252
79432321
32925726
26762921
70762246
48236354
30928716
43649522
32727824
20522059
18824649
18610058
14735597
76704990
37034811
25714233
57948511
22866329
43881914
73382257
50478210
60683873
47446222
19406021
77115164
70726536
76598219
34377201
66748085
64403632
50968834
59311837
28827346
79427527
13933526
25436211
25116321
58773710
47798496
74082835
66886887
64362770
69896246
52906093
73702053
20968441
18802986
37204089
72083342
74607817
40819387
53587078
14116108
51734387
20643451
37248110
25672475
41162470
64959736
64765333
27576640
70572635
51090264
63244917
25465320
18929835
51837111
31570311
60487484
14710427
41470451
75524290
17207351
63741601
74940579
33359635
58425514
36993151
57349501
43493836
59351171
58347456
36528180
66934609
66108412
50345871
40307833
23392775
23687722
77903642
49772946
72024790
60367016
39022266
47649539
40576325
12038397
19156858
46691490
55855180
43165652
36621461
73904889
65519744
27837356
36561462
38767401
66543610
10619999
66602909
48582674
26418108
46363899
66047054
65748117
66383637
72792716
52647458
69929913
68634457
66997747
65506892
63187454
33420194
39294981
74580597
17235198
62556141
48810313
33156037
74453813
71538848
24329426
37788702
37248741
34579021
37989611
75306991
33487634
41504856
74052183
67375043
65585230
78594138
29802445
13242020
26410438
25566872
33395360
64035889
75268530
40329874
79002228
36828075
47316584
70326685
23227847
28379595
35441911
28114554
43461000
47966125
65520033
51890683
71041070
16392336
60486694
77412271
50751061
56754544
48721555
21195170
19131539
54499782
64511868
65676229
26789521
52646435
68877945
20147751
73942026
61369365
56130266
58734553
79302803
54125067
47516175
61057018
14841143
41329028
19519228
40245335
60278395
12280899
42473430
67096271
35671254
31830200
23984131
72875727
34682193
19588953
39924264
77765652
27078819
34186690
39427111
55886156
26281934
62728529
33146109
18015420
79931633
66381624
68967680
78035426
26205816
44709193
33296666
69768371
30718061
69367311
60810937
15662788
23412773
19319849
32634212
36460653
70376002
62150538
50770472
18057572
29988431
26564614
74941817
27457505
19418526
26130481
56312761
28402704
28614611
55228628
35715115
35551060
31034683
53239815
77614343
63168717
77225751
68741371
18621881
68274884
68103835
12898730
54816395
39360604
71983801
49268511
41162377
51901130
39301231
73184165
57718082
27879258
73278758
64567435
73483991
36947305
48729409
33851173
24447364
53789390
14443235
36331401
33320432
36839935
18367756
36585296
16088365
58456932
68158887
10634396
49849894
37242344
53616166
56590244
74667800
45377883
76425050
44312092
42328196
13241984
12855450
28642702
55666994
12314103
29927106
14515706
68002327
61029863
27737541
67398688
25057284
24169878
59646925
57482232
74384215
65842833
76907038
42914184
47934462
62864699
27171140
42412576
12600738
27080335
18110330
24319657
36858258
46625023
62883819
76538667
15527733
55554225
79153198
34471712
44592031
12927889
38628457
45515004
56583174
55032955
73503816
13161089
74830948
59100779
76175983
79518579
77574530
76217346
21267847
38956830
34087929
53173302
40005332
47979751
13780111
13541489
37587683
22450689
46387583
54929930
64929506
45442126
43004585
58287194
25067798
18443949
54941726
37844268
11806679
34691302
75949295
66915939
30966419
60046334
76036542
51075289
11752226
39730309
21389815
36590019
51414171
45470879
34243311
31552752
54239110
10430915
35075698
11355173
65448547
44683683
27994867
13547231
75384228
46427325
61729770
77088493
24069446
40283493
53081339
15185581
74259931
29270962
18065983
22722552
44967363
27975729
34615432
68911215
71780101
13368105
30755265
38312260
20228522
55262663
60880181
33663299
34673779
69995471
63241226
68201994
14538904
69413794
46858490
64828770
77435992
30838304
76837895
56687278
32916630
28344544
42896089
76845473
65817597
52515858
34757490
10598971
64006918
63455718
31215039
52517751
45901682
79129413
52740163
57847769
71627335
39197466
16418036
45391842
61927967
46778603
77247277
48637834
14214949
40467879
41390205
76618056
53349722
30406417
74278814
79969992
75125468
39565557
46956605
39319494
68320836
52012899
10522839
40528886
63282120
59303705
44714114
52241094
21403611
55693018
58792336
74869176
44478796
57008485
68432353
34830263
46771023
47844833
44666959
52843191
25401901
45880022
43386105
69586856
39708969
13945245
67787237
79489400
52463283
40069464
43538444
23949184
43593967
31405639
51818380
42390778
46561623
10512869
25713853
66913776
20904866
65367488
70864131
39974459
63223773
64892685
46526174
16318171
43135195
37488492
77142518
32405897
45664670
69712667
49161587
69587052
38620496
71776446
19679236
10886534
18638015
26309560
10747823
51928642
29366252
60663033
65039153
65270492
12668784
49907468
39972623
32968123
66794849
15272323
21512272
38879058
56371007
69338795
28092980
79229496
79358408
67671401
12579093
77217396
78161534
68769063
44789207
73843737
79893011
10839519
12665126
72188202
34729315
26292520
76319978
46863343
76254879
15637280
28921561
67630328
13652605
70293307
29952783
64816001
35646622
16059668
19320344
26560510
61858361
68440332
51342629
61996149
18822185
21551995
77091518
47312917
50039326
64781764
52837735
78919220
23350255
79047488
28867170
52091519
77104526
46219333
23144003
75120756
45449822
55922499
43457521
35580350
59641002
50792481
26994020
25424666
72531910
54449235
14896148
68972916
74858149
39561611
70053501
27895538
66498734
37444698
13430364
41672284
52944234
18945583
45962659
25861166
63875104
16071440
31317563
59504968
73887807
69961373
46250615
73056255
53961731
77393797
64264935
11563733
12768763
37765314
48074366
50271492
57818404
73855297
28611382
11542918
32899305
36084858
27848895
62406897
51839294
14079529
27715971
13008239
30567685
31384279
51459455
13450573
53099505
17894568
76369867
38688574
66055729
52771129
74006010
18219315
27339772
55876701
75744611
13690120
23706100
38018803
23213601
19466760
78307050
43398865
46423320
44136260
38285457
32868543
11383210
15927851
34033936
47032962
41933543
77528993
36698654
54967178
69028306
23933327
65578862
61310286
21102607
74892797
52757086
37959610
40554839
30543815
67762588
54244171
75572133
10505792
66546345
56107299
48347861
69430334
17926008
43736619
59938581
17364146
28572100
38891051
57398181
10577240
46776766
68021006
52736180
35847600
22947567
33214526
22891653
72141167
50383846
65937542
61187252
32990836
68842724
14854797
19543072
16353817
17244774
64479874
31117009
37941978
58607771
51262341
20900723
26191184
42243114
67542867
13666919
54885284
56500376
78920224
18560482
43113458
12466594
36430384
25017013
63403487
44369990
63335021
58766153
21799895
78665684
19679816
27668664
26887613
62192736
27304851
61947049
27935994
34749162
56918256
29686445
44317582
29817448
14137824
34728810
46241728
45820172
68807627
79125445
43400413
16530733
62414013
47338529
51379453
65519630
70554879
13578651
41237235
77079208
27858538
13607080
58604202
53855757
58353779
72974124
73252009
27831372
15245533
62511453
65443707
29614963
11219398
76188408
17511854
60929931
51710559
14114875
79675429
13973456
68739370
42464167
79925168
51924980
18937923
72800509
47873290
19385116
71568136
11108097
71922559
77567612
68253222
71861674
19582968
42345839
21731835
53549598
43499480
71729585
17335276
13765379
43334261
55397732
15047749
69928987
27908240
63554468
61190871
42894535
65168599
77663967
70008795
56559019
22965400
63426282
60516615
47105277
28745010
27445411
66844963
37566819
25262808
49322180
24397755
13063852
46286908
39350299
12680107
56486977
49231806
23337805
42150602
20271732
47405292
75113968
25270004
50156506
22422503
42511612
57000517
55756858
37145344
64477381
53205758
70414900
24556992
79414113
67186775
47345289
63571549
14018082
54176795
38005154
20274156
27968301
26179078
50852973
32661901
13849304
12818074
18599901
16441253
40219730
53983715
19577799
43861663
33836418
23141248
32410488
14267132
16393583
44799776
43150287
30991228
21975012
75628114
44785474
41820708
25992539
58244881
29080425
66740102
55049703
77748569
43439870
10474561
71209571
36672704
24448432
19475714
30840335
74712316
32743345
20660428
68434284
34764953
18177178
22167382
55643490
53578739
16837906
17041539
75006381
32631862
51168179
32507507
69279216
46496047
20609875
57470886
48816677
39404474
43524793
77687160
67651991
41160634
32635849
38969924
58426633
11736367
33804098
10415244
60078412
25763384
40112695
58032363
39532282
70984907
37420288
70378587
15983845
41245047
30168866
42540240
58724346
57780774
71258809
47764403
21548001
56917491
23685121
25921981
42187185
52311107
44083934
44846154
42017055
23198916
56141889
56050297
44617235
10687106
72508923
12568325
29783754
47695534
63711097
59230602
53780413
23248165
16958377
28436833
51246157
68530988
13578752
10237206
27785280
77244413
62343955
50755974
59777196
54938741
11398558
53370994
73007532
43024180
44106483
70816848
40996750
56086949
61271572
47031625
56700338
58041157
41533777
65384132
60110825
61554697
41370300
78391648
54012492
59735043
67172657
37267518
60563332
66648897
18017848
11633305
74311861
31738367
70814023
71954184
72269205
33487551
28738998
60893124
52723487
65720955
16968836
56873069
47975614
47409861
62520873
66311522
68780843
43904836
53908183
37952178
16069848
19436143
31608512
40130362
73788756
35806862
32709632
66938942
37779099
31516509
40840342
24131783
69009562
67148665
16705218
37370055
42123255
56682343
57248696
51626912
72100064
26866634
35692896
47956030
62919278
63377436
64262436
79119661
37425453
65780737
16630961
20341548
15914459
67084271
67459308
58605011
58041038
75126030
67377346
18498610
32944279
48721221
37876904
54872195
69410365
36067771
23232773
74534997
28465373
24065329
24603727
48485494
13814763
20834505
27855572
78668394
29592650
62298212
23975767
69657021
35914681
24729465
72891202
66147312
22597194
41545327
15169300
11186205
71689863
75001857
12393254
31654850
38551898
70749059
47517386
28832315
76062077
49073211
70314178
48432222
21436177
29979061
62117012
37332380
68064940
46637147
59435471
33608460
71576358
21989876
52068903
24623382
58666118
55772974
71386128
18832763
66792286
21257374
78115777
79947157
11040272
73182251
67738421
52185974
56466192
12484849
29361334
45900873
31417730
31340112
74579407
13922403
51816706
38755707
11467827
30103303
48142859
13642372
22151414
49469274
67521541
12463789
75304676
32289970
66163780
62976811
72134005
10703061
36670691
41868214
49157055
23236323
76207740
28206301
48655317
54459447
52933464
19386923
21685383
42250530
36186980
22871535
43347881
35355149
20199388
78377875
75054496
15973605
25799918
56406779
61223150
77739146
39397605
22227771
57796230
22075323
16491255
69778437
68607850
11109065
72394275
71093832
50640382
64728433
42977287
67581059
42273757
79944691
53428345
50186706
23954691
13910572
61086569
78470968
23037434
59024199
47492360
62199265
27421600
52115274
42308604
73284022
15803998
54424604
71750802
31234163
65424190
10873984
50151649
57313516
33993700
20235723
31619975
32899021
78480316
65437479
20863746
37058075
71444790
56070646
72608977
37469061
44287627
69239847
76214996
67990398
24340020
35239600
61119824
75173153
19064026
27854715
65100973
37168497
32092860
64695423
52701328
26634430
65568047
34959838
63971845
59008121
62254924
20215938
43613115
68308330
61731536
25291139
44822586
22441586
38533695
28058798
27766956
36414370
70990376
15764586
75527113
27442215
17175200
34082773
15938592
30855057
66898744
76219483
48214135
42337205
73859140
39110921
23513590
67679776
17556226
22570084
53278774
63529933
68244310
39616350
12702680
21261221
75376630
70542246
51773528
39328949
57478656
76080755
23536321
67582745
54686634
78257473
15945995
12435131
67098312
50689169
39220517
76057061
62622442
70608765
70764131
18379801
79203272
76528209
11517272
35598455
15329603
20215200
67734891
63281974
72277647
63840774
38009732
58464978
55603192
34813412
79812229
59508851
65945975
18019361
16653841
51758660
75681882
42894637
23538509
65183019
54982069
71495013
44424484
32068338
32631504
68036123
19737355
59652288
24468287
39243191
47485844
36337139
65998312
60880305
29864883
54125539
13784974
22835946
74336922
30793278
71844622
72783988
41732482
66853883
61700542
27347224
51425608
70590514
54261805
64604748
60446176
30763901
18030751
39726945
62521311
28106022
49070231
50878054
66017171
29225767
45359338
70334164
29266000
75333651
15367507
59711352
10389395
66602441
24471468
58658812
74266974
29494495
27141652
77473782
62217418
30144200
34611828
15145235
17692530
15941029
44744927
75589149
66477176
58191328
12211532
52006462
64009828
76008392
31036799
28731528
25330888
19781639
79982921
50490745
60240862
15770648
17309837
55489102
39493702
44727551
76785355
49498643
37126655
53194219
10645702
13264422
15854694
28963138
30802606
27051180
74506070
50733099
77543159
49165799
27429132
75758187
72440833
77796255
76143105
64338474
29537509
21856956
65417323
22850467
56180887
11901667
72620953
39495396
65454071
35214898
20055956
35044477
35172422
79743158
61426847
21991097
39350091
24394226
47264017
15397047
11963129
78066451
79474140
18326103
53290523
20704001
68465952
42481005
11385569
38496099
47781412
38060551
36747284
78014862
71379298
16522577
23319166
26880510
25632787
68581457
29125569
74261543
77763075
58661612
16987056
34189015
35454304
17172717
45854477
68604229
74934029
77225273
52286663
39343428
22967291
73789066
51442904
52675985
56452544
71556053
55392319
69769306
26978819
27013898
58833628
60462009
32393655
33723426
36025719
29570854
28010222
15388498
37502398
39650837
73828840
59965443
13615267
24593639
39830597
67980983
62343928
18855352
13721696
32242660
40781425
30999363
74597228
11740746
77701140
74771629
18822606
36099053
70349001
29047323
17785267
21064115
58164651
59660162
73456138
50691151
53715863
10170532
44826248
39338274
31984906
60609544
67002598
64216739
67205464
38488683
67311332
36789361
73430150
30626779
78217083
36455182
69895437
32179721
42276099
27180588
54742478
69114509
22555391
74718825
18831028
76949863
40109396
36746563
18247298
63580998
17142339
62499000
51482465
68173207
46193451
39760202
18794785
64032621
23374064
75700947
15467682
67746253
35475677
49874740
37242783
75067372
21771478
63523236
75061974
22368889
21823877
49286500
29235975
41920637
64798566
67567406
72782236
73521125
25933253
54368896
36017315
40655638
78884274
47952744
41531978
52227741
67954160
59742358
67931268
12439924
38975278
55873847
23447662
12655890
12314310
39728567
64114327
61423311
10297037
64195705
60900732
77138457
37743636
20615676
25352144
12670657
39122600
56291957
24141288
32810519
58584643
69447620
75934729
67589699
60703992
38866177
74920267
34251417
34724863
25017442
41180735
49667436
20757440
74529988
52394360
26049907
30875982
59258105
28705638
76845373
19501739
24578186
20803258
66787418
71933512
25238631
56794796
79454846
11963286
11588279
52424121
36201962
54664230
69743768
57620126
62366381
37081278
44720503
47239988
27647368
69057556
75082095
78609970
44953755
61909959
54985420
22219085
61912977
63049187
58535642
42710310
17163915
30840623
69855711
61491232
62156650
22001007
54137113
40808120
72102476
25737028
58136709
58334570
73512659
54965771
45332312
40250547
16238705
52146572
18345246
53936570
63120697
37499141
75000217
25294318
41832694
41482952
32210467
76935686
46217433
32564963
44543910
17880860
75557776
77492134
58520170
21778064
74681920
35601269
26285337
42651013
54418063
26526840
62096173
75514782
53299655
28367980
40885231
48798397
76607875
68902434
68625950
58073873
36407669
43252253
29379756
57732027
36566352
14429479
68736274
53195744
19645724
29062956
72741923
29689665
19145036
39827300
33281031
57873905
48640597
40242135
15794392
51877733
46625404
53741818
68213397
52024785
10807273
10851587
12717843
14677877
12327583
68583678
61030417
29140426
78644808
20052675
68028921
44302894
49512448
11393702
31692960
18419806
44869251
66482451
31588246
29991780
77800438
36886921
47066760
79669444
36248129
37282795
76665635
59988441
68101907
34887156
79879031
72769291
20039140
20979080
62114690
35336783
42157403
51814104
77706501
41278683
36311013
79127896
42517412
58188868
25897002
68168649
71958873
69639827
70443968
11752527
69461121
24716992
49427138
64878044
31068985
65233728
64475770
50274996
40563371
20519741
41183831
53986787
71055028
37217939
53040418
13325369
54580719
61956761
72445090
42085838
11261188
59712764
39614268
45077257
49632631
41839241
70145504
20391383
73945491
10228645
58259937
48968023
42491385
49029496
60945273
59538513
42181386
72074120
67411177
44269817
51953009
26618879
44813266
65224962
53298976
17955448
30844596
44269592
56378975
45240954
65082245
41629969
48581889
17396510
75346654
58719475
19728814
76941027
43832027
60302389
39443298
43445943
54944370
23265796
50775811
77470609
26771778
22820031
49519849
67078957
42973254
59280679
58007624
71806613
12499791
78541362
33263896
46148789
55535587
70235469
14197641
35500177
75690744
25782869
56277249
35043924
26761882
76419202
23701397
68477469
51241774
16043741
33273130
77051685
75284570
15889814
50667534
14960530
33736914
12412035
25403934
66284130
46072589
27638652
73976130
29062429
23907940
34036276
76448054
75302080
43007005
15518145
33607464
58338572
46726570
31520483
11234618
38805364
25816762
68627008
49203238
63016680
45580861
49397330
16990491
40677196
25827452
29208450
48788484
57035889
68278883
79176996
55220589
36428878
74927601
27691587
56223863
56597053
78414897
42087982
48716485
48710136
48332866
69529479
53902734
45306301
22159291
42379599
24411880
36916911
62824902
11014991
77567081
16494008
52062489
52114308
17287833
59531435
43700419
71250719
38371391
32599005
75130645
42734743
45524564
57844838
22905212
30315191
47895697
48368258
33957392
39067318
28324659
45455961
33750163
53361575
31100852
23152595
65260923
35164170
59114839
59136676
72632159
56049322
16286815
59675258
50611163
74704285
65215022
47048529
70584904
41161925
18573761
26045627
35108836
38055358
16296882
73022522
31429598
42653626
79295864
42223397
40487496
32123327
50484063
18467281
23426603
56167641
67588365
33271866
57899994
36047262
15765840
42000176
33443931
15082473
14928846
36886303
10711031
48234344
48238701
50381334
30727712
25412547
37229463
51729183
27265484
41215958
37835703
38881715
55262923
37054628
30055509
28779811
47046599
21377711
40428785
50545519
78843956
55017095
68397146
21777971
77289081
26292275
38967541
12043522
56666628
31172817
60175033
42469476
18204561
33596016
13035388
47418427
60183775
67886266
62997446
43654390
53469611
79969767
10516149
69687139
43611083
39473145
63868954
61936193
59868258
38561621
49139346
39334068
10963364
42343525
64971009
32280552
38797138
78958284
42531073
50251518
55535314
46542489
56335787
21897438
64593018
12246169
67763053
17296000
16587533
63917330
48585588
71318745
13152847
23570144
54006540
53531371
33256982
61613699
13559521
28623430
79580034
79882583
59281957
11694185
48217499
23788324
75623364
54495791
64109395
25606142
27216458
14303968
52447761
49160155
10928109
46496601
23250816
19332212
52656913
44438046
76548053
27845472
44150682
46579728
70621560
36175405
35687546
28370262
55048211
31761105
19641927
70569268
53013419
38888093
34320310
78298398
26556672
70659831
59262880
43667705
10973472
28676540
30347773
23813230
33241600
47081496
57776349
26567699
37034510
38556260
13457378
42082961
22598266
36959345
54642857
58502274
38041768
40235474
42228139
57993317
11247943
29637694
79797935
25349676
59046084
37850471
49453228
69080894
50218537
33974113
51730023
64743469
59166059
33452823
27898334
39341372
24837499
62543344
33999761
45947007
78700326
37408560
48099768
13226564
15575491
17007867
33301936
33802922
35165331
27139380
51278051
77697065
15528629
49731366
11893823
79782586
54274342
73324872
14834536
65110481
15389838
49505306
34131578
61718485
43935167
28575110
35411222
53279048
46531830
20786852
43524600
40554841
54022805
59339218
68611046
23057411
63615047
55004640
31604139
41938824
36758714
12220047
24343432
69503449
44238025
73541421
10748015
49397839
51390240
42862822
75823151
65626385
67686560
45567467
55273068
51505499
76115868
53193225
39275355
68044088
30778561
16220181
19320288
48099226
41709304
20775089
60662208
49328247
38174001
62613534
63420356
39577733
53801234
75401510
24133365
53064853
40116990
35416039
68194683
34194188
22036398
49723237
11418730
73263664
13792483
16300846
32137143
15315626
17241617
74879129
51825274
79215299
44703582
50633590
45600780
14625132
50237346
51265120
45188731
50671637
64357918
41371964
77667346
74203989
54720206
32733442
51377535
35685598
79138919
44103091
41266949
64936787
18092969
33928771
11081519
54841919
42734612
18453350
53924761
63349428
60336456
18221580
73056531
50499651
64195932
57036651
61872714
33285773
22311016
13928519
16070089
29067934
54020831
41944734
31822417
37432536
11142522
19188859
59351180
49565778
54437420
20500039
73099887
20791918
39476771
78761036
27683453
74562942
11756437
70390957
39669911
61248353
59193252
71484711
62518440
64799383
77609281
77127969
28000110
38860777
36804938
22449289
59834685
36967367
39108373
70279096
51991893
59957073
65446032
20970927
61874322
33779394
42163875
55238876
39075962
35729850
47608007
76076602
20888642
18624025
42979804
34653913
36121543
22059460
72201504
14467941
15582145
69531169
41381041
68157873
71185516
55241222
73421197
50229615
69885780
57215049
63583458
45090829
41760288
45742156
76033204
24134503
76733957
32563409
40782060
40660063
52726677
43997383
56166957
18902084
46266762
38503606
68435068
47394567
73413054
37773934
39726490
56858063
28886127
35169972
46706862
18212517
16240050
79596364
11231784
38037005
42543471
35088703
14352417
17827991
61342553
76848408
14127257
37745708
68559079
16915504
10991394
63546697
41255945
49109651
70956037
56638980
19498943
51193815
50625336
24444554
13336960
15226365
65165077
29145359
10231824
17263715
13077451
70844122
78789703
34827099
50811911
25126536
71393687
75503628
14191416
13266785
17653669
52959406
45302175
16934103
34050445
79689211
45723857
19757752
21128159
29743758
28399910
19161317
79065567
77219265
47832577
30956348
54246974
41461831
62596594
45291051
76137313
54554351
45698881
47115585
30084375
68972219
65416906
43950876
70337996
71472345
67183195
33835620
16838284
61189431
77967168
41362666
52725608
71627218
75082231
58110867
27749953
71465565
32842811
62586858
28370494
69031386
12649196
51187105
72683348
64260972
36532059
73235860
13164155
35381687
19965967
42629139
65868247
55250711
38367053
19767802
76796349
66081869
30257566
19196889
18126362
68531871
71633206
70300888
48822682
21184721
74826711
68872758
32921612
20285919
71321810
72646940
21566620
70111407
30125649
25077394
68721721
51786952
16515823
68044389
32842048
60907081
28722353
68582575
18658090
22721432
71290741
28519292
45943897
56531378
35882909
70344102
34063154
76583844
60691110
60125136
20524940
70220104
62430378
43232799
75836931
26434708
75760105
63227344
28729308
68806863
76321011
36654757
41835814
48766883
30789644
10336846
15353493
15130804
73073606
45521283
34162353
41917815
28343767
26936597
68501981
36137173
13397803
14064016
58164298
18480007
56590237
63377774
47068960
33551423
52586549
74018267
22009718
75273964
41394410
31930626
22866207
42976050
29585873
62251839
73375642
60019523
21796700
13348732
21867749
41931436
42503635
55279112
45736275
23149285
32199194
47446456
62510387
43809932
29240083
11526424
17607801
46877409
20671531
20700569
47024959
31773899
77614045
75409573
42572334
76587471
68796575
11550953
11440964
67256495
60909997
19265388
13769562
10950677
47421395
43247187
44366932
65278902
27662727
56972590
40991643
46543511
18127890
23260589
78671727
27275623
18534114
72380914
73703324
63335991
56136726
15695441
64631518
40454960
60008253
71149026
33013953
21529784
45152873
73415468
77703937
36120905
72893946
13133296
46621553
49855045
67001228
35191569
66005143
18677171
76760354
44421019
20155577
62875572
58297908
71693611
60137086
39210668
15657547
31057550
47763612
64085356
41663179
66576452
36065255
24883258
52576581
13980536
12648010
48572581
50353510
51780888
18827683
36111906
14717280
58818027
57171305
29746031
77280628
70939793
42730807
29000260
24913507
68355000
64574674
14671845
26672190
37617931
34072744
70889079
17753026
21188100
24305993
69283096
37594851
12930886
14188135
27136230
54489546
25190887
17955334
11272618
76278014
21741959
18317351
55715643
44902942
38761515
65102779
49745177
38193876
10174160
59154865
54446102
44519900
42870407
70455868
77535327
34121132
23289320
27318085
59595031
49838388
31172989
11202275
40491440
66784577
44232733
78046721
29996060
38787778
12255145
70424253
42736924
41189840
48056306
48561913
16530473
52685495
50395438
24979851
76890871
21783649
24785682
11814137
71304902
65179707
47059759
37308245
65920927
26456251
77031365
67998869
69804388
28226181
13427190
63193639
13270300
77020662
68952212
35979535
11348281
46010687
53300728
32595475
26748358
48866109
79206357
45384203
74978478
60859021
70394064
63170552
46428026
43981490
24551814
55903834
32726556
79960897
18695464
71482510
12397005
28422028
15684734
14119902
16015382
53973536
31122231
75325776
30122665
34913126
23577345
13769896
63044002
42491712
39637224
35962880
71186952
13913345
20343372
67282605
38998664
19117934
63171724
62752111
43366154
63109696
21302822
71393653
67078077
35077575
76214292
64489167
73718780
17170660
16483966
22061522
49645768
30561527
18905998
31527619
11652369
14490152
40741738
40845978
61118131
34840050
40693361
67216089
71829975
16404851
20626376
29060847
64064495
58975110
60298703
25868708
32719177
27401358
17495081
58448345
13441916
79206807
33993788
62112658
32826723
65522820
72362370
49216863
78963186
41677816
68443900
64867950
61850934
79507283
64740131
78575683
49741661
16137715
71903240
70755856
57742647
36054828
29462807
42524900
23787580
13327951
70636604
48119538
46296758
25375302
35073304
27922848
31643450
55014933
40636486
56716758
16408875
24951532
39526955
57098110
20087409
38724791
35413987
55441372
16116935
57047647
31007154
53358435
20038326
68920126
63202238
45041228
38236818
49226809
63810014
28546322
73941262
63428180
51816146
39846558
45291157
26479627
69283121
61024230
10767020
69497810
51360279
51346185
77741171
39226149
15054107
53249806
52360453
21406636
64902118
64150493
51758100
76313004
74457456
61487142
34790981
42516523
69018517
77227638
35306101
67253837
26481108
37216936
11113007
44837971
24828906
60007689
53400049
55216549
12660883
35155830
67890584
40480819
48872245
73671970
59903325
13069259
42925152
63887946
78607113
34001738
60550004
54141364
43472737
36658766
30608308
24598797
54251748
75455113
47123678
56796883
14988753
65360640
77850840
27053978
21972920
21069062
14381994
43472865
33936394
16310835
20493614
28869966
75171184
68553603
67169765
48038595
24014527
76619935
13106793
18001232
52700243
38040289
54308826
31578963
47415629
39165696
72775208
75448959
55597141
59685598
43588291
55259139
33084145
24408276
21373152
76975658
76646611
56847955
16576785
35811361
37396473
37794594
70116325
14149239
22349091
47796518
77904518
65561905
50019791
21855934
64208749
63521890
57664221
38218970
36645021
66628080
53466257
21569462
68781796
43716519
14758322
48730587
19322908
48834791
22861668
43317512
24454144
73111679
14415764
76936220
59127988
58567696
49404894
78438491
63934902
73026519
57051262
49338705
36310361
53969920
49700418
54861627
26176920
30654792
22105346
70684606
15775570
29404283
31315459
77383576
59514982
49162768
24094671
30798585
18445627
18226467
30015668
62308500
49595415
11771813
17945515
21553093
56238063
51346745
41271128
69895110
39043037
62370707
49027705
76754694
20890604
11581279
38767001
31286841
35858133
28884038
51798885
41422391
19417525
23437536
71783062
53415880
21987453
15549185
27966678
77105043
25294585
26958843
45323285
32996237
71337388
36255756
46322549
34087825
15128162
52245821
32401194
55694206
17284348
21317135
54177817
39991705
73248979
37574830
14015117
57988207
76940918
58327644
38423105
51074355
77059698
78517688
72544688
77951566
63665802
71019237
31484754
63527686
67127644
24556672
24954720
43461058
55550687
75608000
63541379
70089573
22366386
62039291
21195168
50754840
62013593
24038957
46668459
28882041
66089725
18705072
27789885
72006740
36009115
78418933
19661584
57630901
67218505
31301063
42964645
58424656
56040726
78825927
34490371
56718513
46833831
48120022
23743645
64025356
50121754
24981455
64266732
33511381
26278861
69840838
53745120
14399253
73299110
25677961
75778418
13210655
35998997
63135765
26607140
12710253
14049697
52204316
42796512
72023602
67016628
73863344
48672197
78994509
10482138
48106447
13834237
76777186
16571076
26201168
21611484
67749192
76635580
48206768
62051214
15316194
22067140
50460318
24961621
39531650
77655633
21316910
77380083
56555645
44620286
52068727
77430813
42861494
61155990
55624227
34769656
67777866
56510787
16801616
36555751
57687826
35766817
77870835
10117646
24962866
63675659
48777307
12947427
63112262
47745943
17959066
38795375
27410869
75317523
13554159
62705836
49433236
14712075
13071448
50726320
14328236
26629157
10493030
12041662
33951905
66754740
15209074
72604782
26232876
25881987
35196152
43920264
46516895
75994296
39035652
52588562
41934869
28796041
23784624
75045514
74649676
46999180
35246298
62479488
11907460
77228919
74634028
34134086
62338032
49941897
51523325
23151418
77948275
76350953
44874966
60256347
38167289
47357552
25658674
24645372
22861934
12203868
17960249
36224283
13417489
45855864
23997157
52278220
45776359
23369481
53954772
26038958
35242916
19744799
46337021
76792232
72403806
69649123
76954144
42225240
67483871
63409496
79369588
78898661
73295406
45128437
15717528
41767625
32306763
20739576
76418900
47017142
47309058
14732473
79060967
74239568
60451173
53730150
46280142
10395386
44811703
44563629
40858045
78992209
20821165
74651761
34700921
79511611
25633030
41114852
24988357
67144307
15596338
65443741
64030922
49184219
16528491
54374750
20321695
30794363
44140629
40901603
65337705
26179935
79528398
70614375
66938855
37142660
47502270
15903225
32824628
10727056
47056644
32468763
60050597
32527154
26032794
44257797
76753567
20785121
47087485
69181685
79362511
63043774
30232419
33145975
26471509
79398308
41792708
70125168
48409608
77607391
39021136
77798863
49105598
62119001
35114254
41609488
36592378
36576301
20926698
38360786
69424632
79363538
52470209
60809942
64361222
74007561
67705177
22613562
61328246
44610706
63685123
78715649
73995123
46575163
77712221
34793172
59004831
63843680
50780720
20095046
22680364
22978447
78127738
23613949
20053175
34090494
21752612
39344219
34893098
32753327
62194060
56851446
55259555
11285532
62173873
71759419
65199749
21263188
67431881
62469632
36010508
50865370
59842737
76987729
37048447
40061143
29787916
18704736
62895428
71042286
43905098
51566335
79274825
54165413
55617939
27087328
48956518
34292404
11513256
45101715
46134153
77168755
18864632
65166346
61366546
66199437
38920253
45132950
70633688
12608996
20738860
47077893
78542760
37117694
76770027
15536704
10749001
58271826
58726010
62499276
61838918
22844206
22702110
14105099
30665774
49296676
36351563
72830616
35168356
22611836
13940746
24391293
49461651
34757431
11776697
60041405
30009244
30952221
15720389
53960593
25768430
15529180
79623835
75419326
78713958
35173687
13159091
11017090
65612776
29247851
77212867
21996320
65209658
70210449
21699735
63835693
79294906
66031887
55687616
45045109
51615474
31244003
66750588
64114661
73688923
22453304
65433198
22915075
14760733
49668776
36522154
25987799
43725368
34479153
35671585
15638051
69991763
48531103
55411756
23320033
56099875
44438828
63656946
36137852
48121751
58547321
49444925
70052382
50904898
26439952
78879047
25158927
52230418
34213970
17884002
70748732
48522495
70221399
60294585
75368155
43621157
58571085
55289204
72076866
27613678
55660174
50390767
22760691
14227297
69329379
17205458
18526643
62626108
61161245
31355801
32236322
66209036
35629931
12833395
55991242
49744112
45573500
35578057
62919984
63914772
28928714
44043783
29914737
69807608
78334080
10929802
14635460
14952253
55031563
76726572
12943515
40203754
27889723
70573261
52283354
78624847
28851732
49809152
11873988
27141754
79218653
48445720
26403893
34558019
63816866
28197861
51938448
48745380
54440055
24838759
47639411
39441007
38435290
41640744
36448356
79911851
62061616
23750408
71815643
60973953
66283104
10096346
78372675
25191477
66554789
20270022
70983177
65209555
70859024
23083741
14269238
59202425
16174124
58548984
18273259
18161594
60686145
12053644
67593930
60758386
43705007
26361557
40637519
52645304
72220868
40442360
41854614
18744442
40351975
41224204
66715018
42464474
48832181
45309408
41322913
39802388
70338871
14879510
35096504
79053644
52621573
77869903
49558985
51586959
30881211
42561183
27479610
74074904
55443447
20595664
63424970
69923933
77787026
69544450
65127516
56812681
57758033
71145263
62221256
51227371
25215625
17479346
33626502
21706208
55872965
15428125
30831644
50435453
27219797
55559113
20910249
57551806
10638862
30168361
37724921
56699730
70519290
35810557
62807041
30717230
34598322
78415512
17864376
36266502
77944711
45295842
16749445
45066325
58760471
16815999
13963587
72826775
25826604
78016893
62036490
42612838
28398031
10806081
72710532
54981375
25492253
21364176
22832239
64694748
49419503
44813514
65574340
70200463
43430801
31219287
54774033
55029948
67425813
38613071
72077045
71428888
15100613
58172865
49502067
30622407
21000212
20022242
61897212
46444500
61418644
63643555
68214654
57826048
72452759
60644063
35159275
67706353
16559097
31129218
41422090
31789976
40536899
50446393
51574846
34780444
37252608
45587167
68137017
75994541
79653299
34052075
21469046
34759213
74429153
10894618
40944218
57436346
38948532
10375559
60058409
42443745
40941236
14955439
23049023
61544564
23662604
58572949
77721043
52004768
62348914
33217957
37384807
21399138
39598746
13807848
32983729
30709956
64390327
27179926
14383557
24363342
67635050
28269794
74530697
22248830
20966474
78470078
53436165
11733620
18753236
15472955
44755041
49926421
18320959
43877508
74928980
20077346
32745352
36061592
15983135
63924547
73277376
58267622
70645430
28311265
45277711
46280832
41948862
74515805
70680264
73884579
28560452
70107898
48118273
42521202
57379035
66161745
18863973
69635043
28128414
27005890
52613462
36053043
70133587
34979476
37052196
66390346
19351505
39101786
75029755
45267843
42070278
53858583
52086600
34546003
43619415
54967575
27450419
16502580
13798235
29699202
39345323
39149029
61859197
68988078
13140411
78024220
35550717
74772416
12670865
39313807
48598133
37657448
11843116
66223672
10414348
28095987
35426479
32806140
75730627
47758774
11804352
67805164
16926289
34858124
65524647
67566816
29716466
71998050
18121999
49126843
61970044
65997815
74333665
73324397
51623521
75515365
55615216
49911024
46448661
57257742
50868435
18949534
47368207
43597385
29384489
22318666
58377792
12293225
56972898
76176389
73351003
39862086
35767444
73913677
10373697
32986833
37691291
57313390
12738601
34629863
76599409
12976548
76525054
37854754
45993117
30149080
46309018
34374087
36092158
31557181
40543294
57127373
16784400
51194500
74241938
31553923
27070818
50837856
32860679
44992952
57009559
29468908
60609886
23654010
24513128
24734290
57378195
60175373
66883477
53329663
79311561
12176875
42203002
75454251
44950510
78562862
55821897
42187734
29800279
58628236
65557246
45703412
18325687
28454523
78802187
19926854
18820150
14493614
78478245
64058146
40874786
71953682
59104613
38199092
56141590
37472342
62185840
68120855
29281501
65793410
62190364
63704430
21399545
44233537
78815050
53835619
68970565
47122302
55969209
69525156
21094947
12344973
14570555
33606548
53351520
72036110
15054649
41339035
38029582
18395810
62673226
45647903
64993452
56210344
35064302
24496228
59292423
62221594
53788284
66576534
34533542
29368522
73019379
27965403
58379165
45114226
42417868
79800247
63077838
60473121
58558425
46653132
51333969
21871223
47944045
72133370
36426429
25782787
74517789
12357578
31636597
66653991
25258583
37029697
24729774
26643972
26691089
32263449
39815607
10029202
10182392
31609646
22485652
61825451
12468075
72300615
77575272
35763619
73244148
54394450
78909073
77170855
58251534
29593465
67184075
43643355
38755525
48914316
46922249
52542263
34062973
68963239
22619544
69181161
38146700
33347002
56143903
13096879
13377527
23758479
31566481
78124419
34192664
36411304
50683263
62291951
64966331
63912114
33996575
77396340
30827208
11564268
26225866
53791157
59779541
28913328
22269227
40523579
10176414
13939897
67589600
25826950
53632362
13740778
58179587
21967841
56901898
66414739
53807035
44418454
59042749
68833762
20956677
54246117
59202739
36909892
66658666
50279388
68968722
38550860
51467116
60209545
32165583
32309891
17557656
31928100
60701152
29545953
60115407
11712544
10843053
11662829
45916351
39847068
61087166
33650291
66935708
72234174
60532573
53486929
48635899
54240356
27150438
65110242
75434679
10835762
43493448
25207849
35139748
47141572
37464450
77179860
47943180
16757570
33266770
11390564
11356160
30534581
59992380
10711180
49684854
69352756
45066303
72027366
79922919
44097032
26957238
59609342
58835574
41104275
63962937
25485373
37549375
66673976
74049750
59482819
10830305
58920490
11220424
74491665
47178194
72981971
27424848
57584547
34191854
13649452
17630406
40581991
78498871
13282845
78955255
30366406
76415268
46085139
35567832
39720447
42449943
26833061
29863829
34597923
70567974
55058144
47012434
65824627
68127457
61130901
56632906
32119882
78098469
26209557
12876756
22164020
39195480
66579036
38119965
75382779
53822943
17792012
44391523
33253481
23035100
48016449
59014359
48465054
64260077
79320663
63299901
55184270
11188496
32487586
68904085
36442541
50034738
53240617
77871133
65168127
46897984
55044009
49210246
63860353
31907964
28811950
35904949
48686751
37710930
25800991
16985918
41952655
39567859
78925242
71147738
77020798
49683198
12240710
52493759
59873116
64639110
35796841
27262647
30800133
40198977
45789444
32423430
27990045
29479816
32406962
45381550
77028078
62053201
25499198
55893062
10761472
39601232
68913884
53576140
37095456
41569819
68051723
25121915
46184448
57049029
67972074
22898581
55398121
24631232
10356779
53979164
23378919
70971488
25520830
41269167
13930096
77010949
47028723
32102148
32148237
48553426
12447031
16978127
29325029
44602357
76148327
42379984
69477975
51205238
10055875
50519569
64305501
31065220
63009880
34685809
49604420
66687895
78492628
30622318
29682017
40187292
50510708
57090492
59612137
13316426
13381311
18953151
19960654
55032839
25548259
13497302
31131171
40365739
42439427
78773724
39389378
32428972
51146121
73855249
12095383
31262217
49750620
10788659
22656204
68133098
52942390
67440276
25456961
35262819
65865426
25940209
70960864
22903422
62616139
64676328
14775945
44955348
44526631
66328825
51800103
27973602
21169919
11566046
74938791
30606105
33683825
65679333
46581089
62817288
29941644
14161164
41235498
41508477
38794896
49051169
67374482
55637511
77102066
26251206
27263159
13824097
12993792
19119561
19468660
59120804
33524501
70699778
49169352
34508217
48609224
67679362
64541431
28001514
11207704
14575636
38388663
33465955
21598201
45983105
27743023
23737590
27997270
56172588
67554712
41226175
79292235
50143243
59450590
60794159
58519453
53652108
16948557
29229500
52613425
59898889
79104871
24134328
71043870
71696095
29142978
76609435
50772175
29131285
11968031
25656384
26135886
58348333
38634445
50911634
79811862
68830778
67678579
21290022
61122344
11886798
53349194
16484354
24753701
21205740
66106300
43325967
38017419
23002073
62108177
32036551
46296663
71955269
72964256
17905115
14289257
39518101
63918378
18011848
48617518
57694540
68455084
55521572
72365130
13413515
17652359
76717095
21266948
60266186
65937355
78737053
52834702
31218761
71938543
35791197
60633367
16519557
73787199
47618120
79575970
77322520
52056371
65194484
76376844
54790993
30761156
11038885
69813743
16059742
60894394
50464296
13169064
35079968
76371218
30568968
43068025
49909348
55836007
36088664
44896271
79241096
34536154
20745387
71239422
57514654
13755674
37768267
42533195
74743401
15351369
71794372
59783444
10069830
14922723
46391753
29261721
41750902
75729417
65974229
61191407
36872585
65695301
36407183
29086163
41573945
61460862
25290692
44522614
38683283
23733061
48907091
46030166
38689686
65672238
69097745
57637054
44979612
63400334
62909745
54570692
72477866
48256515
54413196
62092205
68507756
57055125
52944659
59651038
43262896
46606263
77869819
58689300
67129772
66413451
49590226
56785459
60940718
63409845
72733468
22289644
55500565
42629323
58836311
22777287
65470300
37249884
44368154
10654753
38888666
11543813
51050164
57337787
62193661
32395114
47337789
37808328
71264619
42422120
21969474
14710302
52026997
59203390
42527344
21377760
16517639
21585029
49588716
35359729
40626694
54278225
43387012
73834744
77278144
18160079
26909923
17891989
14998144
28595850
75716821
50733685
20453044
69295318
42969570
63306820
11644351
31469661
50703619
57020950
71993455
26486661
76363995
59419971
49096535
72414788
58216987
32010215
57548705
50657627
27960102
76265031
32839284
20306313
52098911
13781966
10547670
14940204
56186632
37516869
45463870
52949883
27836883
40458942
29431562
21156820
46172973
33839195
78675699
12678398
14553211
69415995
34606598
44487406
18499848
30048854
74162791
79659193
34739186
11867260
55519659
62842908
55294305
35190703
60301410
17809598
16704568
65252695
33291323
22719275
79023332
21836022
17092017
16339906
10610101
38500154
20165426
29666449
18445164
30395610
12941915
25481380
48405585
14448331
34844285
10315250
13667343
58232791
36981985
47405265
53781790
79152084
10562424
32460815
37550000
48526784
63961459
62067729
54103953
55768716
55482486
63875477
24037221
11281477
43123398
73806672
45475770
32472146
23001445
46369046
71159581
19674709
53508417
23953095
17267443
64692079
73597112
63268914
40900073
28417286
57545464
77091607
49942148
78485920
29308830
79981907
63874279
68397890
19351111
41440662
47592003
68178186
66786661
53836994
14558516
38626480
43008981
21734524
29153483
17401911
76557699
77330517
24621040
77715773
66168798
18254982
10462749
29821655
64394956
47919661
63338426
75583192
40900414
26425712
49843092
15650238
68763692
26139929
23702150
39174259
13814791
77015788
77794270
47451213
45914976
72209328
52036828
34561166
44745725
36449710
12710137
78812055
27846963
51804129
47584028
39185738
40722229
26567998
48075848
42921707
40698196
75168805
29445535
30418122
12773182
14990548
54394710
34168848
39201110
32492645
14902352
19137061
67421833
47414597
56827998
11607906
38156752
36677379
68387626
21846523
25023107
72831184
44245980
34672955
79317955
56364169
53585620
65890045
63127203
53592902
64348972
24038520
26435000
39124987
64489529
58302766
27019771
77426848
45117330
47149496
40803377
49396908
59583809
59494241
49176368
76893342
25739555
31963887
59449643
35328355
72675791
37796646
38981748
60142198
15805855
20308511
41400349
28452265
24490310
59637442
56793319
55068581
63734470
76961343
74786178
15316488
44335644
22892723
53873330
10522688
59346470
37328290
32033581
58818431
72941300
58047446
48935994
63181823
34617694
71598305
14976680
10437895
70168383
16146021
56000362
70173579
48334275
36103681
71505412
58698793
61108338
29719493
21961362
70978124
14643915
41679622
17240182
20473551
38511472
35101013
74992073
14727814
65673182
10466933
51390609
45499032
29748832
30394277
41605194
30711480
72376145
68072613
72308937
70835107
48524681
72230607
31851804
62010616
59981899
37689353
10668343
42020691
21718259
25356704
25931432
34961142
75925309
53166808
32916270
74078215
62702399
65675476
49240350
49182737
46176530
33913552
20176497
74462350
15775842
13046173
78784453
76394757
25268546
66028113
39657274
13203273
20479250
59342891
51162325
41393952
45493279
53747215
61804393
20819358
28575868
68247286
56123081
34988204
79011541
72035354
43012351
22788753
79239984
31837587
69280265
62664390
76252568
39766422
50300852
76708687
33374870
70197736
44958891
14647374
64033886
51871617
29114700
69410928
19399795
10467615
41212660
40436991
66560488
22808091
25151324
34419441
37215948
15407876
22600950
69412059
14708163
77528144
70853501
27057853
61279080
57075737
52033560
30453995
76286830
58342995
44564769
58504331
17037562
11630330
48819151
39166861
75852199
57111881
60633826
38919329
66080276
75093096
66974566
33642716
44226543
36009291
35356618
63501057
50439834
49374014
48979605
74753535
13085204
27179368
77876787
14218708
73862049
50967578
15663727
67829207
54876298
70629319
37690395
76057895
29301277
44140630
79986392
26954341
60045930
77910956
77111250
58166321
41973890
42033422
66059905
20582442
72399593
27251974
74909057
25281184
17318257
65605152
61583127
43707896
46391033
71000354
10916936
19716903
75848464
74386212
27411589
27819983
78150836
50063995
79495500
63431132
25524620
40346475
79728637
31209662
36855258
50117012
50071269
11139636
26185379
23891998
58752318
10409906
74301770
29568369
75719796
17017345
14829557
57349987
71981175
29294203
63464362
50308773
25336092
79167659
23761154
12772499
46305204
57199776
53885082
25606720
58627079
20470687
71471907
11367522
59657296
74874222
65769356
58327849
50789125
27162296
26175121
46483315
41445808
54729169
19235606
50964705
57200756
17179715
63426539
25208157
59015764
40045780
33769979
79943670
67489685
31784472
54991798
70436873
79892468
79441669
73777035
78123808
50745662
72856792
43787556
61922044
70536419
46414722
61911517
37711839
79914026
38728892
72748120
22123166
75237752
37941773
20615111
42023902
10362308
65965792
39155705
22108455
40897931
28564376
18463320
25398025
78364620
41858354
70430802
16395162
55972394
24313025
32728925
46714859
32230983
54131662
69447885
58369797
69570861
65385281
25021088
10826969
30423564
54597474
72931679
34740196
14900562
58852323
74676522
52027308
10272376
77367275
47347753
53777482
68176838
40018804
54498790
68955571
64989468
58464115
72642687
30318162
29167676
18401276
46696172
54849503
35126356
31442527
20646100
38232333
27235171
71896115
67043224
35286143
24681687
72043494
23849430
73327336
64903958
68354806
39682139
37194679
17770449
76413191
61289417
18664072
62026317
41362894
55264132
24023742
15706861
54684011
13343015
15559149
27738012
57045865
51298879
26971438
30040730
53385139
39098402
71105537
57877775
45535957
77821575
78774497
57274604
62673157
25809103
21028259
35454801
30994233
31523841
69619186
65625522
63829580
69054298
47629443
49129466
29401690
60275794
54716663
70954393
47845743
17201247
41557187
47416227
49884112
76000955
22611098
29445552
71458283
70398010
66692051
49972301
36925853
58558006
36192185
21574713
51358682
52215730
69980896
77804226
49355387
47010626
66797296
36864039
69413361
75978011
38919924
62774456
12137748
25459948
29723877
23463065
33006343
54405706
22030511
54892204
25595875
41984553
38055298
34695885
64073831
66877198
14919032
43103390
54793961
65378601
74695455
40621511
11890043
47617702
13600043
79255285
18415797
26948184
17775544
52313813
42701389
63710754
21105793
79624234
74321812
52689630
60994067
20115702
67185043
53130330
75456458
10816298
67752030
39051254
38442371
17630245
56426676
26351667
70293141
62372435
60852212
42196361
76649742
12475939
27570485
70873171
69916732
17254298
43444687
25827139
30160410
15321004
45793737
45940664
27534677
39966484
44150357
63168176
62584482
53330058
13343809
76447564
69181880
29528626
68661240
11299924
37982758
13764130
34444551
77337943
41199311
20167677
32962762
77296946
53661865
59511871
38409156
61781008
52244746
19211088
54729188
50671913
10332867
21230871
67997499
52864899
40884192
29304166
79261230
60800153
70507206
30623204
29580003
76513410
49553598
19968954
61172054
43807830
28289814
32174000
14508295
23506017
12047225
14057818
71628384
53519805
65775091
15737980
24721093
41497525
54138556
18677654
31214770
51916162
60489205
54779130
45504904
28185517
30592006
12479470
46676590
17193294
69858611
52336472
29502113
47460280
53050309
22258575
76547557
37820816
40813036
48186750
51750666
16945355
62971261
63506120
15943195
29930667
13618708
11523859
78499698
77943217
43782253
13402719
50655982
18893662
67509196
40167852
39471863
49964807
30600035
41189885
20384780
62948276
46297595
40630221
45236352
74484289
49066219
56067732
21708506
21106016
40695085
39233395
42489973
14407198
33385537
73746285
50156231
51378633
72618604
78826335
74609279
31215224
69727996
12604758
12222554
64900686
60233616
45723986
27086325
14706800
77988322
55810380
74466744
39232565
62920129
22796513
32730894
14131714
69925221
11617552
29999352
74639203
58585214
40951772
12715138
50473546
16780287
37368468
54043315
50880522
28641547
69069131
67876148
19136800
64712355
10068644
34107898
52307943
19326596
75387318
11652318
11851600
43977187
54743588
48509573
44820812
62325639
36591234
27606447
73909450
16955304
32648837
74722594
10722611
11632765
74838594
17240713
76864847
38467302
11495768
72543635
29032997
37762394
60400807
40178527
73185451
52618931
31624666
49468165
20895936
72868946
76278709
36306625
25970338
55871683
36375738
69483388
27809710
20312726
54970461
70338298
49968450
14339942
18654043
62985905
71384036
36798431
18173933
64727789
20363229
45192068
69959300
66016911
74140108
52847204
66144361
42536237
39937648
48503019
63304573
45031989
16982113
48175063
40712792
21076682
48165435
57210456
17428271
25604430
44947926
45574277
19839529
42138760
59445419
64688300
54937285
61490170
71944878
75955343
67059515
12733618
77550596
76595557
74480291
12821914
16147438
25271450
16368463
24789801
43792268
56762898
42282912
45627238
45765886
52765314
25617278
17358774
62708665
58301276
59435673
70162513
57330794
78830715
78463345
12148475
29884278
29710123
54814021
79333303
57338863
36267333
68613110
32462321
64735991
35583432
24054826
17992201
30413666
21212032
33336987
53251493
73779948
60429328
26720130
55328852
63530890
20351979
42762567
52435903
75642121
15331141
64016069
23697020
33262595
75196573
22973377
34980889
15984876
53914355
42893745
76545401
12696728
67582738
58314235
72067941
39229551
76841717
74825756
37218860
70013136
44674562
60817230
27685349
35488037
24353789
50569925
31847561
39371635
38367932
65959297
76670478
18250710
28948718
73608931
44458762
78920413
39120703
61106036
64095016
56519456
33015095
10789634
40904209
37969777
26325137
47603270
58190085
42122769
76886180
57614765
37240804
74139735
20505279
38324601
42355259
14890620
77704572
62931437
78340609
46894849
65656636
76493206
12914917
10597438
19483167
53309525
75521715
30692062
10381924
68194523
48541681
63099098
56735194
24943276
17684566
42315861
72989261
50447764
47504902
44931298
18023430
21456168
22713629
64705600
36355736
18321099
71424014
24858319
42169303
69568607
55900934
44252011
74709869
73877892
59159090
63078780
16161297
33045121
48269087
22454213
11737115
49407908
16396609
36841082
44946136
59856242
64803814
14229180
18606956
16101604
