19255351
39944524
36212114
29602268
12387043
72831454
68776520
51116885
34906869
19386263
19175789
59608579
14244224
41497929
42886130
46659443
65206267
51757822
41792227
29835423
52939233
14865056
60988000
61649757
29742877
12116015
28840528
77501691
17633019
70526357
11549611
62436882
14691125
52692257
24024384
13158295
23575638
32347110
39717789
70104169
56054655
62579945
11484159
21420703
75417736
63434268
26785825
64771505
32239617
53881492
79729462
73171079
46803725
64060004
22211665
77237673
65232177
33357824
47615452
43963908
78456202
79987187
68039800
55331562
58731533
59497555
17857340
36241809
11424180
18611467
72990544
57252452
41772598
46326338
33155723
26797197
60027573
12600063
70208111
56010494
15663159
70296424
14500987
26844079
23057830
20653169
28565426
22654906
47745943
16975231
50102880
49476053
78985624
22037910
54981610
71254707
32320399
14004410
49457154
66024632
75340118
66533134
26392469
35266599
23455579
79120125
49906648
52637147
11652922
63026815
36403335
38494137
60600129
57611002
19581778
39465512
75564131
36755449
37540689
63406744
31578880
14210307
62876821
18919574
73221241
40962707
58594808
55055848
23650872
43427047
58974452
29095015
52968054
76509327
49693251
47905906
19398816
31972151
63383306
38428818
56466448
28939149
32204109
10739804
77092586
49548317
34906675
21874468
14100841
13032371
21927240
72545911
50946628
40736452
76829877
56717680
51729812
24262059
21148843
73982533
13753531
22843041
50172536
24543049
54169922
41636820
36255736
69420949
61629956
20126236
56720973
78789477
72793809
41198895
31745512
17807711
62569449
57406037
77678977
76769886
67840217
50029500
58941648
57311555
18365091
37507554
71798677
16474470
37833544
44052118
61198629
66540223
27055819
51741009
64892885
30795827
51503561
25998485
60980502
11648882
30641005
28384401
38153710
70213165
65566238
75431135
57876068
16637851
15974242
61328146
77495303
58869294
64262902
43205817
13944226
77298415
12873946
78623674
24321441
63289673
23627850
68449838
19536908
72969156
15008084
24778100
45444488
71464318
62583668
70480135
48490777
20483888
30880304
28928375
79423892
72784915
43463337
38754301
29040631
52468879
52928634
72399470
42351764
16582071
48969645
41535582
67795775
14585540
68220269
41895612
45120109
32399461
59969035
60265257
72461580
41105643
14139982
56047555
58773955
39966096
12374504
46478778
33292799
72641535
34823291
67242359
31444951
33924348
57339691
74677607
70122170
27365468
59047276
40398586
67830123
42146741
60570016
77893417
61760331
38049281
17812736
42231513
29753935
72639584
35051560
11137270
78488438
12633980
71288870
27808906
36672624
63664289
41679422
38566002
39872795
63693341
10198925
21449173
25471873
29775265
50887491
12418202
52252744
27010929
73365869
75612572
41960891
33365972
53244791
52002359
61812484
37250784
50838746
50002162
30576069
20379622
59713335
15593303
48773713
33175950
37637517
33291710
39279881
37864641
20836891
71462386
19680009
38788850
73179981
50815214
48178742
10085243
57353639
44415520
70092107
78246209
69782747
43968627
62181247
35244491
16757594
79470208
40518847
18824393
28245819
35806461
23158869
52093079
56837376
79875829
14413735
67399551
20580500
74215156
24335173
58656371
23291833
36421302
64532437
55940873
62666060
51781309
54592260
18073893
18065435
78857157
54058645
71376677
24128182
26494387
15394060
47281871
50003854
59722666
12133447
62012894
22056210
26132293
26032601
46728061
38018514
64558004
12841010
15243041
38701310
47545056
21339388
57536526
12078315
70660535
55626745
67419872
36681480
30199372
60987577
46022695
54995960
78209561
18640984
13424068
57671240
32257138
32312527
26084881
61046041
61787103
38147325
15579634
75366911
58172947
39517461
25615392
33141009
53681152
24642112
63971006
36877912
20599403
15491548
17541466
20528776
44272557
71621371
35343431
62644104
76557973
36759466
20387937
10399731
64013336
68078446
18283904
52753373
19104026
22887280
29181166
24428144
37077939
35903909
27543619
48262699
34617900
50135370
47294745
66717170
67254692
21195024
72222276
64830817
58388949
11869702
31767848
55207869
66757029
25566018
73696720
11924468
12163158
72722635
37436183
44489016
33035894
68875047
18799130
62482705
51470294
68538055
38255464
72871032
18070989
24828021
59892436
62881813
35735086
46464512
40801210
61744752
32791008
51282524
19528274
28387617
50178567
61603022
55523803
52815666
52360130
41032055
26101439
50111065
69042578
18243761
29788778
56682663
53478799
46761052
42671037
55044160
40918129
50266210
42838845
50559501
35395899
19756520
12461634
37479531
32120564
47172110
63215325
45836773
71222008
55603443
14957918
78943128
18446499
70681292
10670395
37372370
39295614
52396721
67084324
39265084
54241200
27414330
29773322
69153649
68567886
46635872
47443290
70576949
29238162
40568480
68074997
14930903
74643004
21236873
79490729
60887197
31043761
64034919
53231579
51101753
65690134
44257332
20565869
52949638
32668857
76268860
70010334
48952297
56192502
16096529
58030941
18221838
63806697
73820909
19125636
50180789
45519742
38659952
28819887
14188723
39259211
54892603
78813791
62174226
15144129
59085025
50190236
73677739
54101005
59618577
14842191
44145006
16966978
30352075
62469457
39223455
23636734
17654298
16521633
52916540
45891494
15014331
71274566
50961362
12152503
21925621
38258252
62009124
56555906
49492003
52798395
77235689
54051473
56720459
66729735
68025592
26326946
37029705
79126911
58309304
71693868
23010528
36118056
70294727
25832341
68503304
62903566
67682250
79389734
59958493
72226430
33154324
79405370
60999577
51150873
18324412
75553494
55885685
32019052
11712612
75949081
73500806
36510619
62125822
18575880
54149373
39571214
21758287
25395090
11810886
19198768
64596918
27775920
50866928
26399730
62058424
71674652
54021461
61784419
43798599
71774410
70120953
52773361
56036762
36574016
70249952
65945304
21226222
58159191
56187257
36982545
58130019
48115260
11149899
23604895
68934870
64494383
40998589
36873496
39112471
31124753
69517884
27292265
28463315
72888191
78930039
70899544
12102534
53800623
27529577
17429858
73601582
20165619
13943647
24929089
11009953
34734234
15287586
15929929
35518055
21219505
64819996
39756776
75373303
11543555
53559959
39824649
40268387
12416051
58314221
72521185
65204506
11519952
77503645
31948390
26523093
36008094
71311758
68314342
18431797
75099413
15755246
63217056
39401531
26090864
25337387
52178511
34622725
16528032
61857219
15730032
60078574
29469871
23792988
38587295
57924398
75878950
65964309
76505510
79406250
22241159
64679458
12386469
13560513
11297638
33959041
11015498
34993932
56070830
31955404
27714518
78726451
13541196
36569424
62788185
78638470
13809087
55479082
53253288
41041350
67391791
12419634
35420404
54968605
16327837
21511756
39612533
20381200
38299871
54046554
47603415
17382002
28619295
55385457
43845306
17181080
28626331
36956295
16719237
18743946
60550732
23761056
27108821
23570629
60405927
50613557
11246552
34272111
28740798
21605511
48302118
42678979
28465382
49717388
36500628
75542085
49604416
44933681
17297084
39622865
60130526
15941468
31424617
73315078
66931139
36957884
72180649
23760638
15498770
77729500
12865702
33760389
39251731
74462967
36805152
35929561
41470054
23691250
46479339
59240551
79538984
40289771
65759023
50933414
46566889
72312091
22970789
33172509
33119438
74237929
36067752
74122496
13934468
51909817
35061310
47308522
28402014
61751499
78234557
75819630
55366571
66005887
76857330
14534875
59995533
55476171
34573223
28932427
15064373
48437378
29842747
10542370
62995334
67471251
27983334
58477384
42858576
38606685
21628296
11315312
37465326
10087646
66195628
13076448
16834357
33174200
19168926
21585311
13778800
19469398
67763553
79408551
73025830
46915949
58526357
11570955
65476766
14508758
57619813
38950021
47652150
30572695
68541204
27803313
30811758
33751489
39291729
33886596
39743154
42590538
62434779
64688058
20634504
73067746
79253689
65992393
49031976
55745135
55908311
59486942
40380485
69938356
64219599
40359428
70748678
38524564
64637625
64724829
56365140
19963355
21863715
55824669
75340269
18774791
22543950
71044877
69703121
73858096
39906723
54181921
21403352
70134167
26441325
12833303
73900094
63577896
11069277
60584837
50051035
23644404
22777506
52607656
45998593
75003917
29853586
50761960
39543796
43496546
33764494
24950868
53568383
45084310
19364753
36588201
69030963
25695824
37225960
33584035
64731637
48245333
54764440
20673358
70762272
21677515
13773794
35387650
59269328
67758190
46845337
17517583
77394846
57683775
75520030
68962383
31233395
28970090
25245039
74540217
12572957
76054533
10207631
36141790
27709763
25376319
37745121
59372765
40691551
10132971
67356171
21472371
16095974
22517192
12240693
34590105
46333754
43742014
77092775
62825441
12501699
76758730
31118930
13241495
58838177
11824518
61472924
38539556
21431760
63948074
58977239
15101166
60170306
43098002
15180763
10497650
37120483
31320046
22194970
64482129
41903164
39506217
53160123
18467697
15712660
79945317
70670964
18113565
49050195
20401762
34545810
50755667
36462852
11007496
56364035
14866120
67054679
43302028
26384538
77079154
74615405
32644153
66747939
14452056
69987995
50769570
55917167
62776039
28679253
43268896
63918198
45912343
34045372
75532629
73647329
29092264
23197909
47092393
17177595
28101275
63610520
78718685
33473185
67367439
50457646
32066284
59178228
60714714
40011906
72328410
75561462
34492696
35407596
28163016
48204933
54173952
28472320
20436785
76074328
29685650
14767459
68488299
62357858
42090070
56207267
58885560
18161041
41860324
52235654
38704536
32951916
69446535
34543395
23791021
42145355
70812060
10762943
74314804
29819776
10265214
55456535
44269514
62139623
38957188
30039164
77697294
67388549
27707399
49913900
45324682
51796247
50546629
34473051
35474319
24511615
74249736
60548393
26662315
23033392
32449106
58723620
42864595
65349649
58383681
43146365
21468697
39923262
43698249
68951215
33355992
29964219
71627833
32556832
51179766
13930242
10059944
26424034
55744639
60188633
60559665
24642589
46049281
70411604
77110297
18196960
40410198
66031187
23449694
41479511
75061621
41024401
38969809
15749639
56561649
45260717
13283356
11810805
49810284
43838927
60531478
20909637
14798317
53221817
26797591
25935238
47705972
48792584
70020230
35150589
49790536
31379218
47121828
49265182
27586735
43528517
43300885
32566561
45059002
13606771
22672796
36918193
22283528
42843518
25700105
53869987
19975120
76000765
20326532
21128082
43536902
46925288
25327049
76218446
51572466
38220142
21643815
66707408
26616916
32884610
20516494
38892803
77065728
75373272
76881007
34489277
67653756
45679906
44601299
63074531
42203781
14973654
45747904
39603037
28159182
16320833
77412574
22975978
71961258
40558242
79436424
72906854
21145585
55755369
61449079
29377713
17591717
56790151
43414037
66284768
14769151
42324807
48624740
48270432
57779640
56212026
60192143
39402151
27753349
36210302
28693076
29258588
48994916
51876728
15226702
76371464
37688279
78709250
20130329
31442087
18446947
67164511
37998688
19830010
50735656
74085524
29073595
31058612
78461698
20711085
40574619
58365604
67506735
57907629
46094920
25923954
72429969
40116712
27919813
52369954
49691277
12105352
78191183
30132443
32824849
56381326
56371509
15504716
45778823
29088219
77106721
40727798
78788781
62683954
29706443
59732840
24253201
35949692
64221552
76600998
64405648
79238712
67504345
57977066
16857083
60025550
48854087
10502510
79240268
73976085
49158570
30029091
14136132
45140361
19700023
46236794
32119057
50973979
70856271
34414662
27370731
17147153
57337594
35583131
30590595
24823339
78251688
55845458
62506482
49499451
12731176
45039541
68011089
44850120
46198626
66765173
67285330
37341506
58182368
56596953
49954777
17468852
13485681
69356038
29300522
22453425
42815751
47677905
22437758
59509542
25499697
52972104
53668637
14895961
36693262
50094846
59925550
73568692
69531738
22377014
47193453
72345730
43182307
12882830
60687807
44299260
64502937
47344440
48819024
55948457
18545088
15907973
75329328
20658327
13604785
31974462
68345449
39648556
60822028
31690523
18925108
28162255
32424561
75495651
75420510
49365589
21817869
21408937
73267158
41196438
76091520
40007899
42953166
54124176
75782375
36762465
66141187
31702132
71756935
32576606
59167210
78392828
45014180
50510444
78825743
40296171
75711593
27929708
46158206
53353572
15498614
48462902
36447932
41210163
64447586
62803896
41806585
49152277
28594012
74841992
12618990
38351722
16244531
55671256
20334473
50936795
49665197
74678144
28102347
44177170
48238457
11159785
69803568
10495685
59748182
57157021
40576233
13837508
46153278
45343340
42195777
56218332
53571911
33335622
73863606
23157286
79234697
32080910
31678002
15509035
13848016
32084351
65933357
64417140
26581996
68924636
32814546
71321252
35169672
62540199
56380563
16490595
76972244
30181787
65837922
57957861
20954107
74644302
79712578
64058770
61104832
66361091
72766725
15695432
24921269
44006714
29441633
72094755
65243864
75689113
74151508
14982268
28798892
58129553
25949643
62223291
31743596
33362106
44554366
44396933
78998974
33833977
71507416
26368549
65902425
56222320
64180074
25268348
32168844
71027993
53577597
21330058
43594799
29363863
11898630
11669105
22025805
52548764
65569681
34021118
45480568
79651975
18614907
74258073
79019940
12082700
54533665
75886880
25751325
61793506
73021686
75193095
14909125
38003246
36272410
76882253
40836845
68270771
72293294
58282795
50528271
53523411
23532112
65207142
61033128
67379567
50357562
64458238
68604104
43662647
53697276
19000781
53966738
10259495
37900823
38268168
57486549
75292138
79171516
72164033
48250024
13087528
12503962
49228533
65100647
59171226
16185309
78076935
59497109
15527299
77271098
44940586
15470474
63371912
18738085
23453263
56749414
76513142
35932788
77820778
36540037
15412459
74579639
47161392
61884391
75647895
11740916
18716650
41464206
58402468
37259964
67326630
46101378
30432435
34803755
60908121
16550778
79277765
66215485
14870430
62511330
37013512
46055472
50865637
37228290
55163037
19216067
56181002
64510456
21641633
73783544
50137028
69562621
40381431
14024089
60779992
68369141
31410023
70442046
62141249
45072000
12767980
47352656
21400022
21221979
36026693
28350857
39486522
28593238
29283336
59546030
50309338
79040046
15522865
31199042
74966138
34761749
65168620
69618260
75547228
40437506
29106216
11896496
10246064
19688368
43979542
66175238
47725131
61017192
45981455
77660507
64995009
65622542
47669800
38655548
69107048
78925858
48489706
61182565
43600993
23557766
47236299
18753358
56707025
11139790
33117965
36111160
14624802
19653916
31100272
70721913
34708229
13264586
61893822
47880287
21238976
23770230
15552199
15370972
69450949
35845631
13264133
54528129
76519802
62890599
76006979
36472532
18583349
77589438
78992450
38195155
73689386
63730029
63722858
76251594
19397421
41048590
55588243
21361913
79572114
74869446
32344381
40854474
73810520
43790525
64467378
63716489
46720326
15919122
35936201
72847864
74291523
10242878
32797151
33597508
74360472
27805445
70266021
45189251
20500924
34798132
47240479
68454387
58228462
23808934
78854196
66923687
38971204
72010886
55550402
75077759
40437399
57232102
26535181
70188706
64160638
46281536
36600231
70380525
49103798
35178987
33738381
75980474
57654124
75567485
74654754
76057582
16881271
18800346
73386688
10822258
24260737
68208608
15118091
42242372
22949216
37276876
48179577
16693040
14840332
39489551
54955079
31420463
10098037
44102165
70636798
15286633
48660423
66569907
54761207
18725738
23999869
36816590
46634494
66300512
19363271
24364598
62284857
73939399
65163697
46706948
32959651
36771105
32563353
64066711
37301808
62230042
17524847
20960177
31341985
76379432
36957029
31290462
55650107
55521365
52857300
37830667
53669752
14497081
68838719
69914312
47507763
29085881
15126080
17958292
59303037
14642306
62186273
68827837
33516429
64442965
17511128
33703807
10984111
44883955
22734217
13727871
25567215
61999084
32566290
32589569
40073581
19409625
68762573
30296784
70597825
14934663
56048920
34525433
10352795
19833458
68870546
64808866
54937993
42256209
73704676
76730780
13789171
59755639
76275329
22614091
73255184
62527210
15456844
23552524
30095887
74208571
20398716
55206656
53942568
26923525
60358972
73148077
20879170
18202785
24038003
64747292
16145826
58061038
58949700
11346860
67195163
71737932
45326813
18959714
63969506
77542153
48412737
25268299
44687802
40359174
41652327
65257117
72050450
42980549
26552273
48738449
53981389
14148980
32271691
77625201
24641401
43291467
16906534
49539396
72733059
38130386
36128918
54638094
12966900
32405344
59012929
64664603
32518578
23796060
55568705
55581784
27650216
30274764
64606916
20064758
13123518
60124762
51764007
11825649
37828310
15491698
48881265
29578947
77717220
57950955
17521971
68180870
65391131
49927512
18378081
24418289
49919773
36039041
23792344
49667219
62126890
77517919
53301946
12731459
55318341
63412898
31783482
30103749
15844846
44705966
27776784
62260969
14648866
66791839
53026007
32549754
35460317
55271069
60188319
36873666
45426682
72736030
29163642
54488777
27397136
16020793
27807993
26111972
78687780
22268710
64615880
45100397
41324315
57235338
58387042
49459304
55268022
19724667
13282178
75753035
79732786
51410016
54408043
22916976
78100192
25466608
23991712
54960686
31121064
28624764
25676637
73252941
45951503
19726341
30718997
53975923
22993976
63029392
58931364
79985891
35606904
10387465
54025858
12604192
25562545
52451668
50771247
45092306
64500319
40512708
53564560
23011309
18157178
53238230
55677679
43286866
48516395
38783038
46628447
71394486
27847570
77919877
15057608
24647220
23413466
15596705
22289592
26907006
18633492
77753805
72081133
41514541
10869395
49217850
27130637
21009755
49476707
73292561
71191890
79143945
10942707
28556600
23428684
74025154
38258765
70379565
50176733
75850478
25208581
66665119
12239873
39727060
46516423
68403675
36031094
53754757
74181360
28251387
53362773
47995047
75172889
18865955
28463299
25927696
75271989
21530983
67110125
10416588
48242992
45704995
27822403
39057550
68971203
16477834
40307993
31478796
41682304
54399687
49358803
20219273
59753773
63440594
67726313
58013082
44683020
69964129
51128843
51778061
55065974
35281220
76915731
64077744
63218315
33527317
54408261
71284938
75590296
49171913
77515355
49738364
67757936
40727899
53247254
59199570
28978578
41484418
71449187
38082641
75846057
61946828
78713826
69712629
71910725
63706732
42876035
12301290
44602226
43060689
12197265
33287466
57817661
47907983
72854779
30949888
55940216
21026239
20075290
60690840
19578123
27437423
29030032
73618124
35935160
63225782
69014598
20264167
42035852
18040100
43536790
11221942
51693930
50931052
55066424
55359248
43335662
31237652
13505437
76412330
58520105
65065869
52373243
34002661
78840306
11971680
52093119
77670568
32903059
62571319
74832770
62170327
27417034
37102591
11964381
62240557
21376468
48135896
55405535
61175317
42568385
42361979
14074593
17116429
15055032
16662501
47472310
29459962
60030544
36834203
46512149
20392569
14587196
12525044
46647380
19342612
43434625
61664474
50390756
27126179
28348267
63680674
55745940
65011876
54627914
22042357
74016590
78644185
32670258
35958273
15590300
52613688
30675260
27062879
12935917
36505436
28858689
40792818
51864118
35809677
30023873
43627124
79595648
67014958
72765926
39885160
52895305
22296109
61851098
65723238
73603752
26958506
78376557
57567904
11098702
59437757
61563107
75633709
38044545
77893771
71204145
63261553
12079643
64219969
42942469
23651550
20129929
29305201
24259474
71636691
28532463
33070672
45569892
57552872
36962424
66436157
38191106
78018972
52907475
79427015
62451416
41350631
27622766
51615017
32394210
29582790
32189371
38107339
48306848
35037469
55879455
62624217
27887513
77528798
25608247
28084926
29415974
25600473
64780663
37083872
40506825
64960124
43747648
11461291
51658982
28849032
12196293
44846846
51093979
25297674
23900539
67044967
52997378
11962665
41633762
68882003
25297746
49935678
30200504
69831470
20516591
55598937
56227157
51597736
25985126
78425554
70613294
32728342
31895980
50152878
26412826
40633714
70123139
58010092
45256622
77269759
26311365
45057663
39373550
56249878
10887054
74613079
25126448
31606237
47472479
32469239
57356142
23693845
67574802
17884455
52385324
79635616
33066350
49257744
72589356
40702624
53872630
23090411
30602805
58926140
57732462
21948280
63010709
54078459
12711780
36122152
56554611
24302657
73539766
23694913
29202207
32645130
26369347
12196448
37349119
19978047
76043986
71058541
27643991
32469278
77414701
32831485
33302809
71847304
66652046
60085917
35591137
29386389
57631902
57689641
64857950
45505794
48227058
64521479
15007771
37896262
14387723
53967221
18672867
39882299
76859133
14840652
17361897
22091317
35621578
69273606
66683406
47985270
55790614
51560681
76990402
19771556
54095071
57201588
10379692
73937199
79407895
33310010
17418112
74387133
59979426
18492990
11422958
76374105
25896401
42210527
16644707
70029118
29536409
40908733
58729014
67827527
20465375
79477090
69733017
56208808
56341215
19708857
12006512
63893407
62260636
47923287
52406940
53390379
22672458
72209405
44153703
44986361
12325850
47930681
15569683
75529151
70847232
49552865
35874787
10152384
39853198
31785634
24742265
57794107
36351491
67355770
16269281
14381734
13917131
73171144
14540138
28280709
11480202
59813268
61118372
74016778
29031167
41892610
56682222
21938115
51915541
36847319
35416372
32745525
29451534
65181276
44553255
32654184
24164556
79590352
53975438
11744238
31022518
74364680
41238752
79145780
61215632
63547695
18337809
50091865
55329237
15160893
34879405
57441836
32803548
56887198
39420993
51705054
50500478
75252840
27361056
78607816
51573347
12021417
43347666
47118488
55698997
61505459
36257744
42932440
18900248
29056382
51217903
73837745
57856518
77909814
38126767
54233683
79458368
40840375
45689907
26608195
24691238
37339615
36022997
35908812
62830962
26540686
61420120
44174666
72236758
42579075
64518052
24391576
75487423
62137186
34199402
24859369
22257508
53130299
62227494
62955562
58109596
53222093
40276108
55441038
55052955
45986694
53296154
14864690
74698959
10041360
48226570
41987863
75478533
40146126
54840907
60212156
24683761
37458213
12431533
49807359
77672703
63778050
64688305
58848315
79525904
47439501
35379880
57579778
18823329
68702645
48112320
36405531
44668173
52490207
69257800
56596965
47032231
50204252
30145113
42314589
28418995
18800047
57550167
24219947
52224365
19485779
70744641
14519819
75789263
11841838
21979764
33397546
70530968
22392710
53553773
61381509
44340211
20182657
61047339
74920299
13272279
25041566
47725140
33054618
60360227
64840668
73903201
69997658
49720137
71822375
29925529
17303203
74015612
66376572
76608473
43754437
60458538
20835430
42220404
53017366
65726268
18857686
17676695
75261107
38892487
42201416
75609029
37799127
30609189
65711038
64425338
27204709
40297624
62714122
22423980
75913467
28273201
59382314
30404105
39527853
78152509
56371686
33677694
39974230
30187146
47053248
42054538
71588226
72164785
61285279
79721195
73157929
57804065
29226854
10980267
33087954
74646272
11266490
45358993
51571202
41314681
18687160
60316163
30273529
77942759
10081895
15360390
25717136
33462938
58053991
32160931
40893445
61991003
63954380
16411363
32767593
76385019
10098470
56360564
34451259
70217135
63844946
42992431
10340533
17170865
42963203
39038905
74357191
56632782
32877218
26401742
59280095
36068270
67130075
40925902
64673067
11145609
37671973
10054221
36443333
77173101
54767235
22708811
25482928
64460896
32717424
58861295
35753307
70829863
16025323
48158847
49447811
60920229
30764991
11329873
47163519
39791147
52425990
63482525
42517668
23021220
59527626
73202936
35464925
10603397
58103053
18566455
72462241
44748148
43395098
50051894
73295840
12077405
35784888
16852406
45748614
62869744
16866121
64908910
13401919
39345797
24432971
58356709
20782825
16504022
77947914
40818069
15703249
28540930
48746704
59405630
67598714
31191290
65123690
75715543
26351448
31245981
75068628
16354448
66655775
51627809
11786432
33559990
20950093
52613239
62568592
73742068
22965642
29637914
79169091
44510216
70880001
21310012
39833001
75701932
62812414
25150531
68960752
43937516
22007454
23765720
62599756
34393552
47237003
61153416
43246797
49028763
78176017
53925022
27167553
10913667
49062999
15982222
76048549
66378435
15144286
55429256
28339735
62855166
33239748
56884524
54019904
31814293
71922678
16116380
22953150
35486834
66606742
39079401
26925221
74278961
78437332
39001828
31979269
34092211
44262753
39352560
11232092
71552692
26813933
13698193
62242773
62465331
65357362
72953286
44198413
38420725
64618958
14639087
69808220
51426275
30125982
48895200
37506824
23184949
52919989
51147052
60566179
45336937
22120819
22147337
15734640
54740036
26036819
10335760
55876071
44100362
55835502
23319676
17228338
60925445
48423690
22236740
29912531
29392449
18759056
12212777
71449298
20805545
30140076
51526431
19226364
63950969
34325554
11655871
70735931
67878184
73856221
69878929
25650798
58606406
15331951
50866717
25395298
12803667
12758724
22869510
69184919
16934496
77154292
39398096
35218692
14089285
32128259
48802323
71999990
18018091
42650251
20958101
35634454
69749370
76879294
77462120
67745630
66274788
48156730
27733070
56571225
62224618
47958724
79652870
32543662
45318833
42098839
17456018
23675790
39759714
31398829
65817782
24923755
63941766
46857919
17586861
28002934
70751209
10119795
31493285
26934096
17738532
28041331
64570196
25739041
38829083
18703127
36516527
15108349
52091115
57242424
47591829
35072508
39673784
12673173
34863273
68142040
46749561
44462239
20008723
17931482
66068989
27167662
18773443
38939469
21648995
78675822
54016033
77428472
33643876
50090115
51896938
65474451
58555258
26572232
41552282
30181813
36876443
19347892
46221036
75237318
36977065
79504247
30058090
75732762
35179802
21130697
54498355
43238737
68057110
15789687
40038942
44153134
79151890
30095955
60541089
64144489
20116266
48811948
36740140
53797623
74864322
50679360
70289153
54695573
34164778
24549203
47319872
53968796
53198354
63369447
21201210
12601123
14825894
57619540
50218134
58639913
69584948
31474029
33972077
65557802
75018663
15927029
29586488
39538968
70110982
66275643
22964188
71030157
77689756
22730540
29322829
29133764
18254015
70992758
13123661
52541137
49785910
56350573
40549638
69758227
54805266
36195402
19694589
56432323
14837572
48086476
61188130
30971382
60536901
37382435
12097844
24713952
37547462
12936697
71917038
68906916
73534390
37448319
70606889
22328707
55444309
28947440
10254108
39717302
30339088
10690806
34161042
20091728
22259543
10060168
70857896
68596409
60923518
13939860
49253584
41702351
59814883
55978391
79724000
60325305
71012937
26956542
38872885
37874822
74019606
61550268
43451545
36143699
34679702
52595645
78611354
17659245
39319745
59415690
77645347
44639565
16920270
11069401
77433598
68419377
11350620
13107319
69652289
48208727
77014268
77126492
78503188
45015576
64995035
27885180
32648455
49239249
59103845
55138084
23474992
50213807
75327081
15639333
51596184
57335843
25142924
32841013
36006505
52806358
72995476
29745973
60161639
72337545
15266948
20155345
35345602
51341628
18914010
10937157
75741217
21176119
18934116
18842891
67816609
75327433
33925533
24435292
42101207
38349967
53075995
44446522
57418839
62885938
11678188
55707993
25419420
43604602
20179596
73511514
11106486
26029324
58498842
40088937
73925908
75366290
62238498
69441460
78417876
52361359
61737818
45185363
74012470
35550642
63668041
42389969
28273917
77131892
31974721
42101424
30767272
10326378
59934316
69101940
68167062
15533891
30525243
38891972
73237057
71798480
44330686
34848819
22399868
18264566
63961115
40743217
60490251
63360281
78127039
23791521
61826643
21820845
45250605
17256985
76866151
52368574
54502667
20358320
28981709
77034452
56311410
42827064
65200393
74379032
75196069
12301023
76507275
37612374
36209343
26228999
30538553
28591194
38826311
12041592
52878511
72608879
59639707
46518639
13516922
78311094
20539343
45776513
20499441
34425212
24211639
26090005
75486430
26492088
27322328
26455775
66131035
66551760
45107760
33631030
67366705
62227009
52692953
63053616
54187453
22845750
70066469
21246117
11659627
52108807
70481866
49719912
21459951
18122574
58574809
78637111
38878601
57042975
60541013
56545634
60261165
31795448
27117370
19450488
17672569
74723376
14526367
77773925
43175129
63418138
57114161
37653913
49254697
31121402
74073117
34496606
25295426
59588426
20133238
19899723
12282623
32332500
40512759
34768115
61508961
17384332
65342226
75591358
43750796
60711765
19256529
24462393
60934451
31644062
36028977
29875486
63211282
67532850
39616137
23028891
74515994
25715891
66750042
53820373
31134579
11530721
52433880
15300557
21929247
61516186
16862308
69930636
44214056
32295769
42757593
23743101
70313688
34977528
23694931
58975126
50979085
76391999
42338775
28729114
75555600
51598275
63295045
46448818
77172555
42888239
10814167
59812781
23793661
17830435
43024810
59055760
71008829
20239693
27317138
65374920
67968347
17996785
54792367
11986970
70931847
77112199
60139136
22750409
30065465
61462519
31595854
35379957
64047334
36366846
44954540
58878692
66943397
37559736
51454390
45185918
17920021
78175551
54462879
68960885
26606226
32319937
35677156
53895503
58524544
63400232
26491790
74085086
55038164
61324834
28635726
35773160
21964545
25735120
11111300
62516316
71441959
78928938
18615830
21462218
71327356
77949342
76382386
53216420
61792328
25641220
33221609
11121437
76549480
54933888
14142151
24903132
66482840
77098140
21394518
52815736
76339058
46944175
48264922
51823380
53309502
28276383
36827853
17522204
39921205
42577713
42448270
27586116
38683948
33244243
55008354
64084671
63858517
10738746
25456136
41228889
78202179
61213239
19636150
78328044
76520148
44384363
55151527
38606808
55656631
45663421
40568194
63096085
35341008
58982449
31588372
48484256
32391262
24391953
24474554
10562525
56191196
46489906
12205873
47496877
16903819
62385224
79201279
71414537
20704573
65180268
23840494
48867546
57798107
32324614
36122254
12463000
65267749
16055155
64576554
12454542
13307611
21680890
25050778
52893622
46754288
15309855
77974883
42246949
76722265
44785388
16442111
55696409
64608230
75514856
63108189
78116409
52740915
17469821
21722113
47830814
11643483
44065679
61039147
45833241
66365687
77223632
15031097
77378781
74720568
61870598
75046007
77828397
16021428
60629265
75784373
39996041
34406245
34478650
60331207
20099056
51348373
11762769
14663310
76608597
25005689
17252695
24103559
65065747
59848206
42277410
40655617
73966998
44671934
78118489
23221366
65886000
39569354
12480520
58997092
32019700
63379686
61893013
41709606
37282034
23905305
78831839
10928990
35580637
27700619
77542268
16983199
50144197
25913727
54634561
72956139
78093857
39045727
37566990
61601037
36327876
14207373
78378447
71766938
56234407
50130600
79633755
79732484
17762787
23130579
50355268
31785848
20728546
21095203
14517473
54627006
14542547
61899937
46281771
29528246
12846258
67962919
77372786
20187761
26347409
70543743
15618210
78969966
25506269
65887444
45055413
16736695
23665245
30313049
16410174
61819331
54840458
72271479
36065762
56090141
17526244
65253518
47032963
45105968
47140929
11572444
32757958
67231022
59950849
21484813
75950444
32508496
77375611
14509479
70435640
53842457
49084459
71161602
16587767
40042601
36380382
55140296
17205244
72783322
65079641
36734795
40436063
36016442
76367579
57986721
10443864
52790245
55609814
56355661
19196616
12735063
10347871
40996425
66445455
41118399
64534887
43221174
72101158
75852640
23012684
77558092
28687683
57339602
58636633
58015987
51660051
64448547
17620682
16467608
74117161
14678767
29293203
44971841
49446659
62900653
20953212
32883355
60198316
71549691
11150284
35643835
66998224
62762518
13814617
29274979
19661270
46062385
28710103
26738320
17717280
13418056
15012779
61690018
44032140
55468626
12132927
35273974
72102106
45297824
52991224
25479225
24881239
52875694
71274512
17082004
67323602
20778713
43733521
72062362
50801703
32695168
11437539
75514328
10691907
44980401
30759715
43841149
46638319
37896510
55268581
15959952
40282887
26803277
57033344
51446526
68432253
77575518
48016164
16374073
74500429
30746814
35471535
75984404
69795185
16587258
59800783
72152090
20385912
47077861
41511113
30762843
26428952
75372802
40723969
16089510
22533155
18455819
48183025
26634062
61099210
51300258
48845279
18258800
61839008
53407755
21009787
21203487
52331802
71152068
77601528
48918434
72991946
63214389
46812821
63800761
64440230
20654097
26104487
48975930
50497816
68697097
67338095
71368214
26652149
21699145
55888895
36784699
65933672
36725555
13986855
14037754
75516481
27829185
36306418
60466003
41084879
32546117
76338564
21811887
28641970
24457334
15536889
66082383
23869171
73749120
16091795
34301683
48312447
54798717
68305840
23905856
71002432
20001211
44479189
56877432
56745319
18048864
47762622
47136962
13313397
49803262
60436600
42890458
59201345
64547043
72573020
26173685
69657279
34755371
12722401
28671843
63457110
45473917
30517101
19283735
43308270
15019410
47370276
35814791
13502211
42368592
36989586
46330096
72626054
73880394
19100608
25113138
27994501
11106186
73560557
66527217
38794009
61504612
16261955
28056923
62011739
52511394
41637311
16333872
66452450
39269332
20329370
10466293
30169619
22901152
45668173
55620204
48794391
38821967
58321737
14693646
12820832
64395954
27916742
51082641
23150526
57916334
19686533
38129991
20088231
43543949
14258115
72387937
70167233
65463916
15379755
38327065
44156342
41919036
76787071
57055282
29014118
27093089
40416128
11563116
71091652
54865527
28391211
77638893
15655887
71970772
38737544
43975413
71050022
43968322
39890257
15567925
19254142
43688240
55280032
37802592
18043690
35152669
52396781
78271287
72393883
49663059
54904758
51709237
56185457
55847496
69634754
34480117
59077735
24328524
62706932
24134573
23745932
19093773
17867037
24288570
21689371
63141870
63562577
59772160
43207526
73809648
76288670
31410720
54857656
32608032
71319294
37376206
69054807
53175860
69750852
61379426
27419853
56253840
66263519
73815810
78143669
40406994
25734639
17421800
44543521
59264655
19574620
11377625
57293020
78440472
59934286
46248058
44677679
53661992
12294985
39304219
36331627
14852042
56153043
29170099
43734223
25550347
40796747
52516365
41354395
24731326
11154973
69246620
40944911
38133961
68355867
18774831
12432480
66741580
56154130
36946882
22564074
21060267
23400243
45992149
64535688
26276217
31371816
71637018
10018851
16339041
11694849
29490049
63779106
34092214
71480523
40407286
73153618
64643051
45894592
66341815
59574243
57360251
26762528
11149230
55727540
72456580
53490565
23306646
78305438
11915736
75328694
32282739
50710043
46351178
51693311
44058208
11306752
16640000
74409887
63909679
26857106
45274288
21458201
78024950
42223978
36101088
52022490
41374459
35755302
25557431
70130323
40682069
23482378
65159994
52406893
70036967
56416766
32355595
28452283
64000755
26244590
68537364
47568341
22853190
17911675
76017924
57995034
72135978
64649662
46224687
30742424
63215094
40195786
39322079
46973882
42927636
68481382
77913206
17074513
69601736
56739966
33041053
57008024
45165972
42358281
69248596
54225813
58544443
67818742
68048625
27953029
36619375
18454187
54527386
35209208
26772000
47578552
32153280
34827537
72043459
50372542
46357319
18930506
22837696
49656853
35275093
27680833
34720156
74660048
42729740
34970164
17011133
41520990
35502966
35990777
52184096
47811994
22630945
64975529
52717510
39816086
52240500
42291079
10851232
24347142
10958877
73675160
22380929
79942055
34886229
12916282
56607082
77645978
11812019
32927149
24711593
11880093
33543271
30270066
55700089
35701209
32965374
79248623
18144919
62250919
17286625
26247178
79837123
38882942
75037371
69224202
33864030
57323929
42532344
45956858
19233922
12835162
33018559
41026249
31580278
16837766
67821207
28450355
44472420
37328698
62529313
45484787
64820594
51724976
44125753
51483389
63416426
16237727
59371153
65938140
60826865
30691904
59755609
15122786
73830925
15868874
11142237
16839755
60407144
63211545
32646682
46711813
79021321
69683123
73748063
33611232
53829964
17115154
68826795
15258276
53461466
25605771
55381373
22688031
69423410
74709805
14170702
25428751
34311134
17890374
56754413
77871862
41671823
37796954
29318265
64904282
46630864
45419037
40173668
79117097
73460164
44121457
40507466
19867396
32800692
16647997
26040527
49111738
38652643
22871600
75264719
36159733
73459941
20349412
27727113
57784066
40180071
70683655
35216483
56222035
50846775
58800100
51621658
71323993
71843121
55108100
62959562
20235405
78977056
36676356
74200506
61999542
67215101
42370055
42801322
26362915
77139925
23214072
48805399
68567724
75584261
49750823
28654873
38946316
53151723
10167990
64088502
21200249
13820806
12411165
46580728
65064423
19876004
42056837
18176278
70075395
15414896
12303868
75966580
48449398
64292285
54544640
26289542
24947256
11669034
22647822
25384644
76170971
79342367
33396324
12673078
78919538
61836507
18205066
25563075
35044335
41914290
18844395
22173740
51465441
16977021
59538616
29540467
79295874
79286757
49554895
29562426
72286159
51736189
46663777
30766169
34674078
62743012
54464560
67117005
21269455
77033251
21824530
41277866
69444570
39863141
62101595
37567840
59368712
51487349
61443271
42945640
32456872
39025724
19638167
41168793
42738935
34544260
40908438
25489516
29289088
45816414
19056744
38562708
25059326
33630675
75035002
32116839
18628174
46770107
57486175
72154521
63095216
61806075
67532602
55656885
13381513
70753805
44513646
36774217
26198220
65690414
71786002
73819446
29693573
47534376
36489082
45044570
27439237
28854077
70514192
58466045
55630412
48836296
16727176
33612245
51310856
37558823
72137342
72560376
32756917
69751115
57184474
32011278
47668218
64268164
58792155
51637378
23704028
51050623
29095489
26473079
22741043
15651520
11370275
72538302
65141790
27670751
56848684
67432167
50206785
73182844
34973341
64176135
49918789
40123613
34074125
32340838
26904621
16095377
72082733
49111554
76904153
27247190
36241081
12875490
25206231
63598756
74128421
20701706
25557711
33981276
76154344
20274621
78160967
30739079
32540837
50616964
75342547
53282748
47371480
33192388
33982065
39631173
58696863
42799132
67349294
45726194
39157168
72115164
15122151
14123691
48521449
13284527
33658982
50661706
22766098
68650264
43154978
54530789
49155299
38559986
11879137
18723164
65074447
41168964
41082109
18009205
60934894
10414983
42490290
59937411
43371439
61259224
25049303
63843946
22707668
67247994
61138565
32171454
69466663
18350809
48658592
37116832
69837645
10883443
71419894
61169885
29131039
34374195
20256831
46014352
39627889
73768430
55809793
19022644
66462637
41321893
18595164
59019810
32686028
53016288
74122966
13054843
43015959
74947531
29361637
22237492
56880939
12884780
35102018
66087699
36656146
23849266
73688920
61495109
28561088
37774793
34325708
77689475
29512714
76889347
53380728
63323779
19423208
66741620
44064137
74602270
76714695
59289013
78810623
43925893
21766223
32297350
65759642
23193464
64999700
55049557
60386256
48775709
57642847
44461443
69206170
11260616
47179717
50601559
67954684
49059892
59698543
52366221
51478828
32163799
55357186
59451832
29963743
43187920
22422993
18758817
29243214
45129657
70962664
31134673
57595700
15960629
78751579
41165080
18145030
27130077
26526509
76609677
63952549
16702936
77768499
30631633
55980767
59817281
14886389
46061607
23315085
13311289
21579460
26358488
40100204
79137356
49708154
10658783
53359726
29746639
54140938
19204670
14576832
38585369
44206378
54602915
33157721
68209750
42801430
74241330
78476082
13494928
76112443
57999283
52796240
12375262
17054029
63881752
29951850
77576023
58033850
31264497
34448602
75096433
74822246
75366182
55797382
26045643
53403753
20600151
58170520
41842188
65517826
61874751
70861553
48335173
70549349
66361242
49162236
42889377
51782752
13734262
28501903
10839990
41012393
33075979
42562100
34001678
49537518
57874802
66293491
44030282
44223426
59915108
30094191
20012441
43354340
17534236
49825217
29850941
52390979
43801108
26473989
14957829
20353066
26112652
50785464
12977061
61927874
26774118
57637830
54872102
76050737
66447181
50393512
17851812
74401150
61326447
16173990
42225793
17804017
42603469
72548331
25524485
26614684
75381565
21751760
31307162
74489268
40186575
38047303
26718241
78174502
60952595
40135140
65547101
23085377
20768062
75581873
73431811
12182404
62260054
61183401
66535175
31547691
17669881
57766822
38359568
16868526
44394152
28269348
65987975
37715788
36482618
63733900
35502402
10427322
39691510
73429123
36818217
76857865
72993573
21528219
26778312
28203227
18910040
26581342
64080415
43418127
63980971
45096727
57258118
30234590
23508799
30532117
37974338
42267221
43479379
17359768
62516800
79849665
42170312
60063652
58684720
73766004
71261134
76327510
33720980
60169697
27961079
75612378
24111774
15759542
32188402
12743632
27860338
12308718
53323223
76000190
75108525
39140811
50322847
17312642
71985698
45701868
34315207
39950094
23852541
70135754
43558836
43402993
14384058
51380434
71762082
46452516
55310067
23044682
32641207
16339331
20252257
69177261
46024554
56872487
74746992
53782444
16432520
71671725
59993552
28749841
66980656
55370607
61328706
77106155
44580311
28451508
75476011
46654307
74265900
39353423
33874557
11873983
33724156
61676552
78513416
15167732
29616850
70190936
61590596
45748644
25455939
54873651
31023034
63062974
75924243
74697841
25635203
12529349
17439316
53773590
21791730
25180470
77383007
46788376
79174919
46736128
17978173
70700979
74183141
77030062
35761557
37671121
56868074
16274778
25156052
10807228
29868640
64464246
48394452
48187198
75471794
10164479
58277247
76248284
28682403
41736650
71171834
15089325
66858655
51363718
66162921
56832667
44332181
72179351
38507213
67547865
10918107
16321278
66469409
19797867
17589102
18401403
20883147
79171484
52377940
77261489
69024836
26555615
30811913
55148235
73900016
42382720
39527665
36913962
50826502
23542486
34587324
65063929
43614742
28399713
50886711
21045990
14644137
55441827
60047788
24697375
75852431
73770905
18750677
61472351
37728660
53681269
54282350
17216303
25632901
33063936
23869020
71917700
56095239
21694973
70243515
77447732
21409068
27259753
34871047
63767666
47517027
76521724
73955002
64051976
61909945
31883878
17555958
15164058
14494017
35723095
78867819
36648713
67154766
63392819
78050305
42102743
34500124
63363645
62648525
16471226
58128004
36189878
21539634
54776498
71686780
68233392
60625891
58458009
25425784
15459598
59997702
16338664
39708773
54822717
78573907
78069826
59818516
59870168
31504493
77340228
78423094
21911810
16960839
60338581
63004334
40156027
44641076
74193287
13137345
78789352
28420521
26270473
45053299
14554078
24072780
26821559
43666264
59640450
41088024
37988308
50873413
66418227
64737733
42523423
20987910
72119218
51506715
39967614
69133419
42757144
62743293
52899542
76900093
56125887
72410396
49003207
46456273
51417656
55262975
69653694
58245133
40140868
49166475
60865004
73831156
36712692
63301783
71787757
19683208
39753656
46867339
67545988
21944088
66131285
57143884
10212728
73363093
21410423
75446918
39007334
18033940
43366058
16060699
59975528
50447312
30736708
72231347
55334991
47781924
43863964
25898860
25792949
40971357
36193076
43216644
45870641
58760730
57539575
69991417
20287013
54660411
66696060
44535431
34657277
50179708
14610440
68432231
61584175
73698328
48261181
32755360
70870887
44298194
26699189
58041747
56503778
41947832
76054596
23625214
79482324
31850762
50855245
58015581
26365189
70925293
72817786
39745222
58540596
31367779
78019413
78621930
58748599
15877371
27646208
76723281
32439069
16966527
30454225
78936360
67416708
45294483
45933272
24282492
62605259
36774945
29065023
39796350
25209943
44288882
11845585
75069213
15448334
44836343
61159504
43231820
51403203
13194766
28507453
30791406
71691306
60146865
55645199
26818669
49532252
31132006
75496304
53759980
28235748
15556832
66901630
26221066
13881825
20509359
48297439
54279807
11263332
70097268
76420770
65364587
23724059
30866474
66878045
34823409
54607884
66965876
41733131
45506844
27065386
31083107
18063164
55677933
22545949
12621010
23093152
48502899
61759202
38466147
35517472
34011550
20387200
41232050
55019997
42716838
45832311
72819209
33133202
69923696
20976472
37931045
38028615
13893237
28554698
66234794
15592472
26302829
46745440
24485560
65314233
51530647
36774371
21506679
17589804
42857802
47129785
20650218
72570525
34924388
27989971
62651655
41107719
68687049
25964806
74808336
32043590
65486467
18485359
69394372
63461732
25715419
59486908
70651282
62330646
54079512
73900320
79493658
15995391
78062087
32027352
78305651
41772962
18182305
17811248
39713811
39926998
13773683
28261938
65841154
32531626
74649505
79859041
79895231
39430008
41771927
18711704
20188791
74499051
14688155
32589981
28389465
71838340
28998549
65431506
35706025
25363270
45500646
58457995
71073692
40293669
59007429
74352928
27464723
10387869
73787541
68236720
11365745
53673725
62277225
64311173
75749242
56270813
35940313
13930287
40442530
22688854
40906821
38407542
42863468
69507153
41132183
15760270
75601912
14847316
45788041
63825947
38147471
46312949
33727876
35683667
21224531
69024332
23286965
10391838
61339044
62816552
36962462
17283113
17571083
26531320
72653654
37348886
57021412
72226543
43317402
71711493
49390791
44226275
57711358
23022844
57384487
62911295
11684043
55929057
50893538
76274733
18361685
65032307
57921724
73195141
13934155
50391892
73408918
62618129
40650291
47229289
63874099
65507610
60685338
34778179
10873438
50245823
17405997
48030924
37242196
79110959
41540002
47257204
36660919
19072887
61783749
14747459
77810721
76253518
65326859
48990755
54499538
47442967
27603862
46016929
15404194
16419085
72303061
64913538
47026805
17511053
33556082
78949917
59094951
20230976
50149807
22409192
75586535
79773014
39839642
20875305
76618511
77113977
62091564
10297354
64223230
38702952
17836046
50872194
30070517
63067867
39391395
61441828
12174766
67105015
53035220
51581724
74526556
49501187
12597871
55596800
58580701
78263455
49350875
65643050
28792163
16607340
21062424
68128404
22660801
64559768
47764704
55867797
45858292
40219820
31049281
75242110
63840414
56234284
64644692
51921926
38736965
61527496
63844623
13854304
64898334
36398116
20651001
31689264
73634314
40241016
75354971
45895482
28880133
31233958
71355088
67661089
21703649
79562454
48119290
27555903
12537344
29947753
42625373
36691928
19188952
60462548
65985485
43540802
45708900
35047795
50039791
34340901
79059137
38110105
60418570
31386934
69010584
74690791
15083677
53721017
36133232
68123137
33194060
62828255
38734382
13810611
74192453
53134929
26218660
20998776
19140192
67614246
54323677
76238185
11384134
64714491
21146254
17065796
24700234
18547024
33168138
73041584
72132716
56562772
24097272
46706880
21444196
69681456
15497240
23967694
20610468
59195977
48129414
78743615
58368952
63610626
65045455
46232417
77810383
62922633
33897854
43596425
52867992
55341912
74957614
58914004
61684028
51924733
37443763
54678158
28077573
71324442
12489142
77814317
39032334
22965659
74240919
39289539
35339032
72121081
54952313
72427278
16495118
32622861
79682498
79891491
38908963
39425903
49732006
46951575
37272989
44070754
23765024
20166341
49768680
61393981
79821136
58501323
43327268
19321227
40851069
45143005
51632033
19299994
69203965
63757493
26398548
33300488
48200295
29307570
77541176
48940375
46993986
38177582
53546425
23973964
46072974
20371191
24712779
69200059
63800258
66803813
45930131
74279515
53649715
49359453
70613914
51525792
18435700
20802845
23024961
26800125
28034837
66444179
62849161
17757022
38357791
40291238
66391282
49702920
38366715
66442377
39212420
11925470
11599631
74586798
76226984
13611063
75750684
76278697
17084093
59456767
24478042
37771677
30822958
74307989
56775843
42815722
37916004
45701796
21045998
67794932
37590345
36569241
40096362
49924654
51637855
36086417
68282889
73525350
72248844
63298853
14715873
34598730
32675135
62604791
36725109
29353532
25997977
64296312
72931621
36219026
71399658
62389320
25319494
77623519
39976439
78700840
62052251
75339827
18622927
55504909
54840775
10029515
58347080
43513468
62060652
29223103
64641940
71373128
16636867
78559595
30866539
54367947
22436971
36424262
53197501
26327791
20627599
58564714
28096313
20541029
52898808
74537974
18000828
14169710
53163190
64280333
70745471
78054704
24821447
32414900
53627579
73545700
23833032
23940258
16172153
25619474
44666776
17226783
35954900
50477710
43095790
22636677
33601056
39289230
67543031
74228961
18090393
66897165
22835048
66594874
55275921
19763776
79246726
70260688
28255441
71451365
55775527
78343713
52306083
31608111
42279003
42904968
14149068
61446548
50339835
43489549
31475816
22254771
48678107
15163099
68749931
51025377
38003381
57692105
78132666
57754088
30388431
16914389
52925268
43442898
29526505
71548898
55539606
65495722
76894238
70049746
22998992
39134897
76874052
37944136
52550575
41061541
32151700
74853320
60257102
36161102
31675118
76736197
45965949
72857970
63305083
31642728
11144494
68052075
41638703
42154274
15448172
78071057
38567483
52271031
34652904
61915871
33786501
76345277
45449692
33669629
53881251
10074247
34358491
27219271
14942202
57960059
69265848
27523151
45028807
52660705
36521791
56608072
37230921
12269728
30450037
73704220
65088182
10103708
31634078
23693595
65821331
10734058
46319885
43381610
37620170
17489791
72108696
44874692
26447725
53227700
79534729
75845059
59615232
27204744
47486391
62355246
42848466
70660856
76296642
64732720
47157512
36790971
42727445
29226930
11032620
42134901
12357425
20531485
44915154
69686415
37234226
69375697
59092469
63371394
66988926
26430330
70214871
16367888
15634282
45102553
34821020
38052558
56725630
56992342
35319031
67328232
53628518
47025032
10445232
61554548
34576323
42989340
19141114
39792000
30276121
50321468
30055596
47437149
29886619
71008154
35031976
54375638
72249581
50750248
62127529
20042150
76973508
71818199
14272170
73670012
10133363
21178660
43258504
74405351
64445003
41339038
42604816
33085300
18627589
49093182
25021998
57145265
12501816
51317466
11246742
54064605
50727051
63048017
58472690
43290823
64025313
65980580
19179992
32211942
35545851
78210798
28618214
32508624
79234163
13807068
69504821
65445609
28613800
65764419
48771618
40542165
30635927
50418210
46755197
52212573
18787648
60519494
29382339
12041369
52192000
22114522
44712395
35665144
72792243
49475198
67034005
51903554
48080357
66879631
21585732
62735545
53436023
27518293
61188432
67107920
14356382
50764869
53988207
60196679
26941834
65845220
10309130
35536270
19320997
68968568
76527965
58584473
72297344
38886119
79718807
29252171
72710285
19589599
39497882
12499850
40875867
15971570
53072741
27362854
38559474
38629936
70095185
57623892
73776765
13064537
57366550
57029371
48439456
39332904
70443558
64076779
17425579
55956593
53394509
31620214
42477800
25643779
66514563
27792866
59210516
21980637
78429464
77412352
29333457
75456989
74655615
72456338
22851435
79879111
38653978
19461971
32075924
19462725
31737729
55472151
46372838
18392043
48517892
65646467
58547373
16917054
30252660
41117146
29398369
14089065
48514973
51214118
43114655
35186860
56990728
36989129
11496490
79390561
58478084
39275176
29627410
60800025
38165063
37610191
26885873
36263285
62065836
74098932
11681571
45240139
21819020
15379579
76221975
49831687
53114405
64303497
36535332
59186392
50054571
17765064
61016586
56746516
12721494
53274091
70228850
74290470
67828187
11926894
65929000
34163225
38274961
60764302
63703533
53332734
34357168
27104810
55316773
72254809
56847546
37594309
59517832
70010580
42531777
13186633
34453536
36824302
69106940
12747818
35402400
41958896
58130686
39014132
18156503
34420353
13918838
68320143
22054480
22278371
20037365
47808908
59586923
53266427
53467248
25171418
74486633
73762589
58313762
23927068
13462844
56103008
41205902
20675647
28381969
22248343
75724979
15362098
34933626
12018487
74536888
39341639
12800975
47055335
51782770
15967611
69567017
41989991
21983715
45573361
48042718
32059290
45793977
69449900
32870869
44939926
26530705
24955268
63593255
32751648
55621729
50272156
25598993
65821028
62276201
12225842
35739403
75901667
67806608
20571103
21954060
46764677
63971619
45900301
16403981
49582330
23889457
55421861
56448572
23760588
25765827
71799384
22220820
45438871
58351153
56953839
35063884
13535024
42433423
24669422
69732655
41737225
52259237
47750060
41108038
63328643
71076949
51092218
10064394
79352747
41266780
75033031
42761751
40486534
26316005
46079146
72248669
78928562
72464753
29766333
64510373
10400522
40625315
14806733
22219173
19978539
15504478
74129156
53727699
55694373
38726536
61741603
68654975
65072505
49643112
68065826
61059717
73211443
25570492
26709520
46577634
74935678
28782312
60902257
75034107
41169105
52561313
74242337
12250480
78821571
64676116
73235205
31397453
48795757
75471194
45056183
39258940
70675543
30781633
62184921
64456700
60443092
79622008
76020951
17542717
30571726
33725848
18114568
30048276
59360292
50333926
28918019
59550052
21132476
66184647
22386242
15554809
51173282
61756888
34143167
37294827
32724665
38346722
52132354
14059062
11165398
21684034
35509262
24611417
27006631
25844148
49773292
60346045
27626826
30866988
78612416
52798386
19710359
75970652
39422918
18270828
23089377
41188374
12663305
57492587
65834834
34071176
20495867
57726359
77999695
67471554
44685222
71989449
13919758
58043089
68455143
15319699
65505074
24544773
47219216
52990156
52934014
75697171
50020358
71655846
36145984
46385065
38343163
28780464
24062556
42713101
62033031
40167895
69700970
48416837
20088329
38671006
44594732
50271091
37436520
63461046
62479867
69102398
50422628
49950521
20721587
28648312
21061750
46321663
12139030
35579960
50099183
11433465
42789822
25583874
78459817
49226766
71782070
72961620
16455645
36633437
70482797
26373903
59014278
43013995
38581698
13492038
27127511
71270653
56161713
62114206
13774791
20872197
28493734
24818313
13930892
19768576
53272108
21015048
46711852
70377715
52575568
63296564
10447747
71470069
58382135
64380438
51138886
49328714
18347059
66418825
66985842
17856930
41991526
12641855
10946773
33485865
20711823
30414243
41682774
54171219
77318500
70925856
24626229
38841399
75817908
46528339
16646916
45254934
23290826
62518987
55139235
11428217
77322784
76718093
73349373
62527571
24322470
39992555
43830755
79931679
54179837
67002795
68817630
57070795
31193504
12623211
10078877
45660605
35065486
72869892
21144084
67806876
69435036
71391336
34436991
43187374
23655941
32698323
17417790
67503064
52193445
50408971
21453113
46927371
20688339
25607743
43284299
19906015
10170409
73464618
28367532
17551606
71254701
79531175
62620253
30172358
27570685
19346142
50069338
23145080
77970725
10854332
31868901
66256445
19019534
35011200
62443021
35804503
18378664
14321224
57970791
78285307
29182691
56969106
17107447
49031020
79784235
64261063
27776621
44710000
29591720
12617789
40068400
64267130
66649891
61375526
47108122
11654823
47401346
22463984
37374658
58723545
49303100
26878440
36521156
32476611
77549413
29659751
48191684
78859604
40855321
50761978
28830828
16683417
11382932
56354329
53719982
30546785
58986549
19471187
41809451
25442199
51225365
22693637
49657686
34480335
28104698
58632133
70260521
25833327
48844930
62730539
53264301
11829248
11077202
15611053
18319353
74237871
18175823
76643338
44325963
56406550
48893507
50732499
58868663
37643196
49905608
13561600
71585877
26254879
75054336
44910064
23965592
42667070
49690426
31844460
27606926
28428411
19122014
60061843
66831583
36804997
15082259
15476939
19716845
38443844
29055036
78229712
76220816
47413850
12402202
79711837
31809050
39424677
66880056
38726238
19089774
28338228
61403744
12873046
65293741
77743933
14679709
23247507
30880000
34009542
37397446
39359748
59648720
51952841
61276633
73728283
35095157
67216605
71775836
32855138
78979491
12948514
38215271
67519218
57383012
28407577
18983101
12559733
53739828
51215549
64455074
68816420
26893972
35293329
72580878
22101999
77800291
25699662
10142411
31857596
75072935
62665671
67572506
44714229
75860950
34771948
16136247
19625372
32593811
12568412
44608964
45705441
39591058
52691899
74860399
51139790
58984339
13791701
11762427
38368632
62197094
25469124
22168973
30099155
12885682
15725656
52056524
44866879
77374284
61065936
38088574
21563630
32222235
77959758
74136027
46864113
57826307
65174159
45245018
60872302
34101208
48938765
65101267
35650169
65682771
56806839
44665170
43711059
36099119
71316830
13425640
54723499
26244004
73632302
16434187
61172214
35752703
65132881
47630682
21040704
59359043
62694349
72542608
57217079
61986247
10214628
36267909
59792207
63698886
10889906
75865641
48793259
24948983
38252782
45763749
65603459
68052375
42750367
47387064
44165551
28493811
29521447
32701029
42377143
67945521
62445742
30249939
76661286
77204672
62832016
61484914
54538322
53638024
70877240
38141657
77005558
27222732
38699188
47279866
42955043
55866340
62731989
29685026
36719786
29678780
41352239
41855902
62133920
39558493
26371829
24429533
37981349
43921658
52835345
51850372
54807746
63694315
12454911
49406264
53089743
69329962
24220209
46690564
68576172
50683111
58414883
67528847
15965850
77594434
71507900
23799807
19676043
55063075
42215655
35488600
41769251
58419872
62911779
55140924
66429203
71863856
41960881
20478701
63661718
54600740
53791361
72865808
45343746
58439405
45275289
57660127
15647379
57795227
18360594
23015358
46004342
11266570
73834963
35313560
19065773
19163099
15781624
27282435
77267247
11019057
34597711
57812453
58075534
59645142
51801619
55059965
43620759
59152535
25304583
69704996
43925760
66307800
49125627
48458545
30249551
66385568
35976629
59744260
55239349
63793397
41177837
35968240
64167715
37340345
27346150
55166578
35053811
68826310
33645733
11118178
20468567
28311595
70827341
34345980
38624890
67704883
51911699
69648699
63313457
31638194
46720826
30265474
78966793
33490853
59775432
23442113
62744259
37575641
34680875
31022403
17733615
12470122
15478408
44408868
55686235
63873155
11660452
17209092
33309858
35249313
61235076
23713265
37169276
28118925
70428850
18137378
10875841
19280807
26120468
78414610
60095933
29338206
26232632
60862898
20271977
41279697
45183000
50595198
37208299
60049095
13329027
64804973
22186140
35373245
25675842
76348558
28706233
73227509
33783206
64761442
75394702
79408203
21675666
10464887
62381493
63340620
18614812
61015791
48442190
18207478
73040484
39677372
40150025
42754337
36145884
67672455
33373389
30706328
77983788
51618076
74482153
56754708
67329592
14027009
39418639
71314728
49196347
75845553
19441256
26798678
78967836
49518880
39998228
21785912
56083829
48449831
75262496
39758101
16101742
70439871
50574147
58364118
17617311
63603953
31070092
70613320
14825280
52799029
16384943
15920455
56713550
49468491
21376869
38883736
13089617
46569944
10610039
24588983
45715779
32563093
79603471
77111172
78401618
18289425
17315306
18066522
42692664
70558471
61180189
77296180
18539478
62119533
55359741
41519559
71013279
10004385
75114864
63252637
65056702
32968240
29254679
21464970
45473600
16781463
74590289
71065779
48732280
45189704
68360178
65100686
51442905
72972536
20553365
67162259
15133124
75918397
24824429
44305777
16064289
59190955
58662414
17083931
29234764
73899638
42989747
16380943
44147924
17489168
12883646
31539073
49535836
74449619
20821297
23150856
32185956
37184665
51763144
37813833
67373544
12722212
46905919
56442711
31546867
21179002
37551755
40420086
39605653
48339330
53675630
58862403
36260765
67961875
45774583
54981352
38462205
10078332
57492531
37283088
47622814
68299817
77359558
48545240
34889673
69869335
67585149
44288583
10899263
13761019
73088255
47890175
71148860
57254296
20549674
38358364
40031278
70220264
10266171
43131405
12234730
64574685
25855929
28483201
65301162
38502665
31427908
28756598
46334648
31674560
24165888
58474584
50026706
67908048
75479615
23794251
75651563
52088813
47694485
30545668
71022391
72575150
39184117
74446357
46745344
15772549
65426804
72486854
21848342
44886643
39309946
56969013
69287660
13891083
75339034
49206434
45843814
12712105
15278804
14539345
67151176
25135068
42221312
77244958
50202004
18878276
23389462
70796496
76966305
46884076
25937247
60692136
29060637
22839417
57639326
78480219
67196894
62731184
22818343
69403875
65219864
27557323
44402693
52864216
23288127
61531580
25330034
36730755
77430552
34092065
24994252
42886721
32050741
30488419
19877920
48118164
43633447
48016326
77451688
27898209
35538300
74633407
40830434
54568968
25237743
69468589
20870423
40666521
34674154
18837667
70999155
58370558
44279345
60322235
61834965
73406943
44678144
27989573
64156617
65591244
73853775
25369790
25979767
78186824
52934855
11173448
10501716
71819100
64187632
51888401
77733511
65507145
68719707
67986742
55842213
33123384
68156320
56643091
47855785
69575273
46661812
64038035
66096340
18995514
10299262
17551094
38980011
24757852
54165116
43871185
44480433
39171477
22660271
54867624
32059596
48892362
73253235
56316452
12533828
24123039
65472596
49979022
17560829
14332944
36436600
56116336
52832274
13144551
26522504
66045880
42343531
19905776
55212418
33636630
62699782
45677391
34869466
69544797
56470596
53835787
51614719
40629819
67043288
74736827
73919440
28947667
21562666
16850316
72927609
40070265
21414711
13553574
60671509
54342199
55171663
58459788
65140827
38421606
76439403
15950800
57787719
68634627
65566206
15938085
18439953
32089742
78300156
73087043
38750930
13976177
77643183
36829851
66634835
42460457
34673879
49746578
63140116
63444730
79842217
54348808
74886467
59204018
57765373
24895718
76492521
51354486
34104846
76350693
66726005
31383727
33044535
47962767
33567682
12183612
17594041
18527099
19157647
14917412
53439741
47957588
21464141
43368100
75429410
63008786
34507897
60399855
63530496
67558727
44365783
16261068
22995689
37331926
14011985
29221902
40981820
78463154
33881552
52465441
59807458
51139107
68268972
10867785
13444793
38520780
42911730
17735216
65985895
18218891
54673556
67082997
55925718
59447025
12540772
36035150
21698441
70435482
68183251
67925823
56449967
77729745
60189969
20010758
13748717
15362536
56234565
21055458
51258412
31496918
51114867
56754822
23968399
41800232
72356217
13495881
71225498
73629989
34563148
71319659
25299121
20565636
47080011
62861040
42838324
79616145
23120741
58824107
53691573
59980943
74245450
40786330
38122155
55452699
25741565
18861527
39691343
13293130
15166781
64616602
20786500
74445583
36229317
19532379
43353875
21799143
27421446
15734525
73035721
24271304
64335514
38915566
10043481
25048511
74317294
35009934
66532984
28093340
66138594
37209316
32996784
31542391
21595616
28631126
77824617
44262660
36178601
36660585
77750075
48091701
79595844
48290314
57601965
44035291
63444643
32621913
41292195
10107021
33218769
76660924
20791615
37394515
20922708
52113483
71489983
51582532
33444757
79492111
61689961
74325658
56043455
57337509
30119968
23185101
72232507
13689822
71534532
30501555
69383342
71285242
53994073
70154699
34737409
26480149
39454759
66859762
64180296
53427788
39289191
77711494
72334091
77067030
26660218
71999999
58596233
79911117
64410816
12435664
73736562
70773384
17151591
28083693
53276503
12314964
23532478
29199797
69411321
19420400
31655120
14421845
76920670
17213781
12183413
75519587
28529353
67823285
73606440
37103958
50201609
43236501
52903134
27066753
10833840
73364394
49677813
71152594
22499168
59015085
54763594
48978257
26749223
12127892
16529390
29542699
13787893
28197947
30311423
31484593
64474365
47528679
47119168
10385633
22197109
19503984
40782610
14909731
68808368
39762825
50186131
63707325
79442451
51880686
21673289
73272960
15774604
64092691
44721315
53143759
58848696
29303810
73939003
57214972
18554135
74808883
39086556
12331912
20208371
26823140
64037555
20185238
56448060
18010371
15883735
21374865
27823669
59429756
67755906
51391023
42001335
46372220
19383863
72608591
35936084
69439467
69375077
26974084
37701484
63912032
54942889
14700963
38645837
36930188
61423801
70939850
20009098
47381570
15663637
55449805
33163870
48370468
64900715
36783042
35699186
54090182
36093833
29638245
19022829
75267756
26163848
35802400
48057446
24951228
64437538
57519656
50785366
14928537
62784777
26612167
10650440
65019849
18895033
40486133
30770033
46111694
34633139
16998392
16107004
39815223
67187376
18202490
60402423
54013460
36103466
57555666
54556903
66031044
44513526
46568484
57746932
35032875
27347346
38773669
60871345
45013613
50760197
26000633
10987814
23916857
70261872
76243116
34800827
20913357
51121471
79039375
51780182
25640432
55518684
15538274
54999921
50238091
55166789
72456374
17972453
79477083
29758027
79566288
10078644
51798605
24687768
38615273
52420095
29900568
34268124
17629603
59994888
29558505
30301919
28533979
34121236
65748319
24640715
34177177
64160241
74195188
75431376
32706897
66796165
10732178
77828776
33302366
52159806
38686574
19633905
10222368
56763282
60120466
19339162
24235888
33399568
20126829
56957162
12786123
77345392
48545344
28452313
71521699
40532946
18255324
52109832
36633870
61489167
79893191
26334548
47712563
47283012
21067955
46956233
73567354
47442625
69185330
29523064
12511842
15060756
29298995
16805636
11024802
53431753
11824875
26754212
69698049
77890973
57197702
77067863
12392236
48817238
12859129
30443018
79402057
68256284
22857809
60135575
31288939
41047204
69735074
62003820
25959486
77698804
35264161
66747783
59138637
65566893
39161653
65389261
44769681
71320639
14755786
61627883
52731951
54686459
24750206
70037935
68550148
69560862
15509611
12675509
57051632
28526744
61455552
68198105
16737489
41617889
77015283
22614130
15632296
78217091
79268957
32410477
12997494
60418529
48146088
39353724
72702673
66063153
56604635
57213502
16406136
44660936
56735875
76886302
45580917
25461812
53135775
31557350
44373230
73169816
23096604
10149872
64187610
15171951
40082472
32271153
35465004
26419628
26165915
67913006
42495237
30543817
61426262
15036972
56342226
63689122
15135762
48837658
54350498
76414481
24896079
14340217
63020970
21984543
61873837
22350604
55794343
13217347
56479457
16631269
72666689
27477243
59391027
16474587
11523939
25924406
46419550
23287902
53024019
51618031
57929656
40328552
11535788
38187356
34095540
67332470
45422861
53118980
66278226
34014200
79939992
58146150
58852677
79960858
66001758
67263961
43347659
35961611
20543341
70469079
68981202
39913783
66904914
46889590
22703519
55252643
10725431
12271379
31064895
15823787
10717116
29697331
62987644
46581704
14877688
51759770
46950507
23179926
40290290
19283643
18665085
71822158
38474958
24528918
78602712
23219040
62840406
52955226
69283634
31505411
12356406
65114965
31750071
40095973
57481253
68489473
57188139
21700291
68071576
66798974
52381077
50199643
65887130
51216872
67748299
33302043
75425368
72586809
72808817
28012172
54599505
54637340
50996147
73869061
74432160
18450992
78970276
39320680
14581606
59971841
57058216
25225549
41895746
43069924
21227844
11428602
63285267
25489610
22349400
39427610
54838481
52162666
53906332
58671986
49329203
54543251
53376167
61123472
15528845
48561723
13185028
66608628
69889069
34428816
38642552
32901850
24189001
73827324
38441195
12711763
10312209
32812650
57309486
61291733
57000167
48757736
51038175
58841377
13656836
48105333
69731095
60272845
24333759
76296945
78891483
77265569
24374471
56736258
60836986
78823443
15963043
43682349
79601059
68416569
78216328
40679822
49468379
24261005
33339811
22419492
50484802
58092938
68110432
76923479
18977358
72418314
74200625
67957993
25968991
75976497
53272223
58673068
59109967
10805571
35996245
23025669
73266927
61293763
23697409
27728344
60804726
67174416
78084594
34253534
27011300
22429059
18540462
45594747
44965303
35961656
42223534
39965016
41822565
28778189
70951966
51658532
17622723
50776718
13876893
66020694
21014040
27203200
14651130
20016300
73245604
63215344
77671034
35119143
36317617
43418873
59087048
59028165
72115761
26073903
39969784
44967551
56323802
15701451
52591669
71195662
47769133
41646332
39628538
55153272
69965654
50667218
35126847
39848005
45330128
73237463
29730957
42140936
38870342
40987569
19450501
60122973
45675226
54001200
15090556
39384043
28028354
37124330
72256614
73306337
77226981
74721852
39854846
36079763
28865063
72468758
57659563
24472059
38979054
22946205
33985839
40781663
13990640
55803389
32938631
63550832
69070209
46990842
60032986
41887571
16684743
47705791
16334245
53140019
78781340
68263551
64080318
74811565
10540580
14967420
42182932
48016032
23621770
75391767
14692107
33046360
23615385
35543373
16319219
33791597
53801099
63376242
73774884
42442656
74889381
24550262
14471348
48358094
23937761
58919118
52320310
51086865
46028473
48813115
28975863
38824289
53453873
28518054
38539165
12409439
74983733
52293083
67229398
60848615
44249007
28002406
11905585
12013151
33996544
51381426
24505055
35306584
17194017
13505510
78429212
18434189
73780793
46463508
21510240
36053161
50123747
63488272
44186815
53879487
52634656
53879494
70941875
65924206
77612376
70195163
58730066
25279144
79079542
39039639
72798990
45369474
67406979
78933169
17077967
68142278
70160029
52036433
76942630
68571995
58416020
42312362
52004864
32415612
54531561
71293342
59843418
46858706
17077736
47137600
34005863
46504399
71352492
44883797
58830813
34924862
74926997
66144205
79754293
63441969
76644811
10580262
37468564
65221368
69837850
42397101
57281677
10162410
52151657
44921465
45908254
56390412
25430936
21374103
18221657
77851425
60244992
55306360
27979395
13668840
66046166
59949718
62831943
13364585
25009299
40124017
57606878
11531132
75223840
37999293
10436074
40430254
16505055
55058298
28193623
12798699
46379882
52993086
42567230
62973811
10963007
63473192
52166849
65047659
61235195
72881547
44516294
23871898
36737282
52125251
61464910
63660739
61565949
29867760
35285028
15974769
43399224
51063444
74368268
57302442
47276416
78882099
64283774
65760456
38109394
35928119
51154036
52919757
31543287
57086279
22427206
25730818
55706928
18453239
43681500
52914457
22025615
71250794
19692987
66189808
12775031
13733651
71900819
56856210
68246462
74845674
44820672
49146897
41272488
24281685
26115127
40502698
43611437
66666055
17710037
54041783
28046343
39381254
55410851
39819081
20483006
78913250
11617959
68263614
32179326
75485493
79382752
58545567
44135314
75184459
71246296
29642431
43177995
35429587
30129531
55009110
55557428
75128972
49996635
26194526
19960679
11046657
43923691
38780106
28073725
55536156
30014378
14866169
55341528
64231246
10939566
72837035
15227862
43602207
42472421
14710097
65486879
29215192
62387549
27559347
28592810
43794119
16607030
22818321
51837010
18712885
45830512
16208652
64233849
69229109
10172325
15748559
27421372
23717280
69159257
58069981
61470072
40814708
16068446
73282957
73045075
28462290
33493380
24829071
37033258
76944557
12709421
54576163
46858314
45768063
15816176
77779523
58547636
46438521
79030864
73921289
26709854
42997325
44724606
63787672
10334253
42286967
26844152
73064303
60191579
34379743
11457404
47822618
53562303
42739839
39540737
46462547
59970879
19097876
76862216
69479577
75014763
46422822
73647526
50843334
54906505
73162397
21118016
61637452
39583514
19882447
78287849
52915414
32565716
16838301
49570112
17476403
18030374
78456382
45672096
62272172
66847964
19030868
60552571
53609670
68150312
38222696
77530733
36363010
69512112
79087153
58096975
21385503
38890457
19228006
51367071
64286944
44513172
55180492
21699990
78643884
52359534
42953283
11411536
50999334
39085781
46647809
77883329
76638844
77186833
40673300
65858594
73177366
74112459
60535882
70652917
69024938
25846806
48927078
42909863
67847414
64790546
35986112
29119329
49248173
72427692
36266464
18000820
26267170
39129922
36972236
39515746
44342070
43126843
25092185
27960923
63891711
28683818
69841142
77625919
32137011
51688192
38627460
19373941
17782636
67445564
79673088
22763567
16456519
78617463
56225374
70179709
45711692
63134846
70885514
38638892
79930230
14722190
34838881
71304152
25372823
64173114
33125321
49206829
59615457
43246153
78555598
25118438
55497183
71083298
14258482
29623559
12643899
74094123
12428810
13305115
57451985
39464002
33441511
69903306
34888134
73097730
58025998
14267819
47154024
67334394
67452832
68295293
19987052
53725497
25591457
37288884
63822566
34737417
65771166
25877877
59718697
18833532
67639468
43900398
11533447
49721594
67573965
10566309
75407130
13635980
26701738
39451882
33101615
14819211
45802290
37467130
74866245
21709684
26904637
35329489
43811158
32127873
34770128
13121319
31097450
33351016
34383093
77072954
32282383
41617117
40731454
33494861
64581036
32669318
67759606
64581359
11479495
28520922
38144786
21601114
36441924
26166632
14530712
72828575
25803938
26224327
48514413
52751259
64937099
50265073
65831475
38911139
30817909
17773129
46746504
14031711
68861786
44626239
41658766
44048832
38080608
33868705
12311169
43073741
52404822
16220899
62063096
33745830
73141341
33628833
54952150
15927216
76882587
66350354
25474772
33275238
67581893
58046633
47111491
63029253
37312290
29453416
63657702
49533370
41427181
47669638
75713388
30338636
72594468
23544384
55462552
11604616
57305874
56227897
34459571
52232562
12002435
27390829
46107879
73121716
29316439
75440246
41973140
63706362
26647339
74887480
50656566
71816806
67018920
60872899
70078510
72064936
79718259
65977863
71048862
58491004
28696469
76729058
54376731
36488558
45730738
70320731
51870628
50812403
62054118
27010824
12178394
17716292
70576559
25538466
38918955
52066548
44190280
21442362
16129642
32914791
77188401
62906926
70585220
59453627
60160879
61569672
76526602
70109079
41612651
77987265
37211517
17880156
11013220
16036485
57003260
30816045
48225370
62145981
63188409
76834665
56180115
78338254
33427605
31157346
70110183
20755284
56183678
24727879
72991757
29040006
24436535
42503500
42086730
43014520
49124877
27894934
51415368
72262629
14187949
71004425
11576212
10669749
56693539
49740254
40301089
69467067
31179128
10516702
65471473
64396796
72699505
44754447
31550224
24092267
26045737
52754750
57477480
15652752
47447535
23365404
35010391
75866336
64774285
46825235
20674232
34029464
41202576
15529252
69198815
15081738
74129158
37145805
57019335
14236872
24701166
27368893
25235233
11823022
64250187
63682819
60865461
42620382
54531033
29092040
75590711
28245246
51638753
28118544
35972275
51224900
12232090
43615438
17912551
64210783
28185502
10687506
78775176
13620518
49942681
54913529
10809350
27275376
66043183
21529655
55133130
13837215
14950462
45477910
20194973
35726512
13241692
77998437
61219863
39558137
42655938
25954165
57923006
76164143
58800680
22836705
77696364
26171420
68673741
14473893
42407835
78312489
11773135
56543449
46906648
72689047
13462769
66123857
48316462
31472327
52833591
21225856
20567142
37941826
37941933
42282122
51145293
42376027
51372815
72085606
58408336
74079997
14310084
51515168
70191817
44423987
56223819
60681574
36108700
46740186
59339293
60897525
51086490
35102050
26443032
51387100
43160923
14956377
76625287
51461901
54803406
65345131
30303590
45606847
31648991
72335359
10887179
66128001
47101670
10463499
12527295
62146249
65530603
22798961
42902962
33176623
33581437
22807908
41772724
15329379
42657449
68278867
63637634
64454764
53369605
16111300
40654863
22301186
11167764
77048809
16597438
42709538
61737027
43590072
76307389
65576896
71277354
13914664
71518648
73958403
31747967
31132417
47030458
19077852
17987408
62097141
11374313
35779092
60528042
63340064
53427307
25197524
29960301
21899455
55940015
33014617
17807358
65388832
36621275
41273224
37551071
28235625
34322203
48622389
26999087
52369047
66628387
34244674
18928304
60939726
77587013
64526486
78349129
17248512
77749308
44941768
16214587
13580422
70597245
42386477
14661024
48835930
51472841
66188898
67472943
36116219
19011956
60258079
33153645
46872108
57404182
43549342
23141040
16884158
16628480
38328917
67322014
51640241
40056750
40648246
40433385
50654162
50213869
58781875
45754791
30744816
49148752
59181012
63088430
20835696
76125085
78431834
35273569
56639646
43184792
73217080
74698948
52544492
32654071
46476203
42985051
62497978
33021515
78497239
71789593
11503654
65681453
52084396
64655085
61827801
55625815
76746919
49925183
27163462
69863649
24462846
67113448
54261076
62499822
79529463
25372185
18871644
12321733
57058109
14313964
22028421
44338465
34629511
31795293
55072595
15243068
60872881
32903127
23026806
43917813
39337690
28680799
35011653
37908834
11931453
53119001
54874298
36192715
34305254
65846374
14340805
73437195
58036767
24176120
32715976
25459161
26393015
36626644
41183309
14648621
12433245
64257708
24980460
57530732
60718687
49035172
14907293
17206181
45050079
33688648
51551623
29599974
36410674
67735933
20896132
70306773
23790459
53030528
75123628
73533563
32417777
33962409
10944867
68802026
59584367
61453643
23865730
65027725
40880070
57057373
61331307
55488830
21092809
18218687
50796591
73504616
33601394
28138976
27620087
13993490
11335651
72808032
73718613
13441705
17996812
45016592
63480055
22416237
11964197
68734887
13822063
49906054
52170330
20495763
42554885
30190363
74014647
15914977
70155968
40585442
77969248
30795268
47154431
24695587
73155756
54635227
12781805
23982720
22615161
71827993
74130733
62084703
60767310
20528583
37950963
32616747
55085331
21036701
53070016
66801600
12659232
49843383
42028185
69172048
41112136
50576040
42704003
48236139
38544091
14194680
71610383
51509214
67660956
76385289
59919606
41186676
61679525
58543351
68434972
62130920
30505111
26469906
49698271
79134031
11254765
21312053
47577082
15931021
41365067
23327576
72461275
17384901
74608306
68078536
18629456
65382984
63508270
51482035
74471017
28966971
67906712
75719036
67470949
41072533
67947129
61861903
20321800
35098910
53451978
54308385
23533466
33516596
61911737
69948285
76129938
60000811
30923519
77264345
35607160
22003405
56716800
10262589
72640321
39731220
54633945
32968307
21262225
31056863
73313009
39871170
19324084
14091028
20334097
46762578
71126251
14539528
39002199
56401945
60105906
23538213
52120573
20356193
53028915
16042922
51956694
14606818
25711668
66616635
65516919
17911927
23206860
18501544
73724968
15054399
40436099
34428572
31387655
78479948
65120196
77859666
52676225
50890092
47036758
57527421
28901976
32969351
40861156
75204563
26081304
24182906
67619217
36509893
52148774
30217206
59056663
75883774
35321597
33416925
22646276
63685944
40286391
10050003
18585745
53880511
14065790
56614789
68091673
38393905
36594915
58319483
74627753
66039008
50592391
16419850
34937362
33495753
46062076
62540737
52891981
53295993
69540277
68129724
64118927
55133541
61921090
52961235
21562202
35400201
35113031
73471055
19705360
69052199
17999292
11250930
47344303
59702698
75816070
57269342
31518052
21119355
58538966
72116976
29444420
64374210
35796162
77801175
16020044
64895504
68236360
78726268
24672676
14049295
34398140
78225166
62411245
38521617
50019844
62703135
34226856
66170298
74319799
24500514
27525788
73822460
10119086
79267024
26075937
50463431
76877586
37883004
75589131
53266047
78311814
58826113
49556586
65318638
47717704
31142030
37555953
41221087
24217428
59462497
12935752
39879630
59805038
67379586
48291048
75250422
72304406
18550494
20747762
14506422
60782345
23710800
16712344
69175922
29101060
19515041
35240494
72564861
34642883
58676825
38750936
37373749
36162868
47735792
59222619
38030526
52656329
20098605
36689923
56260679
60797213
63664718
48080520
47901979
40076501
54515341
52436807
35527301
33966482
42970978
67630470
32507675
24160645
51541493
64034537
74731676
33693651
45359469
10956090
49425693
78606491
78945993
56895348
50672347
63007042
65753830
71375722
68082507
25493642
62912002
20090851
21274484
73173773
77847185
77553975
77015963
53764146
62960240
71284770
69772073
19306284
19043086
77303697
43516643
68248466
56835186
28014733
73738338
35188506
46306044
29219710
50752814
18768573
35288867
72474470
14201765
38210200
24974046
69391688
79833566
13886699
63493401
45251706
56861032
62504396
20988476
22553714
20163680
63849321
69056968
58335772
20976805
59514205
35271493
56957115
56458692
26083323
59168793
64352896
31518173
70663403
64389010
20483651
53680825
52542431
57205948
43206138
24956209
34484095
46057257
47940877
26240087
12767653
17132498
15494079
79972188
25596606
64902482
76158318
25734054
43933479
63825420
39952199
73622654
50415580
24236941
10520352
37381991
77762328
21506315
76656972
66080976
68754499
14654324
77315488
64070931
56138010
37367657
51855152
61509552
32814281
26858672
14946048
26555111
31305912
72185660
63327641
30633635
67478047
48012379
33594292
25455325
69492025
36460574
19897734
28161220
14362074
78248200
67097586
77134739
77691782
56307955
21311303
59844576
16674411
38230521
43882239
49939264
48526028
53854281
42909296
78040667
41955708
39448835
28927721
39798881
46868214
74778492
64825386
20309851
65063646
41685915
52786416
10274491
34734807
64857783
49318303
20132985
46009218
21994425
66155756
52731948
20316529
11742683
21607960
47416812
79927935
75183633
52671355
26953645
25685133
17858158
18949030
55675146
14902295
79278374
67171046
17601795
24239014
53852971
49959302
31023602
35161416
48787217
77797022
13476616
28483577
70057912
50402404
46617780
54874112
60583311
37764174
37093214
27300200
60585245
19786306
10640570
26397809
69236758
66367317
79121665
15631886
59344616
67041120
35645526
36715159
10141324
10996585
12033445
26311071
55780535
36182658
75177069
56684783
29456538
78509572
28064591
38509554
10824597
63832325
36641943
46425696
55791027
22942812
67968440
17376298
35250062
61170701
42574022
16906915
76265458
71632957
27483212
29673079
25748678
50632386
10313437
30673200
34512656
13414125
66323971
30485267
41550843
35503921
31850502
52899394
74234698
51720250
69322927
49182595
50844346
77772846
22694489
54486748
45320647
37562164
77040148
27563433
35142543
34419678
60243178
24716933
75813142
65865360
52725334
22272631
73103517
40697993
22183955
65990376
74295260
79931766
70419818
56873364
35294683
77839577
28333997
42078664
26452441
45376527
13440979
75310492
27605570
40211816
38303916
15935705
28900233
15455180
36104522
31853180
17807040
73708224
63056872
51135514
71091109
25251477
64623229
12376924
19347006
53036516
47102102
32689903
45688514
60031266
47537435
42724973
45749868
43094831
37675940
32554221
59437529
31201657
44081744
13242872
18249053
58242597
18027139
22696753
24217348
32875445
43594977
75679702
43901866
73919694
53793071
71839863
61178034
51165719
47614735
23016316
67369365
11403621
74628633
13776015
47866201
24193047
10186111
10961749
15374386
68031725
47853221
44519368
45800540
30721479
29362937
29012183
78746468
12576455
59648538
47500693
71009127
11876073
23793591
10870116
15265229
32727960
30785454
64452852
65103810
40588135
55096252
73649465
54303483
50148762
58751831
32783008
64535999
47493742
17947135
31009445
58166425
62341225
34677423
53080582
46498213
28814232
56776745
23456305
40046792
55321534
16834179
76425117
11121868
78561925
23582067
65969493
19618870
33228150
41599388
49799088
16842564
55520124
75278575
35382870
13401215
37496582
33546093
17195110
65501943
68542113
53582388
45024173
33024617
62892769
31108384
74808097
76702355
69644116
14332655
78315759
55501943
60807286
44418328
75792732
76385296
12590989
48880215
64730290
18718735
50780574
61163791
54013265
14781676
60604680
31906394
55484776
78552283
75851364
37119884
19519990
76982505
28642195
26020975
39928516
13496872
43713166
28251482
36073586
30538310
61598207
45107252
10118522
42165019
56206507
20282391
58246584
52892767
36633267
76488713
35493009
60569384
40981776
41509748
22348633
57922787
28513066
20289819
42111795
20452896
32509306
79963734
46237655
27900617
13923655
61700601
68498683
38336311
78780657
18975116
23479997
15951377
67008497
18391416
52954076
21849272
51624778
59648826
29566848
57445572
36634217
40353451
69316561
45466929
26353019
35672844
52498816
35237228
22908478
54249002
28101365
60095576
12461291
79324831
72038306
45280312
55201791
44455607
47370805
67751454
70866230
25801593
53597572
20114402
62070288
47189944
43927171
28357089
13881536
50398831
27275957
10211080
43952181
60714724
33072152
55104420
24132477
77728197
11941139
19391365
28756281
45316240
60878069
44832252
65667065
10948132
54521156
15780869
51951768
69213442
39209895
54485615
72652360
32785633
29061827
21165298
28538707
27052277
44734718
41020083
63677883
18620469
10113090
25785931
12063217
54328674
26438567
76096729
46663941
17082405
18183190
27215712
15692183
23532306
56813294
78864568
69612350
56590489
31883147
68950935
34933654
79485909
75402879
13049342
44879184
57085852
71818682
23281022
26545468
52932095
22622691
33978430
28061437
31405784
74713351
69436020
59829810
25744212
79652186
37963847
68208445
45985335
38405291
16789368
67251747
18344687
18842887
34840892
68696460
70165784
23041295
57609997
28989583
14103221
47918724
79410380
67865901
62527235
38166788
43956032
63871446
73168195
75299641
10811428
13960815
44996543
13111333
31732885
40009678
28114984
67788559
65828166
29379641
51590872
30284328
24148678
28928769
71952221
40525952
19489261
53095441
19982612
29940526
76793766
30528992
63005714
15400665
48159536
16892629
51712117
36187080
79339126
72138198
62777963
50318828
56341987
55979406
39677904
17133931
38805377
26512830
60970386
54629285
72101629
30733920
77584139
59600810
11845576
71028568
18049876
29848505
45476793
29122013
46130334
45222213
41104464
38304593
21912277
72464077
67879611
51331238
36388782
19612740
70968949
54287075
71429541
10711490
13893761
24251203
22429717
76305989
12357603
57088349
24578386
62939732
54338547
78025523
71465083
65278194
50244781
44993078
40240534
41105436
27956834
24983444
76820842
54966427
11525501
22031790
53022124
43134791
10488984
60211824
49791837
14886838
71362111
45158913
47202013
24786279
53467610
16004961
12434032
40981997
35733734
47733027
11452202
45522291
18178514
63777379
46524969
32027449
39308453
10157289
47885750
57458175
18050398
18783302
37786071
25408383
63510548
50805594
49056237
70063411
28786146
56885507
12983211
37138694
34131748
70942984
19850723
15181427
59712587
34376591
47929379
44887889
25759546
78164443
19154650
74312419
58953740
75281037
60587340
38687645
74068242
47285684
18358252
32973550
51071791
39109389
26076432
22686818
48268442
35099572
51607808
45128788
72912156
10666166
57480390
31265787
79118605
76298913
40299143
66835694
67347279
79558380
51132209
13169174
67402442
44333166
43245529
51539453
74093633
43983876
45450973
55283137
72160460
32243618
66629739
70046984
24778183
66069651
34985886
42214566
39275936
22819273
16373800
14701525
17408119
78346004
36329961
26282797
16189652
13820541
23615064
25489932
30842111
26494143
62255782
24642266
27738467
26537382
45288399
40707991
64967906
30463061
63201672
22339439
26531804
19755345
65898828
78451268
17186169
30935875
66466712
38882288
59988798
29537304
72772215
22030034
23513515
43745065
18206564
53826678
47069316
74198178
48998133
59064308
16142187
53468766
74268033
33214833
37637647
26755679
61581359
77923670
26492702
70088088
29420882
39509129
10822301
50671579
60094786
24106558
25144500
66326098
61074776
22629968
22085442
33617164
55763869
21861161
23198507
73000630
78671837
24966091
54201824
50657631
56823809
66798629
52716145
51648187
66793033
29675402
42056232
34358205
37271157
23671972
47711701
70575034
18782921
78003244
67758386
41119153
52375437
14706614
65744363
29353796
26111344
50878523
13198518
39624680
39542937
18090571
14235810
21451493
53911974
42529675
36565198
32958980
54983377
79667074
59725804
43050674
17075877
40398327
46779203
77982849
59093061
46267841
27424114
53996684
49581590
58139266
33898798
66891243
59874292
54144552
69955725
32657314
18427032
51100259
54149864
71488875
66188781
49604966
23057692
26960964
69204030
73170479
59217763
62214522
68141180
15107612
14787751
17005800
15814858
62392212
76828866
61351865
67987008
30240063
71419090
47611091
27190270
71598043
72864484
25048570
68782959
35521594
15762136
48115763
61291245
62132385
70120887
60598169
68633829
24849264
33913455
33516547
69866495
16753362
27110735
73531070
73565068
53714227
39501634
53202703
46093068
21929377
41822017
40039415
14214999
38842069
55981276
70500108
34298846
57570283
67970881
60229693
64784481
69707826
71712924
68340459
26150851
13434359
38853271
46941454
44173786
55377168
55535383
54323510
73280273
76343518
38409733
22264613
19988037
76634152
29339760
78329871
65902256
40783407
30950363
39816016
60529448
44998407
59913022
29700417
30941464
29508811
32268063
50545355
70449483
46402816
77112618
18514888
21374853
10713272
25914714
12286065
44432345
42874324
39955337
50899409
28146247
38152731
36369004
44824001
47387120
41679359
31825096
51025541
51944745
38471043
42839186
17019078
30761882
23553027
61966023
35762610
53971160
60461429
60684305
13590588
27797947
48124666
62472601
49435747
63364132
41515755
56762947
33099712
12838306
53446140
23268449
46300227
11711345
34239984
49236613
29162129
52433830
51184172
52571769
32724179
72123283
61716305
45717128
56795684
41927644
44132150
22751773
28158292
45701732
40375188
38625070
77746387
62417445
38775952
36698254
69780822
77168622
79761136
35079980
49395373
41502271
66241335
12133752
16437605
44105666
31987348
40946763
71345308
45698568
10836186
71335252
61374701
19213975
37324459
72060299
32180365
24891685
69766152
16408424
55130412
36738392
65950974
27663168
38361547
20106445
71085753
22463240
12461158
39135296
33915772
53027336
26206371
18800819
21216138
25434124
43977799
45948182
60957524
73647276
31554821
74124631
48759144
22933060
23542040
59261153
21220918
72960883
39493907
52614842
56759565
69969394
28049080
53718198
74428606
41820687
33046303
20864860
10256890
46548094
20323279
44401537
62226295
49116507
52982278
54394649
79770933
69975896
70442536
74786790
79960378
64758035
29549206
42292698
57964347
37737102
44766098
76419575
27670918
32397339
75023804
64815585
56343164
79030557
79847978
14549007
27061583
18896558
62964166
37899399
65144776
48989734
30926723
69967833
