49118759
31071416
24317201
68522747
45033325
47548091
69536723
42752085
16014454
12834866
70946602
50519979
74176305
14740404
44748413
44023186
52802177
57624143
48838980
31454873
75799367
75693848
46983086
79352480
16386711
44188440
65101134
72754837
57536201
21951763
59931204
17876046
24117072
23469562
37425020
33093985
14617898
71203523
39390172
23614381
43492452
78460211
60695371
56484755
41546373
68855390
33049943
38394077
54279301
51402525
68053297
48697660
47374338
19483008
36158415
25784867
54420636
45156734
27578448
13305328
12398649
34166291
45378799
37110738
45126679
11215350
47765393
31058529
32958337
14740794
42259195
19485983
23761076
28968091
67346389
46287428
67050581
28500886
18767487
17167506
19963353
66748015
14648169
19269217
46310344
11390927
12837707
41950325
42932353
72267062
64828366
76406429
12861814
10340806
64455093
75101404
22349221
30252595
27487642
39704082
75944539
52386037
36656933
36129147
26461467
11826996
42648609
36224531
26663489
33733576
39441828
72969443
60175951
61144486
41028069
51265814
19812922
70765805
20896047
30763387
68729395
15930789
45602368
52905411
76963625
62318725
17631074
64672237
60895916
23009657
44478640
59540964
34094299
55530975
50435813
34545032
34289000
74839209
26464806
58076494
69583729
33482336
48752466
62734066
50017322
43060394
32237386
38129562
77845738
72922119
39008277
70268469
66927223
77512964
55067264
13987815
74268375
59233524
26949110
63715454
25085186
19753904
55291555
24580878
41918678
39095034
49626726
66525133
12980629
49051678
67639949
46643729
27249646
11237760
70348457
37070917
29502403
63441477
69937327
59877790
56655581
75117392
74814280
61668985
63676921
17497405
32565638
49858657
51497389
67919368
40789208
64336135
19812489
35205143
50280960
67260035
32553732
56582332
37753995
15569870
25304903
27300213
13882388
56932279
54374451
54044421
27397728
22220591
77099260
10827524
10499752
45228891
41692584
73863486
14234135
66395013
63923153
18757532
56327669
47610997
65317882
49605711
61070603
53847856
67176452
42828567
59948754
31782976
59862409
59018134
46371233
69928699
67274690
74242496
19413187
67323658
42904839
47906007
45489377
30651749
79097532
33587768
39793055
66271103
12843370
73138438
59395022
65109335
54622861
45129493
75180528
76849669
48790558
28489488
34297613
69146492
19427038
48494713
19020255
62153590
64152133
46684160
18426183
45000713
38104130
14832917
25762454
50223547
43713517
65360543
65969082
21546790
52234992
30348331
71435741
78918895
25638139
25569397
45790125
43442597
33905335
31110361
59173835
70652907
24451817
63091973
79377099
54951272
10803064
20771577
48489383
35324924
26996107
29505154
64282129
75025689
31896724
70255473
79167167
79958469
70172907
73719975
54963008
39334984
46207729
67465557
15389880
53825058
52169016
71504094
64111200
73813815
75026384
17933291
36326869
54021414
42111886
51291879
51111056
53546176
59386016
18149007
51098969
74989226
54324710
37546840
43479809
72338870
24785414
19899434
46410218
25351570
41079968
42916009
24628468
17332211
60142012
66846681
62496665
24850092
54428251
17160559
59596286
38783247
12879908
37981569
56847142
67732661
10709656
53350427
51163049
36100441
67281653
15783950
63531165
76670495
70144801
21770219
21663616
53690436
39370729
59946415
44457720
73884917
48892827
12274486
69208094
53431008
63212470
72784885
10829587
11605241
58571538
36505941
57196794
74190749
35062079
29134132
68060538
63091872
12381873
56720601
70298534
59977134
74982796
18321145
53116184
34920296
17387564
25358560
10436413
53705240
49984795
77322776
65990739
50150206
71213113
49461944
16622264
23722883
15708936
62253704
43140893
34049060
13883625
26497695
71417867
19108404
16162511
34772957
51003587
37560121
64298033
49160828
67215285
49867264
65396714
52609591
19020776
28056029
77486672
36135039
51847826
10776821
66849796
19085066
25169433
20114224
67651491
72657470
29169829
31324793
61258587
75979267
47127124
31971579
44236879
79485106
47357612
76027695
49915828
75819508
53420154
45995137
69623388
30217852
55145027
41719496
47731864
34969549
60107504
75121435
71888972
58365803
15127283
46970810
60157447
55830436
34638438
68547589
65459518
44053276
36533045
33341570
71377265
10914817
19325444
61836963
12700040
64830388
21835552
41470626
38802244
18773091
56697541
74686719
66444978
11372785
40642565
60942774
71209282
59643646
37028838
30307435
78408983
14687693
44006632
68357611
32226314
38898003
65035674
58671357
20443513
51167720
46117724
39898057
63772428
16532184
38219921
28050911
46340467
41909186
70430402
79737769
23490862
71808597
51179255
14301387
13418649
73429697
55332169
53330154
77486554
74608698
75870123
56955445
77759616
53449259
51958346
28174589
52845791
63533114
75558524
77227807
30288296
77563014
34990269
20283041
69479062
53967955
34222648
47680818
67185916
18121847
55104061
26493013
71706458
49147817
66676805
70618755
21086279
21138546
70115474
39219055
45081301
50223804
18786276
17843252
56708207
61952234
37394122
43902116
24802330
65212883
27105053
79933503
74604298
78523044
47207108
58606364
36151788
52285693
19563805
69674995
57907538
64832137
44089382
67814299
75600148
13140717
20931239
42306364
24537345
32560583
27801333
74969130
10032632
63016639
78825888
53274667
18908622
58746955
45052838
14190455
52586521
67212126
11011953
77455212
55945652
19651273
19576806
73746811
62644612
43915534
12863292
50013061
53843486
41998402
46333549
29370159
54375226
78680607
29397765
54335457
11455459
76598783
60654881
50127444
34706910
17106017
35805500
69118588
48997862
74685813
55448974
40729832
47595502
30044013
38280978
44069542
70354768
73488565
63388454
54560402
10355183
10940685
11483677
72432131
54509732
25458590
59451426
51443454
79772619
26640869
66900493
71985874
44892498
49823568
31539520
64001702
17023963
77724103
15416119
44159094
35508024
74851572
65512132
11401487
70334836
63939595
45268922
55725407
11834721
76601583
71912864
22529789
29504602
74618329
54265466
38185598
52764254
35675768
16321291
34160444
57162112
52474926
68702605
23401102
41591986
31825069
21882316
71751183
24676334
35937697
50470287
57775279
29347608
74578184
42781397
44780185
26935494
20476550
49928247
32243352
35949467
30436276
41835536
42479895
71130271
12535401
77915978
28230894
40373867
18725837
58566135
63244717
78536402
38793832
23909341
15087582
55078083
10953320
45008510
67793087
78764673
22788861
37409027
56106925
51944298
22094064
64795758
48207170
24966642
14736406
69271327
44530604
56624849
55845009
45547058
16065999
22635831
25316114
11983739
70175303
34410402
21494771
62509616
24185355
66558582
13818736
40237841
37065929
34007146
42753067
44480245
32588217
10841079
22268357
51591417
55350607
56539308
34278482
43861864
46131080
67770351
67069088
37139863
58544977
68804918
46768920
41707127
16443380
27373260
35931765
65176101
49211126
30220558
30636058
20033685
71434045
10637081
45957997
17595580
26781285
15695954
22006639
66525788
10907708
59981015
16022228
14432519
25036328
59939354
67517639
22811556
15668347
50035363
74973537
71937632
49850110
70506041
77863656
19904937
62608049
52823758
45384551
17828095
24176941
49807783
65549890
60420434
44200236
69973052
27172190
78662010
47275938
31047669
35138095
77983636
22225966
71785699
57776446
23670005
32615493
26404043
49783208
10369210
49189684
69393644
25307763
19596309
17497574
22779066
69180975
43645885
63974935
47255322
61583562
39370329
56977657
67779402
34836105
37977600
31689837
43450576
58026742
62780666
26289787
12419950
32553680
64446986
37728174
73322513
47205278
36233399
73033443
34950169
43159669
18839872
18961588
59564443
36173870
17113809
22548281
26282370
68756491
17505339
60670181
68461545
22821255
54879732
35131601
49119938
54313338
18389241
45718409
57903778
75115231
44889042
71866286
70732912
27772928
75500089
34914882
19739695
52416370
30340879
55840909
13075273
79968235
59471269
14048407
71358455
47336439
39414332
28821698
41255133
35851308
30745449
11408999
21804269
54763243
49280266
29113416
52727244
36448311
10275302
41731984
28536018
34332221
76301682
11877376
33633928
20014948
29507021
25136901
57792545
47453136
33958797
77538023
11208395
40513542
35696236
73090357
54145540
79591607
69256532
45995041
70480285
43501026
22069705
35007267
67716827
52648222
58235445
66505268
22034131
19608011
41438884
56342670
57807019
18568103
27623356
66765070
49936794
71393213
62613969
21489882
60926744
65699666
43421241
44656297
68270159
59712232
44790466
76584123
49706834
24974792
55263552
72119873
11776810
71100549
27641275
36383829
11227452
26731719
42842667
70180767
42023887
59290071
38144045
36457740
77207218
61458665
72049761
38759814
18161726
45960326
18798446
77312890
39829597
60239702
25851709
54206231
44079090
76095225
23620299
37309430
55490658
52989417
54134022
60787156
42333890
30148549
13379036
57110820
57862251
27217573
35768138
25560090
27632728
56322301
65114118
40526801
43418025
48345922
77658947
57049732
73831631
17592485
73053844
71510810
35832244
78178343
79486243
13676976
56192203
78892068
15574799
42379596
65032606
39631947
76811258
29925371
44962606
50602227
32854893
21225278
79646678
43602702
38693314
49496196
65367931
10360123
41727345
71283591
18388642
29382979
78414334
74282533
58806803
41711215
56580938
57617253
45484163
57031636
76084621
78956179
12173954
65303772
75869600
49801300
55713893
35752310
64173368
48482557
21876424
11460299
46886364
45883478
54926359
57830831
12150586
55366293
51683461
29678476
27981862
21624300
21433465
16561797
32075406
44925718
57806422
48799367
40674478
47415477
61474203
42454051
34042404
78722044
39512889
59002704
17411620
23053069
55459616
55492677
65698388
33910374
21527077
54993142
47288813
72162370
73096800
16325861
45031738
72018896
79051800
18204036
46563052
27927394
68934979
51907855
37639161
40384247
21258933
78547617
31754149
24446883
21343334
45934626
10228331
57673826
51215966
55295239
23953717
63998727
63740351
62110445
31142487
44781796
68775252
12542425
14806830
50704038
44863412
34521763
73076893
24608993
26248972
30321852
62730049
31963376
24144675
52534954
27050523
36498129
50547640
70136050
60482359
74314961
46383309
77240571
40515561
42565588
26021890
59999527
57739601
38028137
13413350
23772261
21752911
78269041
37697847
61460799
50767683
31317395
18998953
55876259
65914546
29201043
26977563
62697618
26751459
51705385
12724475
41288766
25896753
72800109
60937674
52634093
33469896
31707199
41788056
73184374
50242139
40729674
55669606
68697719
76213552
65068558
68431301
49118025
30109114
51381029
32420803
48179436
27675123
65282895
40426806
78710460
61405767
64959897
49451685
76139746
18556407
71465982
69946815
69495934
21990621
12157987
78118135
72531256
33672231
23069357
61400859
72980952
44453869
18538520
50073607
37164012
21419173
52969071
36257364
50735804
39462190
22056794
31724246
50619976
71606695
14583236
51167543
13098966
23124647
58828333
70572377
16472124
58860558
26314461
28981549
54555143
53430047
73422157
15588325
59662516
28503791
78869377
32055811
28287394
18179308
32498945
47429073
55425134
28304821
24641705
57783177
45238442
69854093
26940716
39814157
51993119
17356739
34062264
75609945
40310009
75431499
26359616
52002702
30872614
50160804
47985842
52847337
45776675
31767749
27653885
11486004
69737274
27079952
65724229
31205509
68833727
39312680
76238274
66254794
41653953
30128480
72513258
54997726
31996510
48962460
70849320
61530761
76610584
25323609
58056154
74354714
70761621
66159395
54303415
53776666
76998764
26883487
30416029
66194466
73203225
77790817
67559477
48402453
47801248
66756830
41211570
78274156
67945493
38602381
59360858
54680473
57025309
36363683
26752197
29006387
32009979
50670709
23017107
17079001
79710813
47277064
51661173
45526904
48243531
20317856
65264740
39139414
31791628
14069311
64596874
46462727
11714121
60422878
45482151
48018750
18690713
19063382
77497350
68250112
14416890
79295775
75443523
73694024
16455258
22105461
44198341
56034265
73140029
11267883
34113674
54592909
55879336
55355349
78115295
55728930
56977300
39082400
53993867
21234683
39357510
45316025
74040946
32634424
22743627
43299468
39468286
35461390
72161115
16171602
40985617
43904890
14113432
18166790
12126883
28537493
25585895
20356341
71786595
72383983
29228741
46465280
36859312
50597815
19720460
57914936
38907968
56539783
47550044
33599331
38478784
15985336
53802415
59758655
41733426
22729686
56457320
30045414
78605195
17942271
59374738
73819383
20131778
34523952
21507481
44865969
47786051
21711160
72672686
61610436
53215044
54449483
38939141
31079657
31012184
62438825
76519520
75950419
19671313
46918863
35977470
58689184
10137864
79383786
16328590
21568865
14572001
26863751
51337816
14690635
16882632
23673229
72646336
63052184
79580938
11677299
62198475
62206897
44633745
29922905
51866508
44891098
64198216
64418779
72247513
41215083
78595462
37619689
77287328
22104834
20497483
17403306
22654641
74817488
67945651
47666139
65528036
13618880
58522204
25045442
32266533
46417905
69135389
11917910
20217689
75543176
23187240
66814990
41469922
42792471
58728845
41071043
42086362
21431733
51659083
61118364
77413961
33423010
70509084
39822357
29221622
40693370
19203208
32090631
70496274
10035393
55177569
43251109
78952868
47742225
13599275
17931250
25252789
78784631
66890389
16068831
22263936
67105868
55494758
79465198
74717034
42561402
11396352
46280409
79508915
29512037
78036632
18927734
73722561
28077408
52576055
73163460
69728267
43668607
34393973
52703435
63257190
28864191
44766296
54112811
52037694
70067891
16899639
29879988
27069683
76492869
39914472
79862277
43104558
15447661
16006147
60440730
43056852
30952499
62588189
55954200
15890208
11253507
19802067
36471464
29952186
26789072
64171937
61618772
10448977
75112285
48179857
25648961
14101215
57508505
49560826
47769931
70404966
27733554
71258412
61520733
18652711
63586154
12558914
79528330
13807613
39873849
29343266
74171538
24087366
60609291
25853833
18393273
43388160
55912714
20518799
38926272
18637269
70137111
37526119
34761817
10542979
39494423
42653460
32388227
70440650
11189912
64144086
22705493
37774993
76930558
32410664
51805598
21040469
75183214
68074709
11895055
47001127
28263582
78646143
25501162
61856177
47829320
64603791
16616687
57407671
62496036
58039620
29885281
36519600
18032796
74108417
79851456
66470352
55942415
59706309
38750351
74185502
15429362
40893573
28559029
54453198
64835029
35550433
24815942
13625670
63088796
43668094
72487423
13346726
27678105
69541740
39597530
47038194
16088108
60489565
77316813
79890574
76322654
37053376
14626689
14536541
66302087
65519583
26986629
52182602
35726554
56674310
69420371
17372085
33719923
32288461
43964260
15464094
16687174
32988519
26242517
36432304
19845524
40461036
53852202
72016611
35243763
33390674
28282123
40101268
75899828
41610673
17986439
47497549
10745687
31186428
77252903
26648025
38487249
75057672
29309680
47040911
75660257
20181271
53990485
15425802
17010727
16373683
42532449
78384288
60435579
49606770
33313194
49138017
41936434
47537961
11503547
48021415
23312602
61690030
75442522
32369087
65844873
56647073
25899120
52046746
68995820
72716404
55600289
12994837
49464766
53406218
53330782
69534319
35826374
77572661
38830197
49491016
17518127
53038484
39274836
18261325
34331721
46783458
47849579
23415020
53626027
11355459
75716373
37267977
72094772
48298004
53853459
47680771
54745777
47121343
46441917
59314964
39795000
58614017
42936062
10708440
53144979
28481184
57763550
74683550
22708836
51109238
65241749
56803113
16293911
48674022
33393002
52247309
10004553
73712522
54499124
74245226
69901607
26329867
28203103
55979520
12185984
35399877
63811111
11467204
32085170
52961293
60362754
29001463
79371482
48083790
34459725
40180285
23976799
60392645
61073152
38106754
70495374
71783310
26364490
54139944
31365872
25363227
66782884
42020055
75860178
10410402
52307891
62807117
56861190
30087026
47686697
78680367
68999791
17861635
35303652
16703632
44872438
15357358
72677572
40670390
65970385
66620586
35935941
55107002
46534285
68998965
72698361
56670550
19156735
39819185
36604370
77583466
29342852
22707928
30818225
61593740
11488081
78826099
10951372
63153576
15594937
67256048
31685375
18724556
25048593
32383585
31756076
40171558
51672485
36474169
62919622
42094074
17351585
40046392
65413458
52645790
40717836
24484269
70517616
47828897
31064485
24331853
43899140
68799876
49254600
78912315
37324991
79062388
63529571
72185680
25488208
51135418
53937442
53494735
53712580
34562179
11598224
67619257
72165711
36367623
77194201
48630774
17252688
79350190
12559499
30769011
51950929
52072067
14288860
67903031
23701172
77559817
45510661
27756984
64650020
13692880
79458106
52452256
36761514
36511488
24684775
37158036
29137137
40658873
58396765
74350544
38140907
12429254
75113059
46053788
26822179
13639888
18243206
27147352
66728050
55377925
69334329
68045104
13471595
53614040
55498990
79173024
37711503
40618714
67092390
71567275
63675726
14816498
33306516
77431693
78408081
39816380
72628383
57305749
60510321
79265781
73239062
37612106
73163753
71072758
62811693
22231642
25321726
37203358
11786871
27238650
18668032
42833439
16506088
43696765
68766517
27116029
28864206
24965083
41965311
41186886
12593141
45111598
57599344
33098691
18217348
22658489
17507018
57746976
59306613
10502159
54788808
62074064
63448908
58625895
79047695
35706297
13859102
58168747
65878625
57760183
24770555
20460661
63728752
26444442
52510002
72646897
45020640
23734213
15729261
48113170
78731318
37431347
79995404
74404634
75608701
71189293
38190753
65814135
42234269
69674137
59950352
27193417
68338199
12707127
70405597
32531549
47159537
25747721
40369189
41795893
30461209
17680589
66021581
71825735
19747471
53172716
77726694
38016759
48642559
20677921
69924515
32885141
73384097
79023182
75243635
52144757
12591090
54769989
18353759
68933760
43826633
71018338
18665320
59507583
37726060
11168605
37343817
71016231
13058054
18368218
73415192
39148743
41523227
28913822
37680308
77018137
76500849
76990755
29366226
61676845
75365964
40543180
31066622
15536040
58909165
24599863
63090242
24691445
39066736
68284825
14594063
13491681
33194194
17058429
11564683
33918231
37940750
15209608
44398281
66774974
34477243
29748886
51823913
73635883
61468984
52241984
59161707
31956867
20552850
58290761
62361758
55453652
69328932
14603917
28755242
70701636
11265952
31510267
39840202
25891855
59070772
51950853
42291677
54391642
23451067
77454605
74996762
16908887
71745882
46061824
57334046
22502010
64268049
78635573
39493866
17483667
29075397
43784597
57893908
14536208
25920808
71827409
64421681
71024994
33555772
34737604
47326594
55717220
18771878
65109447
43296094
71255775
26442817
26614319
38450735
12579094
18526027
27451843
41803199
56906028
46210384
46488427
70021379
51369090
24126355
21058887
17158960
73626051
73971121
71985767
33451812
46288324
59477043
16487759
51766983
44930195
34723692
70788469
67944480
68088843
67640463
29822145
13314302
43195195
48234342
53393979
22298190
25457419
62143134
62658592
58321469
44975538
15025315
63004905
18229546
34609828
69998833
22986846
45219689
45455917
75985284
60883148
60039265
56817354
63162983
38945183
63770637
55945208
55722020
52399218
66249451
51505869
23979881
31018249
31244712
11598135
73416559
38812740
36541683
75575580
24566994
40347313
19018146
56052084
12695085
39904580
30197925
24171342
65010689
73185640
50112088
23772937
66646144
71634001
32310442
18005827
38325407
22354762
71974820
54011991
21995209
76745156
76250475
60591857
49561018
55604554
28362670
74271927
59952866
14029256
13341197
74587401
25208407
17052128
52780835
52646283
79105875
34651674
77134852
27686321
66916300
46229534
72124472
79755317
55991263
31376379
20760399
52000791
40555616
19974537
61917799
17778987
23747090
20931464
44268765
79915869
76162806
11819889
68953167
43190806
71406168
11036757
33120761
19411130
62416948
27317195
10475417
24385835
50294392
31614736
35954788
79532633
27309278
47805467
42191662
26994431
28623651
66347539
75971649
68319817
44410868
13432400
28839921
30544854
33753941
62668467
55424652
12314319
10121043
39513665
42926046
40267559
35295881
36407438
28178102
15668126
48664109
36951435
20532365
62387269
21880155
12957799
28749109
67077498
34714000
71788293
28798322
50901082
71815959
15119659
29318527
55864490
44585801
36737915
77789402
41418938
65894655
38668916
40151051
40435702
53213489
65713998
11348056
70463555
67583858
41180736
30426088
21156103
54157118
59876727
60317748
14456297
12223511
33442636
42953073
14207239
61384803
55540562
52595663
44058462
79410549
58260176
76396765
31406737
11485536
50906228
48249615
33184865
76553782
76954638
61949415
46829272
45203230
11345868
25607810
14504214
53257360
49239021
62029134
73985007
74578082
29045163
77645275
28374746
51475823
68174732
53356269
53202114
28156857
60979365
22212472
70866208
67031446
43983230
58033001
67955634
77870115
20079094
67925590
49592688
50288247
72792951
52554827
13306387
29359179
30962463
16670824
27427250
62864268
78668698
16844457
43933165
60139949
36287268
55785786
35901042
55772351
76898290
32232619
69803760
11316622
77086051
21795448
68848130
30286392
60844490
43756446
16206089
76388429
16484471
20133307
76620468
79490810
49664246
57879912
21765614
18597050
44564046
36834626
58554708
16585138
50503793
11823080
35613824
54153607
71338079
47775299
77747308
55974297
15361012
60078804
26306197
38062948
74921472
20308574
55454379
58224469
64333933
11184365
75887739
38151864
50088175
76261739
14158393
63845802
18014879
12353882
61240957
37649884
16981163
14904329
55272349
10219505
77440166
36169855
70761675
55832538
72067895
50455471
29709019
47120055
32663563
68945566
53454166
18775520
48564681
41588025
12573148
76140180
69310344
18492513
74360934
48355713
15250463
37584391
25600103
47992436
28680434
44861135
61263072
54093677
14965030
24157487
44634601
44812448
50736488
57143851
38570417
20504908
36732260
70537104
30809907
19312084
15624656
49194943
70734914
44376462
22242910
32107916
18832144
59690216
33656905
63989906
56518283
19262871
60649289
15596323
67280948
15840388
78861407
15002044
20525197
70043288
42517502
27291366
42118868
74633675
31673295
55442923
30992950
16197869
12697266
56542673
52911639
54745081
16263773
78075047
27101322
69893167
57730417
70017986
26399098
47436531
16376993
15705770
73134657
63287536
31971912
18944187
11508032
73467760
53577410
61577229
13274702
19553706
59906975
79954199
39333231
41254610
46799517
53964640
68651247
42683436
66364951
56146054
20964336
41316146
70914760
50817761
21978409
44696761
42460833
30649025
58991872
59497431
48302886
39736362
36316479
14952828
49814900
16504656
66913869
23416236
32597651
17202298
62122923
42895018
40389354
71120692
12205733
24128505
50883000
35900186
13873075
38613101
75395542
49764970
35830058
78203493
56162153
47318445
10561716
73539256
42092771
34002963
41810867
76852156
23852221
10680123
47091074
24571425
68531315
66911445
27374949
49248258
51186566
76916363
64389516
66493975
77173521
14873979
59682346
51769829
12689903
54318030
22614598
75654796
31157792
54097968
33347705
48304768
40256149
72512549
54261085
35613005
54333079
79417612
52319418
63336496
21425348
58463691
53021909
34266525
27011308
77804453
15782439
49591723
75483768
41230085
24751248
53026992
32657219
23105691
57298003
42157903
27072588
51835534
63251891
11698992
54540231
17652059
43998555
11809722
40702428
47555489
52234212
11376826
38968902
31180638
25342786
74803811
44520356
44537639
64618165
40741121
44396491
71860581
46122184
48052091
37956882
47940940
36400264
52250380
60399665
47870317
70766350
57918635
76809796
36653848
26985560
38503308
49934687
72053001
12978728
23185669
48148855
76816713
51795415
15300123
41749411
18250010
51665831
43552889
15982785
72922414
51464945
66426982
49773264
61919465
36565437
24378383
41159204
46415784
55104436
67992818
72208463
77858293
79732584
66905556
17122519
37645475
39171043
56973210
53083843
78169595
34410320
39290929
32514057
22566586
27279589
41970497
58136795
33780092
68579994
75223841
71955146
34133039
64789931
27744271
64506936
23661756
70725614
73850968
56330430
10729670
19851630
52629467
71361217
77944004
73734471
66236176
35206460
33251276
56645961
23057785
17776349
62579969
65768290
65088933
45781278
63905858
27723231
67289933
38757858
18056692
29011888
47496081
76248480
14718369
32169000
48284116
58791896
41340308
42486206
77149354
47905514
33593453
63693311
15262622
60646965
71989946
17536309
18897914
72176035
49572654
24782473
73141871
35933720
41875177
65285585
54298451
24246842
47346400
35799237
11903615
45580101
35683806
59224275
64936532
67354310
12484125
40035062
76109552
21374501
62814449
49504921
38855317
35546165
28990669
75402970
37716667
74163329
19275879
47427633
12554935
27344316
19017366
59166277
22435714
12344356
38405554
70966487
32425048
13038031
46490943
11216800
71903360
46983388
37194183
38217344
16609545
42441910
56527484
22173843
12656388
41188861
79719468
20337515
11374975
42037796
77395639
63357772
74622161
66298103
45318290
17182515
35645571
38353021
50658892
22318916
31853403
42050507
18350610
65420603
57300146
56267651
34642307
40892463
37558897
20365582
10981337
28850703
26351976
49875700
16185436
59795600
68025763
49830724
15688213
11969661
23866487
11850521
22650907
32985180
42198695
33505924
66921618
26084742
41586167
23799880
62322190
71241012
19273921
15978783
22245391
19294636
57146293
11238185
45176815
21844254
38571832
37927467
58155319
12531714
74984250
53102492
76397564
61148549
20090223
67329227
63424617
17958894
70244317
33170614
12642401
47674803
19871283
29545767
32955653
48201627
17894556
34763575
31083390
41232190
68586158
28061182
79397115
44124044
40577677
70780518
28560080
36307415
45400752
58574708
37035721
38998893
21331245
47512958
64608317
52249385
37105476
23836359
59312745
33884806
16818125
60635870
25619441
64261780
60447026
31076667
28083750
55002876
56046642
76488595
74455947
73523980
63992910
72298029
44403187
67911921
47656211
48392305
71324152
35844780
22411838
43640599
20608081
40249575
11975958
38027137
29187472
34867702
40569739
71245460
76687125
53652942
35315884
57676013
49269300
71847753
12068904
27759945
20280641
22695318
61962537
21526880
32367593
19779129
57183628
37354792
36090123
58477922
46975321
48734437
63212918
27671000
79201190
21524600
72778321
50719576
45304823
36575959
72326104
57722518
46912406
65163628
43167217
44221665
45172989
71179831
60687985
22983577
67295369
60132850
56825251
14519430
40883571
61922178
13613913
43030231
65569754
50431036
74938307
62871473
25825635
43316868
46701612
53587455
50169214
19887242
40584237
25314327
14562427
67606175
72918625
16220079
15562604
19121532
47097909
39287876
44175783
44085649
29089127
58602152
69971838
78205260
60186225
20905928
20311390
61920014
78949347
11059946
76129720
18185399
65155327
46541375
76281395
12720150
26626504
66113681
47984800
10299582
47453043
19229097
38483632
46278723
68175078
26879561
78509195
69424152
37689178
45690657
50646776
23522533
30867234
45611018
56830463
77054494
48240329
12898309
65793411
23885987
55398830
17821779
75683725
57055925
14770871
18336384
48265738
37980405
62837028
56164997
73883727
13143246
34745583
15678730
66097347
54974907
66256210
59952234
69459594
77079598
62618916
64275207
45605054
48274600
31985908
45990822
36348896
19513407
25953888
60682775
21275777
26999931
34752664
22886656
78589960
14394350
12574399
66266013
45766935
12455495
18451826
46798030
79254439
27450892
29446276
34091641
50778991
64624131
69744546
27059231
32825676
35044698
39385030
14536305
25361154
31913814
77370908
43459041
42383329
69261581
73794449
26578543
43966266
72593531
79206627
36272427
34418482
30297107
51215352
35840519
55764841
75319010
28055836
57980955
29641604
52588367
67229227
11793821
16273317
36194414
33711229
61314331
42688610
18406579
27528817
40040771
62264684
17378198
41433664
39704540
45705997
61067797
44896751
44080584
55475402
36164288
19724373
49113707
77259345
29791470
74815788
46466147
18720382
65704044
16773100
41468951
46595888
70377312
17850797
56704698
41460865
24850748
51389991
48781353
46246110
20109741
25532305
43376759
51400248
29238576
31598121
47866827
15140199
18834898
59070290
64005773
31331047
33317066
48475284
61056469
18331568
16138058
79675923
62930123
47245551
63967066
10089972
63733557
27627163
41059958
57762504
38164933
18641094
47956344
61611542
15984928
29116075
21685680
73064381
65016450
68639124
77820811
72683819
33372728
60178060
74812480
10311201
74197995
48451000
74386511
54994227
14816187
10798119
61117019
23075579
38696776
58117444
53600570
78012952
71672734
54214746
56303871
68784664
45439039
14479238
50731390
67611577
57241306
37676390
67435710
14254421
23542063
30060951
47808595
44672248
69744933
38947637
23380692
30532952
71341584
24249315
57733058
21938608
53708372
12349903
65538993
23552653
35702233
34507993
34153140
53056498
35781467
64444284
40540647
40174630
22350288
29585804
12314969
37103259
42855635
18480884
27733369
70605325
54989831
19600050
49911234
73447916
19656219
38902240
49174944
44872230
17163043
42502684
42949237
21954751
10249347
51658560
11844073
44045958
29498832
60707687
60091106
21781477
32444882
18220653
34632730
34986825
54029497
72563174
12623025
64277854
65506665
45725236
53092359
55515620
64736570
42338675
23296404
67962648
24903576
75045989
21414098
49714588
58136941
66156187
65582840
60699698
34002480
30486677
33668775
64136786
29987853
15556580
37810147
51447396
48975746
52298037
51580023
19145138
66217673
23606155
25814750
21089273
77232026
34952854
43641799
57770933
62767091
53067749
42592412
36931689
50003915
24185373
27375668
70243368
24757949
23834832
55563515
16995604
37779201
71287743
14045283
56836137
12933165
72882463
66740070
12172789
52734812
74867795
66617159
63377173
45747486
74367914
20168039
75577651
23307642
57773923
34430365
53538912
27125488
12687946
50788393
14813888
12156602
60785532
64357307
77119137
57929336
44754460
61081469
50435343
49942287
27354867
20422218
44213462
65369590
14453837
64539400
24637907
21865483
67253859
35967227
58589908
68213480
19830182
40711445
25889702
56938284
47691104
21398318
14671794
20921757
44196146
25840815
44511573
12656001
25163159
13863693
73493456
29914424
70597787
12209984
19472906
74485393
37608494
60660366
74392016
15486676
65310096
23519211
54732769
67888296
50406349
24083857
66837136
19340417
38047409
54429378
65292785
31042223
31968988
17911073
43994106
63779871
16085021
33530507
47760863
46903655
39779077
24976471
41388451
75884578
21908621
16560619
44363638
36932197
14295161
45222248
67022110
35204457
47552791
47980488
19863042
44920716
42393842
11922871
79322493
32845199
28473208
52620018
51153850
37699296
29035739
20860141
13941214
65325421
15336462
37652570
49224150
16515871
78030699
43318454
55723505
24792350
60620257
57266804
33125076
20754463
20730619
42983833
13684193
31696188
20405888
22674841
26721733
29265735
43562310
70601533
72538781
15592721
11553666
36359393
46015800
42420356
53625577
68214024
31259300
26623317
64317017
49590812
19987161
31579705
10276176
43555022
45381477
48958794
57401037
42094394
54294077
26357300
39712519
46245875
51551055
33836006
19869826
43718223
52232246
21855391
39197820
38495370
77152572
49564000
48175041
55474810
18510135
61754375
78330938
56725430
49859521
50405192
46655876
29672403
59128705
74331651
61754673
74299450
62887052
66246433
14538364
49075710
23513253
73552446
56847491
74205190
11321788
78453613
28436589
34475849
31155577
78677619
51135851
32622128
26952676
20982496
35901421
18807705
78175178
63499759
27777281
25497413
76638215
24117423
77250355
72880932
48792919
42601720
71664701
14497192
10836399
23771725
57138364
49712845
62121246
23802701
68916662
66367159
34693156
67736954
15349649
30413735
45185679
64189332
27635607
34540206
65389418
31082296
57671412
46311171
78216308
61120038
58024664
48326993
41351509
57592124
12303894
25060247
76868744
44923642
49674891
76486020
74434576
57592089
54730279
26672258
40564985
12262103
28337777
49564847
37365361
50471119
43151922
13306395
35600663
51520667
42405726
60313610
52844347
50011616
78534633
71576951
52953878
56021051
59071529
50476212
64435171
72741463
76553463
17848886
55688345
52978203
79885004
26523404
28504258
59397859
59269138
15323746
19440514
79833931
56650316
42410187
33232860
62522103
28867471
31139709
60651527
79374305
25852242
22267552
79539959
78690383
62348699
45794536
61996551
60180429
72646545
16219576
65580606
14509336
24883781
20542737
38147506
64323664
76411579
67642923
49778399
65013410
54576301
60661643
48535418
12616633
42775156
19301316
77820086
57982039
31212977
29856035
25032929
51452618
65745839
24813490
50789502
62550990
21203260
45576090
27230618
49807013
71622578
25812499
31815925
45064389
34922433
40247875
30681468
10940133
27439667
20943221
37775701
57174359
72314600
48592145
64896835
44740711
22108760
26161042
49570004
21312344
42188599
51778375
67507552
57203167
46117932
36924326
42311454
38744016
37319949
16460048
16882825
45441523
73069057
53557486
47169412
62535210
33643437
11338036
76300799
72351042
50037087
45152285
21819096
57516290
15314255
26718121
36722207
20978652
54747064
22731980
24254475
55816752
31284334
43448381
58938094
51277381
63951362
20500437
14347429
32687007
39230685
76501893
15069308
73642707
49301962
27755582
44224319
11705998
17060020
32980715
14762480
15558714
64982566
66391258
18512721
23103192
31305197
21326091
59748471
59189083
14528456
40635013
31186045
48685926
20532549
64383716
38588455
50812482
57727519
33214374
18463045
78263865
26930737
45162860
20344386
29240917
57620321
10480388
13918095
64719041
47422055
76933414
74780775
11251099
60319420
74408209
34109653
14945968
36683253
71211401
68042849
52922570
16921778
14895778
20310747
27267580
67782782
63365185
26576072
17593570
15858321
47454810
39338582
38324336
41478299
61850744
10407745
28412357
19750419
23943368
67597265
33513713
69929683
78528609
55433740
22850406
74053445
19858684
64518029
69196835
43666611
11511169
61831400
13076192
30054188
51539883
71735157
23425765
27186768
70226363
22369502
49969519
73977059
60644221
21723051
33871697
56242576
20810773
20419790
34671283
71604424
74201093
30310973
31220351
31257835
63901145
51063965
31015700
24547044
60112891
70842009
30979126
63340859
77932022
26982362
67469708
18442903
69334213
34069674
48301671
15621007
27680607
36157629
38608950
66402458
65682092
73110669
71151345
65282001
14178465
72596371
75826342
33413880
75048092
28926279
70044662
37482274
17427442
57628870
46867600
79108993
73655894
38912073
57361812
66601526
72352700
18589729
58259268
48650471
57565250
51363396
69660524
74458398
60023154
69637793
51773433
61673576
51064013
67811489
30714239
29214878
23931303
49724706
25364032
79902241
47521686
29500625
17121397
48481128
66242388
73509212
35608942
18853031
24684369
50000161
71567165
64292090
31542654
42247332
10491927
32084602
60251733
44051501
18087809
41496157
21401820
19503520
42588224
24615121
74419684
38833925
27276566
27053872
38339846
77808947
33965703
54090869
68469531
38339556
42592186
13906281
47529757
38408906
72357181
21447657
59577217
67449047
55933955
55941790
18705407
69300074
53891737
65892454
61311003
39784932
26217597
73763325
44628987
41473861
47270048
56238973
78313987
54249525
24732058
28531597
15853623
43734900
11103209
65192619
66324554
65430406
21989676
52280278
33896292
64609113
38864667
44559718
61608469
70108952
73236057
63314655
78986886
18733314
29772950
25174388
36485859
43701797
25600247
39180155
78351997
50930301
62279613
49298846
30725168
12072314
69481712
25468242
71966436
43116324
53274858
42392468
68049909
59758363
69398389
55263914
56064066
15567388
25726926
50193334
50902470
23591507
46863419
74449374
43339157
74215562
44729473
70949566
20794129
28592051
78656649
64451462
74785856
30284716
32793212
16884352
78529097
10274508
15911064
36579970
50649582
30162174
22774151
55293181
45763288
26241669
11106868
18790148
64969947
73119073
52398747
25111882
55861967
14669069
54541923
30758932
79211699
27274340
65971885
24456030
38652274
78176602
14456133
17666720
17847321
43665737
26560886
61416022
63644318
79447167
35982335
41137660
14689053
40246508
11190688
49304802
67744132
77452226
34896379
10130423
13989696
12812577
11517931
68050655
33075637
12456252
43188245
13410299
57445468
77316123
73315648
59272815
47695175
37327594
59693097
51152630
45316136
51750860
14029352
54954915
13223134
38184005
54356246
41544067
21772420
23929512
52861520
14642654
23374292
20184789
66504107
29434359
60401977
46823400
35493659
37924024
34243639
74758939
36341575
50260701
35146402
60203955
74697392
60089683
56112904
70657889
74530846
38708981
66012606
44154618
11251533
67101122
52363091
46198190
39826133
71024282
76343824
19772002
77369412
17719753
73814492
42232346
12989774
70633888
78284425
30959322
56479985
41382155
69709512
15180917
18248539
72186249
79934465
49738621
78345863
38157824
65537503
62128166
44301246
28758120
37412226
70274215
34654137
15739669
50719712
22174168
19904660
66145475
48264363
16452932
29546165
41851092
19316372
58116265
29672546
51539716
49668538
12055266
23613987
63024225
54832286
60466767
12680909
47795292
11265292
38180805
62065088
21917606
40811779
35956341
25396989
75342653
52533658
20955306
61002028
46794600
44145548
75774693
15882164
33062834
66103114
42691136
51984116
33663292
41431753
20318308
57840791
57491120
77098918
72958332
22543340
31583983
15081978
76224796
48239663
37072323
20788765
40935897
63297428
12731120
56372753
29458655
46746074
67743298
55837687
43164463
13633850
76313149
18208047
30884858
19148247
63125425
77153561
15131597
58392334
52815552
67924274
21218679
31280571
72194403
75410507
21585643
63398304
15445944
23025439
19645538
28365442
69295043
31198497
34903986
32245577
66642855
14761592
67529277
14982034
57843478
48043267
53276088
76255244
69580888
10543803
68823319
25230487
14250224
70232091
49032889
18365393
57472829
72056265
58221278
63325226
42906434
63067814
19389497
75334405
65684267
78625894
71682214
48449769
69432794
15919938
22370604
10326899
39676368
18991745
34433069
31532368
47033521
45639749
78554713
53668985
14221112
58506245
68518724
10935592
75934876
19065018
19499444
22832188
38282375
13612455
48969595
11021431
67593437
42417157
64765188
28075503
58687853
35534332
14107474
69282404
10048100
50855830
35543687
13622452
10900400
58817475
49609059
27321463
66517742
24762524
75699052
33021127
34588638
58188796
76252523
17662043
24072425
55803571
20475019
13542315
12173426
37768449
20420556
50963541
46156281
21852676
68646666
76151295
33145050
63156461
78106965
62891261
79683262
54069881
32214938
65432519
44970298
34114003
73812082
11983679
15157316
42885127
23568856
68585241
39906743
65750252
76866471
79074841
25211892
73178651
68769871
49386255
53974236
70111867
13947242
33110136
39452196
64039262
64020424
58754221
38302368
72377533
32425250
78074501
23806440
60647113
34385344
31621469
73493720
55615711
44813879
51175349
38749808
73040803
37320551
35833119
52402075
51468285
14604490
76963448
13893273
20201084
58473944
41397711
64532173
42232902
14188034
16861139
67210211
32615452
36195408
41344495
45767730
44572607
17319453
45606854
45330946
44157626
20922077
56580033
70416361
31397047
64007058
17800835
47490637
59121914
21285045
24401488
18175893
57261534
40419478
58442746
44102005
34716893
41485921
59473302
67184470
35254710
72086794
64428291
38295140
20609227
17974018
68132432
35631865
50143242
32963316
75677550
25758006
58228124
65306965
68883438
28684462
43537140
33613214
26839581
36605310
61459532
36343509
78714046
10959213
58359828
41533690
55737431
10864129
52374566
71036193
13957509
63156810
79015474
46356631
74435238
36227819
77750524
60479837
71555324
42629898
58049550
61163440
32960966
14099095
46234837
16493689
34936008
69453353
15923812
28757526
28287611
79304313
47442137
14683054
27803359
44313248
78380264
67555883
39146416
20910627
75814500
65609335
34355085
28545973
10685135
38978083
31901808
43751426
38490117
65821506
43271275
19718613
75904506
27950377
50291412
28414341
71789362
26639432
63722619
10835626
38065988
48093002
56616591
65331799
63809073
66346906
68966423
44748385
44207359
45237867
75335793
46373724
45050174
64917597
65654521
66201525
56616336
57378729
43067053
53464591
62783899
10178664
66566880
79879887
11478562
31768826
29186713
65920795
20601144
45644889
47643586
15996642
34535323
79316956
30980914
49753210
49436240
58329221
66898310
33242018
61403127
71061619
62173415
46794586
54636118
41239122
79645567
35170170
34972118
31094527
76447521
76190365
78060430
23992815
74109653
61507986
54301763
73640756
69784138
64330404
12627866
44666584
70681150
49208742
77002584
49110999
15359693
79705656
51334640
72324457
70929408
45680039
73514041
42601946
27758513
12930812
57947669
71244267
16970730
28076141
26979932
72447072
55221043
58977920
30925743
40431475
14571506
44101117
24944610
43481321
50278180
34664917
79980959
59992939
51392939
74572490
17903423
26786880
18806486
11242403
52284572
10794363
28817782
68570113
46013800
18663797
68507625
77541503
55484011
45933003
29371080
31568819
70540240
71346969
73862897
62047483
32271460
61084684
20901092
74768699
19746838
74771355
14773835
42255586
18840085
44770440
71862483
68848016
29151282
70362026
36460772
44430020
61645130
23689452
51547422
49018657
46471160
74113527
13274702
59994613
27861545
14695825
51692746
37825623
22751530
32917429
27337562
24284906
36970502
21107458
67978823
21601827
77191268
59258432
75101741
48927228
38460023
15612858
64230374
40251746
62450928
33578136
30666098
14182745
15432798
13575080
51264996
66267200
61243521
16239010
52816340
28760266
64560024
70330539
71273937
26000073
50479718
34800392
65555160
54081745
24624796
54579328
49000452
10558171
38483176
26957799
64428815
26095454
54873287
30891267
79195627
75502281
74468909
10339316
25780824
66609076
46552407
45559078
34117694
13592425
74915866
19418587
44175822
65342355
25209089
53710588
28378598
60512649
53785411
49782573
39792469
38817036
42164230
30266964
65262251
71343591
17989753
34792960
57588556
26996358
46997690
74175591
46831115
35517592
52990970
32730303
78641309
39695167
30417236
16283155
69178060
11306649
27316419
55045562
30509043
35319453
60571516
78610467
42216677
62972327
33310511
48468446
34090155
15761178
37284724
28077794
33473244
39937647
12788510
33975894
75017691
77627806
24724766
36561725
74151148
57337485
38039814
47040175
59412017
64645839
73835265
26019293
44262529
66926740
12357561
76923130
57889306
45465148
31388101
36769168
13440820
13746977
50046591
55193403
60994791
43909582
24258310
39212843
51118328
52565302
75579773
27425189
58019397
17025660
26036246
57528437
15720771
12555092
26834298
78373074
47097998
31873376
52137860
62535049
67140341
50362318
69787336
57647916
42625062
74838289
78434441
64061519
23983608
59758064
22974449
14653652
47050786
46877936
46792560
26734085
47848403
14335287
43249724
68913763
53365964
27397964
71950499
63184096
18640711
55544239
72215243
11844356
56931026
78821340
69876480
67869455
55031600
53814244
39484249
34611626
16607829
67460555
40095554
24562848
27064242
51321676
69225314
32992649
75366058
60473248
41165133
76970872
37179397
29788511
37537471
67627883
61515102
69738329
51306595
70268662
68422024
78797949
43467486
21320828
63339528
69895098
12401404
32134221
75273956
34803330
46099784
74860900
74409685
51615780
56107127
42447024
14843913
45127171
50571727
12231763
67357677
77220632
21197033
25635668
21884322
77894576
64092803
78628301
62130517
24327307
17437339
61675617
50553609
70377845
63820309
47617919
43903649
34803361
19741475
55877202
13968246
35930421
56964857
70756227
61072628
40118549
31557869
19015791
71706496
22683051
24625540
52400483
27973568
54433263
72748537
14807524
30594560
40307408
58911878
22989392
74571170
72772657
40909687
68439325
71045482
37500073
66388808
54131497
53731523
10906406
12083286
35210216
40857703
60741399
73884888
45700192
71581103
46986833
74259616
39167322
44580898
71992617
20770233
21655522
24309965
78525332
15054212
79441615
19660798
30700953
67827016
39633172
56487476
40711999
37505001
18287236
44520870
62901690
50065627
74463020
13822258
47684071
11869817
50081874
46310962
39171455
58782512
47891254
45981073
13406401
34451380
11407617
17554131
52749130
35318269
24912253
37330719
12014078
75356791
50163262
39559381
63712401
43153602
39708978
37180254
45354370
27571543
48369716
39321734
36796360
35989885
19780902
18522226
40556334
28345064
12246506
58818674
75751169
48054982
58723460
60497846
61583690
13521553
44535858
19740936
41355801
61602422
46452329
17896196
78112189
53972628
23167752
77349928
41081735
35497653
29909992
78012132
14560539
38047114
38045528
32704039
25819414
27794127
35645831
69935680
14665317
11116193
22727630
52429471
27978008
74730927
41233485
71420506
27215302
48371032
77965789
51671529
69272698
50528198
44915629
19300834
49608932
28884144
57215147
78227889
73776345
50064239
47758238
51031198
38126782
38871425
24717366
74234124
52078650
43583160
72402922
12850304
19291244
72971321
59500108
27931124
67682355
76840293
44899779
10196890
51605100
59128204
73164779
51889279
22978961
33402848
55170973
47279772
71524961
32000862
25038740
49276210
38633932
17187860
60641417
51576684
74683849
31631628
14844624
46943015
22137350
53296933
43565728
64889216
47956368
52375419
53320345
68923217
24446384
48066560
40421868
72756795
61477495
37221199
40810884
45095410
53225510
53908913
46450421
29367360
35307525
30475191
27887759
62822939
11270143
37097153
27220883
24577262
37086200
63427914
71741867
63770105
57793572
66292807
70867467
26462697
31047415
46862515
53123488
61899949
33331407
69480336
70066673
68989525
70901252
19824375
78764828
46321717
38504810
68342470
21066669
19138165
65571907
78278871
56098190
16797257
14004461
19614877
55115741
53468451
51716378
27468758
40733160
72005546
21373690
73426611
56358412
75661456
45105489
54442314
40735629
14898274
40347028
41353068
74894992
26979122
40402856
79461722
36709122
25384227
43147047
33685498
55848075
40798448
17219894
63983646
19160445
36318753
39860074
32525797
54664267
60866707
50948674
35544968
33405089
68517705
26918782
50157322
33444252
54742702
17782106
65051470
18065400
71066776
26024415
63618812
22736053
15872737
38767739
59943429
55425251
37886084
59298290
55234744
51815437
45354534
54241727
35186241
55010646
54229161
66995706
32816026
26570920
45670815
15648758
29075429
39330068
35634366
78545256
69215391
29913624
11769638
11778275
78199946
25711764
55350723
32369720
66900498
76927952
43199244
22213611
54704456
32110195
31747093
16375790
20469459
19823388
13914311
41490212
72892941
42460683
13098375
72602443
78466087
56632434
19643711
17328678
45128961
77069105
69221943
67519067
13424132
16495849
11351295
58968160
57917550
53872919
64831899
41931602
46276528
32424538
18354063
52716069
63126289
59946409
60855491
40546144
51667190
11700606
31228952
61805066
10218229
46347399
65535454
41887012
32360564
54531891
45303580
56685975
49983015
67918991
21465816
41980262
30246660
20951553
22220649
17000691
63796808
62043550
31342389
74887361
31503286
67454609
23660804
23301233
49227862
16108396
21964974
52812513
11301839
48864222
65422717
12443570
58003839
31652097
63438866
72539010
76791933
34549922
44514424
14647199
22428399
65973507
62380491
77756784
60035790
24539593
49656786
14622368
15449941
71608061
59647922
36031214
23196606
76909163
26870749
32798474
17284008
57827748
51557075
41187589
21110164
62706530
58069264
47330190
40270363
40394409
34372104
48069220
34713719
17396086
55409045
72399769
58845531
14515208
40840814
49243873
10528061
38661664
61803789
16117056
14976479
63018087
70258741
13648170
73498046
68056766
63814709
25666050
13247918
73375343
17368273
71519214
61865503
77175285
39148629
18351470
59994531
12853114
45275216
56913213
71025258
59545461
69495130
52639589
59147243
71765098
50240305
12642727
57794306
23234643
17943887
36707745
61069053
26389740
31191254
10710878
34761116
24775193
20912825
30772507
23340180
17192961
34132289
75621222
71165113
34563660
54658026
77215500
29171029
20828223
36275524
61008730
30368895
37216911
44465161
22824205
76205216
37402540
52201049
31439970
34515890
13356895
64559057
56463532
26045704
75506683
54498700
71013966
28588588
31890670
48407316
78547276
79114684
75605787
40576307
20081271
44918723
79225960
75324675
61797355
61539109
59284807
26193599
13308084
19792884
16475155
52231442
39325881
12465415
11684365
23820242
11491654
68906984
39422938
57404701
13379944
35343707
58649347
13635048
28688335
68027917
67543858
64538635
27003375
71526058
42046626
57610785
52257172
46159153
14404040
55378024
17914791
32521488
55598692
31126486
64656258
78763547
79031049
62595714
14639296
16705840
23620823
24269233
52061815
17080194
16516075
43204162
43958292
35916085
19817230
23946487
76555454
35837877
36802658
67748745
53599332
21680844
47404224
58811511
21878156
36205414
24539251
31414422
21093498
62648418
55444830
67336977
26179251
50524576
75716821
78109136
21683716
60331053
43994965
24458641
32948655
27665398
56147470
71260884
75130387
76140158
37538955
20054719
13545149
12875642
35161910
12476606
77322750
22069970
54984476
46886513
38745334
18716225
17344518
62137070
47254442
40853133
77230742
78530218
75069686
56116680
69233425
45192790
70388281
33546403
46962146
22495207
26596438
22552908
15905185
70568181
62567617
73343485
46743936
13462522
52434640
70442278
75373369
68821689
24748830
13945032
34632168
21004236
58951473
31945559
13729662
49566934
14846205
56777519
61401951
23146769
12075271
19288905
74588066
52785669
58193633
51225639
22327776
14466905
28832363
17236355
76803026
42932796
34574128
68318527
66554235
77734592
74580991
75985102
21618635
42278550
70083530
58174075
78400165
21591650
33593134
75286216
14884108
19515065
62017861
41470307
56940615
71920495
39670019
47129308
61629761
63410200
66739458
77645974
29611697
15589968
77980748
18669016
26221487
71613910
59504433
47543526
77705055
70383472
58162775
47498028
16312633
17477513
21585941
12962660
34086293
79326325
73251053
72227986
77281484
75021247
30299156
76901092
57415240
67305297
72487155
12691264
26456683
17472031
32230053
44294502
35396144
70585889
72027047
47234164
11580416
43045196
63552443
79310693
23086787
21480637
31854144
55790541
62484937
79864315
50802050
28952711
77546468
14052187
50193809
67174500
72564869
34215045
38190448
48965804
68903959
42935066
62340203
21710250
71768437
46986206
17284941
37464257
60255929
78266519
13066962
30085687
35514892
71226594
22047934
14722301
52888840
72569909
73828179
71566474
34946487
30698491
29797628
49440648
51456328
31432197
77478393
30863194
39647649
69911424
56194316
34366917
64527508
38255492
37204307
53296369
14974614
68180288
59468831
14686587
10018035
72887453
27364180
38105042
14518254
73217173
34533975
10730665
42558282
33060127
63729749
64332714
42896547
51838050
64722388
31071703
54174229
40738710
19349104
34667577
75514767
67140653
70728882
43482799
19216934
14403354
66330812
67856359
64240044
67295557
62115119
79712358
77609146
56919154
22355868
46544243
75875348
36318170
20269020
51502306
72069271
40420650
14321502
23678496
18096974
41423859
62579963
18054915
29760891
34154610
11253039
14924932
74787197
73528510
37107054
73392668
36120306
69713756
19218135
51178551
70882001
14362100
47170577
36249386
16304687
70316829
23402407
70692817
50129150
62821440
59886612
19221692
46546465
79308726
72826259
51695943
23922100
50150825
59557116
31071559
67475211
44518187
69906000
39500640
14148303
70977189
61399428
32179762
67998938
44259130
44172683
69923655
76032938
54208975
36894111
21113895
57782485
53004581
60320832
33627634
56978466
39584212
74441798
61708174
23837995
75048129
33354268
77277642
23696844
46571604
68624059
18343226
76464434
11547759
51062641
72381855
57096881
61829054
51096099
17994558
18959736
70743790
47497830
73066066
52079230
13110379
65147146
36630323
78542114
74120421
21948624
11310115
38584283
28088793
47172356
70279309
28611088
30290764
56495987
43499092
46116613
29960524
70250232
42891957
57926245
66504635
64632824
14091051
70082005
22178955
17417706
68492861
77195819
68586367
77764554
47180408
77683669
25917193
11385657
18842123
75482487
42600822
66761267
72542072
26808897
70184042
59900231
67228048
29298066
18280998
54117098
40277236
29187292
42337373
34029983
59879196
53792835
75574030
13473456
61580560
63573811
67169671
50657907
20100160
63180278
60147931
29789728
54231504
63825607
42877571
47412114
11739350
23687914
44452520
73290796
21982792
63886662
27842658
16382287
16946760
25407495
34558552
23334471
62130501
58265316
36117099
39634868
64734152
27746451
22876392
18146992
75130467
28642694
37966455
77297623
36903546
42094673
44174799
43788505
23927334
61520878
36734967
14921629
29042698
29724855
67428987
67001597
43985143
58270226
34952270
34173571
32069992
34442897
74368839
32985731
68572276
66974394
46229067
21284512
17944378
63260863
71151938
27895987
35748565
10704185
38886393
12171189
69033326
17291692
70691474
28976812
19399609
36651638
11136056
42136127
63339608
24276077
27123401
17396093
72184055
65280391
78739506
51661513
30792154
10264776
10177067
28866578
44051489
66489616
29189358
64040828
18870999
74860567
73197660
77155735
36770572
38353033
67963654
78627692
42115136
31072624
53907947
78067007
45187658
52991573
43219228
58650111
56567581
33543193
57704009
11679811
78094682
29812625
74431476
28823536
22727208
71448152
14030902
79777174
59400435
24911795
58561649
30432356
67342266
57725615
42847953
13264731
15873059
46935104
59503620
76918782
72202593
49175051
40464464
32624098
29406669
30736898
72046058
18161867
74079560
41599748
49288431
32432129
71447968
25130030
57177093
60983583
57414476
39066332
14187126
71956164
27231890
69948397
39938388
36317195
51014463
70822577
25068609
53426106
43924074
47068924
69448207
56988403
10225853
56264111
12996173
74323424
40252193
52749883
50622264
53837631
47209845
28475413
32919008
42240192
50997039
53845361
46233144
52237941
21591170
26465490
44051779
51915227
44134732
63475996
13796066
12690687
13878495
70242024
56920723
35951054
45791367
44820018
27584244
38652604
32825081
21318543
28627123
69129429
76187435
67986661
31522245
32557345
64956610
33095303
32304298
69242906
50114099
40049849
18122880
18730358
69434659
63233059
46232520
43451114
17590464
75386452
48969704
50180897
38197954
78836302
70875204
71776445
49639132
62235123
60249394
61451434
32962939
37044726
54527379
22445721
75323971
61172807
77962456
69320450
77197417
55408694
71984504
75238545
28509995
56833800
72069899
26415337
49625863
76756971
40506667
79017203
30267377
17392266
54573654
61878447
44413127
75785745
43473535
39690430
66365457
56219540
15468963
59070915
29943375
79249733
47472126
58095380
22078547
16482086
32853030
28993030
19073391
64622546
31253426
11971118
11718116
76565552
25061971
19054952
17380407
47939705
16490097
23857101
42299039
13806653
17791902
63463149
32558461
51427684
61381942
26691336
74102044
34906585
47500021
35939423
12460291
64659658
40181010
33953963
13135691
65927380
72075124
49208897
50277061
70870775
66883555
40210144
26551121
58960060
49274872
75783148
51425434
13453050
36815967
42754463
16689309
71476150
65319430
25595888
29335076
11240072
18858278
42734890
78997072
45770118
73630108
42333257
17662885
72904550
36165077
56753260
75063433
55423360
25987688
18017289
11740420
51571780
72892663
27989917
60014991
68376883
55930634
24711921
71988792
28110148
18705184
11842945
20725906
21191521
28488778
31067673
32736616
55440031
41434900
35754033
75266722
30031144
14943380
36807755
36682794
78716517
63395372
30680811
45320098
65948233
10757162
71883709
57112845
10469412
17546222
14284895
18545208
37756694
42399944
61241786
19444231
18944300
33429595
24806510
59236204
15689011
29963264
18127494
40684868
12918019
72196292
32439781
41326213
72162286
31233316
18481907
57467841
10943754
50273088
69277092
27704464
62334141
24534474
17063393
48206352
48705710
57992781
53117542
76385710
73657199
30087302
42437849
77118818
60960407
66098367
26633210
24515507
53390752
66123205
29348757
24594127
41097922
77479379
38905708
77149478
32647859
36303257
78465699
21076761
41654255
76128024
10953210
20368806
48757240
45853234
13735119
27003974
46135685
69063236
17924274
33451283
21215478
20226462
20725660
39807222
38018151
39993577
44377053
46210064
16952061
32979447
20422642
28054410
58701720
32482134
41021908
43392175
26334862
26045933
76248414
60676467
49094672
58376448
35811025
52162459
70795604
53572877
20330764
67920864
57996780
35469329
15370168
68214792
41714296
23502443
62083415
17183488
51811605
79087482
57938283
70620189
26364247
17911041
69468992
68378971
11928981
55197764
67844736
69551446
45747213
79280783
66128844
13016135
59618680
29061352
26865589
64514499
69713995
68172137
60546890
10635698
48334131
58848953
29527175
63389691
12664065
14412965
17882093
36729103
48346255
31254906
76703805
28496361
33620810
39295119
20114831
46027510
52616011
72629828
26134247
24914358
29069373
66857764
76393584
67735531
19104639
26109672
61411933
59585379
68836472
72230554
32721920
41266333
21355203
54597767
17536566
34285104
39092384
12634288
48788742
15782548
23325491
59446814
42186910
71142573
53557439
53156085
54483863
54815035
32960168
79935025
37876193
20243052
32955635
54150858
70778473
23858503
10853288
25426679
52334662
76911250
39441009
14178311
56686603
54329096
47845579
76176516
23579083
77541641
16426858
66447386
79799681
60770551
25085030
19511773
65808997
58787963
14832290
37004177
31553099
14150387
25151429
17739386
46031205
52113438
55494865
61137071
59924807
18380557
69748470
14214509
51323158
73808271
26154234
49377342
16006389
24405484
72819411
75865926
65269688
60370825
53545390
26320141
28415439
42285375
54945779
33865715
42950123
25323586
55988217
60792810
18884591
52448212
40180654
54503659
73967307
23909708
75262495
35297639
72523260
17168578
60006488
64912619
38956626
41719492
65118182
70013283
33455249
55893102
21272858
33247701
79350319
54536847
16291813
47908385
23640662
71523530
50300661
64768386
69205818
54472164
68044697
33230982
24732136
15909476
52749338
33744940
47201019
18785944
21708407
38290072
79674638
36435046
19484243
61370142
66603495
61072453
22615439
66653902
16016223
75172169
69806957
55116399
72602756
76731275
32102783
30218640
23162306
12496391
65033378
33180014
74647184
18604946
24859630
21602210
56546610
52374758
39746433
10008604
78968708
32657581
75075526
14353608
35195129
40054364
50063750
37868769
11859594
33751628
24865632
55374418
57910230
51829389
25505525
14962856
42637398
72636802
50413728
52540751
19142602
34994221
44716569
29866215
29229531
29034651
40248935
27251806
69735669
27776524
70766123
37077335
28865132
36732552
29783416
40843287
34063739
47465416
34951457
42383791
39945031
42184462
66261183
47338482
75046440
29782846
52771140
21116447
36981921
76655209
27030131
11378219
48659446
68746389
68258934
68967245
42317945
60906613
12923853
22196743
71707711
68023422
57911736
76347496
23858074
41774014
45840887
39024975
40401262
46361981
14780656
49611327
30512749
20505274
44369844
30572679
64221911
55180723
63392195
42212176
41120245
58844315
20169266
75071510
44507232
73801558
65420112
55020108
64680249
13133134
70434213
41310881
11815478
23138310
51838261
79389395
65928546
68702065
13680468
64087511
44632981
54204336
30954085
54330970
63035281
23457268
58083020
25581120
50245781
13373672
42634162
76441933
58349831
58955644
74308507
48671880
79587089
26414903
53527607
46102883
11875550
18648791
37402961
32357523
15972646
68059144
30034349
42788956
24899928
46254920
78050609
31744048
34356012
56353208
24653243
79844858
56292975
70384663
44999771
50389279
56922734
64579573
45149229
42284621
49220440
68601851
55883697
54106273
65498821
28160477
24586888
39566720
79018387
57730692
24116455
41227252
25900628
68555544
27676962
77248954
24627258
18112171
36618418
51602116
76479297
57710759
64534659
44798173
23372232
50997650
34608703
51876535
19557977
12099453
13990027
28124481
27805695
42946522
76748755
58429948
10701367
63156267
52691959
51668045
10555234
62384631
32141403
53679363
37516373
60841703
69739622
22303051
73530526
21412094
32777823
18748901
59749478
19260448
73288776
27880882
13404234
44653774
74787681
28907049
65945498
10112549
11316561
65880820
30667116
62190211
14324122
18475686
50099662
61079107
78532895
79281429
75045639
19638422
69971406
64621470
44014506
67785224
71972450
12084703
29420492
19387582
41642980
41874719
71709290
28387336
10525070
13146810
43062621
77765237
50578049
75364187
50886666
61462807
41287424
61496467
47544125
44606385
41059009
67407627
15860958
39200069
21888698
46677541
79838304
45011525
72921651
37283121
26595181
25699907
13803156
79663111
31150362
41554557
23181554
78307994
32785815
38045943
53534967
58346313
71946023
61809324
27302510
62730744
27121973
31263685
79099034
39235127
47906294
55598873
72440415
78122833
75870696
51803842
38297709
62204048
45622785
76469670
44811595
61624895
78722966
11404381
17199482
76458459
42954525
38951016
45280238
72576078
75402774
48503748
44354793
70751093
20379012
22028201
26277806
37323953
47839272
46401751
56942667
20047038
22198804
71300339
31605319
28457652
73884505
76986480
51068145
67813152
56682946
40997187
12135842
30894433
24025148
20022052
28629051
60881691
37705421
55470825
60079737
51088698
56727027
31611404
18670194
70607949
51863176
13727816
43879138
31881032
52016221
24086672
10202601
40193207
59267011
75740723
41385269
25221241
56097650
58670558
56558046
60936601
57732886
58888488
32582019
56063959
54739400
13845172
64067784
46656577
18733679
77369711
29832991
11864731
61469155
67223715
16407911
43672553
54359556
62631339
59696758
30875618
55528886
77609612
54089175
69831578
28840654
46319944
79790209
29666198
27314144
53896582
24350838
12963949
47167970
12754404
22752486
55776877
43754611
64201426
76936854
47182740
34637514
34408020
13343339
37959277
61209371
26742375
30945532
64358642
10628222
28224980
59551445
29277821
73185997
53625435
52533561
25377925
20808576
34626735
35188709
79368597
44202991
15529819
41135978
60575793
58413143
73489902
50023954
67791742
64163229
56407703
35035733
13496607
42216312
47305656
36978113
77970266
20425147
33536926
35385313
37016612
58918893
12562738
39704325
58450127
64622288
20146518
56275533
44858037
66522243
19144246
33932816
40000156
46297707
56887079
37786243
43254460
23575611
65182835
31647332
79241206
23222881
60969825
73142735
79941945
48939390
25901823
18871298
63315232
42055418
18223196
56005901
70898634
33515843
31556351
61184701
31379005
21558895
27373329
34491654
57219445
58194004
64902531
53687517
75269252
15219248
29711976
26100121
10426930
60755214
70057831
33342253
27165022
37485717
10685803
75551982
11558104
33661381
77344091
25935018
64615926
11146364
59843133
79873067
79504380
74850533
37355251
41476517
74689562
39542949
18289286
51608200
34984781
56925708
73427671
15455845
72467022
17633655
67589553
69012649
61203800
10329957
15161795
47812159
32481980
11953236
53406403
25722845
27336044
63643878
12081328
24554977
64803959
33159695
57010184
17615385
73213758
54152693
34600201
34500037
23955650
23194046
23056048
36794720
38711312
68156384
28539039
53438419
36636157
54709262
31445770
66858000
32782634
46006034
20504465
74447237
35594625
71863650
68942161
52436334
11967091
45307364
20532899
70607937
74822590
28630975
37233374
68351945
52231481
76234481
62837878
10404681
39486277
54204957
54333192
70454587
64946712
35130597
77917258
10123843
51169456
42070659
12083205
69107399
15179171
17706104
39586105
63925591
53235485
36594169
51735362
27294109
52965940
49671052
24220328
32314174
37905417
10880414
36253922
71547823
42454714
78847504
37150840
45749338
45390149
25635403
10904280
60883778
42899910
11974732
48809385
14344408
26117223
23768820
39325116
18597203
46323106
79354922
43004319
63554318
26566692
53478732
45903493
56702591
61427881
27728890
12165516
46781395
43958922
13977697
11214459
75221677
67631531
73856578
17542127
52457780
13140772
40481355
70151063
53785377
65139143
76900593
52897155
19646735
62707344
45095357
56879113
49137104
47924844
21151476
50366915
69831155
20976741
66917670
41290347
26174711
25735289
65689144
43439732
49550820
36131813
54485998
16335864
42657119
10682863
60797993
55071752
46582630
64357944
68209761
71556610
45314461
72372724
72594027
38017821
66990473
64519009
30529565
63152386
27536147
26442684
79515237
70916659
48516214
28345823
60237388
43409890
56412550
24898392
78546422
48807125
29102441
18560698
76393646
30482932
47523713
21356713
66011126
32741751
32714830
54853109
53518549
58835785
60555217
68574310
29953865
60891418
12393950
30799242
55393106
56134479
64833641
68358785
79655352
69628111
77465828
30266794
26767524
52774118
70687216
38447260
66110086
41421625
38270156
76007745
68614524
17621429
22993248
34887035
15466847
31947671
45634850
77469864
43392043
38829063
55155482
69049809
37412292
12786260
61673347
29738378
73853049
78419869
37630163
44433629
28651905
56486431
36926406
15358331
13355433
16076391
18894302
45155514
71328203
58904721
17223443
54428936
58305613
56522076
26547697
14742622
31671414
24964873
34801909
11355364
13689894
74299376
19951854
72782515
56124098
38346017
29543359
37042297
63982066
14381326
18295636
17867962
60115780
67998080
17983167
60931989
47104303
18431624
39242962
79688183
79142547
25672152
40935387
11019432
17472861
76210495
53511053
65056375
37578894
26975918
63333312
25521686
69824451
57614462
66585079
44353744
33623657
65973762
46228007
65412088
32491417
51899389
64615601
35634103
20204759
55291086
37679406
57786852
28608599
47792555
67456689
52025380
65924919
48935492
26143547
23671316
41997937
65876135
22252430
56040185
69898474
30692555
57738310
25298084
44403804
60522354
41759895
34621118
30212576
67544484
35198572
67224359
24941545
24212280
21977699
57958562
73431775
40581155
52029054
47958923
54913994
31142283
55712796
22803785
64833114
33341532
45960098
13115254
74050253
16991014
68154903
42913493
20116472
47113742
32462370
62071176
75694939
16797801
76928167
38924881
73210510
25997107
31205924
57207207
20824156
31967629
79807332
14089108
77220423
63629804
66789627
31942561
44087307
47017133
10070521
38551010
44842859
53899530
44932866
52769962
68482198
78805456
43902647
23533932
53399270
64025308
13395466
64513070
63960986
45451516
68049752
21840064
30555043
33386870
70365218
14154663
26794986
17074757
31731517
33605918
51927921
21293569
21226037
29910758
42421091
25606386
55137255
70553026
70671873
54327596
44145595
49960486
32117851
41604949
28385986
45653808
46837960
50615650
25569794
29043208
74045322
62645252
58174934
67884640
52349635
23167015
28640800
41181145
60583036
40915376
46098032
64494298
19007055
23617628
56672587
55873880
31869031
77089622
18324303
50302581
35296824
27949628
19606928
42548319
53607877
73599216
23007877
51579777
52228204
44992939
44339703
74365047
71054563
70941761
43293344
40846010
54500587
12255667
60175866
16558342
66788014
59223012
21988634
51169030
71428390
45964322
45033453
51333359
61344940
54967280
65112143
27501555
38388269
44776941
63670438
75941558
24576374
62598944
31308287
78893351
68279204
68462466
35242068
26939095
28741050
36568144
32767431
69258343
43719775
71300421
73247719
30274270
13179603
69948214
39211190
72303439
71508663
54753911
51249617
79467519
35965425
40207503
73691087
57357387
59262008
34715188
23734442
35852153
39990461
37595668
16645939
35506415
54354498
54036941
43529380
24018978
45332439
31387612
55640127
11135469
48010455
27631154
14642948
55829162
35911214
73793127
41403151
21476943
30456507
54062840
44890046
60363511
20735751
51149085
51351885
12586532
53714400
59893495
43989522
55774714
55794401
15811375
28013410
24889055
69301614
76548139
34059466
13150474
33743036
40068716
37333015
43629286
64699060
55956400
79444948
78208545
65371953
50380829
47307987
19473342
13432481
27264973
30622123
44366646
41954708
66562288
49826151
29719991
46001206
19044731
65155585
33444288
41034318
71458397
39112142
29326054
77641715
13020062
61795371
20603263
61234097
58482981
66175004
13425823
45072955
33949136
67767286
66570417
73649607
50065069
15374431
12638998
73501137
56240050
23254516
16175062
17047522
45461745
77594769
27547981
30530821
12106727
63196774
11079601
13778179
37321986
54422162
42706202
35633011
11493593
25719577
69289098
44370732
47247419
46147916
79169339
34216087
71425651
19961856
71954933
79356674
47207580
34383810
74974322
41469079
78381777
33858465
29678662
13693885
46851233
17328859
61033663
69959003
10591713
55686095
63744788
75837942
58844431
14108001
77218914
63685668
72026279
57544273
16242680
41119676
11219272
67475098
69198929
11658918
54251411
30333304
44424189
36545593
73005410
19069553
47790784
74919655
75589803
58603808
26379180
22014029
66544927
55067761
28240096
72379491
35767498
18428169
28149626
78360885
10230583
30644803
64336486
33301428
10191813
40622613
53774681
63795567
43038878
50395744
56379243
13263953
51914726
60769542
71433714
34156441
54030678
51949164
71718820
74628096
40992039
65264852
57897589
18342516
47252935
66571606
27175072
58008964
64119797
32451672
35268948
66786349
56349707
23297601
61072517
32412728
46491364
50799402
13544472
56085814
73211893
78457469
35645933
31949605
45808851
32479090
69180368
17927718
79676806
11257007
61153327
35157078
29193479
12036995
68678495
57272935
72367244
48568332
14279422
68864157
61992689
51351096
14975590
62318569
17478827
67294104
28014718
77308564
58376180
31896161
12606306
13441835
59719207
54809968
35791622
51431705
71573896
67729821
67484512
13085887
18414402
33134377
39687185
41397833
48744916
14960486
49084562
55280657
45306871
24383143
16434016
22195732
63050367
58564366
14284873
70735691
48812494
52943975
27564525
31401388
72829895
72239415
38063042
74495166
57928320
78727252
67652285
42298935
72755168
30115328
30851429
13903017
11270880
21539594
77964563
64221462
36754864
29412506
34676668
46616104
28280663
78385300
61840209
74744482
33213332
55784314
55910412
51395360
45011403
69021119
16296547
61728754
29081217
76969483
25931837
20240180
46496937
14787668
21916615
74359606
37487407
62581299
13376568
59249144
29942696
26163591
16532485
21178939
65530785
43036555
62561073
23427215
66510526
30759393
69427220
11635381
52404669
56561939
70465822
54658877
62232062
26997867
35277648
69503513
54639103
75142260
63565925
29157306
71541764
22520450
37279132
65635446
17587595
12732899
52511647
72359075
17992266
67124103
66380928
20008422
19058080
38014309
69718000
12248206
36012787
73575019
47849996
22971974
72095832
62288410
32415500
52934818
17704049
13412064
44994489
71531478
22607290
12439958
78774095
25675129
20265740
65206641
54229883
47536037
78569829
34703735
75074229
63921359
16276926
59025712
63586711
47807289
44870538
30117979
66811081
49112969
38273504
28809914
70075736
45698682
24669018
16260419
10788853
39203267
19748938
27678789
62493270
24309201
75886469
38142382
33009312
44702856
62797274
76033409
40780300
79208021
79798129
43868907
24865551
74896392
27247814
46388289
76762836
19186647
60820333
50557836
30881624
55849886
10581395
78670772
49394157
25856907
44217114
21275927
20551823
69498448
15937502
17133908
25761525
27279460
78982732
63160997
65467400
11775629
19521024
18824406
22219539
29915785
48950409
58508398
25622825
29899120
46936042
31739503
20657201
53167007
16715095
56368374
78241820
26649480
76121579
63175644
34733339
58846597
42836949
70477290
11336043
69223848
19794763
48732729
57425288
15531616
19308504
18873695
47975730
13817539
75039256
51361640
31430730
65283095
61704794
63979822
26508449
19423153
31853462
32519249
69841626
51508592
57827464
23592994
56940344
55747831
17809305
53328063
38489518
25473264
75275622
28441348
21248576
70221288
23330870
34466038
69345710
44517239
30685201
47767658
27600689
51105297
11982862
50708138
53316277
49464285
48747066
59623847
61354383
61795711
63808840
27629335
72039760
55944112
39034914
61962237
65191434
32856485
10026664
27360662
63487558
62791433
61203300
56906657
43230535
19447638
13131866
55216684
59933865
46329683
65792014
39986920
38576522
79680663
25449196
41622803
69882112
29254642
56592481
37535881
17909972
40568884
49086826
21556676
39216672
19447255
22154308
58852753
14274638
58779577
13722545
50140843
70145388
39331828
45671785
42833059
61679659
21334313
25965669
36874793
14351397
24547770
50180328
77554671
48911287
31728450
59476059
15667900
36453142
70292072
44659936
20762125
54796987
40457297
35163922
30044403
37234743
16321624
34210720
51133896
16507298
10715966
28725235
62663759
35965670
48137815
58523108
60408621
58171479
44263866
69916825
73068778
43077803
50364759
78859041
16997059
21766271
54032605
41202379
15685944
38851650
35021815
76722476
72629307
12641235
69158109
72421777
51271012
37119262
14030806
79227768
67029510
12437196
12294815
25372436
59522073
20191312
40828238
13305760
32000104
60546389
59131605
59549343
49952377
47147770
45829954
14513171
22794044
39596527
29444123
46179578
19233294
11899257
43145785
68529893
56347659
79804310
57481514
44672134
17259616
79292419
61047691
53970053
56728928
53354766
23780283
52133837
66311842
78770630
47695129
52633933
58429601
16878098
55229378
66995907
23785978
63624735
75371297
77424352
79005732
36277595
15129009
25124899
72861226
75471368
55476117
51141886
60952226
78801600
73349082
55376731
17089674
43407779
60158723
62300306
46587596
13796761
30508106
46706900
33189456
54703968
34041588
75944984
54957647
15725868
21483256
74948384
43057031
71787355
15671491
65938085
55146588
26590498
18263087
57182633
51633935
26429034
77545693
18383726
79992383
40350785
56868395
17570571
75739020
56665384
78826520
20512608
63296813
24275566
24843683
22553079
40746293
52422945
53651048
55683866
55170466
22615862
24040352
15963722
38516215
28464036
49140463
14411986
19331073
21586661
50634638
57916532
42491538
23959729
68003998
37128154
63342136
53637132
46074319
78808731
75917712
29301287
61412000
60707654
24030111
10070414
74020034
26645113
34010633
16338362
77681688
53244334
30462242
48065510
48496782
69534527
44963962
74387186
42207389
59495497
52108507
64881794
29410394
17028862
77705973
75838069
24244674
43340345
26662976
33809414
26991313
18690762
16725394
31577746
10409617
12261016
79071027
63570745
44888122
44521460
61062801
37568619
39460586
70077326
39848397
61558935
17298976
38432122
55032245
61056739
45962973
10593967
23113574
50913085
15361007
14848141
37512141
39436661
48792366
62593447
72664192
35489799
72991240
57374603
25479726
42946542
19199414
51901377
28941671
50300122
34545029
72710866
44103003
26310687
50569781
12902413
56845358
73502314
22064805
77841576
35949396
28345860
54510878
11903608
51565247
50802868
35968077
61806537
43946003
21189082
76072795
16542871
18082052
55683300
40062099
73927546
43331009
38708892
51417119
24184769
59679827
32514302
15482643
27870542
54306109
25607220
26923687
25917588
57578468
62080207
42329071
69318637
11931175
20812077
43126386
72005564
37596435
12302379
78102057
12369954
46203186
59914902
40359592
67874906
56100241
16699759
72660926
44310385
11684527
61657249
59074234
75164531
37438790
50954269
15399826
11737481
38651183
29374229
15540246
38287964
33514142
53835237
59826694
29752419
48841858
68313729
64324680
59134524
16411198
45374840
11008686
44542438
26170601
70469738
10466606
72901830
18547895
67137997
77038076
29212029
79800179
54423160
21797906
31499135
48633736
30168929
17062441
42936457
56356994
23752426
37802709
73087059
26807571
17323654
21326737
29826598
26496977
12294226
27863646
25220153
41207597
45440646
71665653
24020741
20392567
32409683
15082637
41310891
76339839
66592487
27135886
51960093
22966415
44355153
17708817
45039954
79966524
76743485
20091273
33278926
41752981
65102497
76243863
31128915
42799476
67321117
46074834
23209093
36864266
51326539
63992839
29332603
29894001
26486512
63831405
73826736
60409525
59108781
38519124
78033579
38574669
25021146
60909300
51358503
53223203
49167247
66869550
39842264
56251462
73968964
25495922
51029886
47643129
40921992
55141480
45685707
16121551
17645093
71601444
47052890
42584397
59217234
74566331
36042055
77399697
20288999
68495425
23097232
58156062
37913541
25573748
74796613
40488351
49925048
28398429
26558790
17779754
23630597
37296552
10064612
40286810
37463633
32226091
58863256
44854283
18736448
77781526
69936645
30318401
64747223
20101094
23884378
36913749
37539853
30346381
32895656
36432082
36712775
21751337
15925108
52816436
66880576
27657221
59511263
71353115
55306738
57939231
48272356
26904519
54100669
78919180
21818983
46045351
45214712
42498620
70962130
79824978
70933457
39826863
48064050
24154520
57827535
69661925
67387074
33588383
37042983
75039178
39959461
14270307
21007319
75380245
59166970
13515878
29329111
27849972
65452113
49009437
23532370
74276463
40565620
74096868
39774898
48714064
74261105
70235117
32712876
31198280
65585754
53715504
16345908
73714270
76312700
72816794
79568702
56074612
57098739
33122251
70980548
77137100
68720845
14245733
77204587
75966791
58046179
71440692
13205243
55953647
24606923
23400703
48646687
51516497
15916344
59194314
51093080
75213276
42826618
41723674
36674663
54505855
43181658
47449725
79319232
68565680
28749402
57678437
29862144
48958101
25468444
42285451
66585866
65811393
58345205
76137710
39635235
51723243
69927077
25885475
36913899
72857721
15895448
60207814
14909612
73546078
23196259
13486462
60059084
26385115
64021564
28274521
52119108
31006558
63446340
49234569
26573038
66411224
56972326
56542380
63098269
29891864
48962846
55318549
39061719
20425136
71458114
59029608
53650131
45586370
14381121
28028786
30346846
18352754
16072150
21489620
32678831
53991289
43728032
44111700
30297050
39482328
51188632
44105346
13747950
64545259
47842505
46865574
18408972
23508689
28256289
73610670
45369219
46294945
34987413
17441614
74663583
45221725
23174021
45816315
71153559
75218626
71426015
24491732
78953630
54228229
12310079
15218891
50121175
41431566
24641972
59511826
42062767
32227757
79050918
41076964
51798706
17414317
32115262
14804781
22773742
61964714
71410831
70028894
77163915
17145974
42438696
21044927
29730965
31028234
71686251
69789490
57379663
62004015
59153175
64327222
34968332
44224456
59794150
14265026
26110902
63100187
15201202
18909184
70193600
33912685
25543510
71801719
26783794
55286877
23024919
60317555
19506628
66909230
74792488
42503440
37194311
65712579
37826789
56722521
41255219
77434694
46614711
22192727
42882876
29092820
41046956
75502362
60285684
76745324
19790704
57538257
68685018
55047150
19534596
28120466
65479620
68054937
68429758
67534278
22223625
44206893
32643869
53385311
21126986
73303709
28423623
11463198
46338863
67144702
55641995
58391235
34902144
26907147
79553171
75368683
74315416
42173245
12498955
16502557
69992636
40884686
15610594
59601412
22439950
11631347
27561339
47427647
52680127
31056683
15868503
42569875
22710173
67879818
20720854
48949332
61990849
13496151
15550409
11907656
22234788
11313454
18231400
51045756
79563732
47316817
57959217
36501500
74178313
63081972
49748537
29598875
42703878
79199731
50150278
13328398
72844350
19533261
50949077
41125822
48814116
17877523
12430464
43084487
75503907
52068956
47161349
45012248
57707515
62473441
53710270
68667608
73654138
49382007
31172835
73786862
18033356
43589815
10491487
35807679
70776139
38116952
59535298
66874697
22692388
24296303
58200118
69544035
27227642
67811648
67842175
62562033
26104244
20086259
74885021
71611338
57714570
12721135
68782823
60452513
66882557
10387491
71259730
18293498
35075340
49698891
58186163
46857117
49016914
24960870
56771227
74669359
24938467
57108228
52273404
63169994
65381050
50058761
52248778
78429528
39473530
28241933
73739666
27211859
24065066
27850385
21936695
38872021
60211950
15033813
55027703
73794813
48869014
78257776
57890693
60540786
22050951
21575111
76704088
10694409
37107698
66583428
47036884
57133722
20749283
46788347
74579110
69783108
73865176
26851612
77380751
50873948
13576618
16769344
35906569
71595290
43428164
72072537
62337470
73297080
12963280
58781819
34330046
66615785
64901480
46048215
41884638
58319934
49332984
66016949
43677501
11362758
15964549
69566472
49207661
48912824
73505701
44709231
38632826
38331985
49328997
23088169
13915992
28940428
39927525
65011500
20796331
21163396
74976517
72540589
56887437
21515019
54048932
78348219
72406129
74695842
49418628
56316260
21023951
41101506
46522404
10659851
26718954
67306587
61213170
50245874
78734698
23437732
41565898
61337360
41071802
71451900
42813793
54370747
32981431
44380129
39943209
14492761
15437512
55130122
34527316
21655876
53617718
36926585
20563723
17129128
40707326
34148496
42368355
48975754
21267093
23767711
31315936
21125804
60488063
76746049
77030858
46068685
55327198
10419601
44889254
44714002
74365336
34226495
40461436
41155236
35834940
77689958
17582258
38525435
12068193
23520971
34288423
49675659
16354416
73469622
25266104
16973202
78387250
45256879
55495031
42026609
63821063
62364179
22529297
21253525
77209205
60568680
48446014
38300779
29241858
16066328
38225164
69688983
76356574
64233914
35042636
39712673
35150578
40277683
63845734
78410923
15206457
79086156
67618880
49407708
48316182
51326601
36659968
63650588
62419594
10600308
47008249
37137521
19293210
27985168
52748875
65465272
21975603
15791557
23630799
51099465
25318190
34182463
25707032
79555158
77870821
32923937
20445474
22056349
15993050
31007659
53534762
35040080
33186495
44133235
20118818
40281283
21310115
36890180
61431481
36633718
50399246
74550827
52381929
75026691
56216304
57385483
35279649
33393973
52926570
52168524
38311100
55396362
22747185
51843909
14275575
42120025
51400681
57782618
19761246
16293785
52105828
33285357
57448179
54620753
21266759
40623704
10495171
51730868
47783356
73667949
33122455
33033586
65898199
47203627
31722293
52822336
41524038
22213898
31891919
76850142
17407941
55805716
30449754
69340052
76308470
26616458
17996195
36460507
49505189
10590169
72616919
63242115
35208270
13702415
52240793
58237010
71260152
55076762
19565553
23020917
70927128
42092505
51994984
28099208
19551514
49232114
20906784
78014288
16153497
35303730
77589030
24310496
13230817
66040114
67972319
67628856
19725288
50088240
21407903
25311360
24846582
74592961
44032682
33843277
69255260
30453643
68053027
64432540
31893650
54626746
69594304
13656586
15033880
52877803
65732276
24304542
47656899
61501764
41701076
37668392
49650253
17194827
35888781
26328569
64253308
50855435
35376666
45092523
64563612
38394486
19481631
72336879
45961278
77106697
20904902
67857333
13666492
72075171
43687018
74366445
34823304
70302569
32506082
59808347
12503753
74708131
77980907
39826963
71800121
33167448
52281242
18091706
12985555
58719646
74779616
17005592
56902024
27920317
42163572
57341861
55155570
16746593
67622230
72295471
62946613
34210720
62923461
44199367
44791900
28507994
67329447
48314539
27405125
38177128
28874915
12923073
59618594
54686355
75192836
17733750
78887975
31784668
26882362
33685832
51621308
25399132
72764935
63235871
41090910
46429116
73872657
24195945
73013827
66019152
44493853
36326878
18897482
41711418
53312760
51613949
17133093
26215787
36226579
57106012
79506639
79736366
57920246
15735654
38690745
24440117
29503334
55492533
48118109
37829491
65326144
46586961
19013369
11785857
13958702
34079017
56807166
31343604
45724203
21203325
27382817
71438035
72955884
14332540
30940553
50562663
57772837
20329615
28580961
45098881
22014261
20408127
10522323
10697020
72750052
27262057
30869116
43418370
79459316
75306264
13834953
43408443
29785625
79890857
25978562
52110496
67484805
70419766
12126751
24066132
52915730
44539353
11790026
19047499
50196698
48388775
68839565
19639522
76849497
77713802
22981624
40811529
61975655
58893554
55937656
12169462
27090406
62492640
37271946
78530980
50564306
47338181
27241134
14679419
55662088
24641368
29699171
31418065
78752098
50293284
37495318
22369047
19350720
73745134
79269722
78717802
13905209
18237220
30367272
70273893
68258078
19201925
19826210
75953933
50873432
55860505
10814101
74819349
32311281
20051999
37272498
17056542
57566501
55116580
70873348
53853363
25540330
71762336
63308870
62386016
21861524
39117965
62023689
35531995
30967209
35651187
37304904
22752862
34538528
28738270
63930319
47052927
60523235
75898807
32199901
74009026
11571962
43284952
42999000
18710450
77450951
18183479
52142737
38620722
19309021
16601626
18881435
50579459
35901731
68321451
32894640
57187042
57794281
79411545
11830885
78084170
43473769
10375076
57490369
67035273
20453093
23349050
66578533
36682910
10938135
56006271
10682158
65773135
36307588
47672064
20249683
31484016
65919936
17688346
17509425
73635740
30227792
51758374
19937460
62831622
45611249
24013732
30699240
77219633
62547432
45279210
18772887
23319774
41618286
42293021
28756954
18716207
16054748
20109846
27625381
54262603
48603179
51606627
53925214
48422890
76558555
20570075
74494066
68320949
28505593
69737885
18868495
31583833
56146992
56804847
79299953
18835897
32211387
46777992
58724170
61892436
47857997
17970640
45041978
74779048
30580106
77628967
43506279
46417150
39797221
63458616
79980326
40424107
71225966
13483689
50614217
64904462
49548015
35279906
14933490
19259492
69338405
66031209
30139698
51521766
16643321
65843651
31073316
15146395
46636628
64911999
56515533
75932262
68333028
77106717
37040166
79018887
27173079
69757042
22539489
64961938
50979121
26489766
34389027
42380561
25764258
29713294
33319543
40130774
57109965
16937229
65810266
28825970
77825987
58551288
54906050
42433065
51044405
25099105
34864212
63818558
14972880
70591442
76572448
51122189
19180397
65247967
27866253
37712474
65199868
13548832
66757950
56790428
44063114
54730174
11844198
67986141
62257834
40143194
23073464
79113124
51107595
57626574
72105355
14263382
23797596
77856807
24665044
44617622
59539081
56834370
35792194
32213796
27640366
42641323
77700485
36317518
76860095
48954601
49070982
50781948
32614956
29722525
56089839
60169122
31592600
23573285
75312341
42894361
50352761
44240905
46850077
58064321
19746618
42620379
11586910
70983821
31633147
47580842
38829698
69471168
47944223
16707490
21483761
25903085
32582020
42534473
23013901
13414920
68635466
11949823
29587561
78904308
59221577
31267939
14433892
13720279
26583666
73746833
35301695
60717393
12335124
79684226
78736468
68614409
72711676
60388596
65777307
38862793
65506327
17107288
60958709
34350098
63622937
30335812
58033800
24563201
75576268
34312421
25235279
15096381
31547518
54812683
13380409
18214968
75917914
46890126
53811369
39748868
13371186
16042316
28043005
19596870
15378457
48108294
72953027
45623158
25630353
52101314
18527743
45143702
37976807
12836069
68284910
22970448
12846902
32663508
26267305
22527973
76042751
32963929
71217344
77965161
65488273
17497093
74862874
67002274
69497188
41968452
59874240
29092232
62913649
74620194
29310857
53957010
33438553
74683617
11228824
69010868
60842001
78506334
40131211
67171753
23690201
13303544
48289162
18110220
41003247
35256228
44358266
60214072
27330143
79586962
73789259
43927421
76160063
50143253
43173722
51831966
34886674
68789122
30018940
66197920
55679418
14455219
46560920
39125632
44998981
77928571
60331536
62504211
57737147
42304847
65930925
40790170
64686705
32831236
71774336
42432668
17920270
56527263
24722462
70900798
15191812
58360155
14070790
69059026
61317837
75400758
28284695
70259274
72728642
46515170
66019111
61485333
77548684
24367394
32975306
37331378
72158434
75843380
74455535
79831129
61850092
65966966
69245300
27389850
56732617
40949825
75195645
32978712
39152955
41195811
54978621
20507733
38314341
65787361
47650719
14449372
15201222
64278516
63331110
79198672
30293367
18110809
15142448
71760684
62458056
69613521
16459205
23758198
29908219
60193611
73823045
71148407
46050381
61356557
56499023
13630079
29790391
58892757
64958225
47054936
60954960
39608420
18508435
17094095
58563678
49763212
32959030
48741373
54426474
24909668
39698075
16655475
14250196
69781517
72187556
64660730
30950413
13802875
17554021
70769143
15113938
79550847
64593283
10774193
37014996
45401557
29882223
76070381
68869462
32528101
28422545
40765294
54183366
77726433
45379798
15721386
23945748
76469374
69327568
51032080
68136515
78337370
68679136
45757617
27220197
17146589
63160627
78597008
17991408
41960932
67951495
71813206
60450919
68851667
78868538
66402065
51406049
14736574
33973661
68945307
32646049
74534845
67851368
58579546
76085909
10488813
72618138
31621015
52920209
54262101
42472512
17478177
47972428
31066464
16188307
35466104
15317856
28243313
53824036
77271834
45587363
30708671
23768919
44836113
77393509
68562834
76053344
59753371
58811068
67167652
27107149
33688519
42545195
18716326
24963741
23237475
35055268
71138086
73697164
77333117
25619702
20943668
48796113
17543966
69500910
20801475
26575556
12733140
63984022
39009391
28788195
17759913
55622657
18889858
62176601
58660500
50151564
63798680
62276515
31467547
74271504
74437357
75472320
11965258
45744046
34322939
23138550
72827292
60592984
34706688
42165645
47714485
45195704
16259294
25349311
45739854
41381375
28545098
14496891
57850603
54378878
57494154
17024184
47069557
43467063
26580221
76690378
20560591
71236832
13433101
28955074
15295088
70802448
39875010
26063452
47324493
50614045
21673773
29437592
34378248
65609246
72289313
57014472
67218800
58099015
13653427
54781458
71448657
61327652
59057646
66416811
22193190
52436631
41593807
30688264
48004782
66355015
70029046
40016968
79038567
27759069
61841479
63556016
47203580
78053549
25450534
16429098
40558418
79344960
54443905
28463577
63026269
45894100
75314349
20163066
61382626
22856306
11664295
68735634
73232077
29619685
16526217
20762538
54219093
48917864
20888943
42402500
74137092
57372967
44943255
71977610
74095924
13169727
22859758
70769477
25431494
61294671
58073612
53586580
29955296
40029356
71609912
52231494
52786657
33694297
61494298
12698182
59578608
72657092
77963360
79963491
77277008
47425726
79997778
50215309
16987149
75821910
46197213
17372592
35269002
28912653
10916322
52560985
23248652
68468382
50805846
55225163
18563374
51689888
66434661
39071643
52176329
25134431
35073121
29493515
45263523
71648223
63171410
59273957
65750860
23924148
72480750
19773001
30122935
23075013
12147581
57257270
56710727
60100151
59042655
74007853
28958842
57508022
