56838680
49287984
23370239
69837738
62006645
59780640
36335094
65151505
43081751
49556004
42567244
14951261
21829265
62790214
77474166
42778251
55008290
32375922
25439395
43652426
47644310
59336940
72114671
52320205
20842892
29921710
60983849
56493356
73737508
28187162
59182529
62240516
36272927
66713090
77230775
38828954
18448596
64494386
44224764
73288590
58115507
52928037
57282798
17496006
24944192
28821233
53029768
78968073
60708230
48404591
46602993
45179320
56985538
70946876
32679192
62475516
57238214
56498494
32160871
21963521
51340783
32728192
26990226
11673670
13991052
71206055
41084676
69816853
18297592
53743656
73579946
45563461
52798648
40217318
32389205
48679753
42165921
31863660
70334528
79438079
45753478
23122279
51516258
53259734
39328048
45250040
68288267
70127855
24594047
27498971
23702204
79621731
79747909
58963175
29339238
17650444
33147917
78731683
33769677
61933559
76035566
29414156
25727944
28095103
37850458
14177653
15679546
35907525
43525018
62317871
64719007
40600586
73108215
60168648
19954505
25535395
28487191
13515981
56708199
39847699
48836088
62479933
30441316
19769295
61774324
61467141
30665880
36747383
10465389
28907715
67794448
11098162
56933274
64398598
32175907
78473710
49215836
46253276
20292277
19436063
72292835
36286520
48907573
26533332
57787082
69579437
25042573
23094660
29057287
75828642
47568791
17209032
16114575
57772669
32468555
64409954
42406610
40456022
34043134
49730184
45182465
42093771
18276318
46924195
22803757
63080019
63958529
70400813
11021369
28534826
14261446
61706555
36782980
48475744
14831375
69257358
47419191
51597477
25658033
63786778
15078651
60018394
69109833
31310722
36616419
13791534
25647143
64660221
21330121
19373071
35344797
31342707
76494927
12842520
50623641
20103197
37653399
42782257
11715998
14353467
17725110
68052934
66596852
72325207
60364117
54378812
57793390
68200853
60174127
76530189
71002106
57706312
54662421
32202064
43636431
47939841
69685915
10677544
48165885
55578077
46352743
61893095
37926881
21414663
14850392
24894171
50971501
18799962
68716590
27929853
71317864
18037672
21939071
28191505
72559387
73296888
65601277
66558762
60166812
49437202
17028382
57266524
77087191
40728769
56670367
46124602
22913221
73277035
50030744
21482686
27841675
46988254
27589407
46034596
58260077
63493432
43330427
54350336
65468924
40340382
33724625
71180763
26861882
25948715
74963218
68531095
57563201
43617524
11426536
61580654
46184754
42843883
62362295
72340187
21375186
32685979
28728213
32439247
39439820
20110728
71409680
36992896
23478212
40390423
59292456
42445298
63422764
66630090
70079923
29412257
54237512
16649941
38315350
19028049
64187476
42403564
76303928
11637614
63994645
37020976
18771491
28293113
36532320
39780716
54350556
58362933
28010972
79923199
42529837
38402695
71488814
20066168
14560859
12825658
56963502
23301212
71466945
31542807
15467172
62878504
29636529
37507731
50884419
31714991
60703474
74593376
71223348
18345976
46444238
55549418
39712495
52989264
39635715
42988628
29938610
35839327
74145824
77511151
66239125
76592433
76443275
22238388
42248759
42093651
19883962
10792124
19727490
75775952
45425226
66879049
12295185
39054614
46602073
52314546
27675277
40126225
44531679
40384754
19269388
36110919
44829053
27205936
25120692
27902205
34320988
28581684
15868309
49846649
45646832
78763968
66926995
69445520
69225085
11432304
26885071
38534082
11647111
63079110
72356936
70917783
77498147
34611419
16916422
28245263
53880685
36253634
28291986
48351841
28916958
63090693
78209826
63692644
50798741
16256338
62604047
31517892
24668723
59525717
57100104
43864254
30142807
50122038
28112216
75472695
10531731
79526330
35674135
17415696
47744815
34617321
72055939
40135660
29883934
74301924
26900907
35980831
70373670
50364696
42234520
21316294
68095598
36122579
49172390
56087497
77951727
26874498
50288964
40130198
64918689
52414257
29849240
54756591
56175984
38887422
75719043
25223107
16533356
70024288
22565751
34756077
34749533
30139055
17008920
28150429
63037137
47723784
67492138
18980186
29444150
12752187
75076416
47433451
55329618
51221010
75192596
15496436
63990941
29014411
26071838
52755476
31260036
46348665
50688701
43373549
64370337
51531405
17628823
52681233
25160333
34844619
59277494
20285256
63777666
56597456
52943613
26911017
79990925
70474176
10629611
28178126
14557787
45909709
70711649
48517738
12535006
31335976
22715040
14115938
48819506
34352395
25294405
66804864
42257482
57360185
35753224
62217776
15501751
58894944
45330439
55648248
51546197
63081215
63904605
50038269
45083550
18664444
33060066
24226786
18574863
14869175
50007578
69476545
18507133
78439535
76519753
64679801
32849758
18639843
79591539
69588400
27580533
18708165
69285209
25308695
19999471
28475906
53645953
60177494
47719572
54754387
21006975
65778936
68567798
21206946
23784516
63161014
61493104
56724757
77066805
58547891
39167327
70764620
75626609
22615820
34764777
69825362
10473468
50326780
66115288
23066232
71902996
58050173
26334916
41201287
71727466
71772626
26795316
56575173
10711940
14183343
48254523
54558167
14375035
27060236
73137119
25559819
50168232
24384070
59506620
22300534
10650006
78544873
43424753
44863623
69419552
23346387
22341004
50113360
60069066
43349192
27053848
48114566
75394412
24710163
39217779
76565468
62805049
44554305
30818968
77521278
16360587
25574339
52388953
15048368
41261891
61786773
51261945
23535819
79974708
11456474
17453658
59379950
47287204
66480485
32195201
65913607
74030268
75442610
15718782
74816878
53151992
57276040
21624448
48285040
61626839
56804901
50114578
21801509
26435047
30784874
62137610
39927489
71557347
21203749
75322984
73385051
33896720
76260385
24605853
63628197
55200444
49570323
12040814
45769896
20440006
30623457
20505511
52109489
40408539
26467585
70578613
67980482
43648155
65676749
29287848
31068183
53814059
44308623
63000097
77134262
56062771
76881193
35058975
76485049
41874528
36319346
77714965
10842119
72899516
45298849
60095405
34043940
70108418
39936188
74679905
75118265
78202600
72485535
26956297
19886697
19859671
63729346
34909208
58703498
33823568
76329725
71115433
28479680
27346119
17970208
67757872
16904771
47214350
77469520
61386125
33872892
23387264
21370886
65920881
35288364
77468834
76052344
24773912
49163861
64162336
55942564
34440053
34287185
66081221
43425895
72676196
69146353
27578802
31222882
32304566
22643207
23968611
67380107
39814951
20984507
15254105
25138922
28260680
22372246
12767433
70685991
67566768
39921367
41178715
27282709
56233191
48338682
56895039
75419292
12094372
48122759
25610534
44436531
36087781
39223201
35553580
43006148
54409643
65988861
46782954
20801969
17320090
11128449
55948904
72253973
70805074
22634283
49136201
37049971
17953254
49261258
13343494
18326686
27117302
33264892
29139729
59169171
79266620
40855348
70564678
69768714
76136135
74439810
14341693
71253252
37313275
19381629
10557779
20966750
60501760
11393409
35296428
60453079
30826750
22909635
30290906
53009854
65558296
53151258
58083718
26877880
79609967
78627054
14979885
38327027
38268641
52650123
42009912
60292065
17658155
20968264
58001434
46363104
30468515
47917416
53014669
54115974
75039518
71160338
33852117
68147042
34282345
37665357
12739620
48631157
44322210
57576875
17838661
32172433
50212693
31030012
39037090
44239057
32266407
45699768
28541949
66745345
26653445
76480481
70159087
71828291
52758249
18813921
30530945
44088441
56251276
56340343
66024803
17756948
56357839
67283476
57486896
79082903
74681336
38443512
44105527
29946668
74599839
48869955
30516934
57526662
12141877
63162130
24052517
68291776
12417061
74075517
15027676
11028864
12380366
45830310
32295088
56417345
63317985
29607975
37721164
55879540
58072807
56295355
23687212
58631512
27903175
27632717
68348246
30244662
65233037
30652111
40224847
43288275
70158885
25127424
29171676
43427299
17109712
58496968
29092791
32888153
53525334
55809952
71380822
12655224
61640034
45851338
34009139
70306176
46598349
14546211
26155028
58767761
13868825
38708062
20757867
36896663
26674272
33673201
69894083
24916572
70698660
63296998
61903132
60464989
73961682
52876453
46491328
22898029
38559485
34472220
55712444
47617109
66825741
71754204
63135994
34675071
44504479
11369694
20547489
16770582
69475648
55116147
36076264
23011696
76521980
67770542
53069542
19380651
14837131
53925503
49803482
72865700
54083012
25525369
79087646
54909607
31691387
78878773
45089053
69014173
55864996
12432144
11514016
48368535
21304522
57144472
56069434
70326081
38510934
70373231
32713595
32023000
20395302
17109917
70120035
53527215
12152238
12996689
55456518
25021848
15437349
52859110
61228016
76535542
53478094
37844002
41850356
70133918
52204402
16787041
59182829
57267322
68786588
35264257
51753165
36270470
19892698
29256406
67278962
56472098
25065802
23722813
40060922
53006405
76624015
77237051
53174664
71630029
12663989
14206794
25855078
55243844
57300124
15182043
66368801
24758795
24304812
54165309
39250411
29153368
70644493
10222802
47165257
75131193
19209211
60954008
12071069
50853806
58072867
68540569
62829063
44798240
31438442
79459653
64462711
65777634
56677951
35002979
21318367
48549272
66310139
39637226
45589040
49574715
67771653
79670935
26410675
46495967
63521692
12615488
74182979
10419481
23830164
10406730
43695664
43375887
37442390
53361480
47836885
70828258
63859367
71548826
69667320
23218619
77274241
70378265
35676079
17807637
55622901
59983568
43137162
60734712
19173368
68053641
20113833
71107935
61475558
15262874
62765048
32326778
55368626
52417115
25412828
76918090
50895738
66454369
37762563
18815868
75448502
16111687
60549083
59501332
11075401
73297072
74197728
73109822
29831715
24940910
54353921
65846814
18111634
54776344
63778284
65260860
40158090
51781284
68412194
12086393
42549044
42449808
21639390
74336844
73630074
18290729
34113277
68483526
79946812
12447218
28387834
41237546
71956558
47211969
35408563
11350299
44156321
78720420
38396818
78022734
69407013
42430708
47631446
68551358
62173537
70299372
54736482
39761989
36650302
24771841
79079117
57729672
34539276
68155921
47040469
13247665
41773644
69727809
56001351
68724743
53628085
53888393
13340351
18809250
37118009
60608881
75672422
77055223
23160555
61268207
42595555
34262304
66744667
70455231
54402597
41427309
30912048
57891257
43115438
67210800
21512422
52577618
14390458
70742229
69149705
66412349
65545146
37682923
13349164
48185128
47159831
77689899
51465672
25614788
24916509
37141024
17271706
70485122
15822634
45196635
49382311
49640101
11220552
16634089
10187296
78757729
49893842
32723698
60395470
70778657
19463136
16442725
78769409
77879143
60898870
41069899
50239587
79806991
57321342
70849550
42249740
65549923
17732221
36377396
49230801
21755837
64141938
19880225
56881894
27759601
56905887
68453407
34087868
50545624
14481561
36476537
16946066
56599304
56796425
68889592
31358470
78884569
44477987
28019862
76244510
78977087
29661811
72700955
70505442
17173966
48170423
77916036
53965542
67099739
30035659
47552904
28176947
75172481
15744272
72043667
17229134
44263617
45529535
47632662
33318436
38291346
61226283
79926248
50268384
71018249
45741125
42908994
56299810
24571929
32255027
50959008
24390026
35408346
43354260
37328082
57105193
36044768
36756555
20676437
12539061
45696440
72541783
15887511
18022438
25303707
60643171
44812252
73066590
25168449
48533038
66785986
16731273
37416338
61378078
15032551
50452869
31441823
67476308
21575845
68864449
28971236
15311663
13361831
74058632
28055165
37022648
58293039
37613240
49119948
58564218
27353888
40616458
44442383
32990680
65953698
47708690
52310123
16451638
69447322
18609160
59329126
37853974
35470786
27831480
13272510
14552423
24907773
32600015
20691404
56139302
32715260
74378806
22507838
28480601
41108528
15175528
52797807
17713707
67285189
28414946
19626927
69927500
48204274
34627285
22964832
48283304
69053866
44873825
10698401
23386302
35911169
56764237
47173890
47924292
49358376
33769325
30814258
53695126
13547802
18451097
76540030
55669938
51689745
35432850
69446966
57596925
23585860
22535897
29615264
31600086
25351946
24302155
64055670
23606989
38825317
21296333
25077176
14305766
41093500
65286128
28733672
15059249
68591348
51627812
79386568
25698697
41935736
63562837
62985317
31855856
64914708
15935093
20560287
50418638
13039719
15816492
72383498
55234920
44932376
73282430
60024977
24541543
33982106
10410722
29683363
10736106
64101635
71312200
48492634
43493909
26254443
10828288
27303640
65297525
28527954
30291644
72839251
75907186
66938489
60708849
14905830
64622652
44550416
11858388
18582455
78328682
47735804
57689906
14356880
20722951
64491643
15651314
42474227
56319644
12893717
38641091
17721317
29764441
60816127
79865285
38009257
34455602
41442120
61848835
54970628
28352461
30722391
29475410
17365935
18776053
77867513
68460416
21319145
68957850
33037791
13156793
33942098
70013085
14122868
16893727
17340226
17554247
26215397
41848740
78610361
56363916
64859512
29851591
69803468
42496519
61423326
70991642
52543404
30644197
50123388
31804367
34860414
22282675
60087948
28177912
34895888
16776126
23528694
41944840
10561066
24500537
69046981
29139604
78003747
26289183
38688189
37447092
45281403
40529324
11328027
70483427
64143686
59784876
79071817
36230832
76909506
51606200
16746697
21300275
10509824
41694132
61381714
49056957
57646160
68596439
49298403
65636071
27746606
35325303
49935817
41766189
79310049
51275552
18806159
66325137
60331528
67874707
69932633
44470830
64251887
76382348
35107283
78167566
11564721
65806968
53806534
41192009
77384926
14012924
75774424
69768627
19823638
59675127
65381529
18639671
39132150
37936432
23387533
63782594
31211061
65103128
43414374
58509499
61717950
66040831
48001058
49940250
55762102
21205358
68245248
30483145
48056120
53191639
74886703
39176988
78326227
38367669
12314145
46154660
63280932
63369212
43756422
22771951
47666622
38252136
13866913
74777891
60844746
34875010
68391024
60939794
25652810
30373304
11436680
53549442
59766299
18963093
75360293
58169949
30842995
22972982
38863081
76467637
75069687
35020150
27947571
77323026
41656223
10799798
45075861
30655349
50030080
39605054
13811582
73277834
52735906
24078161
42868430
28245898
36304175
73552683
36359286
48454631
22210371
73398498
76927405
42413922
37066809
34373496
73902714
29679772
70070641
44482382
14991939
69265102
38816421
55545889
38742931
57859722
38368233
59587765
26815489
52621756
44808539
40409346
77760270
37203155
54325010
19317343
79480923
15161792
21390694
47971480
66250447
71829026
79940357
66740354
70469312
31704380
34740209
65936156
55641190
17984576
10070160
77240798
72405701
67328916
27086171
41042461
49022738
30700291
12550927
30377314
35652449
11925801
18628066
10666962
49598628
37063637
36039206
63310795
43691758
40065658
39596362
51849835
31460990
31761276
19687977
18176226
73419837
69261786
51274594
19232245
75484619
13853854
37701797
33480126
77827592
54109958
32743958
66641721
54768200
43189589
41101854
59186075
66095272
46893197
20305828
51109340
40536648
62377313
64167450
12001152
41729483
35697012
70365346
20672172
29186053
28813037
78377083
59359057
76614063
10790196
44544953
75308660
12313488
28703709
70009839
16889195
51880488
17839985
61549698
17709447
75191526
29862642
35362488
77662001
62594472
14354016
71976463
54413778
11299491
17070120
63812558
32642327
64843162
59760292
77412767
77026075
19292927
23629325
26131537
58198624
25367688
54616954
63640984
38931555
33180370
40675867
45642371
38727032
71371701
42066593
24719716
34350720
75898168
44482651
56259825
13640357
74616658
56694556
29091317
28712916
73992901
13995872
51851105
70937419
29624548
23260949
53843107
54051089
33854188
68570849
35970109
25359192
21205238
65844568
11704050
24870423
36114518
32182744
44939012
63427032
16909303
74171754
20694040
14681357
62858703
20163733
50851214
56439688
21834468
30742648
10281911
61277447
23179334
10783763
66971261
67550602
21019058
13324882
24418415
49295002
23489029
76204921
25853243
31752184
78225922
50032756
33313905
58441245
32910078
60784164
24614759
55435823
67309617
39014682
34002676
55089212
62886230
46014345
45797294
43758010
75555526
49919918
22333748
50803333
74840874
29481267
14624194
50790615
66003823
33702936
69360170
65368542
24062736
45363804
21629217
25009552
33287565
24851847
30267199
20000158
33771382
67893428
26302215
26479422
48515701
23580913
55740071
29934846
76394713
44161286
15067845
79244015
78447340
28363165
61415315
49118788
59536224
66152538
77405381
12984532
32897084
13431412
28119129
70757752
75815173
34480298
14941356
77698611
42643933
75766902
57225458
37383299
27619146
15755442
47474408
78865457
62503045
75255028
29520039
28275337
74561635
62909261
16114513
27050271
62667013
30821535
65162033
65467396
52630647
73301031
31869560
43785301
51380354
49514194
68779022
31949399
13587820
11257176
52830168
31844873
18806836
30952779
51564132
47607610
27085583
12069342
47402865
19724778
29009977
14305498
76052115
38377974
22111598
75942660
24568790
78108786
67012971
12133926
76933137
42338330
15047714
66701685
11677194
74076707
15832637
76891540
67775822
69631263
17873383
18226155
27008059
66513320
76350821
58110936
62617544
45811104
62845912
37501304
57977929
39413799
61513201
36329611
25763498
47730547
14369151
50274085
19029257
73060225
17915017
59315403
38993570
68688689
31585930
44465240
54441766
13967457
26815223
38124357
10761952
44401294
50859310
59489363
71497043
41691413
39166485
22386977
60964084
76357444
58787428
19372018
34918509
67702874
28131188
66634487
46525419
53577607
21593593
26576583
68916505
21066911
64845366
25071864
22179457
36381478
15883902
24944685
41685675
44352027
50314566
64268579
27843196
26939676
74263561
54062104
47850937
67729626
51418677
57410915
19770532
20115553
35497953
21942489
35447763
59292436
12062076
59070707
63130557
43377460
52816116
35393298
74223749
49608807
65285703
69152463
46313058
54536809
22138256
45445852
74796236
28286050
13283449
64285772
24008511
18355832
51607228
69235866
47482750
69152326
19121831
46834321
65001473
53883182
53912103
24273237
65688046
44048431
28085989
71890291
43193123
11352821
56385032
43670467
50209389
60735661
62122290
37180052
36102781
67056731
28343338
18948428
73690867
60606500
50548250
65231695
24128367
21369984
17637401
56394825
57451921
24398070
17005547
30459346
36732683
51849808
24494248
16095918
32163613
12549622
73676748
65047555
26525509
48048615
77125606
74194866
28386328
67189236
19411210
14711985
31507082
13566745
31599273
35727569
57513745
31806285
24329859
15484154
37210026
58370138
34229498
54685523
39804600
23661088
69208374
23811536
68109500
51763610
33214964
16166755
10008712
77460270
52552685
32250227
64447465
27528708
47141683
71225436
15510825
11724608
42070484
76423503
60235583
35647120
52404747
35843588
64113645
79109079
26817196
12552967
12730592
35765282
43014219
62074756
74672726
29601273
48034850
36050808
31301003
79966847
18863168
34205196
79114682
55106963
16728289
51182281
65754454
27558687
18066758
11341262
44000956
51424289
51631871
51473046
60744657
28914622
74216751
59394514
16596903
73900507
49740103
64387689
51099917
28117344
37889060
27070551
11165572
49887246
26879927
32705209
79261409
27070999
53734879
50115808
30797382
20807514
53702088
26128820
31912954
70285494
44903561
16028235
51288777
78145172
75297845
61032527
33309586
58858424
57894140
52167376
19030732
59607456
22693979
78115569
18151725
29656756
38186599
73815077
20099266
62345994
50182649
19681159
33167953
61450692
31178320
33985305
49572969
35742051
69043762
26959058
44773912
50541484
69196064
23809881
61785804
55313891
33368958
19390893
32655986
52376843
28108826
20312443
40967432
13253728
63217964
39897047
76177882
63702093
35981301
18066886
31532753
54667062
67205574
69190514
36398141
30436049
68825943
12326578
78900110
18382689
27805642
17026505
28018765
30073383
60442447
20537914
31151108
10597450
13902331
25773490
51539108
16812285
48562478
21926426
27202575
70620981
21557240
17158471
67441394
31690945
64578573
77603976
26600281
15225237
38426487
13635086
76541256
69107111
73948077
16966852
63440730
46437257
16865616
60602318
76879027
18816611
71600892
42556414
35933318
36880589
35397546
79429748
40814858
15250953
22719190
36876690
47142778
52126849
64166390
63598484
78511975
17974332
69531415
65846439
60969289
76597643
67429246
56221858
58507691
55543504
40918380
53421174
69774543
47121628
25821264
19262109
32975017
46790893
34671095
45812528
77118719
34275621
48849782
23133595
37020637
20857807
47431635
47926477
21141541
58029350
15339255
49364294
47591327
32954761
26615749
65056265
73813847
69600121
71758680
29045063
12422765
41597483
59569371
41628324
36222030
29652452
70988115
62420579
54915823
47348515
57910443
34394684
43219552
60043881
24970986
14128062
52618151
67833801
14044794
31038961
28218422
31215013
50913169
73466480
58067278
76138263
30901097
45722820
58380487
26711113
75590372
44987555
72812959
38766022
77729405
64679202
74118622
30152803
37947897
71834705
13952552
75118164
19285967
52895789
17833359
37669172
18656384
13922345
35745851
54363464
75440296
52828235
28666147
57753324
22085674
14021671
59249631
23313269
13690504
61505103
35863786
55221860
54410546
67891269
40542085
57800549
77699807
49471183
18624703
56196936
46935060
65981363
26712308
23183219
12483653
68997000
11483795
29161374
45045852
20636138
38658858
57435942
30425118
56548796
50748114
22483993
61751073
50626701
38674604
79267456
35340532
73303741
68174500
52677981
65557969
44866007
41332358
31801982
33647524
70839651
56951878
16976328
30129043
29763614
28368255
19961618
42071367
49111795
24936537
68710219
25803128
68884327
55440446
63736094
70202335
57273173
30421453
52206862
62306500
77919746
21052324
75264051
18618587
53964253
65349430
68474341
15706638
73408055
67676242
68871984
67768955
75695904
69889256
25952667
33213458
15792984
38061747
63276112
32517041
78739718
10966019
56016315
79439674
74780335
76070039
53087749
63585877
10715982
23969885
55958487
52916123
71472174
29722296
14213623
42138870
23190318
35024027
62060016
30250958
30574748
77297373
74685226
78839192
59928119
30779590
34015870
11955255
55957112
63595689
12610817
70537986
11385661
27612173
55276740
49463791
18587535
17764098
52738700
24245494
35763303
47102694
34031982
75612467
17673104
66069766
44442486
79761081
65515940
58112340
77544393
70047596
11091895
34529120
72927626
64495563
60338208
30402530
42475001
31941734
66086636
25588324
49225803
39919901
12808032
58205306
75604640
22408957
66979391
22793197
13090426
52076571
64085745
20163361
74445915
57709121
21846095
45185020
19365347
35885543
37303163
56573146
26111194
55211748
67688636
49020381
73268573
79177076
13679237
18064305
32796405
56399377
54919211
74576327
57798454
33834769
40451337
40840994
21438560
26703505
44983365
27721979
10679071
59907035
70412545
46973265
12270226
55099408
15104142
35011149
33811433
18620250
68440571
69669771
38556754
54437783
37400482
24599803
33509294
45653972
65014914
33407577
25407959
46241290
28015674
57792939
18726138
46240709
39973603
35244946
43698910
14115059
70252181
54035840
38492135
12350236
11634754
71106627
67843259
71246926
65357084
42549819
19299952
35402141
18918209
63453738
36827048
61978593
41134994
40874184
19584390
14107687
70746839
73500141
78512790
74250208
35105285
16701323
11950010
58702958
50740871
57422056
74460976
29982388
59049911
32329405
70576154
37148475
39034240
72255993
53358602
29956980
13779587
76687747
54305937
42321882
64907091
33151527
26425868
17081863
20951236
35117209
32926905
13903205
14675430
59639714
51996853
58384122
12157586
37048635
39238641
59801558
59878556
26866729
19513708
56191191
62774489
63624446
38524559
77529591
22048771
28470131
13004368
22184963
21897421
48009848
76628092
25404585
24089635
33726417
42626055
66960097
43258920
55717956
72066659
35064024
66849756
36980080
69773574
30713987
71684249
78337372
78981778
73641236
29038018
27907600
28195420
51430052
28227072
29768273
77862720
17300094
59643881
20606805
33164133
58183557
30735799
50894766
31136251
18261715
46715165
55036064
13941483
72160894
30478195
54442936
54408201
12744490
63757983
30990906
77959736
28773282
35585482
36223504
42888089
15133785
14953112
14476083
51336958
71392123
43077181
29159308
14467392
20566658
17699206
43631690
58855886
67996003
73668223
65545990
16760907
60028183
32029006
18571029
18832978
33090018
26021036
44464100
66566886
22907725
28255697
65339773
15124256
40532654
11717403
14967598
63560504
65166389
56551674
20180835
15207112
74295189
39187680
59894170
18001465
67595866
32187606
23887182
36723325
17756998
35425393
11565491
12790710
39198544
23113338
28282005
74532661
69144254
69273590
48195973
19641528
44718081
78094538
38569460
23743397
43573314
52544805
45589718
42412499
54358019
14166704
58418011
33214434
15728123
34993508
52291155
70162239
57428747
58842380
69600306
23891364
29507230
62358002
55111823
41444338
69692825
76018713
29335833
26361142
27628827
36465667
46393688
12635169
47498670
18234340
53841115
12276139
48669085
66748477
59189751
69964256
17614626
63510596
58059024
29736130
24554102
70445070
37279101
41088373
28802409
44710590
74014402
52949445
46126708
57991666
27570436
61432918
38759811
55424114
14950501
19771478
32190064
30175678
79259663
26042162
42091651
25233835
49896194
30092666
51116130
29181932
16518592
24378114
42988752
50661705
71705933
47828384
10418847
75410646
20465070
11678040
34614894
67146213
63279856
35214712
37070932
24045327
61913772
60539133
62529417
40494186
23095597
75915919
63128933
48456210
31347945
78649110
23285403
42346628
67552935
43317633
31438469
43168434
22217035
26622374
21168359
71485982
70570385
20098056
41560453
41789791
75883099
29134176
42286195
67201799
49479791
66865686
68327674
28381654
72234578
30106334
20567349
31355027
62737332
11308635
75247323
67891977
64310743
45953160
24492910
72613172
32225512
50667527
48536852
71870685
68360973
66977626
44753727
19005804
40939059
76890102
51497148
50513189
65605232
56102747
29507352
32261763
63116656
70673767
11314760
75615189
45336476
20770990
69082686
34415262
31573090
44659597
34680387
58083507
54957865
11103720
29486765
54606600
69594740
26280453
28635994
54476530
54620188
22429382
51156138
42660959
25154137
35808830
29507391
72354494
18553992
55103687
41911506
58646713
65168821
57454040
67836427
70489324
61594447
53878383
57673127
76537285
46537625
58933179
73801509
28675905
31223829
76329985
65001863
60008059
21892787
48976062
22168174
23924601
78698917
70203797
44955551
40409269
45672117
32703081
75844699
66405394
71945604
18836053
68138650
42001539
43763662
10173965
36992133
52247960
53728713
64753715
41016920
55723003
60466598
41138085
34515495
58067401
61006015
18720869
73740659
55169963
68560936
32333838
28861618
17363477
63997825
22267842
11957520
19919667
29542956
44740826
52281715
27071462
24406084
13215404
65406721
67837250
30916223
49544842
15084064
35016928
57488219
50715123
70357491
22042439
46883703
12277394
16991118
64949418
64166217
73174268
24377028
69491010
55404626
63130920
23129189
60693039
70950372
68831156
40923368
38362731
53127550
23492676
43283173
51278565
32834219
58535157
38329646
16913534
55702700
78739030
24351350
48020236
22358127
23377338
43066266
52314906
53438711
42454443
42194309
58012786
63989729
31873348
40701471
64269595
67683262
16815913
19123983
60688281
74516313
49278333
67120715
30981581
36554891
39277764
32101522
15885586
36286412
58452491
58333986
78919733
53373522
66449616
36265821
32392724
68081514
67988264
18219202
15052059
41777346
24610596
49117017
24040942
14132797
24646315
19328279
65658152
21373499
39654434
50867633
52515729
10473430
56583746
19730982
36883193
33104497
60459384
60684118
17159907
22028798
71423361
63746592
18452421
14147458
59461301
48763821
61512517
37882089
49915804
16773052
75365450
14763697
52282076
79844112
36979232
46917298
44351315
77631515
43016239
35267053
44661346
74334058
68106711
29475164
74460180
71248718
45834318
78103171
24548612
18527887
13371872
31246270
57163281
42464604
68614643
54759502
59367860
76018842
10225663
35036703
70221248
35051754
56146038
58601786
71670136
74311129
73586803
54949711
55563815
74011128
61637041
79565134
25620298
58811833
57416360
75208455
67246312
54893184
55363142
40986025
70823069
18317241
79610913
19937782
62517488
26047190
64910520
48138694
32300176
25138751
39444092
30599424
60132542
58661262
68139925
66194653
30125013
62286747
75826883
34574077
38321955
12702644
37347882
79977045
74101583
47317257
16847765
21126521
38782650
65830468
53933238
22599989
49800135
34405056
40244175
44387775
67315467
11975774
58359963
62392503
21043269
53387165
63148685
27632168
74904553
38244003
78758138
47636086
79675519
62616581
73924454
33840099
27290222
16398528
33259571
37546567
15007920
76466353
49318603
41181189
78284211
34733236
74705154
21269570
18384071
75548201
10492527
20559825
32405827
11925376
71176325
33416980
54255214
37587329
35204002
27469698
18910314
45769227
10538376
35929385
16924849
61142279
13744091
72116977
69043369
41357082
62655208
24267028
47084690
47845220
50408504
74201805
67117006
68632403
28695585
51170586
32578438
29335670
16434126
11738742
18585723
15893293
33920493
61789768
39727902
20444118
40744283
15789982
77930732
68873431
28775446
50420697
59197379
57456657
59624915
55113741
63099918
10258104
45775032
24449864
15358102
54384744
50838967
57746188
71157851
46424407
78769122
23802448
43568798
33151580
78344133
21158030
25091952
14235542
36472068
66404326
59275187
21321744
45493955
16882364
33979630
20168140
54056482
10707487
49070514
38693668
53257985
45903724
40339868
15138428
10995949
70890252
22864583
40121288
66509576
13917489
19306376
54131393
61876222
45823965
73293149
29531468
35182340
11458558
45807450
58849516
20927907
18788353
61935204
59315281
23254333
10450290
52366590
22475938
65912528
52147854
49319295
71313194
44325900
49155210
20698469
26541978
68384560
10831643
36730922
67639643
31897301
42190431
63176042
39036898
48694896
65587114
46522460
53696619
24707141
20934330
47260193
61767490
29526765
49500988
33341496
13574812
16334556
72961999
62247348
45828479
76941711
52739136
52331328
16016193
54487452
68996693
58925350
79682170
28946361
62362019
48853103
70729708
62494892
58023178
63036678
26728969
73954305
42225834
12752189
68834204
58986676
39833810
66868315
64663465
73525385
46180420
20944900
18234272
38284089
77515070
79243775
47190009
51629863
25143459
64945131
38217513
19774221
78937878
28364806
46550804
65349981
58691424
33082070
40584016
46169471
53418911
74026896
70602333
48539373
76545516
55668895
65696271
79122129
68814415
54076223
13850205
60563367
18532564
35138473
50980846
36773806
77775029
38662233
46962317
32382209
11948392
74422264
54871719
17293187
44414856
42090703
77397625
18790990
71685152
37884361
61606041
75766214
34048209
38191807
71211023
57435296
47410008
58365771
42359815
38273016
52673971
21142402
40578338
46751373
15681183
45691043
58026388
57252958
13800319
23621606
35895194
52446204
40379898
39340529
29228709
41046183
40857757
30861713
40491294
72977906
28522708
35505775
74525596
37548849
45910987
61441282
28489480
66132631
77445155
34697753
40121817
53032782
42442536
44200288
42328223
32528348
54735017
46171019
55664792
58060172
71261798
17337089
31332789
69296683
36101405
42553887
74844749
65869278
14309017
28892220
70001340
19839944
19320925
10846350
66212575
32644409
66506281
61840730
47250548
71845241
18710599
12829278
74949301
61126036
21815353
32411956
14034885
31508125
18888079
10618139
33371353
25434722
32931134
61346591
31023896
50863735
57250807
44131759
22690817
36145880
55171666
54653977
69057544
37596650
56554254
70305235
78804274
27063456
69595255
37239477
66612291
29068792
62115607
36202872
38652326
53048091
40384484
25116979
67013557
57062011
57105102
36930042
46346652
22977593
36017526
47485764
23669426
53582474
13310988
17752807
50383891
21469357
39126182
55621778
13388052
78239832
30299324
62948977
43713965
15185418
49602422
24656781
15479996
73473224
28290622
27082980
56385684
57946213
60010876
23703233
71125155
47591609
55457664
13843081
50189494
29780628
79734481
42005495
30014982
41853021
22665534
43649801
74741312
13321135
70285749
26554168
71837018
79426031
19937748
49033894
40236994
26415557
74700169
74491771
14424153
67228321
45609539
45657553
33432030
18470665
34744830
41198198
37752331
16025877
34250114
17972297
60543439
38206534
20482967
64076642
52497230
47137848
43401823
52353947
45277455
10813458
74164068
44582472
78742044
19882094
40130509
43490687
37372942
64179102
70462479
39025344
46878389
48318112
49866212
31544768
76809504
49834622
15485433
51503451
43359798
60899304
64615771
27640778
79638523
43290675
56171645
65640867
38892573
71260646
34549234
79775304
34432821
47750164
25888033
55234420
16369683
57547746
65362943
47330000
54867678
61015001
49166327
60369309
72110286
79939813
73729322
45956959
19080107
35312366
49735747
49642913
61405548
60871317
60043041
44746727
17071138
36260577
20686509
55274709
64122924
56469387
67533417
66218025
53535160
16371676
31265342
17158150
47240016
79239310
40649037
55929249
71083756
30986688
38331112
59875709
48026302
71665553
24801999
40521965
65922601
20612619
25219657
58753852
64378189
17512561
57593859
42534336
65632921
33795287
64351878
18178656
10287177
14326561
46285951
53327003
65340578
53035592
75417897
42689258
23737157
57461275
17548994
18942264
64960464
65370085
22002695
35922019
63105977
19526611
22406780
32810581
37989597
50292534
67439748
15902184
11224590
38026266
66045525
36080401
37469660
16514220
68686140
23880112
72576489
35062859
12042921
28587073
12745118
38506902
39329047
46192097
33046168
60953366
48421933
43134358
46698039
74239196
77411336
44756332
14374707
71841076
57360336
53873784
61286578
15522343
13375885
44778356
14206283
57694589
75430246
18908358
47586414
13610056
26890444
26533540
32788703
55874444
79861481
52860540
47638942
73665932
14231156
52098177
68828764
73429344
69755647
57011868
67289793
64864833
49592063
51724996
26861592
38028710
11676947
44439691
11052845
65753642
38595667
39637867
58203376
30087309
30108388
65160421
68014256
46584706
44888906
55781446
71138764
13845578
76876919
71793729
56139853
41837822
29395142
52293472
43466013
66712724
13883275
31987354
36558573
38461593
50682708
75423891
16621991
22599998
55739049
29880796
75614011
43414315
32423486
50235841
22539414
44202138
64211955
58745518
32482796
74884986
68332613
12741902
32064900
78469212
17214008
52664518
30919049
12020783
46801300
50963002
51007857
20235184
46918890
33874068
69633497
68793457
57375854
15079286
65692551
74725933
21637405
72078352
57727138
26708783
59086877
73193098
15584508
72588038
71449834
21008101
43644444
70942966
50399033
23525771
66755426
50930662
56246766
70307165
64770980
25390866
39189784
39484801
79405719
78235294
71027375
67465857
69852458
10533538
22315759
49916471
56687265
10714628
18974692
43544720
17548219
39746386
36964062
48372945
40176150
79925490
40484729
71349027
51026999
73943930
57883091
79835224
36204892
64234050
37526081
46408260
43582770
74832419
71348289
50023823
64542000
67656614
39403869
49119579
64641302
17126083
72135254
30873833
35565168
29195135
49046686
34414493
45208010
15852416
62909256
59532747
34494331
71092541
40622197
21377905
15793574
30968627
24183875
38467193
23826933
18693412
58445480
50555553
50002955
41752057
41466480
41310090
53076494
44387296
72690703
43066909
53845805
75715900
18285368
37937147
49691469
78084708
60416909
47966324
50412239
29782357
61201194
66715571
70602473
48199374
47292589
19158356
43904915
36173750
23635162
47786693
68332890
60493928
20229066
21453736
45614823
65420921
51194512
29603561
42669218
37231089
31614654
63330099
49385930
39923585
10541356
35339149
21259729
19258033
28779426
78783410
33440187
34341966
41883969
36569950
78567683
22243129
75918828
28544697
54757359
37691194
25985546
59081120
61255989
15868574
75693200
61115571
25807702
15746887
13913357
43711147
11387389
68777038
53940127
77728787
29809580
11112233
39690126
38643779
28345996
49614127
56982338
17064679
69012533
78781968
11738147
56436591
10442696
39039077
61599681
69829900
62877326
27280529
45022195
52176523
21919026
49480538
64069587
79534483
60756692
21522580
61367805
61734530
77792826
44121153
71816835
22806932
11689865
73099446
60466864
73171369
31188559
25888070
58596626
45214812
68576254
75209585
78518015
14349674
55886129
50991236
35006089
20308750
42715391
36174883
52058416
68886360
32271141
45362905
17424563
31498307
77278212
30373055
17783251
39420276
36047567
12074270
52200500
18336000
36797381
71556234
66914116
69303775
59166477
12734626
75373791
43334340
73232069
37103869
72176920
44063333
33303335
10074912
77456171
77510001
73449498
27614397
59395229
48461467
52236651
31261369
51276838
24142495
55276644
16946969
28773085
60046412
64031527
31071379
15369456
27511524
14673451
29273766
70463962
52815991
79731865
43647737
39514498
26205785
17963130
27502279
20719353
29346040
36879649
39238394
69599432
25720832
74404767
13422083
53053489
21074757
68683142
15649633
29934382
44885385
70778237
41013821
35110371
79155245
40779739
41267107
15052112
36257722
13830533
35370763
58939855
54105389
63892067
37624957
10239203
51508938
21443051
18658041
76445262
78046046
74545168
11041274
31565754
30640040
76797289
59695478
76836074
18836574
14140415
43783863
33437576
16343258
68827781
63085257
31130700
75903808
14363389
70975256
67649316
64817356
14215898
36559189
67938729
64633240
46075973
10886128
36235998
72060423
36876545
12711627
33943367
19544986
16085030
64228999
71152225
20611593
22798762
48181175
74842459
30987008
35309959
53393184
73944263
24378520
25750180
37363491
78689717
62403621
61398660
27771098
31056096
22913307
78920441
53632307
38540005
43903656
60696850
69105577
62408850
12152841
36350618
26510188
74329497
78097101
52856103
22084762
58801610
62199020
68502704
26322909
77435165
73070117
39666686
46041198
13207146
33283862
59369243
36596523
32015958
64293168
66619493
12916946
77692527
43469038
35050941
75402550
53675247
79273802
53796230
31507347
36203213
22860540
54812499
22537389
76653473
79504298
54487308
77577613
18818540
52609254
14681890
38541581
15270795
58414570
37061965
71655498
14762683
64250325
66656940
55701934
46544310
51531185
42345058
44717691
35084672
26960980
27948902
79525140
53210827
28881640
48440266
49674884
54131141
63096291
34327366
32398810
74030420
61118461
60654250
73855052
55519534
43074123
52182159
51568798
25232329
79211964
60260674
66419228
56304252
44720049
16328555
65655906
54174240
31144622
66772235
51410524
19523670
71168075
16850308
59814405
31353640
35820935
21199029
11631000
19894755
62755939
75191851
26684699
52813750
65298755
41820682
77186134
51086025
38994118
64748027
53316615
67907256
36714765
25449666
47822418
30486275
36849636
72203080
75598233
78015115
16861008
43832643
21873538
48301678
73183703
32241733
37224291
27257944
30146422
77031201
41587802
69629551
33501414
75721577
59334880
74167482
17501035
76223041
62537887
32235571
35994278
55422778
64028987
38500686
15147101
66311331
62808702
70546865
78964140
64316578
56078461
60192730
24290223
63807504
58669082
21022942
52442060
78076391
36675202
63713315
56973384
47802304
49397357
13719850
38658736
67375601
30461902
69648726
38674214
29819040
11324675
28146122
15608946
43937430
12991027
54484366
53579139
29951777
13784161
68122998
17777678
35725849
23727808
20074257
18637728
73015513
44845161
62334689
14772311
68766505
65343152
27136328
13077997
17019103
68997203
37534948
32997704
30296331
68848956
32132480
52493595
73074532
23071151
41185072
75528017
26619454
55396976
64934847
49959962
66171232
76232929
55307730
62846221
32777528
72121785
64765528
75763037
41965398
71296241
25719208
51794518
56260393
70154440
34433581
48487279
63759636
77202266
18984202
41892224
26900990
45346815
19865108
59181468
62957016
27922696
49131513
45691423
52587609
31006677
57942500
66663573
38833922
39756876
43180687
59257658
35004125
47072024
41517240
57036887
52611501
64248398
58816242
69409549
22108776
22058452
23279328
13414116
75838450
49123728
36812402
76484815
52593171
74909245
43103772
16478875
24308112
43909665
36656226
48137789
70004222
20984903
78789815
61122036
12759406
35827582
59410426
27928730
34612308
48648617
45018891
23725624
26410467
62693100
20497328
37849308
42507596
43012843
67066573
57718744
39365790
30995536
56858370
41543441
42028104
46155083
55082524
72328570
68966678
18495128
64453267
44261983
30059830
23486188
30127182
13196210
35363527
39430896
51654159
69884962
27772102
27409447
22870499
31992884
57451790
65596091
23341241
39602974
16034636
38931642
69742460
62262918
59130758
68532452
65132377
78117689
28964796
47097223
33720264
47663411
50976271
78403779
76718788
15039755
45629641
74965555
31636365
39482954
51068888
18658669
63556489
18865831
41421989
43474417
17769797
39765653
40001533
33207610
22240540
13496688
38283283
72076473
55182330
37245952
69139294
12027899
59186804
23706750
35290472
62888281
59182285
28443326
24825163
39874716
64620333
34705526
16374816
66720027
21796850
40328663
36625054
35782750
38701583
51610836
79560333
43693249
41906974
44441037
79271257
43159074
13949621
39041954
75606697
10089295
37047911
68477942
53492619
51075930
74071594
13667109
28916907
79192264
72009389
49333290
54441498
74915454
43141862
75957498
34915750
55824997
59738741
49057628
15384970
53751245
10884657
76895265
11292461
57710844
30006269
43949032
40680655
29498215
23244422
43365931
23399915
35901341
62693953
57834879
20515044
42924282
28417642
31116373
40216650
68486828
14846400
21861248
79109434
53331979
33173495
75516416
29015452
24945617
63284127
24658948
55891730
19766898
65646208
47045723
50340975
28114093
19737409
68556213
37816197
59268049
14666492
31168938
69712701
48521266
23924829
24594645
37880072
65692213
36275839
18949166
10632691
65281554
74842049
74215770
41487825
36239114
31992303
22526180
48762505
52635950
27889331
74948894
13601304
28624298
50011819
56543060
18770177
42172531
77834515
14529055
13982410
57613238
55001478
69503643
71154848
42014783
62720675
25919640
78434321
44847333
47961459
14112960
55288072
17342444
60694035
51780995
72671228
20141308
60999163
54397870
42990228
43279255
19168258
10675321
32111687
12712662
65558734
68624566
46816624
21190039
50174423
11059174
67530866
18445133
10723215
76465092
10670512
72220778
72946376
40718838
30213688
35877403
68816409
75228376
25323113
10251494
64984952
29877563
78970163
38166478
79685935
53250777
43265138
41293551
17089415
71656382
43479217
77419785
41203070
28639207
63936570
57447263
77758281
60451456
13263031
46534327
18991675
48466473
34278712
40086890
57551870
16046798
68821626
10214959
33155276
14033796
19848923
26996513
64612019
15633217
66943139
63266906
20002105
65999349
23012972
66224399
78135069
30011745
66524628
38953270
18151928
10110144
48238666
67613811
26226353
43811432
64952932
23760190
57650981
21148103
17049346
73293609
58309688
67245357
18299169
63030330
64376037
23043573
74395766
70777937
14413709
17924493
22436944
31988797
25790984
34142481
16520887
52801748
36281229
55957182
17381308
32923229
37042692
58993260
57576954
28641090
15882475
24204168
66654626
23793649
42424242
44619818
42873724
36887165
40319156
24572164
43635454
40699775
22376721
40125070
10272157
20001578
27530076
30146036
37371888
13781314
38590000
15658979
77130464
76143087
18909838
22539102
49934074
46293781
67132744
16557154
79880289
66753471
58606524
70379342
28175213
40303175
23534162
46089837
52231811
33538902
22960785
72771259
28443325
73451380
76030758
66536293
54147863
41355465
75768873
48220762
58477844
64656449
42568032
43833042
34335101
46009174
69449701
22408847
26829789
60225255
16678998
27938161
44872621
47916259
51879311
69641933
40536519
72898311
77152958
18582230
54334828
45353921
52390791
19805438
51167015
60555375
56922072
11760366
78191837
79193315
61463560
70711754
20524947
75815750
45023093
33890265
32980122
64792142
49896834
21041598
25713534
48342284
59195993
47191085
24611198
78508464
22455419
11132742
48251687
62267720
18725165
64534128
28093499
73084627
77121539
33622118
74149104
27584047
17271619
69365555
38610282
55026392
59150293
66638030
19334060
58778282
37753015
41662903
25432271
35884532
24629167
16215865
47071635
10127758
62374352
70472464
56494830
67763509
53082725
78307895
38487834
55261974
63490859
56829692
53154190
14636951
78344422
57451686
68252426
23743247
78481439
11947607
27544242
69958940
21863778
64382711
16183998
41608834
14734259
38245058
26615850
26127511
53227087
16265130
21055939
63047591
43282633
10126081
68460579
19426760
28766290
22386746
24219034
62061045
76838537
46582752
39045921
74172224
60219739
52478309
68872535
67673329
77307239
49093167
60586641
77875130
39113112
27370907
41312477
33913473
21005372
74019182
22781460
24369395
26787168
72800653
30043228
27393048
36670407
53537050
27877404
75655410
41108843
22740604
10096435
54743436
38790812
20528607
34074948
29092282
62427258
59971621
15969294
22012874
26861729
31082089
65484583
21898159
55889984
19578375
37879492
32685060
76765703
79033899
58205061
48927347
59629143
69759810
59909781
79163310
44605829
33821513
36111565
79332239
22182279
55596216
43081479
12156209
15445358
12564469
10193267
67482596
69675733
55830266
49281884
75280409
59124073
66831973
39653926
26262222
17293863
53948920
74754139
36374985
43428468
20808353
77624286
76867858
10627674
40695608
28439883
62570478
36043970
76451038
56050380
63304729
51471551
15149000
77739064
49751448
32901739
42936149
15742491
26031847
35776963
64831344
60058767
23336206
11485362
28044248
38939503
69189815
69803857
61834412
48992575
26057209
66152667
34063552
52340295
10627116
60338968
59174915
45783776
61906948
78839411
64203061
58532659
28087889
15447697
15238575
29730409
49932457
56891217
64343086
34931681
52813894
46331612
75647441
43120525
17872573
64742570
35462313
59611733
38604324
51913913
15744846
41952563
79038817
68869245
40391026
66460699
27052932
68227840
36651837
75735470
37061748
21351035
29588559
72484173
41274347
28265624
27231479
79441333
51896871
20220078
26478134
39326173
56381460
50607765
35438599
72393513
56969408
42081513
58368467
61001134
24831476
74260600
60225010
57775948
15858011
54345344
38698479
39639953
35985553
41571015
17018651
13451350
49340603
39521862
69963474
32181152
57371918
57888578
27306559
71405324
37971102
29176176
69604427
25434802
28277770
59003824
53923963
36499352
77630578
68363660
12025063
76489518
48739866
31540924
73251231
33347466
12787546
77584160
47356411
16993172
59694889
48476999
78897002
72042195
33053596
34011733
12112548
63766171
22542133
33097458
41434666
72933063
18481664
36559161
72970899
69402828
47085249
10196850
20428778
38741893
73303299
64910481
35813427
72701795
66020617
48459308
32914191
28446246
77193046
11973638
28036312
50733818
70821988
27709576
70786343
79133289
55694194
10593673
45590791
20842630
38444824
51425983
70190767
44298269
79531669
66241860
23551671
73533165
24170922
24505783
52129241
34232206
33860881
35298350
78132833
24405951
30937480
33906817
29158446
71254684
23850579
33759770
19721905
61053099
65570034
52844999
19802384
37477310
41389950
65935503
60639230
67050774
14726081
15102970
66811489
53269731
53601295
72077557
15358520
28456652
79983208
50475917
19102080
64231853
41359819
46425089
35048028
66279053
21975968
22940692
18157252
61267632
34389318
56326162
67387394
24146672
10694695
78366084
53954503
33057438
23845381
13231303
62669067
71367991
26526733
31072404
75830345
11265527
21436388
17979368
43190950
21993227
74157641
73409446
28789006
50973077
44790740
35083676
71286785
50132495
17702009
47299037
50922265
50387833
31471085
60697301
73057921
30561667
20212945
34926945
63602546
21649215
45271554
35949709
18176423
17987781
14282432
63544464
17179056
28782611
16287346
14837418
37669228
51888040
65180069
28468942
43648442
39845319
52646339
52579702
42152867
23743456
32386973
65902243
43552307
37364352
12954839
68715090
58462459
57254324
74344602
77111645
43422374
24591951
59662063
49360203
78688673
60473737
11843499
46890229
20952946
18218544
50450349
57520687
13680022
62877418
39700883
26916828
19750962
16596843
69738641
78636449
73941118
16721664
73071215
59362969
47760872
37161194
53794482
30760947
26393332
17159778
29005323
14909031
41098848
23320805
16651911
72972934
74943790
78016344
56670317
19278995
67932808
36811769
49374622
62004204
30514307
48932059
78369244
45453978
13465211
79315252
49179353
69327432
35571372
55724654
69758876
25776255
48593207
14654170
10085368
21339241
72347444
60265023
25180560
78503266
22670753
51408622
39203921
24915502
73492275
74593026
51250098
10758519
52019783
61652285
79544433
15500264
11259318
21547326
14079731
39923216
56214363
52398100
14026778
19715086
70330781
62159606
23079812
27699128
27885096
37447579
11335091
48101660
16072762
55096293
59599006
24526635
59590594
25284336
70892410
50437091
74858110
78983915
64570267
34701704
32955374
24887492
52141301
45325299
23865562
75083110
46215171
44465575
67144642
41509479
25583482
23447055
26104829
16573138
37816410
31816902
25934354
78326647
16137005
71663155
27717798
65373396
49659605
68649125
42503745
22420976
26268657
53885306
56291686
72181147
70130864
46987061
67370997
36371429
56547587
23297193
14015270
29869525
18055165
61759990
58264656
27003318
36421137
51481017
74982572
13403864
73655889
70628500
17348621
17861492
23615996
13000112
15217885
61394431
66903713
51675653
23788829
55228404
29886990
31068346
65560449
25325291
74471691
77299902
19007416
62293239
11438577
43164318
28395755
27968390
18972239
66868487
55783253
69337964
29073031
48554034
72737696
27753998
52500363
15210276
42087671
24828676
51302273
14851157
34999518
52187755
13497733
49914871
67518177
45296225
57589437
34657951
13505644
14398344
58806253
44347582
49158077
70664197
78948931
58563897
12625151
62649519
32851842
77984191
30524271
50480636
17151413
36730405
43090603
61285444
49227269
76396357
12147627
77570024
23963374
39056423
32705902
23127310
50867831
63853844
12508491
49786081
31647468
20314741
41151455
15684134
76350038
14704244
31192205
27692411
38257252
29305740
18415045
19674848
47497709
50297468
22252839
66592241
71013863
36467766
11284986
44510508
23792731
68131911
30100566
18360535
16946748
51972335
49887345
27188957
52328896
60408597
24677653
15920784
21916081
64962111
70421221
38576507
46416425
38444281
25841673
53177235
55352887
69499069
31297838
57959906
21568960
34160614
43522727
25380216
78939405
58941563
66814090
75504075
61103494
77125436
14923254
27285791
49531897
12933600
49714078
54935478
34448807
62333015
77948852
30950294
14133108
68408875
68642704
15620317
52728763
68727390
72200245
40220470
32288612
53656889
19294619
23430179
75552864
60046104
54775891
16463182
60885898
23786454
62736096
23990600
36104005
77417235
21430830
32254953
31979481
36390097
38208392
17938122
70632703
26910341
64617623
40996363
15277022
22505452
25160568
14848684
43106064
40821534
19356912
71882960
53380712
44899650
73953636
30607764
67716724
48738674
19148618
46920012
52104324
37968655
45917107
26777317
69622468
22671241
45477307
24465793
15544321
65432283
30724758
76505308
40329067
57406036
51408208
60852991
77952835
39303021
15822581
72277013
22646760
60609983
64363408
16918692
28387825
23779502
30075969
72890098
78347863
56031624
10462496
69875552
66963289
70907533
67112621
70664902
36186240
74500632
61851513
48425259
14160448
25633910
50320614
26927700
63562442
45452088
50425381
51794636
41711970
63703874
73061643
69840305
12456120
76556762
65830293
71538886
25967953
73786152
13835699
30323543
29045736
49754799
63803205
79404451
18657322
35257852
57450574
14779399
46747176
17571710
11674396
36776957
53819391
31742258
39281071
15721932
15563188
45774513
29755755
48956839
27297654
64274693
70744208
58430758
12494311
52973848
17524943
34533056
40740223
49711006
46944634
72073728
60747738
42966021
43856308
62256685
14999127
27835560
66366357
21937660
28912008
30072071
43141770
28356294
23010762
74752060
10165439
18568224
51715715
10310822
79693487
62606434
20729164
46542714
75050629
79093776
17653072
34894983
25576353
20781884
32536962
74459730
67433424
11554884
26362547
63995243
47710612
22778590
58865366
45796538
37154389
21471663
59626882
75223592
73786696
68617098
26565332
59210224
52322930
39298585
39373924
66730835
70203853
57994219
15489197
69500980
14223361
74155799
78472888
66585704
20420322
75332333
25818903
58093854
64981613
79742784
22069594
35403537
17696475
49733504
46258814
50185728
54725400
30664621
27981215
66654939
14259266
17062540
74397537
13563523
63346985
78103541
36466144
61649876
57007653
75219699
34966047
63523818
64188379
69507353
72852936
35066744
56381754
51470454
27751077
18637653
25206288
25889515
66487003
67301123
15069803
60239717
37859477
19770966
68355582
49217020
21628062
67733143
56501234
72069117
68591624
63148281
46182376
44945071
35364472
41978983
70753134
56655957
17156006
19200526
34931589
62266075
12141608
53456082
70461416
56910459
65823680
18404423
52143470
50618468
78214832
57150571
53620843
10552235
32287563
12831750
50704217
26298267
45625133
19223137
78404039
39078268
17433476
54846269
56119724
22722968
36717618
31503224
63622568
50733840
51334944
57489635
20259425
54706097
12194589
54498089
21731824
59719442
40823653
55812706
47148579
48904878
68923030
39016911
71890816
20631729
46571304
23538110
69422310
24454226
53959392
39015961
24297615
36947487
17804308
61723403
31801068
45317103
45360413
49974576
68906809
21789332
34320024
72242650
13276525
68549207
78591597
64718568
70554501
11422989
64907619
63704848
76960181
20324982
72373773
78508291
55939086
25611549
22258000
39882235
45448349
36362898
61848974
17547266
25764022
31442349
58743746
18453892
37363242
36486445
59189068
20264996
56773253
59118972
52910182
31910245
45011656
14517597
51341210
64042675
44933452
47643687
33839712
37355048
45596246
69342909
77322871
59623554
13729345
30342790
58113479
64379597
70956574
67841735
15532170
68464855
53196687
34208973
44303297
19202182
26000761
68117245
10958245
19941427
38757658
14621401
54243099
72512936
55740232
61918810
75545446
41052628
67264766
34382133
55368713
53038706
19577986
13677239
79409498
79384063
20062653
18628941
34128929
37133748
37841482
37023299
78253582
24392003
70757730
25485223
20974768
22582526
26390270
29212157
22009771
41499789
59873574
48957890
52841086
65268683
36299203
15392023
13276950
22965143
47566530
30549135
26268644
54503051
30488020
29827060
79376661
40145176
25373988
15034518
34006114
35113928
54082413
23087636
40909307
79828140
73850851
54777608
11435406
28282290
68562416
28411849
19797384
64831320
49662357
18187706
45259965
79174153
31978033
67927834
59629804
27970622
63203519
10286424
64398119
42362264
53505200
65497736
31896562
54989456
27701873
18416385
23669876
39069053
46533236
35100972
55512539
13157166
44690826
58159582
18326859
53854771
13772202
16379325
41529645
74063356
77920230
42952284
31236790
73708537
76855705
36475627
60143628
79352289
25144674
62767260
11736409
26547923
14444230
59181415
55342753
18114854
36942505
70492190
75024446
57612710
51933064
78496128
76695197
55100953
73217608
28663588
32126655
76912946
24034942
53962872
68006756
16012905
30767371
59634768
70668218
14623448
72556225
13986159
35447630
73838249
40226075
50886308
14335777
15698474
22912338
73007095
44016545
48198152
65994384
65325064
38265391
23822283
64203712
72631531
32493272
62057053
63397648
30529592
10920817
56873453
79655038
79726526
24853499
32363281
48317705
26291051
70705644
43438038
70269315
46156965
32315538
47172867
37483641
77775016
58284045
16312511
67011762
65658651
30100047
16709136
52204871
51502575
16514479
46926679
72785739
47508616
62226984
65892026
42634570
52612909
43535472
38328090
30820817
12228622
33469424
36144832
58790191
30195850
13856820
59484529
37449365
47364410
23561522
59144280
72773476
32415668
78473921
66390631
70808953
74556296
57490056
10426020
38435656
15983975
74502162
14368287
73716144
55472878
69922092
66912310
65950776
20725747
12180048
39085641
14247078
38814991
20016674
61409132
22584893
69963488
33623243
19568251
73055672
51770556
13358366
76369036
44560661
42152272
52985366
53746918
63277608
26413680
23837641
23241231
73194778
66420747
29495106
74140004
20267072
60742473
55921891
34209734
70034451
79603004
48180271
77146577
28371528
36718513
77337658
75039738
17391807
12768748
44152341
51518268
74168095
75670089
24516040
18984694
60970225
12970792
17873032
14915778
25853006
10892555
19875594
15147140
32115144
21299280
75925905
56290314
17515749
31387308
67851505
11978574
71439150
74355384
22304497
28396751
46091587
24143102
33398968
45359700
48544454
26050432
17755541
26381763
73619283
53867631
46139797
42528831
41806035
40660192
41107122
57205185
38834968
70459023
44636598
46610441
16392635
26292314
60533361
69806663
58134923
61372470
32510223
15410153
77128395
24401253
51055242
49407975
73155428
18526006
50509794
63970985
34443920
53105297
79886265
24206688
62649454
67290819
41149563
60882264
15084042
30218099
53514046
72899790
58834994
74943866
54723607
70525811
21457960
18636633
30259995
29128629
27686290
75969253
16864864
68237174
79711274
65931855
49246564
36989750
22502805
11210762
24273910
72925895
46773029
21568934
41128779
38836957
57484612
60460027
43298936
62061037
69193830
68669995
51859753
60643385
18457764
30222567
13499636
31112245
62721836
36678164
22688033
71463181
19146838
20747844
16957966
44300985
61877366
18054510
31553750
53650289
11452120
22381815
32456548
41808969
63758435
50841609
13922070
43257600
31446698
17042455
33062354
37862931
36159302
56852713
77946064
41549656
41509673
31551292
13788093
68511965
31019603
33318621
26650262
36112244
60926552
67932496
22117866
33881899
38141237
41724597
30639035
58918997
18144330
17233033
62582963
40952343
37763936
53479193
65547620
43086480
79996400
43994622
66921724
42160371
35058415
23676686
42836162
63604676
63469981
40833917
48889776
70701797
50750488
40959258
15519440
32919787
45053123
59424179
58704445
25794386
34518110
71702759
38627885
45696983
30327747
64888874
14557763
14922093
21968209
58840089
36248762
54093936
39608832
67326139
50038925
24049150
20631827
75466864
15964144
39982890
22421222
63661912
74185348
73878873
48956609
16930775
69870260
37394081
27194085
73396631
60727945
10820295
25422517
18370633
66158024
76731040
27459979
69453076
46657362
16611106
48306098
36266045
24297729
18730447
68750349
63391207
11708280
38797126
24954727
20858402
79226964
15642245
75502931
37518922
44751525
11205850
31101883
57403025
74368209
41832671
23931698
64353845
15377909
21768231
39287340
47220159
37187957
39758437
59054217
47121896
32410454
54148624
31562597
58264020
74183273
28633572
13180374
46726202
19021306
73401030
51253669
45189234
24515522
28181472
68212365
71230537
57012963
51510157
40933577
21971663
73921841
73534011
17900706
57710125
41892146
24021939
58861958
34233401
36948406
75564382
32664270
68674353
52077847
30125835
71484698
20706243
75020276
61813858
20160298
46084748
73184920
34270000
49467919
56325568
64979405
53998655
56046759
48130752
60487268
46048284
17864973
29069809
14747493
69721181
53465436
23182220
15613102
70289027
68029759
34469470
45540849
53111367
29327301
16484878
45311275
42263576
79761389
61504199
65062967
43426951
20842984
60344792
21818323
77994193
39554860
27109088
46019595
13621358
36112389
32712567
31530079
31245872
36356352
50510057
18821544
17950517
37233145
74699499
47928298
12815870
61525029
24879684
26722564
45216005
78110705
23406444
19138463
53568440
75398168
69581570
35103064
25068734
22959149
41902210
35988099
46184544
22138916
72073520
48939090
52971780
35105928
75320574
40514613
23453614
59370929
68793408
25247411
34248285
16744232
10669048
61406271
48161195
13709948
63840593
68920177
21147081
22677107
33497870
26740845
51129600
27040037
22519375
14132239
40383418
51475905
58733695
35730458
47511476
51216370
12839093
25780626
40718017
30617756
15988698
23202436
28535907
70226414
31831005
35456963
64053230
70778336
75401437
49533550
52432056
16355918
22929172
50311383
78110399
77574117
13438262
50998091
13588917
52083010
70106799
23429631
48115102
74795722
72251148
30097160
20193776
69564797
60203481
74914362
25305911
45717158
52068787
77582643
70606590
37886571
24116639
13619484
47630246
20171952
16699810
25446029
59320966
49816269
47785506
30063435
42354681
76897551
55156608
44084304
36025762
21941299
18639545
19726999
40124537
21222160
61089012
67767869
50908292
61296249
38354563
78394243
25619460
38709714
38414678
45582761
78061905
34564307
42264392
54109411
35442717
34208251
67550657
10771838
31642610
51118554
53827379
24048151
59533459
65007038
40026792
62057146
40770243
29076894
55650436
17147190
58850208
40388860
19567104
43606442
40534507
43325513
51606287
71293836
39679459
79172379
45586043
11311223
22613034
72998984
36372427
13981550
52576630
23513895
19810853
40275633
30148454
66330951
73218982
18767459
53796608
66933150
33410990
68869097
74895298
39537764
74294414
32932960
14918047
23061682
71258489
35947677
67280549
40576901
60420411
44250087
55706609
40540282
14434918
14926603
64514633
44056989
12467419
14149115
30413705
25326198
30093974
28916315
67979841
31525485
15336575
40225288
25321614
33171101
30706766
51667314
78034108
72073448
41580928
72525395
31087717
60779177
64007809
44795298
71497608
35551733
65753082
70727021
54401145
57595359
17800346
62079663
57668016
38037283
30137030
57679635
16546130
16544487
26205757
24579738
58303311
59567764
42677063
76158665
60619223
16292186
26713461
57591989
12196502
51297907
67338762
57400754
74615231
65476447
77311637
17805438
36587697
47327425
35458356
62924012
30778833
14499996
24008801
40331763
66653577
14559142
21892089
21994676
12673650
77038784
56941312
24623804
77177009
63723349
21725045
34514145
48821907
17431858
61890225
49498120
30403800
14827520
76422949
30072151
72446471
21728104
58308583
51139344
38909021
25438270
25581516
23729041
20897514
22383702
46730846
12727188
27610492
73218110
39074415
60000893
12816534
53048680
21960013
77980741
21963087
24486357
24199928
72798153
40972937
47406459
66508928
73680342
77611022
17809082
14334175
25699837
43949682
34823056
67695024
75558307
17026605
50921721
25087650
20126875
36676943
30704980
31494315
69551178
69747051
48635574
51200904
61487206
73060601
63936124
70154943
70387023
18339401
36002585
15923442
61529473
27392854
20362309
79651537
57500464
46324588
52785701
57351111
35223867
34522681
76828424
23409511
25129037
58700231
74392588
66532834
20158960
51831925
17817635
75079975
48919618
26205710
14348363
42844240
55578993
36503615
48019966
53822088
53987535
28271287
58054765
20257851
55491302
65912809
13457639
28513628
55845456
48593838
15237975
56563368
39514532
71559847
14260555
47732541
79613883
32596958
59397216
19024274
35131848
63077359
25178351
38900102
16499943
73006597
15408120
12597629
12483217
72737121
56827865
14212033
79553382
74770634
39417459
36698979
16029365
24795582
76945487
50047100
28493431
65529672
40470890
67711562
40399878
34402881
67998556
75850556
18530183
44064540
55682955
53920565
66583236
73580449
57854744
53841103
63258992
73687048
52110882
29996541
15351688
21476814
44225127
23431457
46867397
17184935
48054496
31609212
14782369
57037190
49176897
22190965
19876371
65702293
26778577
78875244
44024149
31343338
10090809
25340704
46284292
58180535
32284004
42247228
36354430
22648536
21804837
52219243
73955374
78852735
79282859
68827903
61756289
37925227
13522763
16758241
77897979
71384523
78441483
52168988
24591170
10772485
21923618
67639454
13794582
79266531
11559494
71794203
67242107
21613240
19891402
28562651
45344823
22955414
35300105
32411250
53723168
65646815
53403058
49040273
10516211
44726350
59886135
58615073
76485676
51465501
58867998
22411273
29792427
12611070
68358401
48396958
54021841
73501461
32729022
78271200
26790628
31169583
54067511
51143797
49282495
15943803
46182811
77959545
22168641
73010298
29557087
48643980
55131955
34095748
43886887
26464976
24509800
48708212
58110910
14169469
14202926
14692211
76974487
30509132
10715065
29947229
39165508
22779307
29353695
22269876
77693545
46982036
34827981
61880299
49306502
52379458
38691416
36208074
70603046
36125961
53490117
51914797
61311634
33764712
77591728
42538060
68817123
48800429
73257031
48410262
38532042
11349163
25546082
57849283
42316860
10453900
20227056
62119614
69248402
34773164
48215132
32508668
54433650
65534124
53432100
57282207
60790163
45064968
21073047
44608632
13723677
13848060
19057926
56481710
75768169
20025600
62483138
75406007
35300695
17185624
64639915
72432376
36702042
57397096
51127205
71146198
15034256
66587692
67181129
68402245
56863569
31318286
60233250
32179072
31805577
72036812
63668090
75504411
51488934
45046016
17413442
50948969
25640528
10251804
43223308
55940648
30317196
43383007
33766069
64976193
75457812
58138903
30473332
38260971
64577846
10236381
66607129
77117045
46730059
73965476
46218886
18262207
62089022
63815383
32999606
45920530
24490678
75659914
64970969
46214555
54683599
34327339
67104574
48137592
73118160
16680783
36482799
51222980
68532417
64686580
32259913
70848858
62826101
26192130
58716864
28157153
43859146
61400040
60049739
27466755
62858002
72210484
29494552
73980785
32152956
33400527
67894259
40714232
31898211
32507849
77750721
78113250
42025169
39374564
63442171
68999686
71639715
25158028
12833788
12197018
22178017
76889614
13730458
30647506
52751308
35767171
14017863
28126707
31037705
60905087
43750020
42525836
22407225
41814353
30257274
39399664
12428708
35100932
33709703
53916393
68569607
27231829
68166415
29024903
67202457
53013824
77577101
39906651
20205185
31774422
47910694
19187705
45344823
77127816
76538418
31906323
15231844
54779805
22283617
19186767
39244781
38502684
62447182
73655574
39880411
51289781
62336153
69098278
15555487
13847997
59450219
15661708
20483270
55957035
76764502
65530433
77394050
39423025
56384562
44190101
53452316
24838473
61677176
28249431
65266467
47215125
51968873
73937286
79790894
10735895
32790073
28618235
55749542
69830045
15591025
36888640
46250106
63055655
46222101
35503951
30300211
40775805
18215318
59058076
39940456
20701308
33209329
55612200
34877043
46418591
44717815
62097265
26393745
51193364
26279951
77052895
21877679
56371667
29156678
39510464
22748280
48444864
68775278
55737525
60014536
51565309
46171175
40894814
48158778
49192613
32670046
68913665
71063804
63626899
13772557
75178959
40983193
40531880
12930613
62258977
17917519
11658721
41956840
26508006
62844338
16037181
42009360
75293060
53676563
78943507
29923948
22190979
16628379
41855839
24856134
65743091
60339687
50290244
29998415
49743207
33254810
77819175
69630539
56500453
69470855
53256463
32745077
77634258
38752131
65579037
56271702
68027579
73093197
65938909
33107435
49134105
72761350
40899560
66008888
21780838
16129177
39571434
79820795
71437113
75566860
54062756
52646200
54774666
11557350
53203198
37714831
76076643
38328589
41382579
17379071
47921667
71246971
46255000
12407776
22551595
15522745
42033316
72091082
51530867
66240133
73337594
21413453
59395533
75940550
18749869
57547665
69040796
74741190
20020051
41318793
52150318
10277594
21887854
70930475
43454827
25965956
12742187
35059158
67087660
39247091
68735437
47429656
71979456
30326694
49822339
34570524
56534554
27057555
55152182
76892082
13284740
41478741
21886720
27823695
11614929
12622986
43083491
66487598
69401960
39929246
66820851
51128961
76649153
39180144
32255175
35448811
46079445
34826414
10371354
58722254
28852627
27031871
73767968
79222305
40523416
29458770
44859423
17616440
79280352
16495472
11990300
25262162
16345771
42330516
58177485
15624232
74109933
20492287
11502249
45498529
40865841
45849120
45624854
34540033
75116235
43018384
14933442
66757035
30301075
37532707
47512296
27278152
59970924
58922204
71456983
44347955
70544202
54987951
65222442
53036188
49776283
69045093
31672123
62768631
41332789
12593579
10993077
50921599
64383730
67058209
14197803
41247686
35756661
54963907
79010565
72895297
62426638
32034656
10666569
77659703
25845656
41677108
49501538
43053849
76815922
51302485
31879250
56610772
48885762
42998483
23295773
44521246
53789922
26274711
19517066
67936571
22156118
27217581
56529331
68523649
32014683
32865800
27394354
58226151
48724627
48565807
69441294
54658433
15261851
55607892
78289199
38115811
26066897
12957983
67889449
10072728
65771089
11379197
66006654
28034947
79476829
10365184
78598597
17894932
79695519
55681642
72539586
36060204
46338060
52997956
64247741
64500996
58868287
77649888
28405323
36322117
71830696
20890247
34645470
13816249
39708299
12340464
22234095
61642089
66641017
31832779
53021589
63883918
77047301
68232942
73315184
69043662
20487636
33583417
19990982
65563248
61490643
78626330
47637333
63410652
27291907
15327905
51338658
67491825
63929670
25600521
71804390
79598972
17605595
31627464
55657211
46279002
37195424
36008075
64213963
29633575
74306778
38987097
57063174
49959933
46495005
73149550
20161479
63563676
21848183
59637483
19838365
79961667
20813149
37695538
62849743
20168179
20640208
30801080
22109006
74833880
53885380
78029026
46663338
60231247
26889378
79099275
22285941
22234879
29183744
70810076
39806482
78133906
27483427
49420501
57167091
60323972
54465415
68995414
25295611
61118900
58806622
25980326
60031107
77005363
10440358
60371580
15939142
47874665
57760151
39170137
51556920
68628165
30228914
15237664
33099049
38816527
14121231
21884371
63724346
79071309
65853252
21012467
34974263
49282679
67429995
55448842
73796433
15615415
68053460
54133083
28449967
28865328
63910086
19135107
38084974
58426459
10920284
66390791
73317008
58021380
13370303
69514730
36933858
31432077
21673742
55467947
30799502
30193409
43408961
52008442
79581283
52746445
33163142
42478904
56766443
16122830
28196082
78123135
70552493
40410288
46848640
27226396
22427544
76565000
26225435
68708704
15934550
45429015
22124718
74886115
46968350
54344955
65658349
16153419
58374933
15364500
65200187
67641706
53930933
34612816
11988735
76744431
46935148
31602302
62835269
73631241
63775417
77070730
26683422
33439930
31357510
22049068
34732170
63168840
56069393
13410088
72575267
20069525
73251260
79398088
43354466
49972576
75556548
56025175
51108416
74853852
70852742
10796386
39167539
17842890
59423829
72357895
12988653
57626017
37071539
46520157
39157458
71595253
31952433
47152448
78977856
70810141
47509684
67416411
17662654
57740532
30124099
45255896
54955817
65512868
47932008
26961443
28540738
49189754
56501179
32230992
50766782
42258374
13440826
70122185
62901295
29814861
29235618
41236998
36610863
15957406
16632798
73584014
65613975
36579271
63028842
56497722
63576677
56683665
75340806
26503079
39064923
76973187
76267379
41348840
72478704
61488964
78000522
12235628
39411901
54980789
35810937
79119311
61745919
64692021
71174773
66320943
62096193
48734195
43795216
13340435
77223623
77142719
17554397
44586375
32875255
46497756
24887617
53497553
43100189
51611702
40129335
25815361
24001700
19715047
27477137
30562388
76492122
32013805
37358441
64762356
71858620
25753334
72495684
42032034
48394344
13205824
27475843
67225911
51463857
37961555
25167411
52534224
40216679
61115193
47846001
54618867
69528520
77468339
32595584
41576870
11657495
43288721
58695579
44356666
49064318
22969561
24531024
15838788
23180529
44283070
69845553
69768456
16574326
49460306
25856327
33841519
55570545
57947611
50072369
20304861
78943257
41895737
32061196
66770787
26748175
25399379
52171168
23750529
78494840
38806657
47511451
63307891
53576236
34287839
27781497
16902946
71299965
36598813
40329003
48786561
64831526
49652125
79853723
45168752
48130081
64919146
14354164
60042299
36207044
49011460
54625347
60516867
56732851
79851555
17105362
66884349
53218531
53751973
67042492
31450636
27192916
64764250
10833338
29601959
55353600
76629883
15986001
63464441
12662581
58051701
69672949
48947884
77959431
21035950
39195178
50420097
50553035
19698653
12845253
29178348
40454520
28086359
27452946
38473463
15125174
29211489
66737052
39875100
68405035
12946890
64478436
69380532
30934088
48406863
26327505
19814418
38497995
55380711
31978600
48789062
37799321
19720868
47768125
10196676
64276271
29260856
66865297
31673163
66406523
21607966
69778538
69307189
12303662
19100247
29687163
23920072
24691514
49717409
12111715
62681169
14982202
52379128
44452143
71049457
40382892
66810467
57763215
11920292
47840320
74324626
35125645
47098673
75470047
68819880
37784881
70152735
56455706
41900505
51249566
58078826
10252765
30449132
25445252
10589636
43889268
47243634
27561533
18030012
71356474
16185146
34177063
65961662
49746351
52342796
25235745
54285470
22878717
17752906
70441316
46018418
28541673
43076756
58553788
37100636
72335511
39682218
46776950
72980805
37394706
23173055
11793532
66068197
21892740
29992392
24827727
65334074
13930730
72655083
59426699
57517228
72393535
60270874
73860422
27989468
78042874
65125395
45666805
58924568
20277119
61016871
50517870
15992147
37616144
46048792
45977191
47216686
42243557
46181248
49733637
70821909
17654128
74888125
34877608
15648568
51169451
10048133
40030626
75954161
72569766
56502971
25324647
53703613
76503836
30113348
57601650
44496399
27395633
66434452
51418704
29668452
44365309
30428919
54829597
42141354
16885198
72109539
16407817
61231382
76054578
54686071
58764791
10132390
55532685
59706639
37760050
59491057
51944983
42356972
43930108
18324865
78095940
21773388
13126795
70750444
71368579
64178326
71449375
25136914
52517154
71345856
33727138
24632680
44504016
12045143
69108009
19713521
29593206
78054007
16276312
73409274
13966986
42538999
69193551
52618820
77799151
21573852
16215362
21301495
35681424
55213724
36615265
40289684
18149117
66262055
16487789
51355170
53979152
62485595
42137785
43050110
78688460
29752489
18974615
67155792
25124532
77346886
11418047
78501988
27752835
36284101
53072077
12375708
35303678
34492955
55337959
67699582
43274615
33759524
60049501
27066253
28475049
18399940
78349955
21683932
35452973
35353910
30957525
75472696
47955887
45681134
11201565
64427230
20916518
22019574
74232330
46042530
53857709
60418945
15014582
29639050
14056836
78699799
43735558
20886458
60845468
74924208
22527049
69543633
77750399
42956142
40256159
21195994
25650226
45882227
48695752
18664934
52531834
69686288
75074396
29245034
54986322
11918935
11051613
77293184
57416736
67015878
67881367
60461866
55638342
37785363
49127980
45779008
70338639
37970277
73607759
43634721
79232054
36570775
47889489
73190956
17290477
53407904
62774490
12928831
23475641
11742126
71164627
16148477
33501379
52820149
73666711
73464032
18867772
70704187
55534692
17223462
32689447
76697002
53716123
22365085
50665875
34868278
76788507
29141339
78653185
47134668
15353156
70351398
38406211
26499722
13513187
62646833
14666175
19799098
12452609
77152915
64452123
78220624
46140791
71385860
36322642
11838370
40209901
19237304
52068137
39740696
19895958
53893683
41877400
45305495
46361955
27869167
78013882
69892127
19130519
12802935
64397345
37282006
46789818
19400235
29230401
53243011
68694632
23279876
47244335
51186747
76481982
28301926
77700380
11714412
32126788
60967006
32181876
20475632
10454123
38589709
59509409
54365233
29773327
50722176
54538269
38865858
75970783
22912408
59327009
65600246
40264966
35753443
19491799
47040093
62292767
77239542
50192902
67987384
61839527
47482454
54820113
41020362
38242367
58249821
66273187
66385676
22271182
59565831
69630202
74088233
35925516
65056412
34875470
56112836
11134721
44497076
25542357
42284850
29464213
15473728
63232962
16092959
71469707
68355321
37451060
48954022
23791038
52973588
13076012
17910275
54160322
47618758
79707389
78434092
34332472
34949535
24188904
63344068
57018064
44378931
18449509
36366703
50661300
66588073
72095936
69554787
73053229
76650220
11656408
75009473
34367345
42252769
23106004
16886491
66085705
64076523
72904984
75376619
34686495
41780227
40114169
21164909
66654772
30791136
29624703
79645532
33134030
43102873
32199121
18476778
36907427
53309832
13817204
79029078
36610668
48561361
16765606
53182988
72042177
59759077
27698864
47157009
62049614
66931178
65295334
61632107
78819653
73339153
74687434
27481316
21265177
77092371
10982326
31764268
24330970
14688354
22606783
56855158
61960105
28737816
18160796
31935743
50162021
18933224
59204132
53888823
21200573
34679186
60344242
20660218
60729182
64267309
43643638
25152702
35770213
52919902
21299088
57429048
76317432
49095808
71408760
37740709
32774824
40796578
22426614
21607605
15914832
32344232
68665509
32601454
49469868
49143110
11036855
48981067
28547691
61658546
56213189
23553076
25567266
27963307
68820591
21460034
30703438
27420783
61843329
56735822
76491077
74228255
22869583
15716902
54959753
56384987
65100361
65275187
53315766
23237766
64486877
44980883
25897157
30187993
46590396
63001268
52516440
63175174
14446904
36109228
74007408
49213409
13339455
17715873
57880925
17159703
24859796
55098911
16307525
37445475
48218612
39224014
54438679
28330669
19610472
60674409
40653699
52200555
33656056
36640935
41664877
12568755
61232135
33381817
30394019
10857806
68355761
10885389
26341728
38630797
64979653
30614131
22249613
43499759
70005899
30493614
53211252
15430681
31757173
74659206
78092355
39508980
37870139
16169018
50708677
10964521
75463697
36638576
45153411
32788278
34556503
13846777
49127005
54544050
58046929
35963367
48841740
30002444
55823939
23182839
78532917
63001358
59502689
62231944
58163139
52432399
44452461
18407469
50108332
25147988
74431868
16211335
34510300
67134417
79394094
44697635
61745198
30524848
24635931
10342902
35023043
49311312
43751275
26637284
55996591
14445172
68951055
60199074
39495602
27864654
23409417
28978882
31979537
14603854
31900257
20642623
28232903
11461290
13128821
51749638
70895136
75757423
35873440
75658755
68612297
50267397
34781283
53690191
51486394
29738101
47485995
61938800
42028432
45434190
68967519
48970572
43290065
28078856
59691982
59532433
62189544
27757869
34805967
58667045
58134392
60888375
77492670
44975416
14942393
41737071
15282968
34775934
53680334
57436769
38800719
65763638
27197473
64219617
14547043
23830629
50048648
20760501
72979758
43527124
70520987
28990593
12739203
28119350
47649542
56027090
50978777
32964234
78223079
74180384
64748322
63845614
32040833
32378480
26086923
60334837
76873018
63534230
53287657
79644087
17590927
79575919
21977874
47533868
19059658
30246643
65926813
28425753
19537316
64680996
60409928
14775957
49245208
72293006
26632198
26213914
57530959
35530476
63928476
28727363
40684015
64742707
65132453
37043326
46633691
49942439
47478124
54731532
75441243
50359120
57205376
53259069
57463797
43460117
13311336
77918272
66610795
55843361
23773029
72597348
50169862
32214891
60232954
25867136
74852156
48152261
27272303
60857374
26078762
49578555
61660077
26910519
56849741
46549227
69936761
43772195
35697356
27306015
57768428
48000056
40072160
23451585
25735150
55799148
10943997
33525753
78320277
33126736
54431691
63933303
23293326
26342768
56916424
42812540
49005271
49125170
51946142
32530347
26118396
21443394
43703115
50914990
52476081
23735319
37305025
29251779
62480411
17564873
25822237
57867874
32436429
55311445
71385458
79562923
42312305
73401026
70052768
76906873
33341916
29597923
77906989
60524945
46479368
56568677
39483393
24642101
73022054
16124741
78431050
18598128
69721768
76113127
63872898
52780033
76056203
74433925
76383024
32160909
51202306
63517877
29098667
32222236
11309842
18593553
41256241
76709911
49422171
71521579
62069422
52807983
13382593
71881758
25712023
24122133
62021105
23784451
28825472
52971177
56021826
59590846
41433931
48850852
70862060
17617494
30051235
46117943
46487794
63518693
68017352
63225123
46682132
65876886
21562741
72606252
34104408
43847972
33289673
38715170
59684721
26922733
63356459
76765907
28123362
42535092
42183328
77253438
62934170
46302127
56494392
61921158
44221380
16676504
61165294
34641213
62906507
57603117
40275724
73439459
26878304
56203554
20543908
17175498
38575682
38603594
12376504
61663596
56253292
58671351
22395634
50772689
60491560
29027143
75718785
25140859
61890965
63604952
39324233
41661040
50122996
27998829
52404702
34466052
60442279
20209716
64245939
22641718
46563437
16996093
37568941
57247757
61197145
73417367
28427143
14232142
10352071
26634871
39315030
34831651
69127562
30527917
45404677
69593725
53004356
40352322
40609742
25741917
76978167
77330404
35001506
56056119
39770538
77090556
70625060
41762760
50659476
48371268
62359110
56037859
69823790
21134373
48232134
26673461
13361636
52121334
75062273
12256028
67654091
49956510
60990201
55332313
25632361
58246155
71221363
39275146
37030806
46491053
27086600
28312705
13280927
21899697
36129008
51230808
69745473
52071024
38630390
29699539
73796218
56529352
14073952
76854353
17486393
38793586
13052341
11240866
29642050
68207337
24745425
58446973
12437666
38184692
29948421
35886534
19258993
60949406
60740979
55778081
52388470
11061663
16963520
74101189
49631568
67676510
57740529
59200613
67414210
53714852
31411352
30445096
33672165
77500281
37730360
32009527
30637913
64008228
20078059
22803030
63830265
21100301
39049731
15502642
19753845
36132165
62696438
35017754
58923948
73916019
79019720
39490117
51541408
40016183
50681825
17530754
12406137
77934828
38701562
34854632
25337597
78333760
59185484
64277684
79152520
50129601
12738473
77002201
76107840
18021424
62695049
40958013
46864238
27378436
78831796
39392170
12715354
63036575
72689229
58102442
68594356
65219262
43360790
36563835
52277219
67893864
65935761
41212530
25457333
66905214
66694744
31902428
48849928
36748178
24464240
75456071
20663919
52943602
60433616
72054735
76430328
58025745
71765712
35352271
45904727
11206222
47974725
52018316
42113507
11212187
35300558
56394403
21454192
61891625
51968044
32236451
28374156
24855182
28456231
26102285
61967452
30993905
42290266
35189057
50913770
55448213
47600448
11301807
14183130
59946744
75556266
35625584
55042400
49583906
27784378
75689029
23601437
16791246
45653495
34373381
38839385
22112752
22218518
62965718
16497558
35703639
69804424
27512824
24314140
41397388
59508311
63123905
58461122
28434109
49394477
63974526
26537112
54263974
28925783
12246944
34238909
10980685
72337658
69310027
23648474
21822821
10538570
71202505
28291733
49099001
20340895
48279943
29409001
13511547
79518265
23978770
47774642
24730099
19972924
22659928
65970965
48091631
71651692
71119858
67921991
73675742
74292657
68574601
43150325
30164544
71669252
25612578
49133320
23873392
78963882
40280534
52681531
26357923
58414551
49180245
35839360
34062925
75273517
66419979
39564419
34679412
21319028
46781732
28832538
17664570
75753510
63479689
24500320
58107376
73969397
29428007
66352707
60219741
52627846
17392418
38508277
50896792
43245024
55587250
43488522
68560942
46152771
45803788
16027577
46291385
42902080
70470206
54636328
61367874
21528383
63868867
70347034
21309147
15385059
76582478
70283101
75180190
36308980
21676289
76557999
68395538
65869546
63275521
54900708
79436150
12835541
19087421
64459546
17236037
44626692
34518860
43875582
63192702
39967457
40715477
13753620
55227462
24926395
34528386
19567545
55574340
44565854
46197541
63122174
41081674
37599305
42295096
62535272
32310827
41082045
63392442
59155612
23724727
76865769
67018670
24478249
72477305
44587839
66816623
75845154
56058872
75186947
44217630
31745952
56630784
34272405
41540882
58760674
73237128
76236237
68181075
17818377
67410139
77257730
26004742
59674570
13427510
16576485
57319183
46526392
54501904
13808416
37170468
17238639
57741621
71389916
33352032
37379105
16362322
70063737
24839364
23878640
39184157
31630152
38782289
47838986
45861185
32042635
13636362
45847756
69050628
14572459
15888974
67111918
29244708
44419849
61829508
56245888
44054798
54725501
73482976
30966141
22053754
48893995
79835014
68644347
46436800
44776773
18236961
55364308
72918808
26890949
31700762
45891250
36767792
77303816
67814010
19250312
34467992
68809676
20799248
46711751
51965958
44818997
36046127
54161743
40072120
20209412
10770127
15315824
73371866
76757690
22773412
30775345
14362735
27652857
66892438
56627170
71128478
33110163
26121149
78609535
58543838
21823524
15915990
44612579
10498121
37147236
42817807
43033547
18048344
36198270
59475701
30469882
57108881
27411989
29357346
45391972
15949225
48122576
45102938
52658727
31241138
65988332
62172797
54764248
76526293
61019650
70756856
53762667
48494976
73484972
24031262
73453064
44032179
74959232
13370262
26316423
73026643
22819830
22567567
72453981
41596842
51962787
69241231
21150007
56303564
74035282
75141238
72848250
23745700
68038519
23511984
57476651
77374172
50538540
19153914
26765373
75031615
77425463
70212274
62164152
31509726
11354884
40483877
45735315
72458353
62708290
14681714
22156821
32969785
60661724
31841268
13990798
77964843
77381852
30216877
13354091
52193055
52771561
36764441
69919806
72617892
44159972
50662159
75524030
12120388
38799423
27840174
42256352
21685311
21853225
25465199
15518108
78637582
33663765
23889861
38282608
51742840
71118496
61514103
33190740
25004491
14715918
48494746
30104108
45752625
27253761
54779096
46076441
61349592
76467904
33337544
22535553
18793532
29057690
13013958
48896432
19551981
56046071
36126219
20771489
24116700
52540836
16196953
79025127
59895145
63748761
34496190
61735011
63561806
33719081
14919122
71964418
56140007
74388568
44213706
51050407
19042797
64442477
70199806
30255501
36932425
13400808
36385193
18497917
18852120
31775595
41076851
57422756
74527482
50603658
77905117
33318702
26705675
38822858
66696669
39362284
55970017
35496851
63419311
58567545
22998302
57535509
75659299
22815900
35570188
19022317
74827691
38510583
54258259
18777397
60109819
11950003
16457026
31913447
60729588
72296257
70805678
44861710
47190940
64273073
75336568
14217416
58340519
22424019
10212464
35432688
47093975
20241596
74950316
54089641
22616266
23582260
25151300
63237861
60965821
65140192
52892387
22181923
63633117
51564245
68953282
70888716
51714151
26682695
16121007
57666920
27463852
30679268
71760670
51614414
16984402
23171308
56882213
42490022
79874924
12372334
54029250
42146131
27633881
62917740
36622082
37425327
17113157
16766919
75375717
53098262
13747116
58940022
46070411
39458954
18419741
49035988
24108514
42369289
68008583
25242046
73486096
46929848
72923483
57010606
26484138
71183966
44330236
73323166
34895276
54967020
31747963
66863345
17348276
31666049
30480277
26947139
71728826
17951855
45650005
25313089
18531079
74930161
41059688
76380059
72026159
50667895
62986581
69950941
58931297
74853524
43245612
73704607
32265958
52160701
14255927
48105800
66732751
39297546
54556179
30989380
47889255
70408274
50784846
14041111
76693163
11461006
56896709
21060775
70563057
41241576
79652312
18152320
28438134
45210049
16121875
36314138
11186241
23644347
54626448
29557534
44247995
51119619
72839199
44654764
66839801
34910051
43154112
36093758
24101181
11769147
77675173
36338557
12444242
60195121
59122454
52080754
50917082
71306903
62665410
33937903
23675674
11758723
29563512
67222631
54034828
79108854
12469375
52513082
35189026
40826186
39593611
20707148
45508799
27963748
13350225
76209079
35490941
26618702
54153864
77741012
59172101
33653864
76414575
44935035
14980751
30362500
75039798
14805956
27873785
36511308
56746262
36608548
26063363
75721578
10439051
38844401
48900712
70414831
48238654
13805218
21866912
58722298
71402921
32254838
70899681
15677227
36832858
25822701
30059168
40968611
67352534
23549742
13902948
30377426
48883199
79200644
72140176
34936694
35931148
36439480
35592602
35626925
22655491
34980417
79963210
16267212
60598921
33273906
54001114
64175235
31144567
11471933
31739509
62256150
10900737
45347478
48023700
54190170
77927535
69356276
42495074
54094624
79942042
72193247
23580113
73297073
67441186
71350588
11091047
37910475
34631317
12136137
37432795
52502967
71557182
49423344
72109705
66568411
75209229
58946170
49435000
68362624
67987724
30484487
26757866
34460343
71753795
36806776
76286860
39528950
25954625
71554089
64577775
22484316
32152345
78227862
13408729
66750182
40989764
12069616
59352132
79461468
20852156
71877734
67562276
46678093
34798958
66415490
10879333
42803121
40073445
13644016
70597385
70134747
32438521
48510528
61933604
60646371
13206578
34352728
10195018
33828315
10751326
37220953
43489493
38522046
59323869
30593374
71070879
47080307
62252175
30808276
38878400
44361827
61276408
73396874
57211103
41650513
32763132
28367909
18188846
65803915
13520075
17163498
58552038
12752246
27388004
16997456
30309591
13148608
63056689
77816057
11486729
62241942
53071066
61339183
24938814
56336823
41427876
42129025
50893018
44694008
64395520
47189276
22497308
65833609
31398446
48439465
13596327
55292982
41458766
47798953
70474993
13376046
69086582
69866033
21821059
71699318
10210745
52922213
39291614
27733710
73065732
31257415
44145159
10508410
47024273
38004483
12129040
38496214
33171652
50442073
42817434
14432183
42227056
67413069
19753992
78371507
12170863
50694337
10789434
46334116
56865667
50530559
43415661
25240911
74759204
14441608
56021174
79557993
37814593
50583654
46635204
66267996
68861990
16619565
56275306
57656059
75757268
47318771
29392447
46737031
18097034
16461863
63984672
16242646
78807898
30135162
62601125
78800073
59832547
77425299
15998661
49935521
58061061
22732268
38173421
12524522
63336585
19253358
26079935
54001187
79453284
24079969
35981822
46780860
27327631
36524042
60676596
58667383
79682994
59419879
59955476
54746522
70032524
71828534
16562569
75136333
14363566
46224281
10237863
55280799
57133023
73322960
67542937
14417043
28433288
47415672
25951840
70827857
79024694
30987431
40923615
22058956
59311584
66491519
72676336
35682699
20832934
58967364
55941021
10673629
34325424
75653397
14292112
61056574
21392958
36607493
67805498
23908187
35897854
42283315
29913095
73725802
15881213
37397601
54469008
59366191
27140401
69808685
44106126
77174194
47531633
69508668
74515468
26498419
33124247
50239540
35434038
18606596
31425470
55104831
17780291
33125158
25709931
48069806
41507287
66003358
63318004
56432437
18409532
32646385
11465548
29204177
74232491
70639314
47425714
53284385
46244181
16050454
57574997
27637184
75554091
38459451
66152126
52652000
68282899
31997269
18077882
47580747
12527897
53794498
66872472
31437179
39336730
70273927
