12193554
45388089
57850986
32544500
11822546
33231859
66869910
43920673
32791652
74228865
54146468
49091326
66397438
39311240
13600152
12791843
15126675
17269920
17569505
41055429
56056105
14793589
34794832
42220559
11900423
53303589
61543080
24969146
63379818
62624481
58272624
43610665
26161454
39680293
77092118
57892873
10037527
69905672
10993713
58193165
14237670
42885053
14637710
58352034
12857529
58409094
56725376
60826056
61357629
74584423
15939034
69030946
63517716
21144871
44766479
28793652
44566863
67918135
34892692
55686023
68789266
73857139
52295487
35779950
16956996
57845137
60096283
17900936
22124851
33176573
64291787
24306208
37588998
55842395
58123834
68035569
54414006
42200934
69418949
13495038
27720668
14948951
53829977
74986707
69251904
17717167
23713451
62904480
37813837
54178988
73900119
26020692
35894268
58947883
27377611
12280257
26413546
46362634
31660579
70547870
45314367
29876076
57342030
36685754
43625899
34773538
44687959
51564293
30405091
13887362
44529549
24545307
62200408
27966070
58904353
36016298
54494729
62298572
22947013
21802822
69746585
47791135
45640636
63463236
12314031
34054618
79219694
73956959
60545773
58259472
64115727
71993307
15927802
60768978
16301727
20168955
70511685
35981766
47764819
65875189
62293736
19895131
38583580
36095581
73752288
57242477
15192064
41675009
71574078
66979810
16191884
52662210
50102856
28449509
56175513
41509805
43665435
67050689
55916772
64489870
34699738
46466520
20293784
48801655
67711299
77016663
11701192
62821473
15104511
40665496
12469174
24024332
26584100
43356119
55038078
47271603
66925812
34837542
42887281
47901781
54291890
14636148
19484452
15784063
39746373
75735473
49785304
48494372
11826525
37986471
59605908
23796650
55973515
51771353
55815916
69240701
13527916
33835414
58929402
24112101
10661126
23568029
52814022
43930646
54758789
67469021
22659548
40012395
27833193
40751105
22337870
60402689
12693133
27478866
34044835
10350520
64126845
51420206
46853187
31105412
41943481
40186140
49314141
76635321
31530626
42344924
60326592
66341340
70273134
13913812
44721503
42058216
79434467
13435668
66877055
21411532
60832682
46335582
29777502
40037900
32423587
36397809
31907209
32849900
40635731
58530917
27713100
63170450
72175209
75512199
12380885
31213182
63376766
71700744
76584034
40207897
73448742
39877958
57593599
64537435
10887533
55968551
43603757
23860246
10866498
23173940
52233812
16318344
78377539
50642226
53519124
71534236
12421945
48411134
42264640
71557193
73707218
63533291
72686575
59457440
29548339
37382210
35096082
46385529
36523284
67697972
15059908
34639065
42152206
46722825
73506587
76332403
12996470
14178952
14730534
58378182
67415356
60219936
67624251
50260199
60238689
35792990
67706658
19549422
73835874
25147898
69147074
29233699
28065697
38007633
41198906
79019891
41986408
57802689
62366992
59423617
37343678
66868448
12692208
16335944
52356334
52785397
12917251
42207228
55776866
13774789
52438331
63830101
24023722
20793882
45297932
26322798
35360867
79742429
61381426
50185651
75418328
74617841
75259184
76075713
59982491
77257136
15042860
41854381
75925811
70155117
10711355
70562197
50914482
68132595
17527672
36468747
17258095
67686596
21415042
25521139
33665450
54400457
76297884
40398166
39174767
36575595
27436546
56460340
45317233
36087680
68402384
41011157
53194360
20037859
20940014
16799363
12779815
76369933
79188597
45030275
67197439
46424319
27475103
11643895
70205352
75936329
14027780
15960024
49663910
26121511
17765441
23365606
65473939
75455094
22964118
73321872
12260430
10664747
70032349
34696513
64245418
44550642
28515684
36111412
35009086
51944213
58432084
62388653
58564663
33102321
43797272
68465989
16671049
10643791
20050262
64756478
65778605
68625388
11345023
70047866
52854800
33930642
55694738
18176450
18175285
26724905
70239024
35239416
68305378
29266689
60364856
26234596
18010729
42714238
32862899
28624076
44119771
29618112
43841019
78513918
57927275
50732614
73343964
40116847
18943398
45237864
15338038
74679520
67610859
54833940
34434541
38355655
43298908
71075729
30890470
65531203
57664841
13715529
12220209
45850138
28251247
43873644
46458397
19700790
63015870
56023476
29215619
10944294
60918760
24425020
40275581
40573147
74190044
73948940
63908060
77054157
48684801
62867175
58680665
35456796
30912317
11186010
48210053
48044072
39475419
56442250
12321088
23607160
60814930
15024393
70959071
75788881
54741102
62194176
10983116
78009839
79513917
60161548
44401915
63503202
21624644
42064378
22021836
66658421
24349749
55378052
32803944
47920303
77040553
78409755
52883881
79898971
10712271
76531346
75877786
69306459
17954269
67000884
54794874
61984677
10202387
70130820
23355274
35193573
76472564
13847329
75188749
23547431
32834663
58412528
25159531
18745567
68501460
60162759
27586424
38016117
64317164
43300800
12802820
40717399
63048090
19574018
67085810
42652364
22695717
18464341
37684322
42944983
22353191
34439300
13939481
16425066
37533048
68983775
28062632
77159935
25708757
75978236
49797599
76978976
54061153
58743125
52104386
43508150
56701267
45109465
51175021
16086452
20377945
64252653
33117143
49462082
29437197
56484127
19950529
47641815
79321425
27041137
69567126
42286234
68722042
59285067
14916303
22518241
27081210
75461553
24165999
28174220
32512724
42034711
17673759
30910718
13668824
13678491
35180107
59058025
31833104
73474783
57175820
26386601
31026484
63039580
19752513
65617942
55556522
37155332
26915090
48907550
18345300
18945886
47304359
12090074
30829687
69966824
77719714
75252099
23442875
75258682
59714337
61587301
35351138
14087700
73051749
77655134
30525245
33933017
57819399
70813753
24975721
68156042
45363600
47694580
71251952
16753895
53142352
26057246
75738346
13202293
27860143
32657972
46777882
20722661
36942688
53497421
23313177
12582801
42944521
21357398
39041722
61445262
13992185
11662338
54334296
53005500
16751440
44391778
63540248
75785460
54181814
41481301
74184648
59603040
78213240
54372931
64715407
17939465
78813995
66863767
73879071
63799654
46605711
31346992
45911728
30375791
71612451
25594501
34939834
60930841
11783154
77658707
66359020
44085208
73400546
45167326
48199731
60997569
45757315
22183337
12232296
28738884
44853572
22528650
75115770
62092727
12683566
15395578
22755514
38476022
17604590
36843419
57525222
17618601
48328977
12274092
51718093
66312552
34723913
24596630
71114078
44396158
25290268
72080806
76144526
61639363
22058416
51552033
69681727
43519493
75296286
24176103
39080836
57348206
76499268
29146201
51462132
25973882
33385543
60832864
34745264
44869648
16486714
27209812
64306974
31686020
41592185
43461238
77241418
49218927
11298997
33574586
24927438
47423777
71811488
24217891
53841057
49685034
22389934
53985667
32308852
34813871
68321888
51787803
41636708
26006589
62375179
33363296
35655671
71580894
77830904
30418264
61566635
51357573
56513415
55957992
63756846
50943622
55189431
41882545
20722525
29846920
68455734
36488803
67121420
20587405
61622715
23848160
18830681
78211579
74633288
54370326
35614638
49171196
56496429
78078264
79823606
43638876
72315072
39662811
69780947
50312836
56752964
64842337
30771529
79627825
56902600
15385636
41149029
78108593
55506197
69493010
35828659
15996783
31125159
74089744
35620000
10298613
52120851
35952813
42911384
14263794
60732516
21384970
11382723
59188501
20645967
44643276
18104122
64994386
22636706
60043743
40324045
59679260
48934678
26289431
10915669
75381006
75666820
27203953
52910917
12291296
62285758
54479660
60452665
25102637
50607864
50099754
71429258
11542597
72653551
53676804
36118916
39571238
59629831
49681841
40368347
44380663
75729494
54137857
73016681
66967282
75037983
72703475
78892724
63488252
54679730
74319652
16575032
20978082
65924284
70632646
78265483
15995564
46076285
49625569
22622210
41583098
51455814
57040881
50062814
19399471
46883544
59169353
22440653
22362979
27326735
45783570
43951298
72309731
24350531
73841791
15726243
32305665
18400300
19820886
47157101
36298078
31288648
69364639
21086221
64262041
72254707
14611332
72279463
42766141
67462065
25545970
70971038
60442841
61756938
64878484
58909744
46615657
77656612
49877831
50915679
61136664
61502120
29429605
74064930
52083847
18526969
31841777
31520098
18689424
22629285
74154016
60211452
62196469
32249445
26585800
25814183
55208113
48860976
69632546
47800342
64192522
53991628
15845327
12610803
75228725
62491532
14218880
60311511
59369118
28624238
49339755
51825199
60638046
12505025
33506902
57064678
29573966
73868717
10089945
51976763
63452272
19654662
57437262
43212283
59983943
47220196
49184618
56383230
13297429
21986640
18848678
29562783
67859833
21186767
28016118
57211447
53469712
30581380
16353033
61066781
29040234
67213192
25051567
69902844
16646634
34763549
19259165
55559292
13910359
50321063
50891497
15859740
51587902
15780498
20600905
22283444
38638687
78901893
61202360
10466744
75298381
15125779
71373114
72010066
16650465
65964745
38761831
64104994
29158543
40081807
65918773
40939004
72038266
37267698
62701044
69657576
23298878
70735124
64815043
32682638
69826797
28760833
13378405
34067190
48320509
75552978
20356845
14263520
57963872
51411230
25679079
16745719
71197059
13260577
42731762
54492359
41526973
75848669
25189691
66950707
11749201
67492832
24368776
51921548
65978662
49609502
22388821
60079966
60416878
54488934
57506870
26107118
74073561
60701577
42385491
66832332
74357098
27570108
40359308
51030487
56825662
76262217
20925350
31266413
30701124
45007304
53735489
56033082
38948333
67342694
15874190
31596433
77288871
29032822
62869200
20033772
58693552
33189412
23889814
11504148
64932182
46019461
14882678
17830375
74798328
20129852
29452473
33469238
49173246
38642235
38207523
36452628
70448534
46596072
43074539
45297886
63078310
14558152
17784132
29994594
22151828
34745492
71005680
18055320
11047519
65854843
23643308
62687319
38419417
68731261
60172942
79807442
77230563
47517076
55273161
59459413
32804904
72586483
61578366
69275297
16273015
37448254
40033473
26250392
64460759
76818743
61501174
27047359
13686472
17722526
14346939
35698378
22850224
76499488
33528459
35291928
63654863
44479261
23458107
39287836
47197230
71682211
67760801
17256876
57731637
45223949
79476044
17312551
66321584
13402301
56974380
14079496
14951699
19187990
72449452
51605886
54702085
12186189
13707133
45894947
62204376
61817042
46820542
34400884
18953134
60880579
61398346
63476660
71604170
11913023
48363978
58031162
32546355
70605553
18478002
61763375
42320772
39816721
15640558
22141007
61888121
33284272
47655812
13570476
14999487
79879376
79558587
22096410
50296482
40391099
23841456
68676054
24030158
79887098
73436981
58523827
49351378
10950909
45195898
20243968
57539347
25681974
73173486
49537067
18655895
39674830
35539554
17011257
52999172
69873866
41473447
67298442
28372334
72008739
50309562
20597118
37530534
50583688
36218657
50161804
73545191
28195855
29743849
55101271
17520224
50320277
70825687
42198960
43939217
66608623
57023838
43706050
71421711
64594801
58562066
42358931
55722552
23739281
69388091
70817580
70088966
51691753
67368777
21146370
21826222
53105548
61292318
45406116
61299598
18342400
25184075
57802741
46672583
56713434
43853597
30061946
54149947
73595406
43572504
71345463
53029175
79619316
35643636
44260872
52655120
21719559
67332014
59817975
47235531
45903927
65737689
49451562
46872494
77878907
13028470
70577133
53987091
25141588
11218539
27488264
14479952
42469875
58803132
63262720
47999239
18549982
29146578
36464073
49345187
55543012
69635404
53655010
33591783
66424850
19983279
47189915
43523660
60159189
32487116
72696033
76964965
77693963
38240199
38258314
55028704
30810346
39990620
69926401
46798311
79863247
26181728
20695954
68610076
28053537
50674388
36972396
13439025
28326745
19837023
19857048
29687246
26592136
23871954
22237306
24443430
66585245
41932821
69969363
19832360
75302941
43005239
26356169
52820848
24049475
61944543
66436653
54880132
78759021
47557771
44710515
26864584
36798214
64607814
29363618
19464553
24897168
18191495
19821191
57418220
45853002
10335753
57831085
52132946
56795977
65951331
64435154
74596925
24925515
57753841
19923082
47866812
33759844
34084851
71279061
50408525
20633817
64319700
27111653
35860024
35882318
24583880
70309079
64470154
53976846
44657086
43287136
25415320
14931084
49860625
71683759
64899394
37450137
34730434
40799793
74192744
17958167
15722399
78955684
25341215
18625245
70326612
76612236
36279103
57932967
16862543
54464945
51223041
19127257
72377221
44598365
14644684
37994967
24333335
48300486
58559271
54580882
52471545
15899945
34454789
76917157
38207624
14176006
58587262
52792125
31968921
60659087
41137202
53783396
54230309
68068012
55321543
29261602
67912972
50060488
43817692
70597257
45219997
38181100
20207777
45283348
15899159
67925155
62406123
48706117
13655103
22743770
37763194
61051979
37627620
38677883
61069725
43552772
29567687
48841434
25385850
78047316
61585475
38118049
22926316
20196941
21470402
53860483
34382462
71149063
31150135
12304121
32524042
37295205
20901154
42446305
51690402
38777700
26498497
72989676
65690111
26498925
72605850
49394883
10232048
77765684
50209457
55438685
10182598
75571632
29715938
37903745
23143055
33968950
26807787
52550136
60221294
51447912
13938268
27147184
34890175
38618229
66357812
16816599
58973153
70764384
25718673
34167457
45817020
73394438
73005349
64899179
11941244
22806642
77489559
27568923
18160404
61000203
34028488
36320066
62976007
22354515
74616742
20430110
20022794
47712921
57212704
19246068
65880283
79211207
75143068
59050300
20129544
24736170
17317037
16609282
40531581
68379867
13109356
73776591
24149308
69181943
58260182
35076687
63060539
77970076
73013810
37552761
39299065
70859272
67282296
39685432
20141903
44215594
73623348
14836640
37799113
69476355
75419581
14111281
73483453
63592834
29323749
21673962
54905908
43397627
64356420
23821892
76991046
78322479
32448761
37234936
78211032
48969209
10583530
39289576
18507461
36128212
69913919
64520000
54519468
27156249
24825569
54472328
41620876
68128616
55093231
40847938
64274775
44029119
42779785
66202554
33711052
73169466
26912891
54001439
59770439
54640472
52584701
42379292
77467994
32211276
51624883
21571668
57260530
27347400
70597866
44102216
36188830
39142738
56790798
26155103
74563934
65201315
55802236
22972226
23243191
62734875
23370001
55984265
57309622
44499506
35462180
26049340
13277918
21824804
45293193
62461265
16737975
54168871
76313446
47621071
16664517
41210037
32370599
11124524
65573863
36786739
26148995
56584004
29035968
64496614
72215280
75835232
68558257
25720640
79856160
38239234
27978380
71850848
29206822
36250823
63057575
19418296
23591361
63861064
51916273
44057243
16557835
10644038
13252096
64484132
33317848
55657952
21576441
30184358
55789475
49354855
66634009
55742970
44311981
79894956
55865469
17077556
35057798
48838702
63551628
28986486
23485121
13112115
20972248
69437236
67612896
61443733
33690185
54011089
68379473
60116098
65560804
73239491
79536212
50817056
60253368
60044534
19849950
79904665
78554440
68462660
13280178
29346717
48511983
19589959
64287103
34337266
61057760
63014190
11012501
72601303
47748166
68188318
35351457
49166749
58530675
45442851
77917267
15844723
59510382
56922917
43818417
73246972
25837419
71450417
26384533
17153752
38233773
50709300
44321556
32142254
11184164
64528093
76479841
23137297
78816889
15720196
41521175
65368160
57798026
36292208
54984647
55073890
11687662
42385236
47490708
53892791
78459503
75503980
52804032
28419179
34441699
25346258
27117065
35153443
39661554
16203517
16430207
23618487
57106352
66960985
63165544
15363035
40917363
38767496
41505451
16532898
63828884
26435761
20037529
26286872
22600865
63992241
26016280
67148000
22043412
76347055
54420960
39859508
56039839
59013098
12043029
55545490
34222118
43554576
32004081
78465265
69196601
34007654
51331624
77319796
19163020
26511375
52975895
51493835
48885745
35560252
17527179
47272632
29265684
14904970
28765635
26298817
29446172
36839828
59010377
61921216
71797147
32752162
14995172
35057391
17238645
34415984
78581690
11721888
38766960
57011938
36947888
11056343
24704222
30403539
37395078
40445177
38574501
77189412
17634888
76912993
58110887
33240745
17356983
18265841
44172218
37063081
74549532
51895106
60403036
65943052
15672704
46335902
56427263
21640938
57920858
18865397
18724617
66619039
60198041
63180403
70786883
61046165
48290604
38914275
11379259
26154286
53485128
41123832
29887202
43007582
34666295
33659959
54614717
20057022
48793262
24781694
70631300
27580788
59097868
47885367
15288605
59278871
32902137
50750259
35434150
51935693
55010312
20364177
32212732
50861176
14793760
42698187
39138998
30531087
22828049
24823117
56245534
61740866
37969450
24172547
68885165
36672249
28975214
20396221
67658148
10934851
26870885
31736274
13912033
19548931
65434898
73146219
47392110
59019348
15725050
79276321
22420015
31823643
63376441
34642871
13123924
36993268
16411521
63281813
44557123
57829342
27236999
20011484
68933396
55439213
46553282
67950564
36496556
16378044
16152505
48868334
53941068
43935821
61170244
29535731
59901249
27414718
58526965
26133696
26612412
70800158
32177091
15998013
65158351
45908683
19621565
16447753
26744430
20625063
40125388
25033618
48744685
44730823
50063032
11514833
51433567
55248633
18930226
74115484
10863370
67323388
78715015
11110884
29145334
46493849
32974812
60420180
36381991
63048132
33885648
52831081
53606586
73040419
51196029
19329614
43239127
22143745
26776301
16453139
70737309
43353206
58368824
26243419
47668480
65969735
10173544
56285335
53188803
33357578
69926962
19585835
59049799
57410438
40013166
40938000
27480562
79693453
37695826
38693512
47294178
55403271
54857891
32710488
64484108
24189381
24645661
33260273
26427020
68676254
44730377
56238954
56800698
68534447
23207989
40711608
31662495
62250795
46298853
62335489
34648274
66108608
53349477
66021326
39439912
16687006
16265682
78710382
79025314
60502211
33148225
28171755
53736264
42191087
61399780
46654432
76139943
61553337
57425864
17070028
44471458
24657435
66793113
27240694
60109389
23891188
75617787
30744780
43176700
20310480
25530734
70019403
28812998
47035818
61859810
26067820
33225591
62452342
48705184
23961986
56160231
61757466
19169577
62432102
65259916
20481695
46308404
70740712
12177899
74233724
43251032
27446526
24981857
18278242
53647200
58747865
11620783
54097843
18558946
44431062
55148400
13551571
12687055
73710628
40346510
74874784
38904638
51214229
61488725
48328231
42209063
76756954
21181220
38889922
69088431
30230364
55713210
32190287
10120165
62724757
45921761
48774581
51524295
34995872
28492780
63638067
64295911
53240126
72843839
28819293
12489597
46714358
38075460
12050875
64783343
14492601
48809214
64480887
23499235
25270634
28875856
36826598
32269581
65769381
46168724
39414499
68219917
37123946
59999613
58595740
77704860
32534195
10785295
51385516
46374177
31575712
42430929
12456427
26027484
50448985
72940137
61500441
63694145
32785741
23988285
51770960
64692625
65546371
52831894
59572270
70106843
40108857
22519287
15796392
51932244
26735779
71888561
16307148
70133051
60847511
12114709
65019585
18289842
16475553
67504693
60614628
58912639
75056313
62918057
20019566
21745991
23226175
14030345
45561848
40954484
11694250
34261864
72726481
42474131
47152012
36162331
47632159
67054331
59528716
77894356
49786345
65993049
77146222
46363951
54587933
70797976
49040464
77853123
55621741
39905963
20430526
29645115
10716804
19382770
58470186
74117064
23052216
53385803
35164859
33221056
66722668
79187101
37534188
42131983
72648386
10588863
68167782
16918792
61166927
18515912
71824141
52778654
67614248
67371974
30446112
50380228
51790089
11733577
13615448
62530180
70200275
79438079
77078056
31227226
63841811
39506792
16213143
22791034
19305416
10235307
28316292
33606048
72729100
53564704
29656514
62506082
68970879
29890617
18065836
45386093
11030600
16749187
73262853
24188935
52180181
15341041
30187011
73064185
38056321
16280831
13984015
24447827
23128901
28399983
69591352
60594237
49598851
67161645
68191495
50033784
50925583
12506801
69445838
57796876
77800685
15255032
18107823
67460342
27885560
21753647
70907847
47803589
62577623
40492503
57584434
59242674
75699403
63363587
62326533
50155490
52999686
44621099
63674860
18729821
77449325
67437864
67393679
69370133
60628470
16856714
56397019
79466448
18000614
33322976
60634074
41254072
59616563
63426811
61122987
70974971
35483148
37617896
60483868
57896624
19853915
75381761
66502958
47751325
51964441
41226643
71352640
43302259
55247003
18058845
36452416
74715935
76878631
10310678
29517600
10149665
14175256
33083860
62797172
42109982
69612484
58867345
23598911
17826941
65692139
56855480
42282960
21767111
32728460
46631276
71672723
78636182
66562963
15553263
17914346
32230678
53988027
13118262
79312263
61620144
21277005
39027427
59109814
47159310
44143428
40588813
28319287
40653225
20606617
21849169
64341558
43057168
49360392
30878619
35601210
24194879
69079696
35763255
62499622
65818690
64517828
77788616
41175013
38359990
10843256
49859684
61233969
78812554
48034922
34909279
18010395
16224616
13465226
33910797
39485656
34280645
40261503
22494448
53819475
76368310
48686347
48460261
29210354
19989591
43956293
27456807
44009697
42013627
16969084
61244635
30304067
55521970
47535866
75624614
11863203
43863250
36036088
70669500
31247190
44114381
62882395
69147963
20133635
32699459
67843522
55553366
47287056
30109520
64928565
27376771
65667006
39228353
18029673
25916118
15678735
64485059
47233596
28631350
69672736
57103924
28899769
72417162
62237855
26188176
56496224
54183301
72536983
53502786
60333887
30229518
53077437
10187368
36640845
13482816
73439678
36224413
19247464
22307041
49256472
27999111
21168667
15245309
31270573
25143241
32572279
26560124
36412991
35342100
35219182
26526257
19844035
34607324
14557739
14580989
12976929
52118031
16811473
17475118
57802288
39490128
31668108
59216305
59285776
13656091
63432811
78971638
24947361
77917702
74088507
70197284
35977101
44841814
72038320
59189667
11901610
73762567
42655098
64203837
44508805
39112606
34069468
11488575
34013189
42705768
40977739
39066829
68231801
62047860
35300940
67587576
56585813
44233821
49690615
25818394
47785631
53240835
48224476
73729927
52557110
38596841
36433759
40694949
39721993
18614803
59774103
40359286
53630212
24704400
47400207
76098650
27897481
72296111
45505981
45897559
71200288
60935776
12695911
65769148
36583291
13064876
14848711
12288625
75154336
24671476
10217557
57414326
61497803
72306393
47472534
44684334
37229043
64998772
66254315
22143701
13608689
56486487
21685194
25028625
41629758
45314824
48901356
48360592
12166571
66274954
51416036
18140125
18716079
49972551
12703198
62696046
22481328
38832170
36990161
63410505
64465694
46872704
45954382
69395027
65694756
78459039
40118017
13581941
28198861
21329323
79867747
70149613
10636829
12351351
15220008
23842668
11882151
45645432
71438213
14461073
24273412
75821694
33656754
39489437
50061068
19695199
39105740
33943831
34289320
75175980
63187771
36745992
29796016
63785709
28652643
35607275
15714112
46932878
13984786
39817210
34880076
62054043
71838474
65845376
75296184
12156519
65907626
10535003
70574116
22281287
55123735
59706915
75164020
43467504
58365736
67923368
65984326
73877013
26152227
57350340
21869757
51162945
22918792
28592333
31254377
14474904
57575669
54086352
72613462
44802351
43503299
41861871
15513528
68064662
11239244
67827932
50164369
59596452
20966853
53710983
65875717
65943568
51004456
22203358
13356704
44051480
76398143
66924551
40047029
59716085
16205393
56814753
43671845
71955745
27899092
72630862
37862143
58342212
65108423
29012549
35254233
41178485
62832189
56710699
17035475
16385947
71307499
67587786
35789711
73746622
68951240
63673236
18326823
71417317
24981022
42434447
65509639
76592954
70353108
77196811
73503019
21816686
45701052
54492604
79754871
74112289
79221378
74053004
46838116
79114449
59662459
63960370
77014307
51296511
16829468
45469943
41749810
73864826
15959120
15160045
43360207
67006761
44156418
57942469
70588434
72263085
44225136
67371847
41483819
73091871
53754884
38929105
66444847
79911611
77694429
66470687
19403982
64201844
13972460
31546918
13593116
28565646
71870715
29950327
79799995
40192358
26643617
52369163
69524517
39347567
58397516
19180233
29542486
78978487
40971233
21881551
31471299
62477671
76291534
12494390
49819924
74910469
52236591
21697688
68821095
58642190
68306748
22932445
11836115
59675922
20541037
14002910
74991836
66769539
15620169
22927436
31601903
73928470
24167016
52032829
13221221
12677419
36476797
43484864
32499971
23073550
28506653
59213970
75962716
49230254
79161607
46798488
12671915
45097672
36848623
58788326
32578217
35987593
48854686
28561957
74384353
78344679
38245084
17690560
73664099
59617414
40403101
45665473
38177383
55152721
65414494
46344252
34111875
58745947
41133675
28909344
37109664
25492657
70613140
17362777
25043115
74767542
71063714
72662222
32345583
72956873
27239504
11914328
46922128
62121156
54688798
58870601
46432410
61563451
78874541
39337163
62433494
62497385
68009641
13392021
25774910
39249830
54679634
41444397
77485542
73361997
63894397
58508308
59305571
61438961
30270592
29789987
22205214
13132314
30536829
70257744
19111876
14890909
48868014
58184215
61255750
69646575
42096269
72693951
34865176
76197884
18524347
62015838
43936908
37102059
77921954
12186665
67267687
51886800
14424936
54557880
64166603
24606405
16356388
29936632
34771388
60098522
62473746
45268638
11655993
64889209
48031400
26543857
45183977
37787968
65694902
41802681
14750147
31558252
12667772
49852635
35238276
33350929
45968552
12856164
71662121
23766039
25635051
20342108
75690943
69058512
56663935
51429919
64017074
47182371
35096817
47812958
56386035
53702811
52454586
75025913
78795814
59980499
20826780
11313280
28205400
39296864
54161546
65552413
26770441
17383207
57875672
58964688
48939028
61611201
18845822
75966980
77603689
53372556
75341360
26815784
72998138
14061652
62400964
67826548
73251492
41018045
69280004
35484045
79953552
39718608
25546832
27576176
33260213
60808743
67247737
50132366
21092711
37591095
79774415
56156929
37809386
49106317
51555197
50347922
77245706
26398448
42875019
27506215
25243225
66871033
68701813
16604998
78139862
58012720
29723754
79688416
63220259
22932445
73464939
42216906
64829695
50545084
16158937
26041912
46792516
64498296
33472251
46033095
48280393
26433715
51041364
59279121
61562950
53446449
63564543
61042328
53770812
37294848
44111259
56425638
69057459
23136892
32311021
23230304
68367442
77481091
65276835
78596410
72344961
46511613
25733682
65795402
33284628
29682631
24835390
65960024
69679625
57928174
19933983
22297948
41119097
48729894
14887557
31006651
21466036
74375087
60335488
27117512
32407297
14081119
57366654
65344729
74780879
79327075
18923861
42113408
65139439
48183448
19383168
28126717
15769219
40699368
79547356
68831478
68563349
56047500
53764381
33156609
32596231
37222582
77050213
29357429
75675628
71463847
72913985
70001397
77575176
51036317
18264792
70496677
51023024
57118684
48712286
38646195
58249824
29332997
70110137
59900689
59418258
72174169
22770299
10885384
78254322
25106855
44165239
27561135
74614830
53540133
49659564
69887415
73193509
19812564
50124355
48966713
27204370
31340824
76484933
76177933
72303887
61894507
23324827
52425690
27539619
79397264
42664474
72903938
65486212
62833957
44958712
25825003
57540738
40339027
78220864
66753117
43555419
22839012
35860469
72252664
38012100
20684185
37740033
76897689
66438073
20414418
74681418
77891235
44697841
61684016
12084463
61800065
57307572
64300607
29933552
54321678
19220369
64789096
52486207
72060211
51471670
33831714
21143975
35101704
37892469
63447936
35183435
78963688
22345800
62658029
22161327
73816660
26706030
77212976
48778381
61295943
65665012
26891777
38051993
63076766
43273906
12464479
77314089
19968682
17837933
72076940
47932000
67994566
63795935
44093392
26154732
66812726
47929647
46831538
45762665
15539373
41516072
71390769
45257250
79715479
30927516
15694744
70283513
55157473
15503148
79496982
55512503
49607263
40187934
60609311
19487833
38061868
47385965
55905735
66188671
39435486
17251596
42086167
57657771
77651144
37827116
25348673
35127226
73420353
34659974
24809601
79188927
44127034
10952723
13381761
40461223
18686391
44635094
27687327
69789955
43262726
51241051
38030548
16438824
23458620
25120977
54949799
55306244
10162940
57932861
44230366
57024430
23532997
28363428
68064076
31959444
36734026
60283697
27377259
61643987
61041537
15098164
62719933
43963592
44784917
75572846
56260855
44815065
63344461
65371900
72547301
24567509
71830495
62324412
28599154
23856541
45669511
44641458
15401916
66330389
10204801
62475876
37251449
70127409
24952398
48610642
41190400
70177851
71351850
35482650
46294613
73426279
45507947
13117349
18528182
73046985
13255115
61726159
13016072
63363910
42409892
33457280
18916131
71491711
47986439
79656452
17609018
38197389
63480115
25644445
10605355
53287990
44611607
10506285
18986508
45548279
39602680
75035724
41995489
74518730
20939357
15320149
65655975
69771788
25778547
18663998
28648324
37305702
69649971
36013518
16540026
49836050
45579106
62328079
29805848
39984132
38102825
47410505
19608969
30633685
12796748
47315306
17600750
15683583
64968312
33879777
42997961
64048207
32471065
15510863
45380683
20446557
62752524
79712313
27722647
41487800
32442043
13026498
64631661
16157984
73614847
79958369
69369048
50171497
13986833
72924259
79467681
23108261
46808431
59437759
19711496
79628011
38716433
44779413
16081117
51506644
68802204
71708903
50924770
79323609
67257949
77340727
52426160
14165351
53528292
73750049
45896373
56749466
47522958
37512688
18809048
59868674
44762988
20499707
26628019
63052126
11580050
68698359
20121776
29572275
63859495
39985471
51790335
25203710
11519335
18575609
25990582
44288934
55844822
73911702
20633607
49159190
35459844
23521272
29981891
70014805
47054018
16602083
66781237
59108813
44129690
54079989
41475343
57810023
49173814
15389134
42872441
65290246
34065085
62829442
44485237
59002478
76561122
18156037
67317579
72842837
43819057
58435391
60338628
47023356
55565918
36831439
34376090
62544620
72714746
72925352
78124132
77802952
41989836
76019096
33211233
75177830
76363498
43168658
63790377
17560759
58977116
34074855
31484589
35617410
18860369
35106470
47971973
67843626
74598853
35819594
32018016
78981795
17624573
25356451
32172464
17046582
53502265
51249395
22964745
52137486
27117236
30985135
71794492
25330082
26709201
35934183
59466935
47081115
31814120
23932975
73691680
42889213
69969278
51737955
40320670
69800948
37101075
51779811
19589625
18443656
16598505
21514979
76246780
22646236
75730251
61076389
76691510
20917033
41158902
52130756
65412376
29975978
73557232
58134664
76515403
72979845
42513716
31290799
49040062
53569753
11996062
16090842
11440931
60414476
62673384
13629974
28867541
19485232
79342299
69410377
69294561
48908496
13597651
48433590
68827956
63906452
62501220
54952735
65838934
36279763
65500811
75120783
10648834
35651347
23577988
75021838
56335778
16196332
74848397
57262098
47083132
27890952
19678585
12054464
66935122
42168613
24812016
78556287
16803028
35789112
38604716
16041422
43320847
45859175
27480611
77913173
38341075
25018836
75181559
63158968
21023405
14319941
41267322
63729742
30701130
77284925
34723254
67457292
73437217
32911777
40036360
32379889
43554992
69323983
50422859
79036529
17597583
73285400
71063054
38300387
35889287
30967290
12740863
49608903
51440690
53261102
55149139
46006644
16904692
37823072
25553650
11138252
65353935
79616620
40672239
74639701
23989133
78849255
17170054
72614928
68818524
63799459
63865263
70076181
35340710
38942748
20854393
26681526
59207414
30649099
26314057
38183681
18281885
49597489
36637524
12207132
14508868
25663780
17320248
66219275
50955145
79017578
75325071
14877484
72088110
75154492
41266028
73388149
65754405
45162624
16263015
21565783
10180602
19720410
60207394
51977308
17030901
22068958
18448136
30771803
65601466
31302133
73226245
25219546
38766017
76507362
10203465
28598459
64570788
64085430
21803754
16155749
25781382
27540483
25877367
37356730
40490734
13870226
40758756
57421977
49758930
14894334
32941952
36925977
25480591
56954593
51883438
22302295
76716940
19709991
64778824
38431104
18299058
39681778
51510944
77171292
73889645
66238776
53393799
39274316
64649407
43640932
57629251
36621355
57726124
18490684
37557659
62923353
67944962
18072703
71089064
74287339
32814278
63961308
66024643
54373950
14487503
63645138
22824000
18690329
54269808
70045263
22658118
30783172
69154228
52352240
75608380
58725270
25115662
46058667
24903416
26570620
54134631
30161040
11811565
31634574
19219805
59845911
74949421
17964676
65498968
62347822
18037708
79407247
16240706
40313424
42196803
32374860
31976345
35812193
32990741
15227423
73403051
26979211
38316539
28443205
72573613
64084388
53992667
33780061
70734035
66814237
44357240
46543857
16591966
32448322
28350194
62960305
32237793
32239411
17338326
61896410
52582052
56791924
79938113
36175100
60428842
57508009
45639917
17568873
77717239
19932781
55079576
62187615
61582055
24359987
21306666
28055601
62382998
17018098
34261931
61618681
23796821
41050952
28734016
60262747
72777000
58538407
58459580
48532916
14787008
47267954
71591036
58211344
31942688
11864059
77892145
41676536
70958129
34174134
58627139
16801459
71930070
45773093
33335046
16140203
22874183
67879571
54263216
70989706
14412539
26025745
66677748
14579367
48383438
60558009
52512460
57825728
27027237
72839409
77907125
75690784
18447029
11698389
73593538
52877088
19525182
73071710
30083515
20666062
79929618
17575464
74184887
71207366
29364065
49605096
70908751
29049217
10504643
72840104
62210396
44713423
76256864
49942291
30453302
24334000
31445268
15078187
26424259
65179046
36674388
49279771
31426162
52221488
59770689
23675480
56868914
30342016
66410505
48085662
61767727
63158997
52287264
54983984
49217725
69357388
48953397
31244136
50111851
39373466
33260039
11188738
17087880
33658684
11558812
54682374
78773146
27464671
14461153
35076382
69019672
74801663
39064717
58479183
64520595
19552660
56509813
59850111
74270062
69868452
48199912
29409508
57567716
31323235
37312372
35282350
69207224
32564058
29897266
36117890
51622441
56614989
54830213
38041043
39004616
38886402
22696082
33935568
61682658
50392152
15138078
32777096
78622775
24822881
72378202
14735307
73616331
36840999
73897114
19981892
45289430
30346987
50308802
13775056
60878246
43945830
24765246
16915105
34045149
68687896
79975666
30267451
64664465
43356117
56198497
77602764
77815439
69301688
17477458
10146752
30503663
40572300
18840496
67321632
66377175
38614758
74024245
38219309
75971399
11362389
18639413
58923692
72287167
18246067
19704627
64777028
54879736
16707741
75050125
56526877
26523762
16957131
63520260
45670670
44336647
64484419
54642302
48611172
13940533
42377921
60933865
59014860
41690729
19017569
74237494
17325930
17145211
68083195
64507580
64836416
15436481
19784237
23872006
54216937
53732246
35338504
20427425
43845524
33489026
38282708
37456720
31365582
33301188
36878119
47091453
53232602
11315651
22380145
34080826
62723548
43585880
70258464
50113646
29583357
63919891
12040292
26855759
49046055
17538067
27428753
48635757
22820641
24439545
57387419
21744255
60739707
79371937
23517284
12458121
36020301
58506830
24639922
60014234
30320413
29971674
79708038
30779218
79188838
62390099
39042518
37160089
24126003
62168386
30574274
50426008
59587653
48016693
70786050
47759983
16763286
64341410
70731367
60995272
14771165
21226061
66575293
42742686
33022892
48917157
43947456
66760581
75088847
61799877
22627263
36292119
10723544
55937170
19792600
69745815
42649497
63374829
49703184
19823516
18998344
70989433
41345647
19524541
39418655
28313819
53274457
72134017
51230123
30804997
51282520
41837724
37951182
74125241
75036388
23824252
51668396
22016883
29459938
43466567
38043866
37802082
41206417
40487819
29461327
15577576
19499067
32255687
11519784
59698344
22538111
54542962
42141654
22426237
54152563
71983277
26155716
12109614
61206404
33969490
32464420
53704214
29945163
38786612
38001805
21436705
27575964
42193783
44502450
57181128
74468613
56029530
47325782
49663228
76879401
32189980
28696830
53328298
65741558
20164666
41009014
20704743
52023412
48248167
71159101
19201412
33237821
62074657
77709082
33729291
35835396
36969051
31125218
76464312
55450839
42641844
49709380
34651191
40233860
48136430
56886991
72569326
39117051
47573053
26150649
27123514
77233879
11812413
74288902
69655250
11788941
67099781
49738587
41840744
60314807
45470600
78286601
32369365
53721148
77504891
36076777
50733705
78244315
52677957
36556545
48689636
53760256
25320264
18145760
43966916
13228190
19019922
75008119
50477230
73307616
64714123
74875491
10436817
52865972
14139085
66746878
48704202
77560802
20024084
51101953
54932304
22792749
44961902
58534767
24319965
20942763
62874782
19437953
22385479
55226785
61749984
77894354
69643132
59095500
49172062
29107448
12983012
27228910
68132583
65638948
67921715
59237566
31030157
12340617
21403664
37442316
26744395
25436473
51094488
26415033
31542941
15169844
29752981
59166416
38370737
62487351
31450767
11872776
26324541
22389006
15100437
73072575
46479952
56523728
10282105
58835723
38969264
56466271
61724183
78275531
27871285
67755753
54838472
39803972
49402381
56437017
32328992
19235749
34654348
71509119
11327579
67032537
19848116
13166209
21840757
24856245
70994534
64140105
33566413
65527938
74432483
21632345
10156647
53550909
21491600
32953770
77446348
18242250
37514653
16694323
68147674
24588857
75507952
25355646
28730374
16240479
11024644
22833251
69090269
44592661
28135914
22103501
44959050
66446553
77303556
59170254
73677567
17147314
61475490
69784560
15471367
18788107
45262409
57022932
30337468
77212711
57180222
31017242
16527565
61677592
67943181
75664880
69595391
34227768
36006091
40574282
78031297
56809304
40215548
36561591
10980152
61668077
10482652
24458189
63831392
62478414
23469923
14568861
25472088
50414311
14283853
16232043
23482992
31647134
42686821
49422703
51077089
29387427
76245640
79575930
30426552
78865253
19881184
17355159
78549853
22294149
51095628
36600303
68895847
50455986
69243072
43030319
45955588
33626884
21147249
13691082
37450262
47666952
20109751
56260574
19282448
23932422
73806914
18934016
77583041
25594875
36933438
79029193
54624036
77162416
60559775
45666877
47738152
18364220
32072780
71053907
69645971
53273773
76930115
64840223
26640096
35036523
45242859
70873008
67124461
59675783
15448500
15848290
46121957
40516898
45694139
72757412
74651631
14130794
74056471
48372910
43231474
57368172
59090253
76666812
47498470
41142592
47125180
37500201
46344283
32530794
65133447
52973262
57246969
59505995
64010864
10913628
38117535
34361702
41590921
67975967
40394461
15245184
19095377
79396652
61055935
71886485
31573372
67357122
73147186
44132412
55687453
33982813
48096700
70515303
42249065
31225185
56384613
59219897
34412516
46557737
65430836
77242361
42493500
18425564
18497361
66465282
15837376
22856188
73853578
21307883
55960821
16617799
65028813
66982407
41059089
71906409
11390703
20346899
44380530
15461763
56786405
20834101
43561018
18216214
68982286
77971345
30612103
44086747
55422780
37617353
17202997
12179335
10104129
43349488
21658899
60930969
67943845
51740937
19299022
58790130
70131956
53019472
46683825
28091684
65097986
28249056
10446190
18220746
11222162
37424970
40563966
68200506
58153752
71342133
43107721
31296091
35497158
10323490
24447567
59788797
12979693
33544636
64366525
26310640
11934516
65215500
55203006
58740705
70658789
30455241
67461486
50793629
77617696
56467390
47071838
66538623
61852030
23524367
64093835
72651277
13290067
51179432
64354817
57392020
66668873
15138941
68767754
68109416
58426705
45483568
45501322
44080023
14964613
61696674
59751858
64259622
54088029
72776340
43017749
27833047
77233611
67700161
67449561
62639186
71043221
11369335
69355570
27930832
69246518
47612899
67263289
73770905
11610829
11141749
59132595
53978247
48702458
42291739
24332828
72046510
22937098
35708401
37261396
43918086
77647297
59440933
77947006
68910331
23178989
46966914
19607133
30008795
69030098
61341627
26083920
22255999
59960558
55582269
47833365
51080627
27777166
37201749
33078600
30171132
58426010
25682193
47457985
36983344
31314582
55922686
68166560
40078924
77739014
61662584
50726313
34908421
69863672
32109167
47395632
42282812
22977750
75313051
19474062
46597217
47441048
19885778
60055234
19247789
17217016
65766291
26870660
24874468
14100690
48822851
30290064
65789156
43823958
79113551
20241235
43137792
70196057
27208453
63416697
78379896
29104391
13300134
35537331
69273458
55887030
61475173
76198376
41904666
39530711
39020581
77292358
16855012
43812330
53996063
29022250
41938402
77612103
16083886
66775514
29189962
57297392
10384961
53729362
48997394
67636123
79922484
47834486
32911291
15288374
51574041
72929196
48920167
50371437
77105728
60534778
35380584
71702188
10931524
70284017
66962968
22555970
79420621
20890653
45192260
78966479
33766034
78480258
14880009
16200650
21296203
66284369
17364832
44508917
15725186
60518537
52051932
76795381
38375306
58872488
73684468
78940332
20310525
45678351
66095359
47740293
51603845
30541171
51791011
46309660
65587219
38701840
58636856
32389135
37849197
55629496
25783565
21772398
61568269
57881577
75248920
70671056
11063078
32934837
50361612
51718061
68111049
39239975
46349521
39476498
57958906
62405300
59336406
14060907
12698442
19222460
50440887
47987414
50633990
11139888
52338191
21145331
60832821
37174960
24360607
22732350
77782153
31917431
11127249
72475720
64845291
63056926
66567355
78112209
64998775
21433279
10994449
20219982
16782475
68531544
36858606
22636405
45840002
59562939
65825865
66436654
21638976
72279888
47884606
24981680
59607411
62455278
72180107
38373339
57494252
52698548
72765761
27929404
40544933
39546925
37806692
25726605
68315581
65629045
45745303
15698698
17243278
12600669
53335172
31083954
62760111
65090377
47893440
24453857
72232419
62284000
30355763
18046033
64443842
61792830
32734530
11517954
43046185
64333482
33079495
47501038
60465586
77790337
53159719
67780720
72028072
41837943
22974131
17959200
26752616
37840115
19400877
33366044
34513537
10847336
66815720
45854150
46603276
13447449
19470090
63550257
10058820
51230647
46492198
19133361
54564982
15992855
65204809
35456694
26395481
28404025
12173120
38339404
38086661
75194296
70446025
50740833
67780657
29348360
11018602
68968215
49328428
45661547
73368312
27874709
33140871
70142841
51453817
64231620
37855714
33473745
34487426
35450407
72981751
10074282
79539930
41543413
64926615
36719069
62189817
40603908
40797042
76811170
18366697
76617223
13755889
21120919
44826315
52225946
44450036
59442869
66034863
61933469
23760615
20290415
62228841
62640232
71198562
48437770
57724332
51835428
31505261
19062087
51267247
70183796
44194278
30352142
36779338
55826170
41287722
36177608
37135890
58974865
68160291
54815481
67062497
50463293
37340491
61749792
75845394
65041450
54745228
55875950
43668795
16090536
33682784
23015541
64610435
17040169
71376719
20071847
53195755
48511495
46627830
71508570
50220599
32697647
70097209
75142411
66788354
74592757
15719567
36439954
15341543
29954563
30178905
41935161
46195541
24518112
19525053
54771999
27697741
30928120
49438006
69933643
26240242
65935022
17515688
42259299
76845279
44736094
78616403
34087837
55771064
49466394
17222690
15626723
54074850
15891922
73613994
45775025
22452853
79756754
71080533
71457130
55248800
78988136
57514494
17209704
15380732
78113900
60658925
20566558
79481656
30203696
22573607
17254407
74517694
73389875
51123593
71414368
29313595
22065049
59221020
38608832
69324142
62101368
43703505
50828209
29947640
55237850
13602026
76665850
32905046
47199529
31199187
47460467
41655515
68600779
55488324
47984604
52374400
50099348
39049724
59297054
79514422
60993790
29164608
49159564
17106785
26258374
20817570
33413716
42419177
19146153
68460829
63608500
27153612
36077325
53046844
42310760
69594346
75590087
11737984
32635475
31191520
78840906
56900029
70636362
43980199
67659272
31095419
44944536
25013003
70812280
24509138
54356923
42960478
26906979
15873807
66308130
18907528
75646784
17673040
66766265
34699588
73608726
18460188
78936045
56236171
48565097
43496186
18675349
54216295
77720727
69577231
62968183
67399751
35197814
22459967
54644097
78327952
41339783
64822665
48412415
70530722
35232722
30522842
21360238
77364109
30498608
79947384
49914042
10592709
53174796
35519078
41320955
38419934
61984908
42910408
48461883
21691457
22585882
52525748
72281395
18340072
49164972
65853227
30585686
46500701
57006777
13340561
10563753
51171099
70511716
41189473
66505952
51657449
62401463
49732504
59254448
69008428
37543350
62239237
23663211
47449872
42731125
30631225
78027072
53032017
59999014
64222047
17391288
29352554
73262432
19549754
73032182
34310771
17462207
35009918
20701206
26696987
77343406
39450489
44759794
42069518
76709480
79122020
33938182
32749801
71508139
79178443
24612761
67320906
40887827
11477612
43382919
26542712
75276027
71771115
49159834
20242887
29076143
63068115
13307140
30566624
54778180
55535077
67037470
62008862
77390837
74797510
17946390
51040584
57930053
77553241
71805422
63571050
37308369
51851234
40367639
40220928
11756639
14609641
69021524
65279388
13125536
42441969
59988093
39970668
57028729
41983765
38517721
64765557
11279446
48292106
38006023
28264542
50611813
36835483
17149124
33119416
63013617
59750231
43410990
33879615
50417619
24080514
17670583
10117242
25502630
56637040
61651379
40225713
54751141
38230515
25433253
52652673
17985975
73438760
58564610
60020370
64407623
14400144
57993414
68721113
59480857
19526893
41367086
51831214
36873191
67352949
12785497
58863624
68312842
69044481
31304956
44142394
60681410
11106754
16254425
77234121
29010291
51280135
15109710
48730185
49917226
77421691
56586225
65144969
47309609
18276136
75889849
48087816
74758420
33652658
79365760
51921323
38810810
46836688
52761862
48017466
33119613
28324436
30886079
40405998
19964581
79812929
50978644
46580022
39275532
65464503
58280342
36180677
17031112
37504617
13536710
37509053
66597470
29225690
45981887
59557276
42618734
36240660
54283842
58296386
31134046
33017392
57592900
26737027
11603833
39638581
52967450
41112925
16830440
67855923
63314582
78307501
72267988
50035303
37113293
22828255
14968429
16049023
10220350
78313612
18180661
79807353
49661555
56113242
60293445
40691697
36497290
76866408
30670742
30498888
16932183
30567456
21203652
41211771
28354446
47858304
71237349
32027192
19073409
59226602
36134895
36922261
56372113
39632787
43710269
41911071
41158433
55745274
55144286
38823643
19400981
42322928
69458662
40323462
18333036
34285217
11539940
38111873
27661514
40119325
57285522
70709624
63547806
59097909
73690824
65724386
43962088
31170391
51541623
74061458
33789307
47708736
24642853
26009702
19363885
10099473
11407598
48225643
39106229
11642560
24692732
62742926
37099814
21764644
74128790
71682605
64929612
44406322
21179696
67090032
41830609
48676666
57798750
76140276
24717503
76102788
44070137
41579923
61993896
77866546
11240220
61806320
20743776
56524059
19462171
26951082
75707651
25385996
36377421
20127882
72245854
49520058
65577747
26376928
18102971
20615619
19024599
54297422
74475420
58885811
78281937
27820528
50510105
10395667
51178792
30625902
40621199
39968001
47148194
49211162
67844982
75146522
22638868
13571737
11635618
46332201
65859034
52404418
24604194
56282585
17310609
65966851
79640016
78504531
25578951
10417319
59693572
38394603
10239963
10201860
70394949
74999480
63953832
70573801
50833384
79692285
57170363
26659001
35079985
48269470
50393911
56151841
57031714
11971444
28491668
35235059
62810890
40499874
33936957
70977323
32688272
37476884
28218237
53266784
39559165
33038471
29688133
41193089
45599205
18456033
43037867
72360806
73779566
42112649
74851478
51905136
24503357
62323833
31802754
67133711
42535760
66016148
75643134
50067525
76665276
24402477
64678377
18942224
60852143
35452298
47591071
31814284
70857782
71683845
23448818
52805982
41860032
61353593
54112860
40280843
57460590
69534634
52591761
35507271
32423000
12389479
37414747
33685508
48865373
48989861
14854445
32377678
63017994
70409461
76834772
24388062
71330601
57183825
18555030
63949635
44257587
13982591
27385271
45090236
10366377
45683776
50249703
43161704
39880135
60995391
64453252
62280548
33129757
47724979
30504964
18399165
14333982
48255064
41672469
67866099
25974182
44067163
79659354
60503134
56082551
30707987
45148017
74697677
36402823
58927645
45579350
21706798
28704482
39956702
14967554
62019015
72938993
75342169
23291461
32746359
52452143
26471416
18821616
30852448
46477315
54950880
76358986
60606955
41546559
25801950
24084655
20016006
28875855
57647917
61964413
20216725
62493146
23378870
33499390
26844317
74352844
64420249
46931890
79215779
63085207
39091181
74924377
15912560
26072732
25964095
24102422
61717186
32975292
28673766
21882817
60499117
42283025
37165379
56941721
18277139
61648649
14289060
46665546
38012123
64981870
77804800
43759375
74196530
69581206
78389325
78399519
66766405
37520669
73971357
59113611
41428224
79068118
46531344
32196052
79779753
69827179
16667250
51054906
50577005
44983250
52580798
35447140
43548966
22732530
43287099
38307956
79047498
26014707
25041607
19231177
15606898
71917684
76491904
73045459
52489132
67621814
14511664
15987150
57760159
65087647
37960422
49362316
58851878
71146427
62866093
19151636
21368927
18066688
44795090
16605909
31907847
33851922
43968770
14806215
49586778
55203519
10109638
18053564
53783432
28734300
30515808
41965438
74569057
45782784
47513922
74676861
37211071
64715684
69302833
12268161
40601464
55256030
36461402
47449742
46573687
25626772
18289367
72679308
49597567
45843468
21822927
68987157
74783298
65025657
58424828
31235748
15208911
65733274
71581630
27570452
41138881
45541352
20853396
20455151
60242786
40726670
59701306
40390333
62158705
51664835
41288065
43119461
36544930
74596297
33059210
45364574
26233332
58228157
59105359
33843234
73129263
14392440
62313274
50331951
22516259
24294134
41078089
77157570
67349708
40848586
60979817
63456123
17187558
28970162
74193357
72964291
60319732
65541409
42282727
62425131
63104326
72633381
44759418
71130957
12359140
36767617
54411093
68141997
10767070
41098796
42716319
66268922
40047717
75827236
49565151
10859636
29849336
59026700
74548526
78207335
50552465
11158058
44430538
27009988
61053069
41490505
46772047
43970272
59650400
63524201
70718512
31024579
16450357
31659921
39263164
31078235
58406595
76711958
44443779
75822736
26327481
52051158
23766876
33086109
76383259
52783238
45758863
25441576
22873449
12238994
63994057
74062088
46637690
36735814
55562152
52472123
40247279
79814984
53222703
63062699
33658163
26181412
63975732
32338495
11613345
15980927
62469553
19379539
12352041
14402631
33699088
59809473
72679792
12586953
72990622
64842612
43174930
48414771
51803200
28948228
68437415
31570380
11844647
71362336
51890058
33121651
78137768
39063711
74726693
19495935
16535782
67434405
25227992
41879359
29199826
32209114
65510090
61339783
15471977
10363876
31018273
27795308
57171955
51360012
53856728
39736785
64671366
73358779
58705900
66673081
73252040
11560516
23405371
14189014
58848891
48266887
41312782
37270539
51450069
36750282
22948039
15539335
58005804
31454836
44234572
59297449
35818159
39441402
26792512
10266489
30149252
60374773
30599731
64613436
53807300
39027538
50760245
74174606
35776791
35975338
23582916
30211314
70093228
31251175
17633256
62062068
32751020
36585062
20555846
68300112
61147847
25508885
30134709
27831862
69826215
14691488
44262737
31674370
17329978
47925464
43829486
73675258
47375086
69648109
24289924
52820417
63954701
56303673
25560970
65500902
41651635
40572069
40332575
15964931
70138208
29833157
79031061
22305590
48488618
78864230
66144299
64083687
53720542
35728499
63992756
34654846
69369993
73818345
26715880
31259749
27869619
64797861
48682055
66257853
70794510
63035567
78117954
38145215
67463732
74081180
68441382
69994029
57278488
52831551
51688319
37711123
17301221
61012323
39811961
55744859
28395124
28707941
37524435
64508883
50444823
15280290
22611414
77947301
11389324
52423155
44562994
38052344
13931421
42093079
63360018
44063254
73114494
68545082
20811051
64644509
30345745
65926101
55912991
52882878
47537226
68119397
14066292
60261803
18900662
67392511
21822027
40285915
64179118
74109641
32258006
21601746
25141926
47827074
15891291
40151137
27021662
25405916
27725047
79966983
20122299
19322458
66079760
24353556
75309891
78148030
40386090
74480093
57473526
55625054
18704816
36298675
36535000
65971150
41304583
47238021
62908895
57229680
70846953
40014562
48864709
22673073
21840702
20514682
24796823
68294412
72003322
72482131
41062851
27881884
62907671
33715585
72577209
20624754
65618186
44673643
47121666
21143507
56999499
29117282
45570488
52390847
27588518
27575330
42654468
20494471
27879337
51661707
35393463
36312335
79652987
77688905
22469946
54950933
40232284
74064851
63270490
16073876
51657593
69006186
58828796
22926384
29559669
23986591
71476755
52747490
47834255
71551095
71946134
38423246
71772550
12943421
75733277
29904549
53222304
63266991
63976578
56171805
30695242
10294302
71768745
28934897
60210645
79331943
30928060
18795515
75706980
23451184
50493553
70288444
69065301
24276544
12760012
74495462
29757857
60540329
67838565
74368074
71930858
65828679
13279612
24846370
31872858
68478595
61044677
57489887
70203332
37311566
76832979
72884506
22407986
79948182
61290991
49329177
67783181
39099253
30489125
15162437
62540415
58620193
52974092
10653396
54504850
74498389
30313438
38380998
46772949
32605645
21011935
52330946
78797155
30771132
27236369
16103206
76871416
34556799
52314856
10854662
76628315
37347939
68450963
37676767
19560589
65822426
57772983
11900362
28838055
39251382
35973491
49582080
41545073
11774666
25554204
58890793
18581196
47837221
78871520
73315766
13576034
21037890
59071793
20743634
14271535
66235137
65538961
26309082
75085652
24648784
43752611
72748197
14041525
11814044
48404597
58131947
76577566
69643964
16086479
12959091
50918266
32857061
35456941
25626341
16877500
73910480
57582112
26771779
30691722
69654395
79927096
50785168
43079548
42860174
56494632
71458567
52129480
68011468
30920977
78365690
54232015
70128303
64389682
77328139
39240880
71014463
59993539
78199942
20890527
29390825
50685430
71765903
30374718
69110688
64376392
66357083
71559280
76591772
35256905
71448112
59812614
45959120
79063875
44639958
24143497
12248736
79404068
16749934
68096144
77867817
42869035
47221774
49503159
45173899
61376882
76604716
21565643
43742701
32874926
21028715
52633011
29707645
23036689
48214490
65045537
49803704
57344549
43780518
68761879
20438173
48333990
76805406
48577345
30491021
12060825
46421463
65118607
21488108
30756455
75634205
62182554
51228371
10311083
60043465
35718994
74082057
39235951
40292083
69652861
32890657
77568903
64035811
58687912
69689832
30609017
44362749
46442028
68996507
11290275
22534637
65617343
27762056
33815108
77402514
26604013
55633715
19255870
35177942
40228889
27933033
14097695
33995808
77777637
69222313
78369104
49539914
23192054
14563241
78499933
34887426
58572254
39422092
72682598
76867068
58595101
28319893
58444724
23919474
30490656
23542163
76958945
32100554
24536961
55266807
62405437
53606241
47774377
74010329
13261666
63797853
12178210
26345334
44453248
18046831
47365649
56812048
29339253
42098043
21782007
37632037
21403482
62945939
68317323
14846341
37928767
74369092
52900148
10929537
26720634
47625647
57462165
23437724
34531021
77387033
64204650
57351671
40645213
71922689
49828416
76689440
66406072
33864874
48845478
11887354
50397399
18877927
41903306
75527737
11544646
60395099
18137638
33191867
22949234
64761705
14135937
16332637
50890459
35486224
16840008
58030035
20457193
54803179
44196724
39902957
58239120
42801613
50987834
66022039
37798438
58647760
10080157
35819865
58341037
60240769
21594951
50272152
38686060
13583654
16695612
40700071
62646952
53579651
78383000
17830550
12306099
11932907
25466590
55530326
36196495
17784926
70902240
39675717
61750200
30599691
16987533
29708108
11159374
43345360
57151374
15259148
47602382
16813919
51480487
17693941
16762492
11920445
18592902
66689737
29566229
20505718
58946478
63235472
72647025
18533054
18470317
32014027
66687514
60084208
54817096
37128337
43086720
38841118
78897167
78329453
10022557
75969526
59718040
35916811
30340610
63795506
67276864
61472025
54578761
10959337
79650146
22088313
45956256
26740231
49153723
44036365
22802280
75151351
61259031
52354633
43802945
61080653
15768882
11353782
60746031
57068522
13960087
75007611
41728432
53707196
16348176
78146159
51264546
42986159
45666348
45047931
42465095
20694978
28366240
41713560
12759760
43893054
56107760
71469705
29368427
14233641
17001326
54484232
57478675
16615129
49267360
25204281
28507725
39173952
28369918
12023176
68745231
61010933
66228729
61826595
14978319
16119846
55647064
41397860
15399938
75426098
59308534
28773816
23665991
70327312
53363316
61050511
75577667
27449509
33696820
13357975
53075009
66744998
47507344
76777686
77230543
70790258
14259500
49004623
62724742
31542378
66700955
75633634
43796254
79550934
66831976
74998570
26412003
23286704
67344174
21146322
23482624
37379979
24564191
71705266
68604921
62009136
39631777
69311454
19188193
50693013
69957065
38700061
77361798
74969407
53669126
27317231
41928606
43285512
11069502
41951916
25505389
19461950
33602129
44588979
44727683
70147270
32740993
47722100
65369930
51253853
26743136
26020499
38130138
24622517
68650968
73114895
40545932
18599254
27175021
43372205
20324840
60681136
12034977
40419216
45045610
16363752
27302302
70799109
29125986
45370858
27516785
31682765
68100956
79323189
46650175
40415783
33789884
70087284
24420084
43738805
16709627
34177270
52146983
74303886
41373670
62240510
39926791
78276437
14981665
77604079
14662539
53701055
14676698
32571149
62117465
33364068
15959029
32211795
76874601
51999005
78794818
42223896
53046413
77485502
10497887
13400883
17989171
10945811
41013451
62196005
34249734
55360192
39887413
39851328
75753572
51770927
37792837
40803400
76737898
49872235
44271228
68839854
43309466
49638348
62649075
65964855
17265527
41382108
17152958
76134047
37825187
26412715
61411081
32028725
10394228
34255439
62720372
78821686
66717333
63320794
65186507
75672926
50814396
43528220
49596730
66560792
46267979
58328236
69067954
77752055
57354735
45460480
12425656
36525403
23455728
18468818
73093688
36054069
74018922
25484218
55645736
37369252
34864167
15475387
56114360
66811341
71851886
40793740
25357225
78614857
25034001
17864862
17499881
46009045
54176376
27792047
11711406
61446450
36857316
69927370
11250470
62984496
14937500
35915789
47875777
52479595
20678266
15023839
63379107
28731491
30678726
36609549
28627741
14624187
21982699
19910858
68270581
71135707
34468096
37547039
74513479
61347674
46311113
33664990
69849793
38195994
65015806
46937127
44110080
21744756
21675293
31183895
28959057
18205612
42424021
19458500
30952561
66091518
44556010
68283259
66572919
39000067
60824858
63480584
67225090
65215611
43389116
18542773
74111300
27980955
54230681
32519149
59107662
21262584
22627283
39700513
35972877
63216577
55762337
56948751
13791917
26040602
45950522
14720770
41193309
42884686
46073265
42935752
44761597
62645819
35257784
26983466
44401470
23949830
29492069
62679976
64661439
73805266
11417184
29775311
31492874
26116693
23150788
38540089
11441116
67315716
50880077
30206321
41091806
42989144
54282318
46265437
39043036
43017616
30513030
34986255
63740007
30060688
65943456
74035083
34157027
56087913
53168594
78493771
66978910
51935409
60074077
76356856
49411498
55425914
40489169
29340602
74751513
41946123
42694104
46242584
73578975
49488395
70647394
33742694
16137980
71719100
40595024
76745437
60059209
24396558
66016250
75543759
77336212
50557719
18966894
78207415
36981916
26485305
76849470
42671033
41684780
44163104
27816479
50793595
45406607
75511666
69139873
18599004
40145784
51708580
27051436
51063018
59880670
25595503
70940760
63925282
11740711
28644850
22964084
33080487
38944192
32777835
31669349
58998542
23525230
26767910
41895094
73702179
20152768
74120673
28016524
65848093
50312631
50341577
29111422
76191881
18376235
13098477
36742483
32376295
65895894
66855457
55300034
57834667
35813253
48794096
68021439
68640604
25643499
72776832
48993977
31283865
47014954
69711280
25870010
77197630
48374166
40518623
30017863
14485843
11998536
40069634
69816938
43300122
21019110
63672954
22312698
22049300
56818288
57880734
25227697
21367801
71770754
37898444
50447502
13476056
59756756
64046304
24538428
34008310
11452659
62174108
35616771
18965451
23770146
30136721
68277155
13545813
61252049
17873412
31406556
75847269
14989974
72081039
51344841
64067581
59537568
40030459
28431774
23711679
68790408
39126976
18638164
70758138
37235794
23911734
72107408
21368674
76663576
37768752
44583625
37974387
62620549
36734137
24282410
32997877
36867182
57239714
50225802
76798367
32606830
11422523
51331905
71757447
24173394
50116472
68320229
45115146
60931536
74230086
58643200
78101544
74198487
43193617
59890405
60372464
51748383
16802364
21545316
25885359
67517670
39552656
21377019
27037604
35948356
35872854
11117515
26726730
21276194
16336052
59772210
35392195
33929620
25833437
19387117
49397851
79549918
66224486
30615535
21456030
23042155
24456069
78149941
68117662
32073450
77749251
11920688
44692766
27821859
32484696
73115123
65434626
34168350
25472550
17477639
70711059
56329251
79697213
56629223
21449226
76085029
26284207
17112899
10007681
61893380
29983717
64442449
66431080
73780060
49119745
12827213
52018484
56945871
37562694
48306902
77693273
66836847
46061290
70665866
63770068
11925138
58597645
24338389
75245256
29306713
67535176
64003768
24894827
64683251
50218811
38320486
51768437
56260841
33464364
64572406
75171946
71422699
64077281
42898561
37278546
42487255
60944114
27793126
20485614
75430840
71992676
63738343
38483474
13427443
36922936
72454315
11945242
40990386
61914198
61330161
37489877
64706694
20127070
74765940
32834314
28246904
34450153
60676190
72126796
71461746
40017780
18135222
23884755
21987713
75834997
34118140
30007746
15458271
40602150
35305969
28936593
31689940
47630471
23087656
70988614
50086513
76800928
32591098
24473662
59930633
21820235
51787191
74114191
70233093
63878560
14720428
79205540
21324712
57342990
43462189
75122694
49346606
13992897
57732854
61388371
67161229
35540979
55306817
12848058
35567928
54338815
12088576
71104338
78717207
46357467
14295452
61906634
32275298
49118122
38105851
78319783
55790286
19211409
79482031
41017309
27382242
31867356
60627004
62615575
13604682
37619099
56196918
36960996
47960921
27412370
33580160
74653943
72354006
25468217
61809845
50783547
44802653
34434897
16389365
28869590
74038136
67560594
48295178
46899751
73654378
12779505
56416744
59469184
43405685
47199202
38782688
24575972
65881986
40464031
70776893
47566992
18727171
16014841
71646410
28432300
23786729
40655747
43754546
50914351
33435676
54641991
24677005
63916487
24205645
18447790
62350396
31991147
27734396
70287382
74702935
33318687
39935552
53556267
66204616
29951362
54348643
36602945
40058341
56874264
41061479
65793124
53332793
29674020
78893033
53855703
64933465
53636391
50375966
52350926
26843259
19540763
76370485
62047053
77954032
61979107
13706704
31474370
17094562
24217070
57364103
44359493
77976030
21628114
73376172
45926002
45979596
62629339
78012322
26610547
30157469
69267037
73503739
64877625
74429449
27173941
66988916
60755130
29030953
36964390
73900190
55309806
38547958
16217350
33289203
74458650
45577950
59568796
72158390
16628461
33701282
12365009
77897679
62923932
76307102
18219724
44761833
41214546
35621178
24114147
72861708
76772084
16219642
59135381
67683822
31728170
62317944
35699894
66436399
28430668
41659229
68876735
35727597
74343935
19808771
63898691
47540455
72907310
66890273
67756169
45324574
30933863
32338107
75774098
28911543
49099040
44183545
23594817
12312752
62423066
66631482
56955724
30885240
31825793
61413473
58507225
54721854
52544601
32240050
38764474
61651973
27719115
46218782
59810521
28838935
74186949
53783931
52422892
77569069
29873142
50232766
39850614
30363530
15061638
73656103
10686673
78603263
45578453
39333085
44502063
46740563
32121689
58860032
60943081
33268741
63431174
28905357
17952626
16982573
11355545
21613076
33467528
45609377
65932500
10320810
23725741
45683810
59523621
11183245
17640235
70390571
28274583
53918388
21833707
71236129
58946640
38575279
18228116
57333002
74352722
41592213
49954126
46134894
18528557
21108404
54907274
59046935
53199690
63642837
72415119
10909738
13069394
57502779
24247086
15673725
19966423
57443423
74171858
39390819
68230926
30502807
16341274
46556201
63146132
20296635
51872856
38170030
35338341
77271530
56609969
30055390
26962011
47711336
46187848
29882886
35067654
20250752
38716400
61211251
28267529
25504084
38622766
54726288
70585926
43863918
46038090
62722624
60256894
48441057
11875912
23811266
15594980
39587811
56253467
39681576
58173601
44506513
12190153
68569852
46184677
46297519
30844887
25811023
39292434
33045974
10490382
18714959
79884035
28920307
20036574
69167642
19586396
14278887
10813621
76107471
20494164
63983776
22325791
78046409
23455051
49319621
63588464
67058076
27060196
39820636
55274427
54238467
43470200
24358987
40186833
12692895
74274251
52402375
47751395
21109804
20353187
24690006
21229908
55501331
25834239
79527643
13365006
38610157
38199723
19247766
34375851
21971796
61907087
55387363
12583785
25291862
25245908
21986376
56947144
78585587
16867127
13981807
35027329
70326970
70845052
64567081
12089465
66291123
27877991
56556223
25124273
63326217
71198238
57634230
16873062
43122833
26205132
52434560
57246416
42425342
60674085
11985361
25268030
56968590
33911386
30459101
54020535
38254587
38654207
31226704
37715198
18154557
48826777
60182547
68938571
68354376
70344313
21334365
25369318
23093378
56295881
21744673
14098619
14453050
22965101
51938638
77476491
27861597
64984219
79177337
50990771
28135716
54879956
66233922
13033976
35259437
18892706
25210523
56864541
74064712
62408203
10048644
64694324
10710827
47150671
31311522
35797760
51285615
58234100
23718421
15005859
10334594
59813623
48707793
41456279
52073927
11040807
27807185
30783090
75054571
22067536
24554713
30984072
30846878
78002019
24355286
73900525
24517871
54388452
22954330
61116434
74499732
71189499
71068854
49157281
38797767
21246121
60807123
24155334
30278616
67541888
27311538
35505958
75799850
43204199
66070971
45214062
47000354
67785698
78373110
12711411
69720171
48929363
36566978
18298151
59678588
37559590
22968606
55317340
61775325
19920497
13951031
17223802
50371312
19373776
45218782
25252770
38450678
11012135
45151435
41647841
27995764
58605387
39960267
24284385
15296811
25322334
54267965
62819568
23607674
77507372
27414161
35544269
22091162
29666478
62842942
71076891
12966996
48598052
25555420
25005463
71693356
66842678
78366333
53317266
65610933
66371667
61451368
72148165
15405311
50128127
14609575
45467274
61943028
35105468
53832141
48406172
10064397
54640924
32279094
34818301
66845639
64639844
59801442
31681847
77720133
67261637
37206672
27207797
35661445
23934250
76463424
72672892
28480595
17818990
60846816
20264460
77638710
65986263
31673716
73831588
50508289
31229373
57646845
36295109
39745826
60655260
66960911
74721950
61103436
59096899
71229407
31082856
26497102
34180689
18092001
16447287
13222652
71642608
40345644
47550968
31921194
50797320
65642511
58581092
72768193
24961695
35848599
40876580
53312958
48037159
32580483
38892656
36601571
28102255
10813401
62618845
34566326
70114856
28726977
76232037
76938928
75881132
46345821
54700086
39259252
38831275
74873236
67767630
12637275
50827152
34085389
47034476
20654249
47988317
41867370
70901879
23045753
47089219
59330116
62953420
34292080
25946190
76028556
25192257
56225105
28769936
60200590
31681656
52715902
53766200
62957758
67691742
55208372
32393815
67902962
70608146
38028909
75609021
14360974
68976474
45081417
39306311
53414988
47967466
17475790
15450393
27112630
60108582
49412034
33441245
28436493
43220256
51830522
41751102
70467007
49653860
14840650
65411573
28306659
59507073
11640451
52581393
79100381
69141772
48822042
44541389
70028755
70112228
38279808
50354370
63803601
60735954
10664434
45689202
48402329
62499928
39739293
23451487
47486302
22897575
70232437
68268848
23989589
73366478
28607132
32706876
78191934
79428544
11842265
44342189
33623402
74533242
44353076
65404352
21189255
27041789
54739764
63603782
54630552
17675532
47359583
64996687
77954606
49610972
22233828
30819806
41618411
67513284
68530289
78475058
26043665
61148357
15532892
64201139
14655987
44658809
65153586
33637325
70163008
30472281
74204595
15967184
44701514
34706164
35649516
30548903
43486462
76584186
63020282
42375868
78264713
65831002
76459013
63852138
11387049
62263119
43089244
49391954
66804452
44394478
51837544
67042149
19120153
59594509
48825304
63324936
75802403
56103765
33367208
33845268
42639586
61294172
45314155
39418297
61428318
28527816
77104089
48903779
18245868
15219964
44459950
35541065
75415193
20471845
25895051
55287865
28120524
28216288
21567269
70931141
18620868
34014890
68780813
67902272
54312351
71362077
53450961
78069212
75159607
50103688
17931303
16940375
77773356
50016930
68781194
10159063
36076703
60148239
46830926
11512294
71266511
16647069
48497842
19945258
56855907
41156429
11817090
15036098
37279252
73690646
34553811
16827384
18298836
71738129
75085226
67220006
29172453
63270547
10094517
62895330
50764181
49295982
66482851
14046738
59280118
30070960
41018637
39272774
31386524
52784925
48798826
76365531
55491142
16747260
65583598
76687166
18636575
17716213
31003483
57260916
61738528
79519462
25735347
51643402
46628656
38030912
44477929
35139022
55918665
42152786
77215958
25681856
39473104
56666566
68382023
68311064
55723661
46262073
19498497
79146859
32044640
28339254
65862571
52616654
74230022
61060564
38454164
18535349
29128237
51983727
20150348
63056336
43459714
59257263
29003624
24481351
10982095
11692696
45105993
44192328
16229673
65830656
72809786
14280453
37077249
29857827
59296018
16816931
19816711
39462914
60102429
73344168
60241409
30640202
45155167
13664650
53092861
77906665
64317789
55748608
50092603
51873560
57640490
42506392
57006424
66664485
60083464
46154523
55974965
38343297
25989794
42632801
72325842
50020801
72443901
26188729
15628688
70711696
33907856
68551207
64077790
34331093
20721882
51469725
15362954
49965354
26789077
31008139
37379910
55837426
54961696
76967938
42854830
61965352
69071126
56922947
20392144
35195876
15752050
38297703
67593509
12328986
59600762
69643741
68039156
72944708
78938591
32943213
22037095
77143822
34540898
12597933
15602889
64164790
71878038
53953574
38933140
24969742
59865696
68112438
70218399
29379532
68115229
31580925
10596569
60237338
45609224
74160034
38040739
72151408
32261347
51291562
51987096
58037694
76904363
71294778
34295881
53299297
54108592
19254536
59732758
67524535
21674512
39713154
52006669
71856780
31710742
24222171
58729669
51898314
34138518
43112044
10315891
63467806
33038761
79053739
29672316
62133398
18200648
19823441
35098546
35385636
33517748
45172430
22098117
17009414
74584453
38947036
30557769
21139479
29117159
41401057
76405390
70156514
76283219
30047961
39994563
71312134
69750984
20730702
59443234
47658460
40514821
61638970
74666861
60538321
45788708
48382197
30739878
51664485
12497954
71862286
58493374
25316975
28495547
63719869
45070859
55274826
46378328
67144574
66212436
59482229
50257737
51106646
18783955
54301974
58386988
35727686
59453409
45129813
49789977
31363045
37554669
75276558
45091296
16657078
10244631
65667295
57516176
67127540
17671846
57631112
34144648
39587500
47618895
14607482
45875732
58618686
57110603
23715812
21757320
17881261
19330994
65087887
38351948
77840531
23631965
50275377
76050323
66595180
64274516
31453306
42799883
45514253
41355856
46471650
12931777
54532082
36016658
34158252
27485447
25819055
59836879
21465367
38128678
27654617
20371472
37992277
64387334
74646727
41603806
30276113
37499946
39711859
26282934
31783866
64033261
57523022
19915075
26955120
36658154
35404652
75181758
46101232
64297360
53013917
46292104
65384823
48974778
75714329
57142770
30554405
47633540
61241833
66882148
73162872
77913490
64607515
67360742
24080921
72914831
18212799
61687788
66451770
12392021
31795721
44460874
29957632
11460347
65675429
21441877
59516972
71011011
61902887
49113220
38460998
60617790
51054638
61650495
30226004
61025239
33340891
27440609
65296404
44660724
76577094
17538127
66140873
61872841
47274836
27569628
35719539
27633619
77987952
14897278
71004256
31018172
71675598
62726509
25594915
49110849
32027202
56242933
50154720
73109097
23742630
59940985
52498642
70223381
34347398
41946590
78743022
25414523
24550728
79702731
74295496
62154630
63453064
64985896
64510062
26464884
43493791
24116534
38819420
32801872
66729786
78529037
20351849
56747603
79466374
67567415
50021374
17629206
39348890
35480080
39283984
20723508
17595346
42303942
45511203
21468292
35034300
76396981
15126596
74432582
78814922
37559391
18041153
22196962
50384667
37068645
27596684
24837804
65356267
79537258
28685366
33568325
54679029
59220632
76045058
38396877
17180161
61509006
14124638
63385408
14553592
22139278
25880680
49118901
62075026
16123225
29013940
17519956
61802024
61679413
24436903
32474480
57032847
66872778
12028190
55198250
10987868
63125185
33072687
48404067
26697989
19090307
45518535
63363615
29866963
30499334
50130879
78275448
67808404
36590840
39994972
78097790
58090268
24790849
10876582
15370153
50841401
15711899
13992866
17096292
61305871
13812148
74696122
19222998
74968111
77420020
44758375
34601535
12997267
32756546
64232313
29830251
41741946
42056862
34788622
15327266
12925541
38483718
79113148
10885950
57053085
11851065
45525064
65308524
38555664
68432637
21200200
26969036
25688958
29387180
49483982
48371229
28095568
64560204
42331461
41096142
52693191
29298073
66680558
61171750
39133304
79812215
68997672
24094967
53144846
76184831
29085296
50567245
62720029
17151183
26257004
61420618
73579477
66982546
65204239
12082043
54985226
66329343
59010566
62558451
53261732
75221017
52814047
71421599
69342500
49918421
47789913
77445287
69788184
42799330
68586054
30056609
41121269
32084285
52744116
40515367
13841240
72697784
30140340
19533376
70741711
46114726
61610218
72159991
40034999
45479804
41445095
58567662
39630647
37013839
24912439
19274254
58814416
53333481
69655506
59987923
35589788
10307345
62530720
15727503
66640462
11591904
52115545
17985667
25558862
65043418
53053128
13188396
27692089
57124788
62231597
26380917
49017360
47694171
50147853
21075166
35766131
58658733
23801656
78720582
44000716
46479759
25354639
40454070
45896849
28447718
53636479
62316049
28904215
10960140
44339112
27870360
31978449
75372155
36464225
36623694
73962604
41226624
20733859
65648273
50432505
37813099
25936181
23543880
47272171
36885924
10975950
25111916
23913399
34063665
48807410
68444941
37075701
55189868
77846753
32593975
72527527
53229587
47668330
78789426
40342031
24687496
49950153
46889589
12367241
10952625
55097367
34805276
16443544
57155688
15105383
66059681
22091502
70718412
69700622
16088009
64223875
68230096
15193284
33232866
61304234
42613912
31627610
74915913
44356988
21890553
33210897
18904204
48095512
49870086
42348574
14605134
77161029
22540653
64459909
26728895
46160044
32229803
44389156
13569443
22686537
27016790
54897424
16533803
77140041
31389803
16111209
49083437
47778492
36441466
26336153
53952354
56274210
48252999
68172938
72416187
34738110
21357413
36479051
17429253
45088294
19503852
49779202
47556714
25003292
54337919
59884275
34698626
60520711
37146754
65908607
30731551
45391709
16065033
20079841
19476494
67784952
39735054
79156626
31378312
50491693
45134279
13602866
72392902
28590167
23757155
23819941
77092024
66469912
46350786
59915673
26354113
25481688
68568973
41628844
19676015
64170686
27925241
65151115
53009480
30344465
69205885
35229899
54570218
66964850
41872504
14969819
50069375
79743490
74486223
50694004
17751546
75983746
34919366
66049110
76704221
71152420
63643839
14928952
48944290
10715142
39055593
65312338
57177126
42382490
18817808
72392842
34349502
54201099
75164681
11784128
57677748
11316905
18553821
75480407
40706425
12221838
61759955
14011845
54281073
44404377
56258846
17951303
41401709
23428680
50851100
79424958
33823206
14754817
65113590
62161185
61713941
51417902
51921483
78336012
48578014
54071837
72280931
48233272
68057285
29440369
35646772
66872261
15615100
67730908
17746337
35753511
44556856
62531301
38963132
51724154
33311221
74096799
17082643
20459292
49244117
60850565
61993143
53518721
67585287
60168052
24949649
27051631
77607672
59137114
56721422
50893860
67809677
66927264
31236299
69588067
54249236
68986725
57634259
70943471
25362546
51531105
79573565
62635234
29009291
58844215
26845593
17512929
36065173
22606221
39571240
12714299
16863581
44974760
19410749
73161164
77391176
37652927
79240123
19222647
15739842
68690074
52673228
69393497
43740700
79068213
11129883
40965757
75316798
26809098
58794196
12902885
78760239
42804627
77718709
49945161
60622818
33420443
64777272
73986919
31429468
48580242
28131230
56731103
67479552
18080622
56062036
37419515
12791901
60995077
38796400
28603188
20098937
54171582
46076977
60058574
71287477
58315414
30714968
18035175
59978031
40134724
26565941
45245147
77304407
31466102
29500592
22612965
44751376
67606816
16162214
70339755
22145810
46817832
46897204
66453231
47467684
77368098
49657097
68685380
30565675
24262245
73242343
27185830
16596060
47783501
44997757
36540655
71394492
42893471
76613049
47247085
47423856
44441256
37497606
71888906
22606794
66038419
33889240
31268046
40544055
26376527
52891782
56046765
41226793
36065225
52042850
36013710
68977397
55040753
19460916
77732605
24778795
29165429
15915756
71746453
43957028
27530576
53718239
74863937
48676733
38718960
35274219
39496054
52051558
20266667
68356163
41492246
22869027
12663450
19687631
50841521
21907315
37135955
54963395
64525775
58479907
39546525
40269217
67388170
36993374
40232709
21619004
40428747
14987610
10522545
53756110
21508386
57506141
36320647
53501259
68802758
65298844
26696645
40026676
61587955
45297918
50057223
21062913
23097375
33020383
18562970
35471409
62269552
46356486
19934550
48202032
46809082
73759137
11255718
32507847
53855777
74179868
15972094
22877337
29975710
26875557
72724301
63693616
57502708
10529078
69497837
31675285
40553783
16321657
11106052
34665768
49236372
12615518
47441553
14283003
20619560
15812258
72202731
62744610
62699779
71628818
21418684
46517455
52204999
12195404
68084370
61027007
53793410
24755783
76453190
52110733
30392718
23742802
57885054
75702386
57142906
76842704
64685389
23659618
51991442
31162182
43470318
48710480
34346138
77689319
41833576
51897205
48221506
20677366
29298194
10460873
26344879
33067719
49881131
15507153
51531331
31068985
42443093
73441252
20256238
28042233
23700073
46110854
77995672
39553037
21055847
28967117
60442750
40135543
20117288
33027569
52059872
41035188
62015097
19164051
43575214
24685353
14968583
10011655
55485645
20637530
73054645
36674760
61794250
16585822
36589737
24219916
18381169
70952798
19446997
67681392
54964296
65576849
77490624
71195806
73433294
19345312
10755612
58808696
15620357
47531351
68869584
12635379
23527518
14436897
69681381
29242752
20033377
14424554
70242945
12431594
31325504
12232115
78225959
37379897
75434273
33151266
16233584
44939815
67008910
40924344
18633779
13593885
16084045
54861506
29952760
66474280
51358027
70501706
79339494
52657494
18098304
59004208
43336052
13460209
67579577
16944737
53171444
41053844
61997236
29121001
76823565
61621020
41538589
62592526
38521499
71383260
16761554
43600101
24241706
79199396
70745956
41345806
53079101
38609201
57315908
50064464
15331928
19954610
50151951
58949096
32098740
57415776
32714582
34442567
72330990
76894209
42545251
61580039
30994623
76401884
36284727
50979520
57234214
35138929
70804460
45174779
67477190
63897327
39114276
15540281
43024260
21314431
75971337
46667631
12948789
44855902
60181619
70128452
36812374
61225835
15769461
29577902
18695736
29370822
16570447
32761782
29274545
67464787
79147469
69386712
15456171
15392558
73812738
33548672
19122761
77985830
27180045
49683918
72723595
79171091
62996390
20494871
73452722
10927730
63011195
21330668
17436280
39986684
74745903
78733397
69016350
15318499
64560175
65202648
75256074
40130259
24929598
49754922
33443526
74946873
14439311
19240092
22395444
16339058
11642149
14390598
22113019
78350668
74919940
29012571
43245136
29329186
25205940
56879651
56169815
19042608
31529283
29486179
54917222
51097232
27823285
19448332
47329654
55241010
47632260
39241430
19743995
63398232
20223636
48945033
44298242
65363629
42236913
75905295
77515107
35932021
14088441
47275541
26391046
16762038
31364346
58548647
48692152
49089684
38753076
20710519
41918960
16047501
71187394
45492111
61309472
29263838
42221627
39669008
15569803
66923577
50832071
12717432
53612335
54707676
33468323
26113780
24728227
52194007
70614743
41685732
67615238
20810890
27465865
70190326
20447015
70880724
57391339
36533578
45400351
72292860
65801832
48896296
70632562
48105035
14033297
10785218
40333986
29245961
35793335
48070918
76361479
40932569
55617504
15485174
78496192
62799166
26462014
15287205
13681697
60129419
11525064
59537014
73096527
35479068
45379500
15807962
36415745
66962484
28427015
50410900
76722623
79206914
29691628
32556959
64729678
15547766
59390593
77603586
57639784
71842536
41537282
17609666
63277929
78289843
70616973
54363323
10721333
36218173
74332569
16033847
54377682
55242493
39967017
38220043
75134963
51952182
10393852
71211680
14128885
73633873
67501242
24869455
68754948
46200954
35870722
23327927
59752283
26525198
69058080
41558455
69257137
29581850
20876776
20951200
58556454
61574559
79420341
11586131
59799041
44040550
78235255
65719093
19151809
36078861
73495544
20795888
16171231
76785861
43063673
67516897
20759405
23424980
51648262
13943737
28185886
29247541
75260265
64907314
49270576
64509876
54782196
34083807
18610773
41089379
26828727
11434256
37038905
19362302
56796967
24463105
52423142
35284115
39381841
59371511
10073959
65668028
24620006
18748866
33776163
78097446
64478698
20789566
60204217
60997223
42087674
58920484
60295323
40142146
47695734
10725668
78125033
31600093
49686626
61086888
22963893
42914662
63847111
48700164
44007269
16553583
70568770
44286944
64258036
38352972
60092098
48719417
25492599
25843157
20561220
33430665
20161830
58331056
55805300
70385492
60376781
21446667
29070493
10750377
57890076
34489595
62363255
42993986
54279342
68155218
23746723
63618209
21726046
10449336
50497684
42553708
14730910
55006747
13946605
38240495
64879401
15810387
36221888
62687003
21658314
43902892
58320400
67392750
53682473
10526610
56140975
63977178
44765099
71893101
46863362
36382394
35550894
56095953
43425596
46135325
15748886
10630626
27179273
70380360
66537439
47235637
64108192
34161441
50177159
72296575
19610760
67432549
48918605
63893946
54475026
45381148
66219443
26963472
45660578
79919108
75534218
41240081
51802755
63531607
61169110
18374478
28556111
33351073
10464956
24310910
50283502
70134721
48904345
75373312
65702180
47058810
25891290
44075957
33159541
76265947
56766476
43196166
54379826
70373270
65561333
77272624
49215701
76587290
60977828
43969289
35521294
67594391
56256686
77506142
58129715
29193728
49181814
69217031
46899251
26083847
55328199
62867403
47039042
23305696
57751077
21684414
42053731
25573182
52250543
67995908
43820772
53804604
72504517
31600857
25368945
46875251
60157248
27554690
20420489
71280889
26931229
27249236
51827465
76422775
27751855
24587464
24844685
31260460
43541903
58774465
69459538
44136430
40144351
25366347
18920865
13062670
67240085
48827325
10350531
11574965
34824709
67910105
79020000
77451171
66442322
36396191
21830454
72895374
49341694
42299352
29063716
57156891
28568991
18597057
32529652
38542988
50722205
66965494
70211821
45526474
66007581
26955135
53917204
31675427
23679775
12577691
52449118
29218595
27154685
25727960
63397611
67557995
34577275
77455109
27672889
60547104
59567599
53405287
67894821
35313707
55347013
21949871
75236982
68838794
19951361
19755966
34880150
47864669
30244535
44306726
10532617
18191849
73869601
41500683
36142978
65183801
25263625
39308401
42539050
49731132
16464621
11372880
72435049
35775781
58215601
43053308
43651359
14660453
61666579
46772743
38503406
13405070
58500648
45621134
43791403
58231119
47071993
22130131
15928240
42690121
49277743
24836238
40702888
45510215
53797831
58417417
22036484
28874527
63624574
56018961
35264644
43983343
59042951
55946125
77514438
17991133
20563718
68616945
40672800
18891031
32158290
71847555
35724145
63487603
12537869
75959194
41780659
13203046
70580931
51714965
50749384
53254749
53544152
31310442
33554018
10194200
62698583
66026688
18829374
65236666
55959191
55477500
73386371
54326650
23954336
51178419
33901286
78095531
16948550
44618892
15892018
79328413
26602461
72286842
50940094
78440958
51764291
29520327
19686118
29591608
50193028
20930445
67041713
27083620
34209765
72303592
42590662
31211128
51901687
68649545
10308768
14555750
46392240
57322452
42703786
44338549
18901267
25293559
70135014
65742073
73783543
64432032
10575736
60677875
65516946
21056226
26767815
48486037
66146795
20298572
36091199
52516829
43850950
73322769
39967840
73987106
75805586
38886360
32282208
15208373
18120352
48660384
21772131
75538612
58144652
64395097
66750753
49727214
31020007
67025051
57498111
73685345
58317739
62825880
48334312
50651065
43060364
73948308
27436325
12264820
38549421
64520512
30449603
53956867
54975042
50966355
39743034
11531169
17788615
66174933
46531678
29220689
40497057
61726390
38335056
14460140
59595442
70397527
75529426
69613729
39417520
66587914
74827106
60787314
62174494
20092603
52232145
52603248
58476919
13736962
50278416
68109592
35794673
45204728
32206787
74377552
38939458
12552659
45174311
51549670
57048222
43102697
22842276
46074497
76205025
12802734
73524469
16183744
66618998
75296504
53377452
28387095
34402624
14923830
61516319
76294621
57281726
37439710
72911405
17088017
26675766
51524704
42506024
57365874
25133252
40798846
27222501
60059099
47634814
25738408
12685202
46883549
47604466
10218527
75369179
35091436
49365869
64360417
51862006
59213422
48193586
59375244
44980279
19464029
51856364
43295479
60044896
46069688
64988074
17220989
41949640
53919410
31125811
61665858
28000548
66198842
48129347
62564013
22181444
59483269
63321784
36972293
32510398
64035210
25541286
44823204
28056069
59784995
79007489
60260567
58459376
43313602
79179877
28121347
10206255
65153427
64777207
21343882
37780287
42563227
63413167
44002351
49105039
61353032
73914442
66299794
71804326
58329912
58220702
56609047
43476954
39472508
68141110
20371256
45445276
59018946
59546270
15750697
48423314
71233742
31730622
10090970
67904259
60816037
19240744
65600186
13745021
75467296
43629427
24499996
14262829
57414097
64935176
27744682
24094326
50158033
39574779
66948080
76471082
53297655
79238806
75751675
22865682
40948437
11348106
59149526
58104427
38419000
41537397
57366751
14381760
50347097
29772753
26382401
48485286
23079943
36786515
21938571
70089269
69459241
37390551
63539478
41133343
11009751
23656128
44054782
19583568
67402998
30095434
14691297
36818021
60870462
30457816
45597610
74767508
74084933
65755044
71433318
55170086
57511587
72986628
37461606
17419686
23556456
25700643
46740191
36153929
53402750
71382109
74167996
51006773
55816936
45758880
14152414
47183669
79612395
10124215
74423857
77652181
58561127
21754152
60009849
50187712
30041553
62636040
57537360
22110947
11436464
37153107
26065567
36351947
71312543
65147271
72042064
67778515
27449689
42838274
18924306
35101749
23187845
69532113
35883607
10243759
66892906
23199761
18821863
71971609
79022150
52047400
73044976
16335349
28180498
76108769
74249031
21824712
57594251
57613081
62030375
38418494
70095380
17768476
43865120
16867889
42043430
64036269
10134586
42961861
74263695
21532101
75328006
19737082
51915466
34987731
68853840
58441869
56031492
21135004
74116802
37363212
65709284
67923548
47140527
75663181
37853334
40204800
28437360
49822418
45706645
66969081
39555990
48421525
53059015
28129152
24946734
19550891
27606221
42873420
46545728
68709049
72169296
34971416
49868396
26176068
31960279
38660366
70767974
15975940
10996382
38926768
66513973
42043716
23446238
49180779
37179781
27342143
19181200
54000096
73972416
21851708
40713157
47909140
29758569
38839857
75285058
58269800
11401037
38086578
29935500
44677611
62915887
19004834
28765743
50709153
45610288
30344999
76424458
22778770
16221371
44058921
28360755
20512458
77141190
50606873
12628008
57318861
10357989
49600514
67734436
12055699
74225781
57014362
58944152
51287429
49425839
38914580
78403087
33484307
62644951
42422015
34704810
78372430
57510300
17401704
34867950
72338019
37590100
28881768
29417605
77823121
76272862
67418387
30307393
70105242
53968006
28801233
31157643
46682889
77329691
55081604
24506962
16256147
64437913
50824367
72651627
28732640
20923508
78386370
12007373
46135807
76736859
72499922
34750365
20692471
75600258
58197558
10647924
22626996
67652392
51576824
68678301
28764167
74727659
34320202
72903518
62459925
21269422
15616248
59127103
59531670
17541749
66614439
43677812
62773661
58935403
66785031
42239050
69389141
18939538
67231689
16495033
50219228
33785925
36764421
43269027
22124182
53186648
26520152
48459211
58880834
51041856
67178425
20988665
32747330
39529056
64759232
19543201
50724568
17180905
68114547
45514095
68211695
65228745
43105796
10903577
70910171
24711546
45119779
66370589
17134698
54755971
17755432
20683335
50664891
66934317
23249170
37209222
45278443
52104080
19093660
66832324
59590949
65103083
68997754
19609192
79866285
37109216
54467917
23403555
39353760
11488925
12789067
70821912
76879065
59705405
35182377
65980422
21697814
79718417
20104880
17807351
56553290
76010925
43893077
35254463
65328302
51639941
75922451
46556324
69763621
52895873
78848170
16925345
69215487
62610347
34167988
33618137
55005369
20755989
38050598
78343463
37096675
