32953403
62033856
48536694
68245445
10641873
57979962
37389456
46212140
30185548
19300000
75070390
33987675
38258799
41119486
19611031
31508092
41397471
30867901
69602225
31034046
51094092
36166361
63407500
16210269
65684762
19172623
47094996
40732972
74788834
43057938
43152478
68552426
46121999
29652669
46734838
13507251
56484971
44194422
41859400
45472681
49438616
24483666
67400388
21391310
54374647
51280304
49752010
21118020
77226355
48078984
55610101
19791290
57316302
57763761
70799008
45994781
56359644
44676942
45076307
15653452
74000965
65601058
71626876
45393053
33012619
36804444
30101720
13742843
61187346
44395207
23141927
33594896
55649391
35829082
45007565
62318232
38392948
10306124
65372844
30635599
71095659
25865855
14710504
75910542
65268603
17048854
66054040
76328895
21813769
48716879
72038369
48910414
64239905
62359356
15653046
59000296
78934218
23292514
48858391
56177501
39329900
71395477
10818396
53024194
23743944
42724257
14763928
51160592
31219362
67739150
24844037
14506900
26268068
42203299
51476472
22578349
19428792
45297575
65438459
23785636
72417587
15111255
20407652
24543727
62548457
27795284
61536739
62401780
71605595
47674710
49383580
22642599
28030213
10063437
72554164
73728813
13970870
78927389
76316062
34601668
39057215
41352436
23030617
27758859
52813514
37939035
65822214
67147772
46076549
17187434
51693092
12571894
45209740
50955590
15413803
78972423
23232403
64462170
74307803
65851828
40875111
32430214
28247295
35412374
21010596
13722273
60143719
21294147
28067796
67674031
26114764
61777132
42711555
77506141
38475025
41327152
43427776
77139893
56601987
51152217
38784731
12462478
30696507
46571035
48223199
43672859
28708704
28633121
47910561
36183642
19678530
32804090
17771090
53284671
73255741
45153427
58495667
68736313
47104222
72985451
26081412
24763516
23076096
57549164
67326768
79793456
45486732
79260501
75211145
71642811
48043493
60563284
73242241
79211910
12920623
53440104
28109716
44220602
56159133
63054057
75445738
54184706
69942232
15856987
45871236
15271231
14861991
73858477
44874373
69558986
24622813
41148500
24266052
73032488
19711269
69991447
14281193
69259489
72486023
44929983
16633794
36085929
27386962
11065248
70754753
46998486
31851848
61298108
21156836
63079680
64620511
57285339
30929534
20102410
79511610
60782854
20187081
44364513
24942236
65145929
44518656
65988631
29856116
50815393
71254524
27628895
51446608
14705268
32137494
29615212
33926653
73342642
29146476
69907027
50429379
70722146
32905561
47908158
55196488
72774529
61554003
51644642
34492772
53970739
76331129
37341553
17209785
15417738
38000794
71702753
22051135
32706696
19496883
57361786
64983038
56339943
15276440
15150210
40894600
69454274
67735579
43048737
73881431
43718174
38754078
19932795
43311397
57501101
21755616
47073555
78702762
58268488
29155155
28704746
64748210
33614927
22050204
70538980
65623813
43693853
58090723
73869572
22625918
18983570
51165225
76012552
26246461
55161925
60875899
42400927
27799253
42965808
54565741
29833922
42861806
19868748
50968375
79938182
47004315
19291834
14633694
34567027
26666211
33635595
52025018
75453606
60750216
19277888
29365069
51258897
42746713
64290703
19103180
31321892
15404744
45429000
32795625
35786931
21964672
45187523
43948171
60101870
38240279
64268046
39819236
43780902
21737728
12636672
73497733
30558870
40184077
25378652
54582461
27277846
13039204
12685177
60632328
47381746
17724545
26760543
77515579
43356471
57415683
68416747
14816508
66613649
44517689
76959580
47336281
43441171
69677555
37400945
70087679
55248090
39960456
11613752
38276636
36907503
16736729
36116328
51426394
76284790
57880495
29199742
26364073
31503013
40612337
75480874
45793733
68086746
55650978
11220800
36812600
27187588
69668202
15491914
65697293
74618211
19139312
65472727
71541128
29516192
22511006
78616643
24615122
71038422
37834613
10429803
53642870
58872690
18361995
74565702
26020826
27981814
71809244
49601373
19375456
78019502
63510998
50185295
65943076
15910183
67373595
20766791
40919495
58362449
58234961
53992194
37941679
29664861
56039910
62419340
34507926
31031111
74737603
29793299
13974911
18091185
73178017
32490650
73719804
62254590
57733112
54290052
15110840
76172999
28942936
74372976
23712888
40068074
53813104
38383567
48951199
21429505
43251461
65616566
68251208
51839682
32589209
77205644
57123559
78450073
67365088
28447735
45353857
43878847
46596264
22943726
76519926
10213853
39375840
43096395
50090423
16801760
40502533
54175492
68483821
52123507
20502474
75639412
42531648
60782885
10274690
66885220
74051273
58777341
16085031
18303733
47289377
46035468
35083773
67919887
67970217
29438221
54533573
32755224
70991072
33884189
75914573
51553359
66493863
35112792
33026814
55377488
68065113
18787715
46667974
33753137
34365468
43549277
75873068
34930546
70388539
11305737
34559002
57868784
57291050
77475686
43030898
63491205
37160255
65325143
77076233
21093807
54231972
69843263
70398591
43276742
31491106
23650423
37295269
28700858
22385857
63749532
49777199
43801405
25119124
66310884
67582904
62002347
10939187
47077111
43920954
27529883
50139205
26352494
17604604
65856963
58307793
58275535
76314694
67333210
40731065
34421455
59076145
74495319
35178093
67844442
25579686
33228741
59212361
32671429
26291470
26450850
27043597
53236862
58634156
23294830
18722795
78446374
10027107
71926275
50129199
39074303
25060390
23709676
18825530
72715041
25571762
46135770
15695461
27483231
15462945
56395131
23854373
69010431
44106098
51234953
15085411
64285733
68473894
31091502
62633727
27790009
20232390
71330233
24767563
39258210
71376325
60632012
39957667
53999103
66829378
52711699
74600526
23858860
32755083
65580828
13113330
11746581
60210908
14125044
36692583
10151010
60300509
11009060
12575887
23585915
66258157
57990271
54749927
66426094
36864736
64118645
14136783
41036224
62559965
16637193
70690364
36566343
71559761
16104220
22380277
35431874
32562181
53884303
69698060
61787289
11367566
72058869
11919353
39142834
29733780
66367317
49430648
48811938
27195182
51148169
54140772
11236053
77015865
56206204
11173038
69204897
27356995
71630734
73972936
24178456
25314529
40986387
37815223
37329432
41317480
64371310
23231836
60592700
53516335
18552748
43063884
22249614
42142533
28312312
16027185
69787767
68921774
30723245
44837976
72984679
38600773
55378496
62951365
41802306
35616132
18829088
70902681
18671609
11494460
74387321
21697842
76489337
79004148
19201685
16554731
69101277
13187052
15991320
27400979
53533831
48395995
54259874
78555121
49599527
72942483
75559348
26263010
38856952
21080739
17908268
55675996
63243016
70438004
19677421
24647872
56746231
64598862
22629436
76076586
77653978
62866778
34858717
39906349
67630849
65487521
76331539
17537583
15371168
26894954
28851494
23482382
53896440
60721960
79139997
61216811
50297840
55358109
54367473
60485376
35223111
44907370
70916372
31106360
30563681
37084642
38788349
20631201
38964780
25121662
50367515
79685201
38423441
41102789
12054008
38985571
62473936
75291860
30895646
48300527
55501884
30102396
70511035
44416726
23675825
58399539
11609272
78523722
70863370
32268586
51605500
29942831
19686246
19704508
12684691
10332783
10387400
16437563
30538867
72627670
31855898
73932189
36014253
27144345
59901617
40351297
28096255
67403928
42326521
22570253
25244852
29297937
76292609
39932655
50693778
44650750
50949329
33982222
18680620
31204803
77013587
36606132
54320739
33811583
41708963
23422221
32236317
15416566
66128964
24554045
46500268
74826627
26217165
68809952
67992872
33967958
16722677
51009212
16921748
78821301
21870283
54757433
19129995
56481362
36394655
37227791
54131315
41060987
32737881
18350037
46289979
12997535
79550409
28602018
39438807
57896637
64472344
68052616
36726026
23396017
49623486
16365971
78834645
35070514
48512706
24361754
76282374
67319845
62344454
57952664
47429467
12434274
30559031
46809738
35718885
22965983
68615747
21563508
60364657
67260625
10938805
24940232
45766612
38374009
32690724
60555634
54586993
52521851
49966999
37281914
33032091
38739016
53728892
47099629
53499737
29031272
70294174
43210626
53462946
17866740
66859762
44843829
34489248
26966246
22904458
37705823
72026343
63220095
58815875
23536269
52608328
56786512
46786496
37829556
74460743
31795142
26519983
40840826
38310315
55041882
79254505
38587949
42098156
19577615
58773482
63771960
58401217
77714523
68026849
59187839
42593470
71373785
60819004
58271170
13381214
18325433
20065763
69519626
45056138
24562629
55917034
24584169
78965144
39597022
40472171
56046867
78239809
38146243
11322402
17142934
57463942
71925040
70217698
19363000
16354188
35565561
16839739
72319576
50415892
35908977
14139300
61183192
79798178
42766669
60419098
37319522
25418517
64646148
56006141
50684732
37371349
60995850
24830693
65368387
23397707
38635991
15591774
74304514
36331089
49450581
26282926
52565371
35160042
66127322
65329171
56416947
63612943
66975738
49073620
23354599
69449851
56120220
76150223
62618324
20356032
21290939
25688442
15162531
70080135
61974592
29639391
60954888
17375055
42105546
53966902
60245205
25136408
18575835
71874280
29751848
29659359
36258373
26695011
24411433
67328084
30107995
40681079
60442710
21638390
10133356
44942479
18270587
40654186
25062747
38001578
19581940
67257177
31828374
58526957
60875589
60742284
64208375
54984219
43093125
15382369
19299095
77961233
32506215
22967517
67917632
79603645
70100559
14229003
47516502
66417143
75434410
51527111
30432847
39183686
27709598
14550912
58137976
66872061
79055062
66157678
59638252
29626265
75507176
55053622
54312119
74516661
57635387
58179281
47475628
41545793
38559085
70926355
76535764
70322621
31583352
61588873
39089981
13772628
68770562
49596307
73706306
58928372
59174561
13724166
12629512
10986200
21722894
29519425
24679186
10760966
64075307
33114228
59553299
27178601
43074475
39416250
60471009
34378365
51658005
36786753
76599683
56930087
22389466
42260033
27568521
70650925
46472439
76284356
52949273
38735524
28222246
28011443
39920526
14658779
54721448
50922449
74852816
57261528
36904851
29611535
42544640
68937489
62356038
21240355
60179032
50267707
10180383
52444513
65823133
72785759
54381413
76143117
40161233
36629156
42814102
72843508
34672407
20214053
47803124
23004195
54235913
66674764
24530886
18878822
15041337
74611959
35763438
76569312
50013063
51343909
69988280
45382054
61870613
27950167
13902404
72275207
25330731
38455480
45881735
34548173
12684626
39252707
12439124
32206361
55653524
10690605
34670688
43321890
57724108
19530144
69041146
54891650
32093420
38007756
54431781
31877000
16181970
35432474
36035541
70861187
48430279
76233257
31056569
66673411
52112571
58217815
36328700
76353951
50166883
73538349
31092544
65838540
71971828
48878813
24016813
42927194
10569573
53266731
46057805
25132020
26347629
30237149
30724351
14838210
32737756
58674964
50550188
47377246
72069384
20216370
25716870
10486556
35313884
26363647
62034863
40326067
18340074
67029632
36214118
26084724
78091268
20761855
45102236
72300282
66291112
69923563
16291752
69475542
61435101
12280745
10788294
36941011
55199802
22062105
73001011
18449092
41032923
50946554
11626806
21097696
57737910
31195925
34121054
43790942
15149310
76596379
22499370
22029438
62187608
63536770
60898049
78245158
38117038
73157910
47700248
33591087
16590197
25031948
49382796
41024824
72676868
60985575
69328826
52704931
53038392
39945774
62941461
25426369
17276683
34165114
50494807
62397131
76415472
58854809
26510107
31236575
44922605
12630693
28106493
36881568
21606732
16491161
49410722
73966009
66126728
62272721
24746035
60237618
24621686
53492064
20376355
51106605
65691446
63635451
78962804
39846331
27212087
50974447
23465753
15123499
31246301
12823220
11051299
71064738
66034705
15222659
24066384
62352844
25378384
16924340
57789670
43118598
26101901
26642792
57313994
14737763
66418780
45179729
55702599
51922133
11596696
52154839
53369118
33041097
65514773
49020964
16892882
12833927
41605987
65812052
50298685
36262572
15937240
36876222
22411006
20498288
61460408
27714138
79697083
59354569
58773866
45258340
72097410
28758574
63677657
25899635
59798360
63310581
24057304
14720997
15824129
31034795
71204627
41336018
75605499
52913979
20759485
78922287
36556773
19786667
41212048
60107386
65225055
51419629
19742091
17384588
27373712
49730949
52318368
30078421
78990374
55672617
30891072
26856974
46290356
27405699
53083247
37967750
27369838
44115855
17442203
72628340
57709576
12951456
34921138
25467886
18971944
15354317
62741267
59076041
65365347
54393270
71639142
37865921
14975080
24040487
69578629
55984118
74952902
70153044
52367463
26914689
55393405
19125434
57339531
23065057
37192474
66986321
11349865
57808158
53102580
18438183
16488735
15945919
77442680
64863616
41841037
36710299
68091181
66012801
45881935
16104425
79211197
71943332
11008791
73506584
30156312
46445048
54135672
42328189
50006802
79345870
17838359
18410009
16603729
28080473
16434930
58391165
53471960
61799845
40114036
47534752
15884711
71160880
15228627
63467687
32215871
19693130
50048925
70731670
38116412
62820375
25230534
16868048
70891876
28260758
41201602
46826639
19039197
57704510
16811256
66984916
78242155
20068385
66058041
37545439
30081150
41848112
78363115
65268121
22306047
26545990
28236108
56998906
58108378
15091084
28211096
16859339
59702492
13861827
30304565
29393508
13243339
52415530
79568913
61611032
61793723
12728058
50719074
40775086
35653124
72960749
75010522
58189771
25544914
37350807
30676322
48284486
11540006
47559966
39542209
28135679
59184436
56528994
76563014
63109698
29534583
18316103
66153314
41739507
11873937
68607475
37662493
61788694
64930605
46009782
79727065
42913479
23651117
41852207
45597629
28935795
39641403
49715757
67304060
37716343
40407878
65135475
70781080
64895298
46205238
41534837
40679602
50639676
70495553
75459533
44728858
29493762
15543153
11033399
24866641
38696290
25224929
25581762
69538098
63194797
75002887
54029363
58727940
71613622
31043863
60233305
55190856
64898376
74563717
75675059
71925114
64450488
70961248
68512783
56170779
27234444
65279680
13998021
60163532
70440595
16400527
45653694
25985376
31516818
60182837
22563378
44119879
18381269
50528703
32098072
38207484
50895303
43453992
10889735
77696180
59904839
65943536
20723386
51556725
35872921
74259529
46495790
67625974
51366505
48334743
66655236
47908364
35695236
40817254
24778493
24553506
74989854
19037617
32600571
41814276
15652976
58445302
40106039
11035266
73662601
57743004
66642771
30035825
60725032
59329762
78923179
71546990
28202860
51639336
56749495
45131465
10372330
77056870
53155998
21272055
50517111
26401290
67463395
43855697
76595049
76623561
17541076
57403766
67169653
52708892
65574290
48122641
74554761
66107449
37733320
55463133
76174386
52313058
23584106
40174008
33039523
34653683
31172971
30245600
52402051
47078506
77715499
51412568
12338717
18381293
43166943
28153873
14030324
62481746
39868502
65135329
55513127
61486160
30898870
58039216
48330455
11442279
13755729
67820131
15050022
45460361
53313222
42712787
67807483
66754580
72092732
65509479
36496517
76437696
23112492
31170110
21940605
14338338
72721523
66783068
26762699
11304830
13407394
58466491
13972950
47483905
10876318
76132321
47743177
24888725
25463553
59910518
60611274
54508493
29944852
48675727
37483641
73456892
74851704
64589311
10387613
35554448
72843994
34823376
50667725
68237329
46590010
35887607
32596909
54433130
60485189
56966266
76865837
10451812
49657686
79660273
65855115
29587997
37932543
13440517
12465810
77420339
53370899
32272018
52165406
66110907
16475584
37164401
75465813
39892867
75931979
57581780
50121193
41491609
38751091
44778064
64181327
28666453
77471557
25406714
27000953
37783120
45988523
18834013
10960857
36147000
37643954
65352840
13246781
21859838
17536374
58761302
63093248
20516901
27003850
18802288
30470173
36321713
17145537
20802017
32388182
54151828
70859323
62259711
67736018
68500526
24619031
78009460
34718151
31157122
23020937
40168213
36505758
76127546
49072787
52997209
62621922
57814917
57915784
54154633
68572062
78258896
21140469
10310449
60569817
41351595
55606856
26433404
29391094
14677527
13908541
13666487
63852797
24846690
77752515
51828327
61502264
32198078
29592422
11929908
70927633
25822337
29724507
51893955
42459956
22135797
78079418
36851662
20271005
19686356
74248416
20525760
73537014
71244389
67328421
46764695
75002586
76617416
55805960
48561942
35439703
52265060
21323826
27119454
71750447
63731344
73515083
27784310
58924084
37553228
13288844
66693885
16219570
25218360
64022583
25050708
70813624
63705093
20133278
27830319
74601623
32921571
43632582
26292096
23655950
40926644
34731079
22995311
27236188
39621767
60462930
73446594
75150836
47372122
69864294
33665373
70205567
27323795
66258082
24229573
54823246
41759399
72582224
17634219
55159977
43924092
42002740
29140251
32628680
63649532
35523658
68175855
71012839
42380071
54497804
26793035
17467813
72313980
45605020
35225720
13352663
38684650
35229842
38605785
42989687
51589670
36291781
24888546
53580482
58341380
79505476
63681639
73979768
17880617
43864650
77509337
45371587
48287054
61389690
72049124
79088059
34155972
63361624
73635806
10602188
15187605
77759553
47546528
36052869
11886724
73212087
64295508
12943845
74046762
18392529
59151460
50223074
18637177
32508054
44593003
44714273
32253986
32870076
44738980
39261645
31048427
32582909
66657045
31103818
79923944
10821472
55606162
41859919
50413046
55876240
30495629
61678678
59222666
67177352
60274519
26569220
23395295
17571670
42596942
26167519
35913998
51271919
72257480
29030255
56589733
72165675
71920868
65518388
36350973
67908331
27078927
42861850
79972537
45752903
39985448
27877344
64635078
63958724
26674536
51030017
16982710
35575524
27394255
78038761
32123384
72715583
27727729
11273851
26704621
49671960
26496398
26989947
35530352
19910714
75554195
13275092
17002388
42114605
60483857
59050789
16055047
74952020
56223003
18723402
14193652
53438208
55113264
35093365
61800927
35971329
46562620
54462828
76500191
66052297
32566796
65211797
77869568
22304458
22800646
41915702
64363586
29824080
49360098
22764754
47948185
58638538
22054154
28829140
49752490
43941169
25455839
68330694
21804410
78927424
26418945
63275752
45299265
26683136
34571159
73987591
14754661
23747513
73717410
38252878
69113201
30697523
19958365
27979762
55298452
60651711
43533978
65286505
70182734
51535096
76963301
15915231
27905154
42734899
79245992
28988448
43150890
76442665
70812959
19645267
48134538
16768911
22371458
39009300
75229871
50556703
41016408
58834877
61567534
41054638
44543023
47315397
63032602
64572615
22731896
59934718
19784983
36143564
62185711
46381206
53847384
70929125
18674640
44247189
73436505
55659244
50919991
32270817
35383012
46661427
65201179
63487171
22158936
71118037
58560806
26331304
75542619
70187342
40216449
58963929
60566341
46513770
63335314
24692579
39236163
37940378
68200342
26738497
11101408
60317838
72720875
63439894
25188746
31798536
14749600
55090759
73197959
65715184
68902344
17187873
69290936
11912299
79255521
79461049
65375208
62058050
58983668
75705622
79787752
21628435
34076123
47179735
36790677
16746001
77347854
64308941
71883536
34614109
68373186
54143319
49907055
64541972
46728126
26847124
61769614
49978954
41003444
40780435
64296239
28957332
33897315
57164034
52189671
16627508
46642865
15082368
67853271
70306114
48832093
29587279
34763494
56116292
29979741
71982273
59433650
72318902
71766013
79971576
23604516
34470964
73290661
15100216
60443244
60825722
32094199
58348849
42599573
19319586
29716175
42419183
11870937
52180621
23340032
75813580
62175031
14739561
17690879
78568168
78137432
46733512
37628045
38975730
22097185
34463206
62907869
59201031
43594478
11147985
28544307
51621972
68258013
30430093
41468751
57244586
71784428
46990424
62279669
79444350
32146959
53826696
55464384
39350937
28355369
64823757
78929003
19006497
34361559
46065577
57035358
77570772
55401871
63113660
37174750
34155400
17715254
59381840
13955289
61346108
30271502
53525400
33662841
20632751
24551518
16832207
66168727
68902067
78761068
60752321
50654969
22770026
69369301
45069178
20627220
38074045
71869931
13281627
56710584
68734928
51706262
35597619
55677122
64128304
78856985
41555315
28252223
16750443
60424075
55765012
68298418
79188479
18229057
60401994
76589232
13002837
11491012
41793904
48702386
58716351
34908180
75646694
57267468
70361322
75957555
58787226
78892586
71188645
16766857
13921369
31265826
35849709
54784256
78449857
16595462
69959869
38743953
25245246
53426922
41994315
28644869
72885609
39000060
36818637
72949769
56529174
23308608
59301323
77965504
14490554
14664997
26309113
48884047
44147670
33797069
69049998
50424544
23945206
26415209
27338339
48418398
74252890
47114836
35164212
44084224
23960471
68713193
34811864
58973046
49723347
13367623
63419554
31006570
29394905
46054394
36978302
20014033
43578463
72913697
37179065
46320834
52150831
10323528
41729703
13137181
15054824
69616798
75857676
12626181
30585800
36482058
68809548
69042575
39778698
30611560
46814110
32369781
52775728
65676897
37116373
21796692
23592478
41659722
53833875
60832288
10522910
43142546
77525911
68622165
76010279
59014560
15893193
79202254
54935399
53553071
27325580
26416466
77611327
25200329
33987047
55281257
28005097
69574131
63252250
48520561
38459258
68783568
14664920
27827376
13145164
76030037
31546274
74353678
11310562
47947867
24953103
69528279
17747581
69281431
34865685
51441622
13692008
77782761
36070523
37984141
71840254
46359547
30268683
47768884
46897276
58717413
67593949
60908890
10328413
29237360
62629775
24355731
68843291
66938475
34552265
43262993
68703367
44177242
34987993
24049154
71092946
76417978
40864438
61469133
16779559
74127260
67732564
52259731
10769908
30889209
22989410
62028649
57880205
74456278
71738804
42638674
77608386
58724066
53187529
25094442
14477300
64918553
75781888
69904442
55396864
75872614
34885201
53910996
55361358
27513891
45725047
62537388
12343101
23466529
30700340
12990446
21542927
68895715
26215803
14564345
67229026
25711496
66007477
15624711
44774154
54439491
40387217
49473464
74052942
75487829
21127290
26835239
52857505
78047521
70481899
23079904
36565304
48074796
56379724
79652180
17550073
17977432
46374467
59362819
16182820
42809774
23678717
42399182
34858087
76107732
43267442
26766111
35011577
28094669
13801387
34570001
50446091
78520797
41810268
40772384
29902296
67204816
64069575
65803294
33022658
68412104
39887372
63885784
71276635
79828135
78892615
49371634
16138104
11712568
60756429
54001801
67578101
38037067
68026203
11633663
38236710
42614949
16227658
22633867
22883120
57567454
10110348
40535083
71212365
12595395
70987619
70933476
29048375
50102277
78401406
22216309
67023545
77529999
32078995
48592907
52708950
46529694
48411495
44076561
14264990
57403527
30834655
75867076
26848118
21474084
51544757
44147624
48226264
38081957
56979971
47220202
28475546
70633601
49956759
31476106
40390863
71389640
45681569
78640494
77293805
46973710
43657814
58602639
16343959
61340796
68174408
69153593
56391448
65972645
36713582
60303192
54722796
45065407
47040415
12476060
58627302
54193862
68779696
48223187
20989265
57167978
43661647
49257406
22452943
13206999
33691714
38192766
70656675
71029073
72658024
69388345
35286788
36051304
63805680
50392446
39370022
69061179
67561970
53979499
44878155
15204886
50456166
68720546
10171513
65783961
42657408
48171228
73242091
55583184
78026827
62898246
78592221
23882755
73771511
56668409
70943095
22026649
79464502
10291797
27618947
40777866
42808129
69300891
38792847
24219125
13830456
24419320
68352238
34378991
53035875
72572024
44619808
23696395
48655048
55880160
25764488
30605462
31148653
48468030
70106577
18620587
45505112
54053464
11881039
65453988
72907012
28619099
21751678
74855318
50710250
63201423
76263622
21686521
57027703
30812126
23440901
31995837
27265377
69882914
10106940
59822324
54256650
47228476
47552562
23449967
57466248
63474431
33758009
61293705
63264150
70521080
24181664
68547190
44503887
38144692
51936002
62438383
54122078
43733373
21300342
70921139
63477913
10537554
35910500
22459700
68709593
60440702
18368004
25501891
65163718
74348114
54981264
64728520
72685518
28821218
32457622
17422298
42162780
18549294
58998854
73357123
51355376
44550125
34858647
26214603
35858936
54229124
35216799
66478521
32382578
10652443
77735944
16645013
77322961
75844313
44876173
73318273
41019749
18102915
30152505
60632273
50787127
18630395
78846405
41038097
20912651
50743586
54932553
42176248
73764545
13972502
53999789
64134814
53068508
44278547
69433117
53184259
79599592
66797121
32285389
58474321
30924104
13779427
23585894
45251830
20429112
75638567
23609103
55832276
28407689
73352655
75609763
24687360
26152473
60711474
51601789
55420658
54683821
66954745
61021734
44690805
22007120
72166234
78909552
33608571
79819510
22527210
67057784
73285572
52832459
35335593
71843370
65824148
37940169
58189093
51577550
76547194
34403468
41289670
45874213
67400511
63584694
50897100
53945365
66566814
54356623
38256212
65601439
77356284
79208939
39503361
78241637
43123434
57183333
41697119
78939809
43186743
33292632
44634191
45297809
18276976
36355855
22778808
78634369
21782803
42413373
70663816
25958687
19633722
29800942
53235308
14928972
71555691
16974784
70589451
35226717
57090251
75906609
60896092
13099995
54060772
41300721
67401152
79665980
60072827
32922886
51989766
54618662
31669379
41709725
78884603
14708955
42436460
38340752
74885270
37849498
79511811
74588537
43910744
20218315
13549181
68638891
74390527
37016208
31577106
33525484
62720931
25444990
72900280
70907793
39113304
77546271
67065511
17992420
13347205
33711303
29168300
49208585
51654965
65410291
58749230
70556330
23299987
22054779
77306830
51874977
72148421
36325262
47429293
19413913
70498946
62069659
27667150
75245483
58555462
65226594
70986943
40745119
50567676
77946753
61905903
79777833
24425062
11628574
41960717
79208197
21330294
18511181
20017865
53429260
60904886
13653227
73620644
76677326
42568558
25978581
41509298
51536587
70282313
63627277
57642949
10953864
72980241
11014232
41849363
76676435
53178257
19154505
48465178
67591409
35526735
55701229
34632858
63138656
66665296
17300759
34969258
29987070
41949418
14159694
54958676
64615078
66346486
73484648
59048980
10272454
75063819
71757809
41360005
45953497
29465272
21270560
14633546
34765029
32686497
42404914
57967941
25592411
52051293
21392000
54473205
40603695
55509965
73714504
42943278
67779703
73773856
37138492
24380879
10652006
50721446
68627903
70570690
77542392
43308270
14526641
69202193
17556677
18238571
19446710
22653271
44673323
53112191
76013847
73237581
60969063
66369727
19789710
72052928
25373690
11280049
56440639
44904962
49377536
53082424
47291311
18729469
64153287
79470072
13684167
44259146
74961658
78686608
21942842
43298946
27437330
25073650
62838916
20340381
35195608
65955178
12849222
32140736
20695946
70717332
57159488
11518393
30085066
29877875
71281468
26002704
49763858
27841953
72140136
36565224
47655190
35398676
32606498
50122752
22578056
14520159
14468447
52949551
65070425
14216781
50612687
41440157
32383855
25096030
62345487
26676612
47611077
45181051
27225984
54907011
64159978
32484683
36219006
15928452
66111235
73168818
79669195
48479829
56659172
71651996
74550926
56570918
61310774
51836073
75033652
21260440
65381912
15572530
42111052
29462294
76488634
78016109
61109116
73455384
18335069
44854636
68145516
24787049
54254667
23267776
66737718
47996354
75794261
31922666
65006808
38212639
43871350
78592825
35923535
50463513
60479549
76560970
73798595
57984746
16965609
74987786
74268238
74383446
33316649
57469677
69066061
12595089
48152308
19950253
36286083
55975030
52453736
53060361
72383598
51855732
74302456
44728784
28078927
17442383
59009116
43689345
26189584
77623986
31587447
50418611
59745863
64455607
55003632
10298148
48265181
49476886
29884121
72979647
65657869
74953090
48282205
11841368
66651061
35478110
10472595
79591225
71673827
50604298
45341676
31272464
45465846
58525775
26567559
36649184
22096009
39266212
74664273
47265474
51992502
60001906
35909115
72054427
51740573
30544707
27593519
23072116
36945399
19959337
77140303
79311003
68678730
16099635
50558417
73816289
32236946
17507572
52007266
54413175
15318836
20066483
38117856
41602353
47722943
26048474
37435673
30389282
77702883
48569401
76321234
72120966
40668532
70895217
64579239
18414630
33742070
11738193
43535566
58228029
40381420
39525270
14814455
79481430
52622855
56299500
48252729
74965533
44813385
15401197
78333882
50519027
15326734
12390597
19817433
16911387
15289970
17125504
73362670
49154137
47705350
13803238
40653240
38309432
42500181
27213359
29972242
36620452
18923997
15671641
25943350
14254441
14951556
21379734
76074234
53469497
71803238
72934873
48528332
53166770
22511394
60321612
77735722
49888200
40726996
31501142
53672421
34071995
57016864
60253270
29475007
13110945
46628321
26782324
33318852
31347931
67762391
11889031
70183015
72759197
60527758
27323084
69534278
37438749
22787668
72996161
12881284
61470542
39348721
60249294
28128465
46468811
28358405
47956995
15682777
17756406
58529302
72272605
53890672
39659418
39855340
31176883
22279646
33446098
69932907
24755322
19335630
60360973
41489516
54177142
69540698
14674995
75374542
75874712
42040967
30569051
36037947
43282338
60239587
42883843
23805951
42526486
66443607
74581622
19907114
12892696
76279376
54115507
79197844
27413436
71173052
41109745
65857753
58384160
45737172
40823160
14671341
57970756
53536263
73031051
78779337
38816291
63786571
53538598
18836347
42748261
69970244
38629663
31350050
67306408
28534182
15485014
40987589
37655514
46414409
64594285
67911957
19625152
57925883
77715411
62692308
39923757
54798595
35528771
56119031
18753258
53196850
11086322
69788504
54751888
20709167
53437106
53699351
69307521
34966790
34796868
37877742
77613435
12064765
37240619
78084149
24727565
30615934
69647260
35364527
50157720
14374890
23714208
34156827
75806053
72919879
12156198
54617000
67474092
13716387
44256735
21916720
39027644
20097811
25441359
63021844
25412092
35066662
21925803
45728061
57460827
12703806
42506091
24226068
51280144
33999091
47022641
72269243
60519620
16744390
10359221
75605911
55569418
62269197
36011090
56673188
74184998
23502879
16962928
37292192
10033899
30437115
48113493
39769235
57478525
46176246
23297164
65179102
45933625
49456787
49417139
42826724
23121162
43412540
63424351
26148027
57213853
47217054
35323872
32096592
36934733
68132746
13177335
75250003
78968015
78000706
78995563
50987512
34889488
44324329
69695307
78245460
48294338
68924772
67244849
71049248
42622061
73268130
12607493
27222057
60351453
45338250
26837562
61953212
44508708
64840799
36645043
74163858
43174256
33813598
39374977
11107388
28267464
14122011
35686817
24722963
57484560
38374308
62108263
22141202
41375397
79011429
16762741
67381742
36827401
52905577
23480747
17160425
19478985
63302062
47393408
54990250
34954272
41823481
74580337
76605809
30428833
38936105
73881115
47057261
45568212
59855591
52967781
14419020
23083973
55509298
13910536
21037136
44550531
64327641
31239174
60421563
57246162
18544290
57852361
58832544
20778277
36248234
11073474
47720722
13283398
27445675
34559397
58886952
14565067
11830601
59426466
35957735
18660225
46846409
34424717
14406591
70190705
15792913
14196864
26347658
49293851
42731313
78721946
18248610
69356616
32686639
78952742
75689668
47405149
54609963
40862216
17685717
45348458
75521717
23509377
64095148
70344091
33176795
54810283
55230589
20771760
47831576
37913612
72258275
70916422
19000074
16723129
48852154
25310263
46340556
10223599
22453011
65258308
22988686
46174927
40577697
78891105
74446742
43949979
44575067
11741362
68652716
65534068
67367654
30234749
74982626
45731709
56472360
22934210
74977986
68878417
56508014
45920019
10490223
45184949
71036465
73053488
69988517
14185270
31522865
77985440
63365587
10661034
52105692
31394846
39798326
73489089
23768388
13268680
18282111
76333522
50788287
53754996
12864167
57848800
70810607
48239511
54385174
49477032
59574744
32152802
13944135
65637006
77464700
54123839
69631205
44858947
48177669
56638314
31360853
17144025
21589824
47164092
15328820
43155024
37161274
40187227
10606704
16190966
77132705
71007884
46912361
71139959
72192934
79087860
34300248
40550366
65632263
32276260
39253373
64480096
52376444
13146082
10392932
25544268
38868972
14897494
51557409
70854089
72451056
65238273
59949766
13873507
74170569
56260448
73641477
79215240
16821204
10415114
68822293
62621383
62395437
54204692
61062970
30744282
71369165
76664992
36963239
41279698
26414416
56401764
32533595
68400559
48012790
32727925
19685786
18379343
72364291
24130619
74354242
45501825
79059515
48418882
44809889
34356587
42573570
41287917
22943847
27616589
20544902
39685274
52233769
51076377
30432437
58263785
58644453
54373323
51188985
14296276
27975698
51356294
50941481
79329904
37768933
12835288
44297823
56460850
56577399
67876487
20140894
13459193
44225323
72685219
56022173
75139410
15972290
75703262
41744492
54126274
41880001
18385120
45491290
34655317
77678146
70413352
23899419
22390643
21459468
26100501
30124443
45695842
33441606
47921751
56435338
27316644
55114975
75995139
33548997
43129883
51475725
15626065
50905548
53296979
37696562
75302903
69914259
33218727
65388946
67279751
67090612
66627216
49142058
52016192
32196105
56643486
35191566
19924182
34852239
18254683
15638758
59098016
72088824
63100286
50863336
23559589
70723867
56688098
61674909
16679206
56757233
60370426
59554840
21071075
64975235
10684115
50514841
36484592
19877143
42888693
12005257
44565359
76111423
48803263
77357452
18607416
45362829
26581414
38070891
29544067
34688116
62186414
25205769
12764617
15911323
34642446
30943112
22711844
19719197
72431121
61502179
10812941
56162300
32343512
17002887
49862808
69862338
25807713
36723473
46632813
13746728
52114968
29608665
27493217
35143921
73729013
62983747
39207292
64435211
25205591
64189288
45102945
40815456
72470860
66127829
60357683
66514303
22724171
37415720
24505954
33499741
32308294
66780785
16485863
42474702
67448822
53133585
52655476
13795727
32734085
79286095
75069403
28111687
21386341
67538532
69949159
68734481
51837336
55802512
74295600
76634368
41739546
10672075
15570836
65110264
38778316
54512970
25635498
19145855
38997051
22863984
54971255
12688042
13338980
25417665
17926506
59493326
24863027
12274728
47290466
43397261
35859055
15113603
53563607
25451077
54613082
23509330
11099136
41596576
79095469
50890552
42748610
30211802
72681283
43670711
25507481
70343784
65076907
36937611
29172240
41771447
60269206
24394326
19200202
23174699
58578961
20874476
47655313
46613720
72193090
75603686
35423675
32149502
22882898
63771202
19671168
79359365
26333036
13294085
77451603
43848055
76451497
26040548
27148940
29792365
24959706
19441401
60627260
57879226
38602678
79957956
79907589
22293934
33967642
20433641
75359981
14648045
26947923
76201668
27845636
52156703
49827671
12268236
18223429
13792365
41726439
56710890
39233332
15669263
26931622
14646058
40537861
55291209
46655313
17635040
59028250
58501158
72561711
59372878
70693619
14025122
13697638
54305953
55094640
66880501
57343420
21908509
17200428
16302048
66881265
75407623
70546181
31126206
51442786
43606564
69856055
74294249
57258587
48776829
27285729
47069227
36326148
38916365
37640622
40552676
26390125
22021494
69643164
72438124
78194751
64233378
11488720
51803030
79931481
75535396
45520428
78385193
12905261
54501967
34668379
27619623
23899800
12660239
64639647
37763031
28167933
78353990
68620012
34686098
29334346
16728594
11736697
14326079
13833935
77603359
37030259
76194574
70616850
36545354
41849059
62680280
70619139
79590685
55966911
60666758
39722041
67660293
16017118
12869499
26857686
24237758
65487653
33416799
77282067
49839480
39330232
29194168
54428126
56914219
10217582
67940657
55009021
73050521
36935638
24417373
28333219
37036407
12585734
46925464
54100812
59830646
63504959
28806817
29803018
71141060
46116163
47906063
37966797
21530241
44241572
13961830
14950966
32589385
76612026
78565359
67433336
23687258
31196946
13498016
41284130
36164813
46450991
21915064
60854681
68390655
12989919
61100498
28171694
64135894
65735052
60108970
73296913
36844813
59818012
33179579
76665784
46859741
15261665
46908449
42012017
39181113
53273572
23794343
39288709
63902768
44394484
73578500
20856913
14733913
10787320
13942381
22465204
69558061
31295921
69021925
25564183
15651950
32410394
43244050
57621257
15123519
20968933
56094825
59054902
29759718
21747725
41023766
60285879
40734938
16008010
33602728
42974357
31033228
65074330
55525765
33402304
48241587
60306824
49060459
22106725
76132608
49731112
17872353
31792812
73455726
18580794
71181380
40733506
57539241
63104889
51337790
67807120
27602297
69294606
32557884
50449808
11550347
58772456
43433798
19873035
62009244
29716543
38592708
75682696
38250850
32522298
61077619
17295358
53953107
68765070
20648309
24655475
72667424
52047733
55071804
34536060
62571991
11977766
57527643
45225535
43683257
67940870
69188498
41860677
23036725
50589343
62726714
39527575
77852207
45576818
75154161
23227601
35587101
37464801
35851355
34832724
59623827
50891009
77976715
24027288
16001517
71152399
77744770
31836712
11452757
64349930
50612215
59390167
48898883
73085669
46699883
73338148
51323829
23453875
72491448
71848876
50440575
69393721
13417218
44544694
35664113
45645064
61926652
72878631
51063505
26280596
14160779
34650554
19151144
67736175
14810512
20309025
59141421
71783151
52145084
50567569
59436206
72193666
69330554
46338121
27715204
71230312
20676848
22490901
78902611
78634291
32139446
73014165
65020197
43194722
61277787
45794987
48079146
44923062
54128283
55712140
37635655
10540482
53502653
41373290
39730258
13710007
69908388
20457964
59426412
58870186
57694416
16537810
33365502
68860305
59572127
42680046
46170271
17276375
18297489
25334402
19640199
20420599
19447409
54574997
56848750
52389387
31817119
59636641
59648674
37845078
65147988
55008330
21287802
50970236
56013287
43959497
10996147
52999455
55040546
20468062
61183242
16061649
41993192
19027456
48901768
34129896
22361704
11370211
55017047
21134221
24350962
71517921
48382455
12839294
26604435
31017318
77515047
77461974
31766655
51596452
68224350
26684799
68053320
57360851
66486406
22704976
29997058
24688780
69982533
19839966
51131474
22650775
12573524
19102928
69667183
23960634
13554553
35668402
33293453
79555120
24462367
67986098
13841043
46158209
58259142
29613712
56335393
35884378
14769629
28880109
14993454
38196177
38991315
10864661
57349381
13800740
73532665
65122524
27568850
23228618
36877672
45887200
48561109
36343772
44128500
52237594
66068464
18881341
72951712
34911655
74287957
69338630
78483462
33907491
33912906
32917576
34345592
49197775
15542322
50661793
35118730
11625226
60729338
49705253
11080578
53653711
53916952
25734711
44840499
70880256
70009017
17494753
60159744
63703274
12895083
30962421
60588129
45182814
35594182
65967586
12412302
35653006
18330995
12934337
68904987
14362325
54606772
50150166
41830931
53371937
26349487
69530863
43798500
28544830
77868618
42949824
71318263
58228565
22008251
37558082
73419090
46169274
18912955
13624942
36667204
40548915
46138583
37611010
26716411
47705029
59665514
19186821
71793005
57667535
10251641
72193757
78698826
14057343
44772058
37900170
38008751
14224659
31274715
49337922
51258852
57237631
31310503
33299778
29408052
15060231
12328200
43772739
13058761
68948666
57701979
63148093
18588170
30564749
72731478
25533241
33201577
50090794
25209401
58444453
12311093
75517043
54845247
33361258
66095530
32179743
54923769
51949224
40928255
27471499
28220318
69738913
33078498
35114349
39953055
65802917
59078081
45954363
21803164
52452657
79494482
62252189
76280562
51166398
78016325
40472918
73637607
30311267
46027971
41405199
47192731
60260358
60327088
52530845
48093722
57812598
58836118
61089242
69825169
43815882
22043590
73830625
46275383
38062099
56518229
47464149
43177360
34673697
41917926
38275879
29465111
47407930
36083820
14732504
23489636
10382583
17596833
12086059
49704391
48329926
47398908
64179762
77454487
24008086
62074896
75759509
37150912
19340792
30755531
64339230
17787453
73164554
79187302
18666786
74783478
42050959
16065650
68997146
78968347
19970525
15222375
42755244
35742610
26737284
63502220
78823835
18975725
68940032
18953804
61547451
51721264
73112001
50435406
34558944
52158036
36382666
42935039
11744899
41524439
60282301
23708803
56054666
33627737
74562641
35477451
12606528
14082049
12841171
38454844
24860934
58580196
47351935
64517004
66660778
45028098
15934931
39646574
78041503
64736391
20604860
78734095
23519660
18807928
76665252
38583087
16362035
51028394
18331449
52304086
29369934
48789074
58774113
57239069
34094772
76701689
54055580
27833070
36173977
35263411
13308361
53453686
66651887
71733237
16450947
64783520
56079347
11147519
35966714
58540894
37869272
15014483
60879946
76965737
65827952
34768784
79521184
77404580
60256150
29342212
62996254
27268525
21636364
77297388
63767102
45359147
34917333
22555085
47761873
18665546
52847807
59109106
29009211
77908837
20821577
40639623
50188456
15402491
54796289
57288004
31399333
30105623
69599194
17263870
30829573
76968421
34747890
43773752
75609390
77463285
72386825
58159612
75647146
62547660
21096271
22428210
42221881
27792632
75847218
34267563
37924110
48907519
69056965
20505032
18975215
49852607
27405863
11357365
49666335
78697768
13593057
44111320
61619686
24656886
62653668
15284265
30366111
47856516
12049597
14673109
39333375
25473679
62663084
40770480
31543263
31783172
55025608
19179614
79002476
60826762
77520662
19660631
16194002
46212767
57906093
19907178
33613910
59645745
48239810
36399931
78198021
61654810
19744817
60624915
20062481
12434056
43507910
76649793
23785924
68918062
54045738
69421738
74224672
22597751
23515451
51336021
12268927
63295725
17030162
42034385
28038739
78799780
37618062
78146746
17253471
41744145
53740145
29603605
54387696
39465405
32396458
25690544
29437276
78505673
37347092
56593267
48014496
78112378
50969155
56564404
48798741
16813044
45354951
38672263
29062009
32233440
11955534
46818388
58819028
17996245
33138866
37044332
35865541
42818110
11011083
36382007
71806886
43282500
27888882
11009812
32928100
56816019
35258381
39152567
50800019
24412244
39452117
77864725
55030802
43930951
62718107
78212803
33814478
14078204
69704501
29727861
66399122
26733632
77963531
20178573
72197390
15816620
64852940
18768401
54365317
27265224
38946349
50568292
34978665
76712900
66246232
35558434
76453366
49607999
20660165
45711532
20368041
21381521
77467185
39113982
40515564
42047866
53688885
62138604
31250607
48052531
55139506
53830741
69287984
46636427
30953514
39319872
59790116
12965191
12626306
31708552
73679904
64067695
12940045
65674798
38978867
12028669
40381570
66502490
14672919
48962299
68518338
10786762
42301928
64675343
24258425
51892380
32481597
47028936
58398476
78344825
66941030
15350912
31271360
31608896
13883805
54564279
66826632
11287944
72829985
75853834
55293895
45842994
50961514
48510432
44815477
54896459
48165228
76316883
58526440
33324674
29922733
60297345
25445499
25871796
70717373
34227519
52527175
74981367
79802116
30925662
43863494
17404617
67218432
35868345
38275918
35782864
14150925
51713181
50556160
54943605
31235593
74554798
20801308
79252593
78859307
27034562
55945816
28900904
56256354
25025489
55272206
44221000
75712572
14827755
70188978
37822202
65962920
68800488
22387371
29224298
62769366
77441100
68809117
26694551
70171498
72488735
14360982
61458363
50608907
62323176
36087715
30390952
27746857
44903986
43398091
35626631
77432684
67572374
66701095
15952640
55470812
35671145
56971791
23125684
62296363
78665789
75374666
40967758
35670113
49410332
68853838
27798543
60161771
28558056
66118265
55373316
22538362
37404679
56285479
30199756
18279649
62099128
35549116
76672298
38841737
42293456
16404693
64135399
33263753
48297129
17050962
78685111
37756514
34015585
31361993
40895262
54564933
71581885
27556794
60345314
44606344
52908261
61934825
33685418
32875386
70104972
44270591
41772165
31410051
57070433
36136058
18898329
37663715
10793309
16435140
30951337
52561175
56398579
63898100
20660011
69442167
62662444
51147808
61907026
32919924
11625408
32627215
50531881
36546155
37796935
32131361
60259784
62485544
47293369
44777098
38366906
10707956
39507760
24435775
63535182
71377297
29665799
73124456
56404648
26325828
60231256
62536185
22952900
54660542
60176977
72575004
54716483
22284522
13050152
20107491
53153765
38400677
23607178
54111732
49059062
44447525
19302358
36375954
67388852
40947254
74682297
70303544
17782193
17117869
39286746
56446293
69477090
79394946
17222935
66952233
40475350
70878316
17020257
28553502
54176829
49743305
68620252
68468365
18560448
23622771
65437915
30151883
12652944
60140946
77292023
57113253
54777474
15847503
48312066
68886582
57766610
22853337
68032317
54478306
25290855
64185494
33500704
65467076
66741382
74209483
69284653
45155941
12825513
61299858
78455676
21481817
39458818
51068105
46674411
51049975
65618994
64360885
48599872
17225280
15473636
16366138
27021845
24605988
17723014
57713506
37843265
36037071
37556314
22144745
16406230
53644699
30194748
28024616
11310960
63932793
26434775
76048306
47578741
19793487
32935179
10263371
78030368
50062465
25013353
16432400
72180566
75064270
19242421
53834668
59405980
48236472
54150910
21815377
50698013
22943970
56364174
39047132
60118454
61094570
15920710
11378205
73099024
23543580
52886181
31717770
54363567
27076613
20752238
63852126
54822450
47191776
49574757
69566742
49250672
65547260
24243436
49133319
13906961
44517988
20564500
75112350
43234891
33048224
40406967
61004098
74595105
36668004
65387306
31228856
39973516
23535352
59767253
34465893
47955298
36511480
30541403
54368095
23530819
23562697
47344765
62513345
25023541
49432442
31431676
65427739
57527621
33538621
76813103
58303241
62494465
26988163
41001672
17142150
14912565
32675702
49497238
56764419
41459491
14785833
39405098
39663561
54164764
37877258
60905462
52881439
66797040
18644236
67910443
27504943
75850756
58730948
41474978
63808427
72803124
14071075
50515134
70123963
72357247
11563570
51226720
59541214
12349731
14425097
61543598
36413256
72251385
32437349
54431399
29831913
41617729
42402394
76633137
14649993
59763946
40610538
43249110
70980213
49433408
41888940
18712852
74123528
23613707
22779513
36904635
66701030
41821985
40806721
18398451
70990051
52566193
68608108
66246548
73970734
67097607
56574058
21488102
20087560
10615477
32190423
19337925
26976544
70343054
57753602
35505156
33033870
39496949
31057441
40972491
32283292
28053881
15096805
21328078
45502678
63538847
38462403
53412773
49263243
34814741
34226601
57108452
38928266
39907193
16217705
49420425
49702211
52369890
73435860
22009673
52125879
20955797
57758155
53320092
48799391
60403197
39147114
45142230
44715320
56164129
63265718
59472221
11231520
33005854
34428061
50167361
34070182
22770646
34777418
76468234
34524282
66454677
10703881
68677281
59200873
13321329
44694608
72830444
51992357
57635068
54349374
69021218
30365216
69690744
11378746
51685644
24350908
33571428
34697402
56752446
65482196
65390736
54921289
59041479
70185588
54113792
38906370
71170140
53718582
27222760
52515521
55436187
32611283
11677183
76439100
38317625
24676556
57825368
72970096
28199554
35621791
12310422
39035417
36120367
77196889
51954212
22020278
65582125
50189971
16693461
73016599
11571479
69990521
37506519
42479489
75154775
62188167
57655626
17883561
53986194
71836036
33710602
56962770
27404924
26500190
66031447
46458266
19852650
44442167
23153260
42272492
20305347
26153284
67604139
56232008
39877438
31706046
40010037
63443994
69822353
67301101
15537327
12701911
49035583
68228035
52164375
68230940
59511173
18264223
66664439
44448825
56500163
14944810
29453339
35796103
57211789
20009268
43828341
52417562
77016548
24590203
43534758
67659568
28492616
78075641
70933354
74698159
29199874
47729440
32964526
28279875
31532264
40300717
78959399
34399919
79003264
13587224
31794634
15495187
15722342
37549607
64619472
13520995
20080301
19637284
49733920
65152185
14620238
22026938
31546853
57361841
64331304
35867355
63236139
63541056
72223136
66609833
77030358
64110618
44899036
39719413
50735444
54389960
25259903
62456662
28930722
20719625
79322210
42526214
19622225
26192179
76390063
44153722
51948778
31181164
13424740
13530464
24958982
34752926
11241211
16834220
24205728
21729322
41168895
73444563
14650119
60595639
30139479
41444231
13550337
66882741
24989898
59330253
19031960
54994197
41291508
48531258
62907997
58234006
28713036
73321013
79918489
40324894
56672325
59571895
79931213
63988210
12726741
66524883
52901810
73137439
67112660
40017040
70785282
57749569
36534188
16620341
25017383
47930250
23533730
62596554
33673056
67071105
49163640
38576986
37028408
33302845
42568492
22451270
73328931
10813577
61477637
13615412
76631213
30921818
76243669
22937926
70435927
38852150
69577703
58112200
55661040
40650989
64117695
63784496
10399394
20791001
45694748
40242556
69908850
70197631
22933995
30680104
73496032
48093046
43621040
67631079
75197292
57971964
56943667
28519004
44847148
53127750
52471413
51102214
74571353
17006948
33050556
39578606
11763287
18414328
65106861
38629960
67343539
21623693
59062369
15007899
26074570
57521100
65123087
77529372
26916980
21342012
31410570
28624845
67385726
25036365
49562187
55894974
54354381
22802818
25953450
23882183
13540132
52208875
20944129
10626751
27087520
33964264
43702949
79196538
78107507
24354808
64002875
52000353
55337529
51445195
38298767
33211347
30550985
53282232
33317924
48324485
22408540
49921319
34913506
49813641
73524152
42424988
26471416
61754551
53402996
47519260
13593708
26853286
31067621
70803644
71870226
17331936
51752277
41605679
56219415
44757425
52449684
34174332
68314429
51925973
10369878
32652388
53623727
23091822
22514549
10683664
19911470
33538895
41256653
73832492
28713972
53605532
32718717
28673927
39335692
12868565
41940862
39075223
66335813
63909146
30209832
65311658
70070523
33199285
64905127
45993763
19268700
27191368
19653112
10544809
46341511
27943935
62932359
27243178
70644895
14200939
51454394
68802145
17866841
59791385
21986295
78495473
47083086
17584161
17176000
13284049
47165099
27712065
30976972
35401669
44101815
75269022
17100620
21374171
24389432
40926664
43832521
63812117
41525453
26693715
56924261
24422413
68906394
68166536
70396015
27743154
36376970
21812145
72087718
31840007
62176611
14494867
58789772
76604761
15807205
47684889
21062779
46313626
56678247
27996285
47312136
40223165
73233191
50870986
23571817
26919804
62683480
13296677
13802524
48910473
47131524
40679898
70081835
66702676
78879691
42999502
60244312
25971726
23947948
28483568
67545204
68830893
71991247
51474245
18310548
79521377
46557577
66421655
74333646
23400473
42545982
20807289
64081396
56738527
59538114
72350557
53276330
74868023
21939715
16527125
70961385
31242768
47769200
47996201
19166741
45351032
21686407
30912405
36398551
74586476
10284683
40059082
29177011
21347825
16277978
78309724
29955288
66888759
16116167
18250405
74739021
57586265
40558399
71248793
26457197
63359687
54004252
44043097
29730898
54939961
56602042
28089965
77738958
57087916
36076876
12042067
74420727
40968334
73207085
50744638
76050307
75637476
67857255
29104580
19535442
77402869
69804386
35905589
76406972
43308587
31097033
40260210
50288082
11810253
46365125
78701766
49659081
50503942
66703504
59102343
17953396
50538413
75464262
77922648
11180078
42362722
10313959
64969999
25479147
65894479
19706930
35598020
26616862
64211106
68679576
62838115
14976602
64982054
17314472
59109753
79996837
23277903
37168857
42402657
46480563
60671315
40150057
70659505
49641066
55133621
78338778
60274662
27835743
42703069
62190777
59629258
18810558
18908014
57555330
24166594
57663578
14417132
48410147
18798818
27580721
17285168
46549444
64626231
47450912
43815851
53115655
68051865
12125959
61041507
79557379
74581088
76318376
30620763
57999351
13239394
37608600
78573198
42733651
54322106
32906000
11471834
20952691
57510395
38429783
11104550
72038321
50511798
17886279
62742525
71104811
27635011
11335507
45113162
15716552
56906421
68269637
44527741
19173411
78664669
11810705
24809761
70000062
59594986
17418793
53115252
48723563
67051462
63889274
37507676
51360748
20901057
10016247
36281500
24648263
19288145
72992065
26424639
19587915
70046004
42382949
45910121
18594970
59639247
31954721
24528744
12333862
63819437
66137210
29288120
74098810
76297994
73515391
56715719
48877218
10807891
10376489
24018191
41829740
70237524
70817609
43715034
45625005
13834770
20819440
40967256
72056144
54838711
43936250
31574654
54784858
68904813
15776733
28761795
34380293
68271649
13725342
26049416
25514509
50720305
79735972
44242782
24675008
53870599
50583934
17240160
50404383
21948888
11267295
32043183
64113926
27449917
46820587
21828322
24266334
13057758
17830155
53597461
66926594
74109435
13119865
67187120
51848541
31031567
43488780
64465060
44120415
67883024
79215050
77721721
62924484
27730809
50293847
57607180
18029332
12484480
54412960
41667022
10888162
56325854
12641213
24183334
34874210
19975760
54399689
40617143
26242549
26080129
48334426
58997998
31439517
66238711
75159120
37510469
36485834
34628280
48951479
60413660
29532707
18323006
53868917
47248646
31931592
68978134
10521477
18312905
41353636
41728197
14725862
53921507
75942048
78507211
77358684
54781960
15235623
31820473
14384203
51700164
25488530
22352281
56973083
49671843
55574584
17702158
57854296
49522779
46725341
12970715
17797157
42257905
62473563
24123646
30840236
29833465
48506423
42337745
12103261
24920557
59796027
10558487
78217659
77456181
63854789
16380192
27637858
59083054
26875195
28938507
67397273
78182119
32669250
61803943
55183544
35511778
44698869
77619436
72589096
40854544
26662005
67459957
15259357
67256460
49919538
49389294
30028823
22929622
49766765
79375582
77553866
51158797
74500525
27547962
51331100
12997899
63774200
40617255
49161310
76951396
21227581
75951664
17879041
46742614
77690316
31758805
72249789
64327431
70609285
46161057
27653689
16912174
38146516
38206689
10848217
39023688
24507495
50180517
55025658
70921211
36843230
63160857
18275598
14155478
65448046
78174591
44249471
77986412
20650837
56043461
32895755
29234387
73533824
66831176
61190921
42632297
23683812
55533263
54847189
73119843
34293088
38732652
13664095
79989796
78087603
12977457
42251991
31828214
22091520
62591954
11412212
35998258
13454195
60507455
43220849
42573814
68113503
29051893
72739858
12516960
47075476
41412552
20930616
61950547
65801713
75692192
33561329
23587654
29488121
71578331
23691062
21749987
56603644
76565122
34038132
18464282
36801650
29951281
69564397
72242526
19098480
15548596
50099490
56015813
46115308
71969746
16907113
32862989
43822842
13786844
47510832
28056903
49054107
22695201
55638416
71780613
36458936
71082827
26466824
27133531
68594176
46432528
27090065
47360253
54471876
53165725
58038084
36752902
45234691
48775303
72558437
19870632
69513269
15826370
31846669
72767088
74051170
70869623
35210361
28379821
58475075
76151745
52772539
31293252
36256076
39293702
56100319
74194469
50202539
51998422
79601492
66253864
50937487
71098824
59167224
54799322
47969617
65124954
41307987
51586310
32129338
13161606
53582952
56786415
71656211
13440947
10685322
24049549
53628004
32116448
77372820
66530801
72616390
36257971
72629379
15856188
64912541
75361163
58190565
79215670
15560336
53075832
27038306
70016211
30478673
47263569
66413990
48523264
68851664
12821843
60129208
64564519
27133582
26637367
37434349
76656374
73271217
39311674
68954745
12931285
53197068
10055809
26589235
64064510
55312636
39098775
73224596
25980792
72061381
19496173
67496953
35336292
77942717
14949576
44419348
25700864
50119106
18039801
15357836
24668747
66854574
35069677
67302509
59857978
66312687
13449629
46628943
65569920
61168266
57338163
21757504
38514733
39657362
46848455
44596832
63363517
53402716
46800611
56221709
59140906
67395830
38408024
62463666
63649271
65577857
31798118
72658882
77080338
18592476
25849314
63040984
73287210
57775783
36483456
66099095
24541173
33964679
29356209
58378495
60042676
25588282
61757258
66226983
76144772
73252453
71703591
60586530
71509735
28323009
15712463
69953149
36115016
48830530
13816348
71777700
28423708
32880561
71846961
43178293
50382889
58634448
57447510
24471615
46793453
18182582
68552079
28560780
36184599
56871260
68197824
33353072
10428347
33332433
60977229
31924622
71782084
69141810
17389707
40566268
33282394
25388921
60071050
32162861
33873364
53769426
35431611
76708401
73498701
57232969
66054101
51507469
28912023
73195001
68253965
14492044
64824275
18516930
62241440
16563850
38342779
54989601
58289603
17863187
42624084
63531156
60972380
76395825
74870775
31997902
67199825
64558091
53451205
14021814
29380415
49169040
55916939
22311007
59900488
26499636
23584626
45177101
75990872
12758954
37024912
56460872
11023534
47348559
27993750
12865737
54029339
69783748
59237181
11989919
17672897
16288668
58935192
21256429
32350324
60808093
37507683
74559811
20029976
47259266
57053568
42971358
79990029
57603420
27174513
51020384
70542869
76310056
14118663
25091017
56711488
40921780
14209380
47015963
19147180
46082345
59687513
43378769
51678818
44125975
52672063
57720372
50735926
30399337
32821076
50496737
59148644
43157519
29055924
17689997
11457923
68259025
70075336
78758566
11520538
67530839
71963077
73929456
58282907
70967435
34285428
68564599
52606079
24874892
61728336
52120138
15607048
74245865
23677297
77632349
52101322
44615467
35390298
54853818
13360819
31275258
23431264
51432916
58641719
30948485
59031141
12860390
41472882
59133738
49085504
58282617
67317010
77444348
37235941
43658964
46569037
15690412
73374174
25576384
15343593
78442399
47822188
39843471
60362169
68431222
41393349
44581226
25032640
16657518
10681412
47422001
19794355
79034512
70596621
21101204
27582398
29511483
62239157
61371690
77173846
59606169
61160185
17377154
21723094
32274166
72996747
75568554
48992239
19132186
55662782
49460538
10311876
68483115
33567257
64598987
30136104
42078568
67221169
37474924
17992442
12963009
45266295
38249108
15452839
76589742
64498327
12258783
25549489
53002766
52745972
45472359
33154316
25502058
44917707
43379929
14691105
51762336
78168310
34844985
47325237
68496984
19485374
10410395
52460977
52609270
68597604
47818790
23249969
62928882
61345933
58738500
59611477
59901094
57562832
25949474
58853215
73907638
56604911
12393307
22800039
12943445
60083375
25291163
20111402
73434635
18665439
45413495
60146813
38884605
58183254
30523791
44828702
12042007
49697033
16372783
13997912
70286102
74908455
28615303
35745333
69732642
50926799
36014312
66773494
52516622
12438789
16390573
79295849
47885006
51633163
28409467
67869694
71990097
53168742
50502786
68114650
72447887
65319010
44787408
10428334
59776030
62133958
62067882
73985483
47951841
35437096
68571239
53128891
53769464
63180051
61289222
65299959
47649464
72573400
43873939
15137134
19565356
35176107
66602664
26241583
36756924
64359877
69399711
31158618
42169745
43773622
18945357
61388228
46466212
18998969
22418650
16855602
62145416
37603765
32883149
43249949
13676484
22445204
76288154
52843075
71135007
39634901
36915195
33247131
63013536
15943617
76929663
24164149
77819130
52540862
46564242
26203113
37136627
27359000
60514087
13801206
21816677
21284812
38947016
38323515
22704425
46955672
73938647
60841386
76521621
50707787
33668563
74338954
57051304
68528725
22331946
70543695
59766487
28209696
48141168
59135034
66132768
32664798
17207387
46675101
49912393
35200307
37405107
61242028
56956179
57154350
12009024
35945909
71233394
30118404
11475989
74226839
65135726
55335227
27785298
78041682
68276765
56504049
25762912
60555597
37567085
36281184
15611600
66481256
10131028
26472259
75011891
60687840
18184874
71808831
66300179
69728519
63200402
27333099
27223360
47312957
45454804
22211359
71508792
19305186
71844735
13076830
26051608
30283422
54317979
19563471
10678639
35412245
61552232
31008090
18887545
33071620
48163139
67383928
53484798
45415781
32157656
43085093
48802745
44374144
22341461
22093412
25629722
38255589
34190647
30668673
10593657
49475460
73032286
60295311
29239286
13415733
62570318
36899604
60226657
11382215
42165546
26307381
79096227
54268665
55987566
27486355
22513453
79019553
63565006
34926799
74806929
15699652
47096159
14759430
56951401
56912046
57805192
17029864
68741624
46387928
37529582
54414975
34982483
39041277
24571659
77097977
19317154
22920160
21485647
48778254
29266893
23026661
60226653
61017395
31153624
12533820
41126478
66085936
77676920
34179109
39442663
42682501
58148482
16934801
58289606
25999930
72245220
71765323
65761067
76342731
60676490
47553799
63351970
74493105
50327323
45925962
18366374
17896461
66312058
27237300
66989271
64205974
13941059
32311732
72591515
41094000
11287636
33918872
39019536
57241467
29505993
12605828
49306574
61426208
68026766
13691453
14294120
39654586
59792387
62618293
12868573
67905809
10008401
59248261
77360497
46585350
24411983
27574936
47520370
40035301
39391852
32202882
28779265
21760901
16416769
11707878
57062894
34927667
35870720
66249743
25856708
59358388
78410369
74892552
60620204
38623875
65788472
27179864
40307549
39833176
63735639
72551517
15158005
11233947
29578141
59804952
27798274
28492107
45065334
35503832
24920995
10737306
65845615
66234022
28446249
30693212
40019129
72234466
26676957
36082866
36382369
71776325
23701303
24938180
34413288
46649186
67638211
40229806
50334091
70352660
64426543
53845508
35740600
64686801
43711713
47713808
70767747
64471684
42450788
74392098
21005510
21893194
70325804
10870440
56920281
25025437
45404036
39214030
31471297
61364018
35227911
79711592
10654690
19690005
45512842
60882933
67303651
18213573
65701641
43494544
63428950
37021069
37201840
46377056
77381083
65644346
51263608
24538982
69816139
78568994
62822222
12228158
78706890
34209638
74808386
61881611
44426164
62708859
79483011
36791827
65842579
29357031
27566616
12080451
69107370
72778166
56348753
76803414
30321731
21099185
74753095
70114468
57101181
75842066
72190908
74412128
67145657
17844664
13578382
56014325
47238937
27562261
49621273
52589251
62729794
57611375
41019210
46741794
31420066
10914119
72217586
58065959
25242556
68757627
20395388
57096987
28878170
41895003
26195816
22761176
78583120
32278003
30405621
35702181
56995780
49224840
26227478
71469716
69470313
46205364
24060919
41778454
41772560
34255756
73977953
37156194
44245463
67235470
72943720
25855594
52249688
26202237
29924335
57401171
18191310
10214159
13059435
49940091
57499339
48233590
24325845
74626904
29953558
49255151
61283882
48418943
35991149
28892815
56944787
13770975
24082835
34480977
34523871
49436836
73704840
65406964
65961987
30598449
76209199
68295054
53009411
13830584
30183352
61425820
71700145
62378994
49663432
16715185
34763243
21444183
77543533
34299654
56319286
12580922
75353578
66369605
55970887
33522129
57364581
53792450
15496082
31918348
55366959
12805183
35259300
15104383
45101701
60796421
20464022
43650519
63495459
22137895
16414716
59710876
37791272
48905833
12679866
28786984
52614658
62126266
41585228
36469642
14727496
63058318
17199179
17478698
46364078
16063980
44693573
48018656
56786557
69283885
61256750
35160951
59958975
54237968
35063555
14329672
59804113
78755927
13463117
74726868
12715804
34038868
58531707
11002849
38333032
10316768
19940523
75207627
23230580
67181481
49529549
65626588
49627462
17833745
52646881
36247235
29910988
70417567
17262432
78542290
65114766
72099084
12552425
10767444
62884800
15974578
51197887
72470118
16830940
62988400
51985488
62729756
56112323
72416725
39394571
50951272
62579265
22366326
72584220
50157507
35527579
60243559
40197742
79554071
76866082
58232143
28721142
53886504
49635556
40939820
24604864
11829408
75426403
78403509
34088305
53692338
76390746
72917204
43930723
73144822
74533004
31156660
73206045
53650293
26357393
31365194
52556093
61893871
40538595
13079622
76601074
30070364
72860430
25225499
57071508
21863427
40773722
26567440
49225632
47609181
38401462
42079089
50291981
24169612
69799285
55661494
63778697
11216056
39599578
40971417
49793810
18888661
59206260
65291717
59714122
63545124
33457036
58249432
31060333
76001926
23020622
57170614
68496791
68395220
56179227
55433098
68715369
26476419
12941977
66702210
60031928
38032143
44055856
43150422
60220579
68380991
64598403
50126775
66850531
55845262
40318376
75097258
49374020
27824603
75271465
13028096
37291284
33502471
15691205
17762252
64610442
10053470
34577749
64463390
24045142
47796283
47552894
44938380
17297289
31647725
28008664
69876391
32738866
37345105
55787497
33553889
24404215
32907266
21058670
13556780
31381214
72051280
72915024
57761695
71031155
54038575
17584976
38184811
37675423
35257828
60868960
58178292
66198968
38238075
26472203
40181144
22538780
25214426
73925610
27230357
25244936
53695149
32289048
57898504
15830892
25807116
35627858
73235691
54811479
19921939
76560436
56674318
60508718
44465757
56707951
51129343
37832810
51305384
25234442
59584690
69908344
57324528
14581710
73451625
72671282
57976444
57536696
26467081
63898116
16840200
16363626
14116045
73961745
15183116
19136845
56120742
40669567
12289167
55124329
68655100
38034943
44408104
64217374
55617935
35994576
73457428
73236512
11810432
49986310
64419756
19334518
34088592
67679527
78784905
46042889
31583109
36801222
62283843
31868623
32968504
48237785
34456341
53151278
43510173
21363519
71019360
73989495
63300958
45017019
22881813
61452055
24773802
47942046
76835412
11657923
52779540
10202551
40702931
17040700
67652206
59800061
59366979
48474070
43629854
22103883
36357998
62405144
18007831
13564550
59469724
70796822
22708117
25571919
45647722
63888619
10511662
16060175
23022106
39478941
76505759
18507711
78159341
42421374
40099413
64443076
36024493
23608418
41282227
73516306
77142692
44192922
37358111
40353052
10355959
77059976
35193516
75762668
59908649
55617779
50532241
60553761
77894381
68738887
36287197
56624113
64829872
14168735
16092270
65098065
17488139
25171954
47362502
64160675
43313365
49761944
48851946
57157059
58915637
33851912
48384694
11473349
11782093
41607764
65711211
71445419
19703725
61532562
21982588
30456752
78361009
31075846
38606684
58112505
45205571
54508439
43557011
50862176
54811212
30133209
41563997
10780701
27504976
63244544
76513524
15691517
49382759
22660573
65830021
46813619
28745846
23155631
25781376
26007387
55798516
70322997
65043547
67642810
67217351
12487377
74982798
64275292
64544298
67115342
17962255
38418686
54390435
78744060
31683933
63805230
77864979
36847418
12942134
64981809
74684963
12379808
23178347
37321096
38947698
44750653
68277730
79142317
78158664
47382582
24031824
29817656
70965750
56079286
66160319
31038782
21406405
29426062
58524297
67982978
32099882
65442170
23983393
57856795
23222445
52017631
37731567
79934129
56281023
16158190
17315872
63039670
32547512
62255450
15737380
34334662
73664443
73890171
48196037
73043658
46906777
19866114
11765317
13793896
39066732
63326483
39837001
35873250
39850725
41865145
13343989
29054538
60028156
63351335
25629806
50913890
51371286
72718272
79597794
69397936
12895843
25083910
37357949
48256040
67384416
40835918
70354337
35678103
37032084
60214752
46917359
79961128
79482268
65798032
35977949
54044547
66706916
66230654
41871687
68037470
72045608
49137428
33255584
79206629
35665435
25055650
77782177
15202950
10911057
23315179
54601209
57807915
79698530
38194664
46350822
15881988
11683252
60122175
18224654
11688534
18494264
38666577
45420043
32197072
51745275
59593524
40893446
41191438
21926540
29893750
66500499
31841702
14181788
56840197
69775414
72239441
17950762
19845731
67440671
24255762
24403470
53931949
21222134
59556591
24099414
26375038
42757283
46453334
25533304
39320496
35522307
31246379
53226917
29688946
67847734
33533137
79133945
69550972
63837666
57631855
62027253
18370400
23091304
56478012
56617275
26571644
25374330
38659306
24639791
25732239
62771834
18675091
69274213
63847272
78835552
32668322
55655284
34964633
63762771
79842083
57887098
70037281
42309047
29230828
11843308
47865919
53941069
59521694
23062232
11878974
54551115
77216199
78083312
29088884
21090086
52923001
29435502
51154446
67093277
31734168
25862092
48654882
16980036
31193098
32657853
63220875
13025076
67659554
34957256
33216607
12106926
37050947
76323175
13035053
69366106
48068493
48156384
58520018
68917193
21534059
38435503
15043962
36745316
35957632
52892345
68566642
31413825
63965865
59039363
32409778
30087866
65814423
17797653
71081733
53244303
26817221
15320789
50306874
15646653
55091199
49816110
53670103
53287360
22821154
17113316
19288276
75514085
79005944
62583998
40082177
43688584
23772358
26247327
38065974
14217628
64778298
77992639
60289211
20445644
11856770
73459300
63036386
75321108
46429169
39213075
18336908
18665382
49305084
42757950
42295940
53158779
71775311
70857348
76924320
30378051
29171802
75835996
37369207
53742803
68530359
69649943
77421246
58900579
73757442
36202293
69992498
57167954
53186494
17754254
72091876
16487773
44091174
12024720
70451129
74484961
29138961
46373540
23742157
53596791
37708972
11762074
48368275
56845077
41914784
44410797
58430979
35063896
31473765
27692434
14644776
64940388
62177351
77961643
58742552
75179306
74951765
45086314
73159035
31626485
58536121
59691099
50103265
71631247
60410681
58564437
46522556
56338301
19436105
20750939
79615323
13889263
65815881
37161182
71242629
45278046
30378439
65493956
10505020
20728077
68077578
25471495
51170595
52237066
28604618
59490578
70014554
48062793
34305250
40260909
76585388
25835518
65368304
71818956
14733670
48367052
31789711
24062102
73483491
38468260
45495574
73210233
51267660
46068072
64299713
33223779
35828269
24170102
15366179
30027136
74748626
58338809
26281556
38690717
79707489
13584447
37643209
57553138
57730788
57609431
67690849
67954864
15325987
24009453
45612796
40554145
54983403
53128343
37267408
17796962
76261131
66051959
62333215
29174125
31772116
77050155
47260216
16278233
29582039
49772790
70902274
10249943
14878727
59588033
39515884
56028702
38447882
30556910
61562915
56497951
69964142
37802732
53635921
57832755
61526895
75717300
57456573
41403994
43319349
68882292
11404033
23283917
39657056
53551639
10818298
66208105
10390825
44833168
14304558
30043013
38559205
11524850
62425003
72984282
14333373
53776726
73806035
78687255
14092059
47445892
52555775
47982433
45875542
74098825
49855130
56123906
44012877
29628632
41292639
15352213
37312307
62896247
36434068
15115387
24564310
45659529
59826405
31149690
64272362
50227238
51284050
63610563
54907307
68984075
61077592
44620319
52634363
74452887
69423805
28583431
52151630
24140134
67972960
64519382
64498532
15752366
49858457
78846496
27116508
37179307
75455362
22524426
66608696
77320645
40721284
48865282
36467654
73385248
50753015
50641535
10989995
73146192
11247462
26031959
24656136
11826344
57714514
37484665
48861728
47415963
13915944
50040625
20992726
35059713
79704925
21884766
38684670
11313245
10460330
33569512
71216756
35674235
64380060
49330499
11855982
21718933
42583427
17889465
19095517
71861084
50757716
22967394
56193133
51073237
49109185
28728465
54074383
56724155
24047285
28017989
54515033
14536536
28862949
68630795
33665087
28227488
68881174
63060029
43403336
28420860
77457641
48620085
64726421
49157908
40282738
13862775
16409192
31251407
71843353
14885268
38449974
12244784
35216634
51615261
42997976
38231604
59316088
44377838
74121800
51656216
49234058
36805439
71473999
68797954
77191762
40723341
48627918
50765425
17268411
20826835
50810431
21183845
63552671
41496795
19230467
15028195
72070441
23927820
60687778
11125268
16487342
65744834
21308549
59258012
33097170
76818892
51079162
41923983
76845484
18110454
26406478
72991421
60198136
22786350
35581080
21044578
79638202
73714371
15158777
59599968
48545799
57070887
63078378
31672883
20014507
79302526
30747361
46116341
28200464
52692578
40162631
44826733
53018191
20472700
59391535
35199907
34867222
46122202
17413330
34275482
69455383
29727446
54231570
27144347
12870958
47640955
21290218
41863533
72961665
11585267
68433401
46952153
76285193
65826307
65863069
10808717
27321996
65593242
30655626
76249753
40059381
75911728
64412321
43918193
50837973
68427141
79080507
48952584
70532784
24808718
34415304
53871383
40720152
77925536
45873722
34241350
58129078
38897024
41406117
77438574
19979250
63445519
30964493
16378378
10286411
79497139
44624054
37520840
77667050
24783670
18572588
78836426
29733866
50083537
56658538
40488747
28597908
77398722
54698043
27879767
47437133
70297184
44013098
16877617
75150427
41127791
40375822
67289981
50768911
44302980
37532675
52187593
38807615
30934737
23755082
43256095
59184947
71279993
27502969
37187663
36209300
62646948
10991388
78475486
12204157
70573369
61361901
39930388
40648871
30673178
76973137
53748745
10165687
60815118
10802280
40902003
20206221
23947525
37643742
20252273
46983342
21011575
34453798
27888714
49238047
52773360
41705629
19688624
41381642
35928826
36802631
67938363
53035691
27709223
27635939
46939076
65581379
52836447
43950445
32638771
59841494
52237662
47995130
25879254
23273833
18963587
66783167
21234961
20963272
29937216
76698366
34650814
78031414
12928114
19719700
21591732
23525969
19150689
79453085
31444095
74073213
30770868
18386808
12823946
45757145
48829432
52091848
10626914
61736173
18362391
53143329
15199639
21148240
43651994
21147152
48556858
29879911
19259908
43808597
76871181
35720964
73872824
15579077
51337319
68192020
59632323
67025058
17386581
69507245
66344033
48296231
66817755
75123701
16896037
15693308
29626271
45801110
70181010
62898271
23088822
16499010
40060941
51578068
32178083
54249439
75706932
19125774
22890474
66407899
40516224
45741066
22439993
63762307
20943529
41661588
68607574
14755748
61971834
54764032
33113124
56031007
77390138
75647771
45720158
27404722
78756468
51722771
49157316
44718254
62775637
58888562
19791898
75449161
65844568
49347916
69560993
75841015
36189908
45454544
22090082
23531172
51241245
38783509
56400674
64394979
15136456
56713750
26507466
40583969
20544227
76857949
43985516
34818923
63445960
17245017
11766070
25251304
38758067
28208549
10360003
14052408
54065001
11229476
13111470
43668407
52748208
68383132
69317342
73080747
47894014
32083247
78769484
39503057
11889051
45995210
60436793
50867608
51674229
50975316
74239854
38185874
26978796
33057162
61716785
54293257
10201256
72092275
74496504
36264411
21839585
43309621
55707012
10317419
72971459
62031172
19075496
41535343
50941099
40544739
28142521
62516129
66476490
31103486
52338079
52544028
51397360
44486516
35862432
25030186
61360212
71431684
52746691
23187668
37939404
30683780
21742598
55022902
38905083
77620943
55070814
34892731
71570297
25650514
37653910
14479822
33324248
12769073
24765027
78375117
10336467
71022486
43254959
43351190
72804021
29972034
16691893
33516098
14704711
75593232
23014770
77634785
22998666
45141434
11770415
10467172
53416577
19814529
31936184
37631115
66255998
43188527
39742796
29990163
10253714
52529730
79183150
73030144
72999977
31482726
31470028
35532577
39983745
50060465
47484783
36537563
55035469
69189906
62408316
25789384
20404729
51873128
27697385
78326821
15379934
61330314
37102277
75564311
34348939
46342540
29766416
63721801
22186768
74172040
55989526
74734570
27682479
15690585
75664906
53656933
55726049
78708331
12569405
67026492
50087825
22631717
19037484
56412839
26404251
50524792
51669641
61768682
62640285
50756045
75699519
71359574
40710709
30158029
74242459
40360126
69409478
76260864
13276418
24362581
78697815
31696899
24014552
32006993
30285998
64925033
22942972
13261692
17969042
71344022
72001978
70132140
34105960
49207423
76592722
28798248
47056601
13978536
51770176
64871575
68699727
76598381
15015530
70226819
77488870
59361021
33747379
52912971
38589975
25186743
64911019
47582532
13165573
59030636
40436525
28069140
30569159
33650033
58170703
30673674
34156010
76596698
35901653
30285849
20443153
22359755
29975679
53868688
61187537
74459896
24265320
17110863
72489354
50085879
44188708
69331441
59131684
29145676
26680981
61945327
17959334
52238967
70526689
34795248
51398330
27485715
66270586
78210790
34188777
55566259
41322707
77086764
79590972
42381195
67808467
16733984
21411364
15957150
33062061
60815517
57031643
57796133
71147082
57786181
11013621
68089474
69278257
68872748
44619071
67294333
24752669
16099909
21692429
20277564
78707649
72742310
50937880
32376478
74804334
56860084
74746786
38507009
69514303
18850293
17548272
75350248
43852563
55600408
16409306
74327393
78728489
16727809
67230878
28655317
50478203
71370886
35043398
24512272
75380039
60089348
12834178
13338618
51902305
40347463
71983503
39939906
26581781
71921793
79332540
73163220
65415372
49954223
20244071
27350753
58282846
75131218
62234040
30784958
27923455
61418407
73651630
11091139
17842111
22377750
66631060
70748687
39166068
32336571
62755257
67223061
47225957
27916427
67701103
18149053
12923325
76705698
35967712
31022185
29715816
38223115
58859902
65484670
63406279
11737701
31507728
53423296
17252513
27099793
33837770
18392095
38933564
37235211
55477014
12915162
65005357
47676957
31132107
18650630
32620819
69163085
78452513
64058440
12347237
30245614
11602795
42013874
53531728
47311324
79141184
18853134
71139613
29870573
79267031
62097339
47479848
28880805
54020473
51004156
75772877
64652034
34659860
66253144
67382154
79543936
77183175
54604518
32906017
20902083
76194614
36152999
42161267
25680637
22948810
19892156
35450724
14110126
47644612
45412045
58255767
46606451
24422110
13719411
50303004
49596815
50374215
77827919
76042867
66575818
71363757
68415133
55149441
56782139
10292088
17583433
47049798
50891202
15750139
49529706
57935984
16097055
16593388
36737633
25918915
57246104
39180416
26956209
74395897
54020655
10631924
59930839
12870915
46243060
58572770
66852903
14277658
73513138
77092929
61233805
61310912
70587575
41118709
79894013
35329293
22299732
22648850
29005128
32132694
51736760
39864696
53682815
27230724
70360501
27331664
18925526
19653108
64981935
63638049
14240807
21973016
38512154
64325014
26772646
13885622
64625666
75328888
75549837
28433400
57914327
39248820
25843038
65685742
36087254
38358010
76489456
69640151
24591705
37854420
69670634
66992379
47579825
21412267
34910482
50744586
53127803
23189843
23093163
67135913
19284722
52835917
63002795
18542709
34733077
47063467
77915004
14182193
10085690
71945016
31624211
72018856
75378469
27228296
69393746
35026531
55783715
56189500
24766094
61450233
50725539
52949538
64275940
32116276
60497264
31716001
71890446
57367030
32278894
39958792
58093312
57817493
73217251
49149419
59836018
43848052
49663666
49024760
45274933
62188817
70932487
59892117
24546121
62202312
70795716
16769353
58152795
58293829
33369055
65167453
27823753
58597417
68421430
15118104
68284075
10679831
46904059
39402920
51066040
78972211
55280906
19146985
41314524
51395997
53122328
44299067
50734414
23206481
40905655
61765750
45617446
49853941
79314361
60944188
11804144
33608628
46291152
53624456
55282275
31776487
13455970
63845133
17424979
49008917
50935179
15873578
50367159
76945364
13567393
62002295
60566895
15239225
23340100
37102528
28985029
78661396
26526180
26143515
39356086
11843667
64200832
57894274
38713248
39754220
21886011
70471477
54163652
62059691
10868120
20621285
79766196
29411732
74295271
57975436
49753867
22264288
26063992
36696314
32589017
23585492
45763643
22128251
18419526
64540816
43295341
61443009
64097678
48832601
25041971
37880247
58245376
16142188
50157641
19577565
79428804
45095506
23251918
39610870
52903496
35878074
54720006
58363289
43672833
72852069
72883387
23280538
37067635
21406441
57238254
62246480
71454619
42723028
54666895
14928025
49828189
28426851
75827852
69340789
12421967
17795842
43511901
75001880
60970761
35416698
33315159
63677474
34425959
14074111
19010464
19222237
24442865
10344581
66358588
57127141
46852643
22724918
42163801
17122522
18136394
53097630
73676539
54104950
44411721
20659551
48877188
60290691
54512056
15047393
75044213
75965716
57958854
40383138
49664615
25214957
24241444
63022541
79323872
25567609
72345586
18562581
44511289
51587400
23445606
14244748
25529507
50618454
77623055
59980141
30230276
34063361
15245860
15007295
19527259
49383367
49828509
20734872
16605852
64313711
21647377
60115997
74142557
64982656
37236362
25916013
22191797
63068156
45873726
17640688
70878191
49100608
70133663
59248320
56786904
40661505
72903951
50318752
25348448
76988881
35437661
25595376
53774710
26091025
23757074
43289893
65963673
60408854
37880332
68559579
51427072
50554209
76333406
44834431
57145537
44871851
42907677
13227627
75030855
11651395
17752945
40658111
20028112
26739963
66610698
47952372
35810770
47020448
39330810
45090742
48215934
30789107
30428005
17243888
23149300
35770391
75380148
73252331
63387832
79621319
50548528
26477650
72981905
79414546
11209636
34815231
35386947
71627861
18296898
31744527
45402940
66103218
41492671
33964976
23394080
49908806
76058900
25283278
18804247
36780760
26929892
37042210
34782384
72954997
73852562
20159632
53972744
79129220
38157453
68575777
33335801
22807570
24658096
12336465
21508796
65422770
54200752
42480237
61807442
14634693
36535023
69515578
52588102
10416714
28114806
22359589
20742212
24560534
72376432
79663536
47857134
33700203
18787992
42878036
18515660
72664983
29005444
34620069
14105058
70135475
73806088
13956880
31255370
69273199
70812493
47410007
21763952
41134159
63225290
43492894
40196647
10070691
31764100
74815828
30160518
75855866
35332550
32639681
27740858
21480254
31792618
46009580
78197775
69906123
21280450
68277239
61156745
15969520
56973394
42408766
52626349
51046420
15968079
29582691
66055296
60706328
27804550
16758814
21947765
49715928
28416906
51187585
12454963
54536396
22922298
44002306
64342912
45747700
27550269
69892757
37833984
21564622
75072451
21137198
30531490
39430451
27280948
48425998
26164251
60912252
77045299
52072418
70048195
18993490
55327685
49409509
17285141
74681907
41443278
33233885
40040699
47847012
41358503
49631221
41096956
63224672
19782283
59242747
48234535
76082308
45080119
30474351
33774235
21281644
56880648
49367130
26001783
16962510
66298298
13276052
61386871
45660507
78464032
36600942
48166828
10893925
53817915
37631241
23235802
77369299
20128194
60001719
73346915
31815850
54386078
63790311
13777326
20727684
39931115
31145774
67591670
37719650
36971928
76891320
60505730
69788827
41066893
20980819
42514992
55728257
29604995
50998493
51335465
28367436
27107658
79320512
65826790
79276925
16360487
67548184
48419422
32038808
12509937
52605864
59831800
50723945
55108606
45901948
26900847
13649982
79129602
37746344
43725563
35954049
67440774
30038240
17579761
21187022
24884974
57178303
43807113
77098780
46548982
27320758
45749155
66700576
10291361
16245286
48784975
63816862
21812832
49142950
24073700
44638472
22897400
69515266
31661495
54313973
11420436
42151683
73153630
48788406
59783954
62798552
57700988
23930008
22829185
49350431
21017807
30804064
11413244
10608557
72927548
20253248
39369870
49227041
46514505
20555015
59945411
16507779
72943067
77423017
26966670
59554484
47338419
26288353
20005086
13467646
54420640
66036331
47816506
71221208
11684601
31720587
64420473
24440631
43779185
17051213
24482245
10775076
74962419
45617639
49395342
29044199
68671098
64950068
63111131
53788243
73831703
33760187
68652599
61461893
46399005
72462125
61402267
54330005
51215244
52078123
23588899
21399384
51566067
37584668
26466132
46919124
22479447
39908207
37247064
56799757
17094880
72863837
42358189
72626618
55659562
45003789
43596822
71720811
73962705
24205541
23802098
55327762
73782586
60795533
56636529
75947616
30604473
73869536
13924728
43876196
49580759
42775119
70798084
38605643
13086971
49440330
44064121
24573211
75375046
58198076
47449363
52367244
48166333
36699183
48442752
29302785
36687045
43393378
69835830
49230857
64052181
23783129
56607978
41660552
35314552
38311253
74763602
67804363
25342881
71540763
27857754
64377082
51774897
25433789
26881733
49022667
74534558
20519502
16058640
72268390
68361226
17544551
70726356
60826617
17622528
11846327
61765776
50568928
37386556
48975018
61658820
77103185
20198955
41268831
19430293
49441496
33519601
55546082
15397150
10044235
19778945
57948847
42567505
13947596
39814300
52120617
30592372
25496629
54116307
23342441
72717131
52105033
58160175
49834287
40334770
33766625
62328059
27326415
77491493
71900070
28560976
51863985
40495684
60117106
20210557
78321791
12371086
35244317
51066216
75210529
27236192
41464423
69846580
58175911
33473849
63090906
65384876
35503005
38919687
18352798
61450719
53092535
41434616
37313987
52926699
45769750
47610587
68401380
34070340
32674453
40644908
30280650
29895329
36163263
54984935
31338184
32641979
55212913
70135384
38531543
29852637
66961659
17183340
70633871
57071446
45651007
27329413
29532699
14753730
40895543
30151908
46549299
29915187
78328559
38025146
58616960
25247403
45987831
55587910
16523019
65561459
59781748
31607561
13297456
20399278
68455921
63841587
13080777
66438025
54517156
31797004
25466342
36509889
60051234
22517197
68435710
73445068
52820391
28774928
47955869
20605288
75364804
47264021
40381043
11352048
43758401
10082722
41881251
11868624
78618390
23510861
17332510
10789395
57785396
64486600
25495946
56432335
35565526
20344236
18189747
24198544
31399702
32780362
37068324
65983539
67719406
37657441
24095314
30429919
38692443
78618389
31651053
58417599
18714644
34832593
75167518
41503492
62185696
64328701
75497976
12457693
47850594
60219150
75110866
28506951
49727062
39507723
41539295
74836273
26411268
49018810
26768020
25189525
10021583
62093217
62453536
66412341
68708928
77458354
65477329
27386978
10644747
33992564
67526983
10816915
64179227
20308415
76157411
26940084
52808205
75885865
37539426
44213479
16124660
44058955
10473794
42193767
22143134
61635982
32569491
24407804
43960970
12338268
12496005
62080409
22882447
61642380
76049614
42633012
39109089
19011976
26489775
19540685
79168008
51318453
46118011
64017934
29172776
37272287
39580869
17601517
62294003
46338812
70869970
38232539
12756981
60073059
59236307
12854284
38195496
12980743
34066355
73551818
12066907
14923947
79502230
13310679
77048554
21133969
44332498
21914550
27169289
49306921
68812021
29326549
28459667
68982323
52780201
65821283
46955056
74392601
72091668
51607165
23352655
74521835
43776017
37170135
32562786
22050597
25211656
70285686
51282556
26209610
55821549
66145140
56558539
43817921
67249147
66033176
45378020
75386230
32525999
17064083
71784949
71650538
12479829
68910233
63379934
60081648
79709402
79404832
10485499
11180983
48268677
62205905
26259734
74137585
66476349
68053614
37408464
34690062
19537347
58349397
69481533
48269019
10226169
69311923
13337301
25606265
78031566
74420349
67038058
79686953
29753236
40049418
41299722
30507787
16283245
40936908
67974759
61110935
67800583
40989971
52983547
41475397
58859203
63487065
53086453
70240106
28288319
49366511
10411449
28142591
78563968
62888807
34338330
65279643
13237989
63536170
45828790
21147596
14838616
57969426
55415883
35766155
63776308
72130528
65881640
39383115
56793884
52602683
36343379
65147284
69463516
25663695
14499773
66346657
76167643
74318727
11017559
21820782
67362847
46898250
26845886
43100163
19185682
21215842
13192523
43269594
60113391
67968754
64286890
64839762
43994361
54170116
18750916
72796836
50838379
79758547
27531475
40561434
55215624
67454849
15761318
23462634
49691523
32271748
72066676
26690361
28339245
16967830
34767986
34413336
22292026
38960421
65876554
27295279
37445571
68693101
44498138
70769578
74269283
29440271
11688866
53935600
61797721
65787799
54631545
68079952
55663451
39016991
75024047
10121222
51527836
16983979
78427864
73098692
70481669
47896833
22504975
54642853
63092832
23159405
19286723
53168422
67833150
58790246
20166353
52361647
39492467
23457492
78456044
17916781
69807498
31561501
47102901
72518174
19133574
26613111
40048888
45967366
46055564
41508476
74742222
31522274
64465916
20956628
28659921
70370831
78858389
56457359
21177392
73720813
40065653
53464801
30546759
67635799
45879888
70520497
46793120
33125673
72952202
58802541
12862399
68778761
50096026
72825224
26949559
78368374
14352483
72984708
35941114
56416658
16850501
10594251
28829197
27128683
66464918
34673795
79332880
74403064
49726772
23063029
11853060
21949039
15197744
45306675
57404469
37552744
73827023
75268303
53340944
15908981
27219243
25400263
52170891
61798665
11337766
49109711
75918591
67541269
12861282
61548541
10711022
78126802
22046890
57110496
63281208
33604140
74983978
51853463
79096158
19757345
28455612
67070923
62373045
43243002
60619382
61634192
44845637
30282195
71244511
79324357
16942683
23322834
74394646
27613890
46342689
12545312
78691720
65650381
16501312
14314297
20967992
56791061
44220309
29143775
47884880
68392814
27673511
75042362
19022358
27953868
36243051
69435853
66886651
17153365
25419227
68541261
50409235
44106140
46531860
19713836
18835473
20370508
14987812
64944440
66315279
21556806
75174196
33474349
54483700
22922410
61925668
56050681
67660765
64439850
41719859
66830617
21356071
43516087
54440549
55544343
29714931
12506633
78273989
31930033
71077253
35998799
46365849
48572671
37624636
63754697
76939890
15222869
39772390
55654516
21988510
32608879
67626717
69963614
61862998
53108028
49438754
13068743
47941132
43211123
48989093
27532185
32423784
47861585
41916048
49298452
39152670
44298072
50371690
40974206
57776484
37063770
59564392
76738863
46043442
39225335
75394899
46541509
72848191
48146998
43114408
23741048
60133296
42881985
44814204
33371202
61225881
12697085
33909718
14911853
64497815
32920785
31115091
40326759
65922711
78027345
43796239
51999766
52133159
53410212
62681231
26556470
56925984
63112630
52602828
23489113
76276263
20761217
20689617
33825325
11277949
45182101
53902627
21713161
72438651
64157323
36712264
31262367
12804612
26801392
65995636
52028355
44242167
52216614
24712774
77002822
53433375
44776900
70205099
28839068
24956785
29989927
41495090
69769764
75788255
43570875
51220688
55024540
70161711
30305299
77478393
44810453
68591308
51711246
16997717
12680484
51208971
43841764
49589339
34504678
27828780
79745599
78925311
36659853
76459603
73202037
45397720
44773374
17184388
72180958
63355739
46829640
32862671
30951700
