12007483
57274799
68922613
14702646
77797179
27228164
56348755
75691785
68807849
74156889
76215459
76635379
71313403
21958712
14215455
32585423
49050887
70480676
37541121
65246148
24884726
42469376
10364477
64251876
25160455
11146074
34043913
51890623
29975837
60386390
36365061
49186192
45143352
74604009
40848706
71165192
14935977
17824036
78063970
68453737
61981769
29627327
55317290
50411450
27339772
53538885
75407034
67646200
39396594
14420478
50037483
50640603
63187536
28342995
30703293
14109611
77832744
11656360
54952018
69373335
79587886
72505957
75710035
14292548
70185964
53281670
60197888
69699405
10966642
32179003
19466837
21115385
12875269
11810721
55384568
29205095
15334527
48698208
29461530
42845170
64088909
57829278
63170211
67063064
33856425
49341010
28227716
35713912
48344637
39254196
44337876
46827088
48153166
78071121
59760338
69360902
76765259
21674788
76490744
61903009
75247497
53860136
18718394
69765236
50328108
64676254
29476166
20708665
12891378
54309132
31559264
25353235
10158464
66034731
32328490
16777488
76635835
42559226
21565367
75567168
55000867
55294063
75963150
77494509
73340772
68037676
68172341
62442887
35695122
41149328
78160240
72928325
45253900
19654335
10909348
12348111
77720617
30202407
13969408
49745453
39474164
65825695
37828229
65323875
46358785
73315350
22987910
55297539
29610373
71682494
37990275
25493604
72008758
31431311
78084881
74159973
25854435
24617385
32639409
24921315
73134281
30351467
12413685
63925146
67345316
14484038
30890991
14394012
44981689
56796716
40720450
30545704
46156100
60714971
13442201
23527847
44492159
65978696
32659679
42472448
67049139
13588361
16357662
55176268
56060479
75486818
77332726
59406660
60232044
76623428
40392154
56500518
73939678
24542345
28946144
11144337
17290171
43896386
31520434
76648318
55621814
74620844
59725109
19737772
33038753
32293516
72984133
15990553
20151170
63482121
60460325
54420046
45501086
39683399
35679138
65391498
26297145
33079705
63247001
52648719
44512302
45507687
39366340
50395742
34009529
30068524
31006809
46711862
69654551
23405002
62643767
19703898
14186922
52610067
52190586
62419448
48721625
46396835
72584239
38107128
32350117
49872838
42859930
74523736
18021804
68554247
55645432
67714977
72077000
49318228
12770738
10804548
31762420
10047490
75876669
62028256
35656070
33523794
78679967
41416099
22490943
36857398
56629634
41805349
72497753
34920404
32356417
55439487
45766230
21570221
34965200
30047916
37005289
37728865
72634205
34297558
25313172
53845316
50775586
12668693
53373579
43102269
71137901
46149212
25485480
20942133
59377314
55672129
15211231
14629043
60919085
40003902
34335074
76633400
59916883
47670678
29227060
74578781
48000543
55941707
79897695
71050791
42785682
32117824
52414559
17658391
58987790
72843298
72646191
18438249
26069277
30763872
15595059
35245589
22216042
24613014
18479809
49556892
29570386
45152320
31818449
28772716
71233490
52277165
50145156
45516290
34211895
55587627
52784845
30955850
29712219
68963660
77329368
40827700
70794405
60826855
35516571
55541911
27130702
20770907
11555896
38818009
51686013
55130889
23423162
36949077
41611703
73423763
50874620
29899376
51412401
50971762
74728992
44481704
66578684
12998849
33724729
52691937
40434594
31314222
67675730
67764919
75341580
77488047
47636846
28595876
29393354
63965211
31762400
76773874
57437333
29656100
79325824
51599337
30612279
55515976
60485766
39058845
58756610
72658419
30568346
67984044
29749988
21539404
24621541
67620209
48563231
70840416
58286259
58063320
67313056
53184590
66422004
75487976
51153561
38799127
48839962
22456387
22037712
54331822
64679938
52875082
19097433
74173000
79350098
29181547
63350894
25843604
28839644
47630836
70275122
44388333
76837495
69125665
63829656
57840114
44821553
16115432
77100593
49655162
14166788
52269739
76078420
56377136
62516202
76074542
54980973
35453153
53114555
44113395
39421535
58717810
34608679
48650196
57929476
49505340
35669791
41012557
13326939
54229908
27062336
45926752
44765397
61306394
47492377
77421875
60869860
26442847
34754753
25636305
64310401
33225213
42073414
28857490
13914276
49447663
64309555
15372393
77893010
71340845
41303349
60228811
56721186
34172637
17121037
69834881
79029415
61544780
41585885
65051851
67393183
53393319
42305495
75425788
13927544
37702582
22813204
26383409
16696291
63991274
13311840
25470478
11765314
54694269
47930668
56140574
11844836
53580885
71402420
35430555
41070349
77947128
44288973
12362259
69208715
66965523
37834187
24162242
51678614
65301364
20921199
74930807
23474804
11844460
49056264
76515908
49662067
45284237
77413615
39151760
16196304
24449106
31836335
71270890
38822087
47764583
79684878
61339622
50582105
36987219
38107191
66055074
56823672
70951711
52953699
14406673
58743338
68482175
45028383
72645139
57715482
66597333
78351360
21726764
78803860
37771427
58126890
52395349
70755650
60479730
66473920
37997473
45147075
63314445
13651581
28795536
53579984
16518274
36231116
59727759
17207387
11023359
75116191
20949522
44701918
75109435
19415969
27366511
29638623
28490293
27450273
76910105
65414410
54483620
57602350
52780309
45217958
32659072
30830988
11508975
23540416
31571264
26689463
54909280
40545690
26095522
54617827
22027396
10037569
51734620
56411787
32014087
72545818
13578939
58308818
61539470
47833110
26462879
34005756
63400223
25084869
42019439
72597722
70278930
41997401
41741823
55987102
22535777
21189023
74065882
16045322
30478392
67530685
42520849
27854545
60771726
52949580
28244130
66091311
62670913
22821940
27405896
60652460
47096306
41679520
20687443
30523828
61719840
19705059
69541832
33676825
67315425
16146459
59908213
31073277
31411939
60525340
74452060
62904731
51479078
60158021
36639622
19360090
16675150
70043677
15401784
33234629
23541975
66305110
12319053
15753077
26167084
27033436
70118098
12099796
78649846
54630498
27216305
40666856
10164617
12645042
38994442
50581485
52796219
30354574
61395488
37234463
20586873
58830207
22938859
56693404
13261848
56028436
12425533
33444553
32913968
26876681
45941589
47177828
76853180
79482062
11683720
21059895
29474292
32418867
53804991
62718579
77990827
51095805
61657380
47829318
21180155
29126097
24538533
23348441
64020597
22962420
11682925
19021179
15965007
40536682
16191367
74840684
70058001
40856497
38501549
78879184
55804812
75490005
33380502
25166743
67587985
24736534
14204362
32526118
43952939
11849100
13625720
61965611
34362312
49102866
52059147
33198774
11517951
76679239
61587889
39080467
33164234
67039581
33798357
59194083
40391629
18284174
15102291
29170938
13460395
76204341
50168059
19247293
29500970
73996785
47589280
76611322
58025002
51060748
35208326
57570670
64902605
14506935
62401202
29012395
10471384
31424718
42499367
46022668
17735622
52308823
77931389
61163121
50122329
29851523
76688557
22556350
61270559
52037184
15809403
10908365
60258468
55685952
25245007
12783928
14609773
19601627
44814604
24084853
16214450
60978063
32536280
41507615
70105164
74648052
72060946
63597706
18954214
63458007
35755381
65187859
65226992
10707936
30588653
59494616
12033369
13053715
26128504
63369742
68591675
41581126
42041102
44061608
72243101
63019110
58980924
33829301
38863901
19730412
48948106
60432246
39380558
37369714
32163587
62700827
35638041
19052607
33193928
13403424
79742329
52423287
40029173
44532674
26914167
45074942
19407359
65158107
71333969
59480826
17558340
23421306
12041851
47553990
35943205
43890544
31872152
22328363
26039013
38133643
36808093
32124716
44606607
72570549
71913016
26873279
67297839
73054350
34694094
68342971
68923804
68430545
31546767
77375040
16109083
58099160
48935380
27955843
10713974
62617072
64211448
24343833
31690874
15742904
62898245
15398272
14765841
34411764
14168916
50923329
63489685
73589838
78663061
29903568
39522068
59096162
14279720
47170671
63199866
26120000
15681085
18517732
14838594
30842457
16803885
75243824
14840790
34505856
34593083
27801690
50105149
68081661
60975119
78611496
25661030
26625759
16193396
37036908
20603891
33442460
28436328
49772320
45413008
24675546
58457059
31794451
35642912
72864632
62822367
10031921
63174791
14415871
17824574
44506828
50429068
78973367
64045439
23514054
75217102
65054223
37296532
55326116
55466337
66761586
65046594
59017872
72499299
78525999
31500214
40743904
61198147
32116609
75391876
75117943
35669019
15979975
63273555
43465905
50554521
20706608
50842858
16790792
28842215
45133788
64743623
11499615
79678485
21928959
52282588
12628442
59596588
70291433
28313764
26756534
10870256
43802766
10309354
24660293
28133705
14214357
65395648
71599968
35789339
17460593
50693288
26105501
73230183
35891062
25463205
55674223
68631775
53813743
40894060
11078033
52062753
26053588
30636049
74726084
74548805
70946750
75704099
73750923
74428521
67892417
41562853
20892286
32437752
56416355
46430303
26111125
26405534
31351568
26778478
60700932
33121403
74992472
51694498
38215624
64470660
23969008
12145287
17698623
77307536
47209999
58804076
62413002
42673880
20009085
28819846
51983583
51372033
43744425
59715506
12573986
11813969
31049830
15087135
56193286
63840311
50910716
12945344
11232741
24417051
22719540
23274296
51634500
11271016
28289361
34184138
63263596
70309786
34019772
34290526
22612766
22821519
49048434
75715628
75925204
27732983
41580725
33627200
58598187
52744350
26727306
55101242
70717898
78400616
44266066
60373404
79202172
34932482
64635255
24212590
52411232
47145701
25713206
30921613
59273004
24790008
33965385
55903485
40700770
13762179
65625137
59847086
77862424
39255358
52833927
56972214
46755514
38517170
53891946
32005770
62787117
48100185
11366863
55718406
70668591
54352757
22896890
38346463
48863030
75769152
48249411
27994521
17312713
45055613
52709796
36924441
46240585
37517639
71739201
64609850
17073794
24467087
42723941
38062898
27560965
24960590
72680718
60604523
58058387
66715067
42686565
53212190
71937097
61803297
75817040
61563831
63111577
55082783
59209452
34860773
33656194
62848208
74256693
29216030
53813120
22901706
48824372
76828526
63598475
32155837
33326360
55741866
63882331
62298135
74200081
33005926
62028753
18177130
27490006
64858041
37590230
24242720
25462196
69571637
42648111
60073463
24548192
38572593
71496112
69765187
60364740
12137348
56031745
72912931
71913472
51046842
49440658
44884067
60517923
68832672
41660904
76953967
15135782
68188573
15851719
24860438
69733800
11327009
60727395
54167222
18716455
23990589
25637066
59032229
68089346
21005490
60084722
66155955
59656066
44216151
34822428
38596132
49214733
67833685
59523634
32981625
16846209
79838802
79334572
77473925
67803587
76627775
12649316
22485672
20366955
69212484
22103897
12541926
11460100
27336334
69962816
63997622
33849069
34220326
71112527
72400491
26555750
64721590
53542754
45273729
49118058
50611177
53450432
15047777
42307665
55134443
72546612
53033977
62738792
53682479
75628628
58497688
50790528
41127088
27221750
38069254
38407081
43466959
32411507
61898597
52379618
26770809
64228515
28196924
51135658
37568684
71051523
15019157
61391505
33382110
50551568
36299443
45148447
51029297
11929250
13036813
67957573
32565636
67382094
33203003
19656049
13539312
36998108
56282914
57282635
30833968
26081572
62510324
34668422
27602572
25314748
14040656
79553662
68771456
26742208
43343599
63423042
17778763
16040335
12518909
20004747
35619689
50118979
72953404
39303850
35397653
45325215
40842994
34998138
29032345
39528273
69966174
34536301
38869197
44186568
41696870
70062114
50918412
42750788
77563456
39837128
30890722
32257806
58608529
30467677
65034183
66425271
62233374
79814872
13068428
29338939
68026762
50627640
18678575
22237334
56433326
14154297
10603338
23882190
78674473
49652540
70005514
40849688
77825734
19471032
64120284
52213714
69699947
39880208
30170046
13609607
10152225
47900428
43184351
56759612
52911004
31131183
18814011
13285439
64934271
79082898
74532793
52334771
76763297
51037697
40676160
32596827
48304015
78839091
11367166
31126274
40070662
27986556
66966071
35933403
17305438
15880098
70525034
55980408
26809751
43031655
75251171
16572005
70267678
40428906
69490702
50001329
78142276
41027172
68349215
41255760
28023100
68901601
51103759
43546894
17169777
50856403
74858581
30664556
60158814
17439705
11521674
75877914
40631561
24437910
75207596
62625390
29022006
41879980
53275218
12711878
34591363
53570440
65562941
25719542
42794558
19266638
78954456
38790698
43233631
36976694
46139465
13723670
19649605
77892969
12378838
44766734
46046092
22465293
47925234
20125989
11641229
37758461
22754556
41467076
48918104
40284848
16293520
20961211
70401983
56458879
31308597
54830710
18913289
13428796
28509416
75608909
53307880
33553646
47919941
27342240
45625518
43385727
35163685
45090266
38739741
60635708
17030263
34095907
50835219
68115640
56933917
11442552
67115526
29379423
12055065
70798999
47071011
69561730
40266131
48743431
77824534
68138694
19157954
45892118
55744550
73904926
19399700
54591147
47885434
70176866
24676637
65883970
48577522
34416631
14142528
64084972
16388059
68544728
39992074
67430040
55478897
26520890
23311488
77473864
53597372
15301502
65362277
32432616
12706851
29486274
31094118
34291961
77824429
67536328
71115313
27874213
15050403
33279966
58361862
29444668
45733678
26576913
23157662
49896589
41993974
72105369
45503482
16584586
58608992
68330994
56889249
20885034
33355211
10164507
64746188
19740240
63967317
32448521
59525181
28466325
47456879
11205933
49534910
29654346
48250171
66682526
79796770
42161131
48400834
25857896
33165540
25675817
31005583
19795934
38691874
77241550
41830719
58134317
59478695
48699260
72067022
70660422
77937346
33108155
43293425
41402036
58586363
36861043
25626363
60588209
56249603
14835466
57819156
61483828
74500979
44905259
23471019
77629454
56504086
18842236
36432830
65177004
31396229
71382826
74916311
64331387
23672191
46961483
47331017
17938961
53796379
24251586
27092964
57717521
58506976
10561949
32800052
33780531
78584781
50036339
69595960
73404151
40677956
36705299
30189776
30274386
24798023
53285235
44987969
28731111
17327439
63962564
67393690
76582455
50354006
29999642
64317065
15944656
19385035
49670248
72043139
27635382
49168410
78502157
39727066
41035710
10800859
20012200
63548009
17997395
52435350
70904174
14448672
14853897
16358384
10182162
70260829
41620908
64258791
19161767
40327352
32328519
32737440
45440562
23338360
15817718
27658610
43169894
57259018
30269341
64719516
32778343
76388161
61065077
29910999
29940435
58236529
20420744
15492285
63643630
72449623
59758856
51786727
78797886
33895933
22123649
61508257
16810355
33025858
73855814
48048044
38580653
67298934
21388555
62824310
50395109
60427010
26465654
25670518
48507491
54550601
67895441
60776929
14655589
61061875
78887443
63278961
43508006
58592800
25741793
44652438
69594660
46662765
78975365
76222346
74398471
32304352
75836802
13065085
35393967
22552723
78798243
29807741
79788387
27781060
21917729
44114723
70030543
37435312
41395852
29722118
25319482
42894160
72832318
47216154
79937755
22068964
62132667
76027028
46458427
48035224
46027223
77532486
29684732
74960118
37432135
50282402
55436011
46102623
25861968
77098961
33605291
34494508
61064451
38356053
68166913
57021051
29368273
11774746
42129324
50332315
31600236
79381650
58885305
42787705
66146660
43676441
46761921
28186417
46558633
34030115
78870335
54927852
46592826
41735318
25682869
50859743
62607806
60595245
37375571
47789560
31032946
76146887
18284042
51127067
52474883
31076924
45890164
65796909
27572913
58286052
64468080
22186545
59299640
70904495
25239049
37157441
64144855
57341349
27435280
27588845
14257101
11111889
22012271
47487443
51934808
49265575
15589246
70317387
37799042
43980976
73433929
71645287
44767273
66748109
65102081
24144335
24698281
14765998
62844766
32325343
72848619
56347897
64768095
26824553
43007987
74790810
62785634
71511310
68818860
53099397
15099720
38239837
78336908
75889762
15502533
72039681
78812517
51144159
38752075
15488235
73084522
72948347
35201293
77939998
22572034
28545484
60358117
10077532
68024010
79074265
47873697
56219716
24286438
64694914
16585346
62196201
50516888
19959686
34839653
13457104
24107595
27238279
30079810
12797158
16128261
38231721
70012266
40378801
15856780
12040586
41605118
29902145
29977817
57925770
34716375
72421517
73588960
24545591
45439055
58318356
77294345
63009279
27852193
75998472
29829169
60640662
67096775
13996830
53337776
33892245
25177901
24576785
24073483
34372341
27034579
25619228
28935929
71030097
47736809
70159740
21667976
16380728
76695134
50934691
15422850
16676162
50356776
57308848
78450950
19481034
18796658
73618054
13945285
15863166
10819517
24340988
17723829
67361077
68403221
40537732
28960410
43638727
13244536
55645516
21261363
24325930
65247662
73588835
76014018
46139311
29682543
78156573
64688283
53041617
46596672
19613865
11839032
76062344
71650301
71164605
44173874
73407525
69067619
47575730
11960359
67035348
13799795
46442978
74788359
42760182
44427890
53934618
65202771
27463317
56515121
62924641
12838130
39623346
73605717
57724754
33360774
27763633
36295321
64284785
75981928
77953839
50095632
54867247
12860121
79671395
23610794
64337811
52008113
32368939
70681976
67613689
50133465
58968028
67638848
57194287
14012562
77508759
27841103
62285542
17746375
12528540
53806430
10906046
18463415
21563930
25127505
72113924
24948067
40436587
15573076
47372353
30030663
21917697
61985948
13697216
58260419
79947088
58195383
78309072
19248746
64406463
29511555
22406289
61546563
43627420
44814668
46818949
58287959
10054992
63649546
65282857
50963156
59993816
30440045
53366930
60193787
14416264
64637503
36405702
38207742
68958842
48285218
15895336
42116008
67117027
22865184
59415431
14087074
24021264
42550204
42975696
27917664
10815931
60210717
56229338
72425665
14562837
26641348
52336403
39731970
63140967
42607679
17782033
37101525
53113510
16633342
56267699
45991914
70131409
56375301
19808888
52094530
77186985
14533725
30701943
52390005
63628450
57839888
21167339
78135708
78830807
53058099
69103586
41319713
15300430
75427050
21379395
30586457
40513638
49564530
53317951
42272273
60110925
57708032
47869602
42116345
75303378
60975326
49923482
48000932
62714705
73040113
64469016
55501828
13070842
58533340
42936038
52653065
24175405
60613202
69847402
61554909
54310833
69802380
64474966
68337255
27489217
76370517
47631085
20072792
74076282
57046633
58639199
67436868
23128279
78710588
36731542
16404309
20701074
31994319
57598060
47660166
51460111
74337252
35053577
50531775
65248562
43167568
34320621
24747150
15938870
76820257
61002041
78643057
64277928
53394961
35522511
14092931
32568499
68498324
32383495
33313617
47202808
48760840
53006349
27836923
54342930
69932499
18074072
33051339
31120968
69773468
10806001
69873917
25192624
74250279
38622119
45847014
58228065
67737047
75119048
34422600
63338066
34482297
71288620
30648102
71677849
26841892
58920021
47989830
70437726
58003847
60701872
26964163
32356354
62984188
63733078
41102420
21943416
67190766
32462096
14355076
45396753
71728467
20934226
67015782
61586678
13772165
57933688
67871416
29487841
13540831
62453644
13605177
10912173
62071147
26605082
68116148
42241314
53317220
64586772
66817187
57240861
21142909
23128754
39449394
25780690
63363875
62398579
63294911
37690429
36787495
15247931
48659731
25597675
40539540
28074997
40688991
78597822
78355667
60789609
16823523
16980409
69477371
50443818
70755588
12735182
67219085
62617692
55840424
22370823
64308601
77693723
28983122
31972069
73088472
60378977
48852945
58989757
27138519
59725287
70855545
21829823
19754986
25815183
77806445
54135839
76980021
56933624
41905025
15867637
56438985
59402680
13638391
33392832
74452822
48801198
64254435
39438650
76901430
77888300
43732646
16701250
78521094
50554152
33854887
30666923
36480298
10603227
70885604
53844483
38576028
76520011
78209435
62793583
15985022
52425546
55343346
75682255
75645022
44632512
50362603
16741497
38495930
51220634
19979922
60937317
63043141
31947415
38197623
45239204
34422139
68999001
22529975
55524292
55400821
38956977
74662476
51992977
19279588
71154111
35520508
73288916
59248088
36116666
11979022
34954861
31584628
16911616
48753413
22593554
19889443
22380022
37847035
67435073
59218419
74906611
38361673
35952803
71859455
23082318
60513137
44258482
67163960
37986472
43923639
68624370
66325414
13535764
11030239
14282103
75146834
11564977
20493068
53094423
32593820
71257086
23156994
36447770
27845117
75361488
30708688
42627713
57569326
48485888
36810248
61173268
14841634
24921133
46721352
22217349
15834676
29548300
69299635
77659953
25999923
30825966
12431159
35114971
53988107
17862973
61516992
16405972
65271265
43392759
38443478
16358572
63727493
59590512
49028170
44034342
41926998
60473842
44833373
26026417
69364028
37430731
51233212
37736279
27967801
22729822
35285299
22108761
22804507
13043101
40575844
48208601
55717017
12657443
61516151
71595600
39631415
11489390
19673586
61442480
10924482
70173081
75610833
56090811
44229603
77538716
47529068
36166533
43028103
44586357
64749935
73548257
65835870
50253816
28539310
59260079
47195999
74285381
62673648
33794097
64673323
61197687
68875383
71530083
10353291
33235748
20708170
29614471
72886311
36971959
64792137
67684429
28144664
65275935
25955642
59110582
34549079
13413645
43103267
76929803
13820063
30466756
19902279
10526559
51502223
23208062
56665502
50134444
48353482
20581520
54556493
40146191
73271241
65324372
65842138
65001192
43012998
79736802
49065876
73356668
76875825
25886377
11468277
35325681
76015041
14327421
63618234
40785418
77249032
66783240
11216318
30107135
74920486
43486353
25914519
21855400
38418112
28623003
35048971
18276389
20547374
58656859
33990691
74823142
22875005
11584000
34884138
56987558
59705234
32951552
39141617
61558589
78350023
42133180
25674535
74574124
39927226
36719511
26105080
47876386
44778193
31948583
39041201
71266843
65593211
73949843
78892261
75593390
59541397
20215130
71612724
40069893
73318451
31588913
24358925
17377831
75168066
57132594
50670736
25987924
60669215
33018233
42682580
17560041
53384866
28193178
36055180
48940065
18860854
17644114
72285981
73552623
28565884
27310214
66552021
50637548
62828929
22738496
76648079
13699342
24068151
44199890
57878282
70412367
41799977
28971367
27241311
54563466
62750211
44074627
62376059
68667512
17740184
66623805
22746876
50876568
32027071
45528079
23186568
54655882
16357661
60105955
67830636
21648610
54861001
25381538
11784140
59473075
26946710
77645310
65770772
79243246
36651863
14600749
71893899
76869386
13926801
31748940
64501200
70087042
68356785
37660259
30234454
37218176
15325242
59942475
60342790
47885606
37001338
65929557
71670613
42353580
30331958
54092036
59001782
23194271
40978775
46844287
34092210
78381443
54684211
68143055
70585277
71665738
45569171
31905126
31506438
70115063
69109549
64369754
14640113
51774220
53068903
26887886
21347129
33167541
21097406
15853218
36736315
38240820
14358366
55247227
65362412
62949919
44955839
30511095
26658724
30520216
68237044
12162278
71628739
38775566
10070342
55651286
74649826
22178482
45046082
61114348
30463105
48442216
72493150
69162584
11963380
53425354
18947910
54636146
57039656
21506958
72022969
72368987
11459009
52920883
33613584
45636493
72610117
22065245
59281168
23976517
36375312
50984295
15305882
54292687
34741424
53724203
25870740
11345305
40213022
64061997
36316603
71443246
54483047
11449733
34969575
41180511
74124403
26272615
44121448
76886409
38990355
62204893
39610024
79768969
40385985
70739855
74993653
18833963
34378313
10716624
63719994
26535696
57498830
69937400
36689845
27554906
28510749
57360579
63640119
32404844
54632126
79648945
75846372
77344026
52528963
19192198
18672593
56517170
54216859
78174912
62860121
14549397
65678267
58683048
69023154
75593307
33701731
70111069
13680430
13951185
20156156
20488664
73665716
79218438
32880791
19287901
64545464
64887555
53902876
50664672
65077457
11058068
52670225
24046438
22671472
72210687
33069493
40591411
32291779
45601597
32267988
44731207
69313914
47458198
24223910
42757092
17998346
49317276
46437644
25235392
21086414
33163530
46614523
14270434
16348381
34587821
11811006
31817012
42083025
65560187
57390537
48389526
40624908
50372318
43325648
31401541
47747525
21423794
40835027
41394780
72786543
18168903
26681998
11159180
70652422
74632231
69475799
11957422
62592109
64861566
43192062
26915316
75584651
57554326
72387114
11818926
23949844
60894532
51571227
51041139
77163247
47386521
72069216
66074639
48978821
13716577
66664452
48986300
56273330
54919158
27934293
64290555
58637548
39250838
46011345
67192480
34072009
19065882
12926285
38980994
77201764
70355680
24639694
40046669
63317618
68225621
66365461
35912133
65201091
23197568
20795818
15616133
29877293
36358919
64214994
38234695
54928659
51226616
25752049
78869918
32557155
79106206
33883865
23578097
34060364
62471600
37306377
11169457
20742715
54836661
38043838
54988623
19488509
35073667
69021841
42211584
64858723
46365195
35431544
13939239
78013179
76223190
37359023
38109547
63252705
57442142
32678110
47066040
49891745
24964711
61691019
29578479
46450811
70355489
66341491
76413841
49699706
54876814
76162145
61958953
19398526
35903939
56122845
42037004
76188020
65097730
36231509
75416475
29085102
41927570
31965804
25232008
49440285
21847343
79040464
47427882
71984612
14378051
49956135
28710517
56877389
70855096
74034734
19683248
45644147
22330024
60001776
18985980
74948508
75567401
51737718
71178865
25643125
27445824
40552014
23750158
35901628
75343569
34466769
58613081
28670619
48053032
70358394
54954049
47869961
68556566
34915587
57041847
68589071
15643982
38953406
64577684
21531520
16082586
61547775
70757226
11382614
53269124
12315450
58694010
37916280
35539239
18952516
21087523
46302456
12876527
76793921
29401662
23838174
47074297
79982621
78955772
71526412
45548916
60736030
62774400
19764018
38480182
59579560
16187174
32535700
19151502
40125010
20765765
75644448
77568487
38073994
12883009
68142457
75327228
45310535
17580758
22432136
46913450
70507146
37157352
50681586
66239153
28711218
35736613
10983355
33665441
76789173
38203257
45159067
15281537
66117608
76505950
61543145
71738946
59251844
46353527
64166032
32326915
60845799
20571899
66000972
78804714
31485849
70910866
19742333
35812033
42384844
49986075
55068847
60101718
33519709
75515449
58684015
69028130
23578249
34439063
19009032
58364691
35771220
53934718
24130246
68063282
64686593
18707759
31712822
63566704
74465573
58514227
22027878
28917216
54465775
65997897
72636052
44698368
14179966
71853696
55134887
58680600
78389484
18314425
74677624
30091049
20814870
10711600
66713568
16554641
15225987
77262547
17069949
55051008
67980625
37455327
66802802
16656188
52910787
58542764
47925296
68438088
28106695
31689109
69601301
12446696
13273613
23265148
58397794
13848536
30189058
24253346
48164922
48944486
41005883
54446852
66710219
68570367
64821598
18378832
11742600
31548843
64748548
78275354
42159257
56818626
54616515
79470689
27702829
48190278
53457082
31079273
15860807
71303741
60533392
36172038
49958906
20635047
15485328
36368692
21437380
51009152
36489820
70252544
78089970
27857383
62811139
42770927
49959010
61437233
19966892
35719958
67944052
63073804
11934567
31288827
35531763
50983370
61218163
41478582
52054525
35575837
70785719
11566311
48999154
22951855
29676295
56456118
62507838
51411992
74695903
44286588
70474949
55189948
64463947
60865957
50375642
41680964
43824886
53306495
76568141
52619889
33970192
56033697
41596173
51640586
63649466
55128862
57814248
10998521
26303492
14163055
36878815
58721510
17354673
13953765
35455890
36855038
16006455
54582869
76740966
53402991
43215192
65468482
33527792
72540106
77736743
60545633
62865419
32629713
68838749
26135638
48040375
27698477
66145714
53319950
59332094
63235237
73694622
24897364
77077176
72489293
65376558
23150397
23087759
46781666
11334303
40542330
27579795
35263767
17082205
34088716
69306078
50097751
10042031
29716558
30808208
56196415
67821209
33688428
22066016
39955714
42277220
67566793
59108559
64843053
29883316
75310126
37855847
37694250
16129268
66710933
62301634
73706175
13852415
14721841
50127790
48949555
23320589
64954563
41864097
37474476
74851109
61145646
66269739
74421650
74081783
40454644
64335881
49845998
71526699
47524358
55493749
64456389
50192303
10261774
50484743
62434249
75979180
31659818
65198672
35306967
60135724
39417149
36192526
49603278
27163474
39384271
67030134
47073412
18554599
61626429
65886769
75977723
31244603
56524223
76677259
77293758
41012424
60575343
24755199
75271232
29681060
23189444
47674672
43019787
27808408
34363850
31834464
67411386
41194061
49179798
64655236
33199514
68715598
46286766
31276585
61102750
13891854
34709666
24239013
25627075
67991794
44580467
13788863
31051595
77395536
42562718
28774325
22883820
73178650
68355115
34379871
26336563
61241472
71250485
12036249
58829723
38017104
54611658
33059884
35074604
58748515
66496602
70632606
61829887
13443762
11738818
54719543
19684651
13952277
20022751
65205121
43374789
28264012
22474064
67161815
66591717
77371694
62515205
50435749
63465407
52270027
29818861
77659024
40854826
19042926
22760109
22537411
76955719
17850170
28504836
42049251
65526215
51112347
61967726
47949319
15219010
13209617
25402508
71726618
49138769
42376821
12417428
19217902
64070810
34834024
43755127
55964806
55849945
57747041
71188443
72613370
34778198
39207997
72269103
23455861
49029865
38632371
19703349
72825618
22658544
65721555
56751580
26026471
77981470
74006667
19196513
33987518
72327073
57726871
46812609
10707292
56748696
55903662
57716049
79835321
29328828
32721713
35201285
63391768
32661245
36443652
38180560
57663758
31306445
49223122
47676388
50428464
67994635
79322045
20797620
65053801
76160257
71600311
26472228
60255120
19941837
12674918
49844043
70136141
64216483
38295913
63125558
55529332
10866519
57516606
78405234
58647354
40524969
76190650
69403715
31842177
76916829
17307498
71118403
46092348
28099065
65399496
43363594
10705411
58082610
47779957
16869485
51686614
66535035
52147560
69583513
72735289
71386064
58838495
37514214
65028223
20696099
61182474
66254091
44135806
19611475
10733676
23524525
59041911
74069672
58324673
46144032
70252813
18847025
45805872
13848813
57683367
73088601
37428197
59761984
30529131
78126271
59194739
47524855
46389426
39860826
73054175
73739831
21402018
59998647
44257853
38847395
31137416
24879393
70100027
57925816
22965492
76702869
34995988
26005837
53800620
73202325
75884965
30453500
33282909
55553369
21979484
68499226
29503601
27710526
13942956
23717618
13182478
45869411
44358512
76367886
45005935
44129903
48619924
69513377
55478169
59497935
74440952
66397959
28174519
70270411
79918544
69460823
23124873
45782057
21306928
70288633
77993645
62907726
79991572
75754575
35285569
32908149
32593217
53019662
29915191
32158449
46819671
70170718
52371871
42187730
65551944
30829544
21911927
57126015
68528759
24876527
63573176
70577133
79511198
50465770
26221960
55115752
18826093
31373441
53897020
34472071
10338634
30789011
50286386
49014892
22039980
69590895
38830556
58072517
28420599
41399398
23119232
17108527
39692190
48269517
77695390
12035197
61310875
52270668
19819990
71826923
65017740
38302227
78060788
24726467
11005030
70640007
34746266
24387898
46406898
31157935
34925545
10215638
79333931
60787182
63438750
20408271
13061088
58900607
18433068
40023923
50186792
38206329
34836996
20762632
79142387
25743303
30518140
15125953
15999996
17987255
44411228
26732470
29241141
30275682
54546097
70534238
62150238
51684970
74031497
65221044
78988061
41099969
22259765
14600813
33104217
42408720
37618982
29497692
51117278
16093271
30644934
28058599
18217399
10082535
10737133
51167326
17732460
74952932
10779338
50655183
36632983
56425023
25081095
69944023
39766322
56969110
75671667
30745451
58604953
54135635
19164719
55867062
40878974
65595520
39924724
19945558
50831056
50397358
41659431
29657846
50721623
36944317
21505569
23620838
31801078
60478785
33766998
66197079
14912438
11010167
34604802
77206751
54657154
63441801
18449270
21535486
20814388
56029027
42899191
21842111
58676101
56357677
35179721
39799733
12446971
34280221
49748987
66054715
18025874
46524658
69688558
72918700
25396247
76710108
21543132
63815281
67718894
57022063
63351900
20920862
39296707
71902155
47796778
43057946
26219529
28295301
12231597
69914764
18042509
57894696
47049993
46498149
62575983
31207243
35871483
65921050
71805386
60547355
20878677
10866786
50498186
77363810
11757650
13770847
20176340
14643076
66435888
11381690
73555368
73238491
35520814
34312431
34470304
56359362
41248382
24736384
46375699
77200749
41392536
66787725
13566003
62046367
31876026
50915043
33519221
59223507
17399811
53443265
29632034
13180730
40768583
29777113
54833899
51377671
53511735
62599541
12805960
47591915
45279259
64608827
33372071
32043408
68311324
55257463
26300343
33557575
12897007
26299953
44262816
72262165
32294805
60940534
72355143
44151533
72049865
63713434
76313468
38693344
30508927
46742971
76992594
46210972
63800907
69214914
65465291
65059690
35526724
20313030
31948483
67128721
49139395
34498709
55538020
28619676
27347418
25563001
35460666
27817237
44834379
33274501
48882191
40189767
65211230
68991929
49792842
42504632
29677761
32662408
34809855
57957158
31023421
23047914
24549734
45143503
20426069
34699423
61059440
79631842
19243648
49782379
36503067
22660098
27280708
40886355
53156951
66370426
31778161
11918065
33111800
20002439
44486194
70866558
51179561
20927307
24279612
57744563
71826457
51255199
18574288
32794825
11408677
45202544
43176558
79409414
20853634
36645804
64011243
15154469
77146445
65214136
13315159
43249267
78309035
27020127
25182202
77855307
25005470
17978579
60875705
27134989
49743708
28063294
14195797
47133557
78226104
43980992
79203378
45044359
60336532
41273211
30861316
38026188
47586728
20353707
75797821
17744288
38140838
48156773
66442563
36055297
60435383
12311715
17211743
74988622
75903649
70977614
17239691
17423487
50279077
55794502
32608831
12831501
52963719
22048869
10665413
64513627
60141619
54100266
27333842
42046708
11593212
17518811
40769731
65142339
28556308
22024761
66820792
41613899
16969695
60110649
33702489
28987328
33169918
24843499
23128896
29743431
75471089
17890965
70443196
72896520
50028073
47910093
69572951
74712759
74164628
39586845
41982021
48308256
72785741
27372157
26654432
15945258
10001209
15160535
39154039
32595293
47905472
28114408
30150886
54571234
15831211
42907788
41864108
36649998
47469984
61824679
66683448
23130232
61568033
19062682
28725889
77811928
34407237
38301503
79028609
57826389
34794061
49879973
18999297
31420803
21972591
37705205
72500789
50155236
23981016
38864805
56387483
29374868
30713419
44171557
29506110
66285802
22657728
72766237
18163677
34629927
65653400
70501929
67327748
36257248
57379015
73518468
79250643
43372463
69221232
40666453
71135055
43555953
77797731
19813010
68664769
30645267
58904606
60964343
51264352
31188100
59039614
43542639
75407493
51873199
34128094
49074866
27406652
56001770
38490107
66908326
69889098
48514061
20800487
36932692
44271051
59375172
12320274
14385831
45782765
74519222
60967946
63714857
13671714
66792999
72418174
52274697
69730648
52473790
78301763
46012415
47316792
56354043
66598971
42386868
37638196
27505832
20411945
79348132
32589420
53340220
11547115
20478410
76033538
51008318
69002441
30695803
70407080
15240303
32868206
19352528
15290564
59235562
10431456
55130956
20186160
45737751
25707429
56692361
69248146
53201296
24506435
64354474
10565240
72539313
57060384
30703128
60981241
69842375
64081603
23758303
41100510
57616871
57764010
56504644
44526149
31837919
75632575
71626156
47047980
61333248
73770253
60139621
24580782
71070379
64983788
50304355
58065736
28882744
65295863
61550012
58590841
59632222
67743036
42999161
71805984
41594581
48235336
37127690
71660133
38005152
21098096
13593042
40937011
36952491
64271029
37294821
50024081
38730723
47723431
17926610
12715750
31967571
22826216
44950572
12989574
24812484
77292952
72236867
12077323
57076683
76828520
36583156
53359395
53201269
66987295
20780878
58192325
14021657
41832739
28277223
27018671
36433199
69641615
60816362
39184652
42388780
53912039
27138207
63055054
43906472
28922021
30767457
73882895
25365000
68121740
36347488
63873488
39280667
13098073
13214212
46035615
27861256
69389999
19149580
29882734
73949503
74809549
60403795
10276950
73529217
25128462
44067147
12873220
49803558
28773143
79473308
29769817
10207627
65663354
42495036
47285747
71290267
22495963
22216377
76966267
77878270
11715818
16362091
46746768
60931580
44296359
60034001
68664703
31516299
10217269
57756293
35028219
73360024
75249033
17678507
46484702
74940160
47376372
12293295
41893715
78594508
44945865
71167316
15708820
25345432
48300064
66461409
62408806
15430175
51024640
49121396
25765211
24518761
50974556
49442297
25062059
43327858
10915047
25346016
72808809
43341772
18350449
66708043
66314571
17578160
17155114
16354465
22159952
70437100
57247584
56806578
65254947
52703409
78447358
28181937
30472139
20801641
74524068
56330289
62463545
65137567
62896328
64540062
18106777
68645864
58266994
43830621
70580663
49622662
20740806
10337686
20305970
76248354
48666385
15440131
15070069
44801310
35426602
27967269
11758583
22597499
61077692
77469028
76458597
70658782
12687010
22034473
49332908
57980142
61559947
71095568
69477897
33223021
25982631
63327166
46203088
32595194
21333351
42976105
55571814
20024318
28744239
41980656
25172694
20402028
19413255
11509308
17568887
47722666
16257630
38293933
67757146
36192008
18722599
49469718
73485176
26544017
58099274
33244012
19653503
41168913
75606860
33692055
69691927
56721106
13057501
20121237
43251133
56697000
43043939
15663921
73585124
73842560
10175258
20818898
15802600
70431383
71509531
24663264
56035785
24624572
29299372
43361496
40425417
43035581
32357538
77775612
27151162
44013652
38771778
25890770
77279481
32931994
47200752
53734027
74495689
10199456
58906021
77830385
65338102
58773926
37656233
79705652
21451860
45980377
61907145
32854047
56525900
20097777
78242724
74737080
76318241
75344529
39583021
61195528
51505930
26602535
56207753
12770436
53003086
79540455
36863009
35434455
13333288
13620641
59681643
37778724
36829420
22903173
63888670
37534916
56025409
45828845
37653364
25817155
66277891
67943435
69700287
42016133
62606628
68474756
11119390
14921112
59780743
26839351
40428534
35352458
40935134
17274058
59852360
48663154
15024815
36995979
49961513
70765317
47258639
29692687
39620552
31766526
37916101
52903037
50068496
40650008
70062214
55813159
45020280
59587198
48658737
39845231
67226133
52109851
34996963
26715790
70876962
10556671
19570307
24443702
31952429
25718624
37655167
40061753
44572730
74240062
60620855
38056119
71240861
15032018
40264059
77622491
27309277
55851036
16713507
18942911
74717379
68381608
15498412
18956374
70754590
14671036
20483000
61774360
24495736
70338716
57319549
10162924
16635009
47605668
78340003
69939812
26431755
26578103
25296525
64687928
23156717
58294128
10876448
29275666
43385321
33567855
20298331
67041384
39349569
71141653
37767025
36535055
31755814
43912125
79892750
28487776
76607678
64608924
42505511
67646395
20131764
59728077
45089612
60854668
33381002
70356406
63079542
21020172
53995713
66032839
10426466
53516096
36721881
58999515
30941090
17009896
59485626
60400054
37302071
74096388
32320144
61905438
69267568
36403937
19305111
29562425
79861972
26658503
31400864
66365419
69585721
49408912
77606531
41180212
27413607
44534489
48305422
19627376
66618253
63569332
20267831
62261127
26551468
50417754
49917437
77295128
69733290
32500657
27094299
58696970
18535229
30026070
16376038
25569439
46493373
78737067
47734562
42798622
11897288
47239458
52653931
44777231
79974621
79365104
73048128
42083829
67695864
54175894
48873063
15911951
12359519
56733851
55171300
47399348
11631954
43940547
23061840
57667744
74033265
59197779
33016622
79331344
10618695
40667268
46956069
55199021
46008027
40386523
77392774
62131792
25824578
40414254
67662970
71426516
55553764
48610859
22490164
54055068
17898439
66540720
44012770
64638138
78553295
69791883
18619504
19830649
30154847
31730019
45926351
13560920
34422932
37037551
11536200
56695796
76542612
25393799
18092859
32931474
42469809
44146871
11238634
29706284
44644037
65717590
24419865
69148264
61519589
38824975
16631390
44034809
22203872
23900350
57633315
76482903
27015670
26348892
27983690
33338697
21208804
48387415
17181170
22073994
35672635
19117687
42896978
19782580
42144897
46161582
75406044
44435511
11157266
47643767
76313987
37361121
47650746
56591922
37636106
29154643
43742433
42938566
15522910
59759321
46745089
37636822
19200989
78223379
22241518
45393993
22051493
68773359
52251196
25666670
14093633
78487853
47379279
63818521
52804498
10364093
34407862
78592470
67721224
63640082
17059328
14043712
40830622
27695770
28766087
31314963
11372316
23970078
13460512
18570971
56258318
55861632
46634687
24017211
65553414
49463849
32701221
42666901
42518973
73044297
73877836
24570684
39031503
18596517
65391789
34651300
65816424
18567931
74380096
21061785
49477876
48446120
37650712
71940489
63022989
57807737
27498712
16979946
40487004
71593073
38874397
16950719
77977074
68906670
73098576
27622190
37868803
49242946
60649406
26046063
60879112
61542546
31470932
11917202
79177368
65132043
76270451
71706726
65335299
45962994
74435470
12228516
59736711
58179996
41061368
44173583
73424981
43011474
45684863
63390811
58424778
33843643
43662731
71590456
12521086
10706551
35845362
67926022
68562579
68782839
38819011
32843823
56201575
54267091
12170476
70095177
69132904
75319087
15972384
16182989
50965158
69652451
75715155
57809174
22223147
71327680
74219920
49039029
21060786
33152944
22525584
29447304
16587981
10264923
27135175
22988595
39888297
55391047
17794113
31308040
71833170
41026544
57249033
35139263
66361774
12959141
43287200
59304240
78807485
54456891
17204948
37207492
53756144
68573180
68373443
13456808
78411712
34751821
66350943
33715770
33602074
28829214
74226573
78798354
57400603
26756326
67305111
46682529
59437635
71222835
57029992
42588797
58402160
39315773
71271457
26078820
64619920
78507649
25906414
62586404
28064492
42886685
25486117
68977803
57738657
14079800
41949170
79940562
41347176
19364948
55540617
28827223
29409593
70191478
35913457
31664222
76803736
31434603
68556844
64366558
45347127
76115109
71778205
18259964
18464168
25231404
66609349
44221222
53176688
19147005
75419269
25054420
23684337
21513067
11477195
12260316
78261626
41859291
54914258
69676747
30390508
19365988
37111081
27979686
55472999
35061180
29783810
61024649
18240079
57141000
63681035
23257707
26719731
52790139
71349504
62049461
43798080
34556922
79829009
78971767
24459786
30530884
21943887
57163183
56595172
50342668
19930241
11040715
36280762
42641733
39924931
77505289
60775558
13266182
77725218
25918237
50245455
15238532
10398189
45627560
35321883
78461396
35213682
11914599
64412142
74639112
36186292
67908081
33206715
14883638
57802716
56379138
12420357
33942846
32905360
22984781
57623468
62238791
57906908
37948441
14843687
50729061
50556647
63374724
30744188
40316533
78445694
29830158
33955658
19863906
46518007
11166090
15264701
17313280
50672894
65337338
46765212
55641862
73542979
11511472
31587903
27311997
11641579
41788777
76737699
12739416
45715505
17450895
10403067
52168379
23410477
35352066
79165989
11257799
24558492
44866829
38689413
33635417
53726771
58969350
25457461
28448089
41370738
10744866
74161022
51890482
11611823
58604096
15522762
15379771
28831959
77669084
29482929
28480681
73224099
38418479
39034329
11766770
28607047
57993483
78987794
22607874
30076754
30052771
66530549
36145083
64297063
27338468
61376592
42189273
41093367
15533884
10641211
74716552
51232615
77654624
46605962
35854563
65691231
61258461
76080127
74861231
29652574
12021073
44679049
67463367
73128274
17378766
20664520
14460646
15616859
38429482
18499362
42808184
22137587
12628273
41563035
65335690
10099481
61374151
56028252
33739740
41823042
50512544
32130570
33748582
65244261
22997149
51044195
72420214
72113469
22310615
58248143
69753630
55818531
44920369
24835530
46625698
17589095
16115946
31339504
38889251
28683568
19705627
18446794
14069217
25049777
78582043
18744117
60390701
35406877
31004857
55253378
55700730
13572306
44792863
71145004
44269727
53144252
50467862
35974122
19313804
46922687
25964094
38400215
45569741
11756430
57790029
22539469
35173428
28880239
69754456
58711271
35990323
25574745
52169618
19001981
35141477
64459460
36134524
11827668
49479391
34096855
37416609
76963752
55507564
55563873
56367166
24778706
55428025
57945409
26459239
73869945
15391382
58962095
27664862
14042864
76917857
47238599
43302505
43602526
23201679
32353291
40184354
25275226
35477741
70426649
77869911
35814980
10848856
68802234
23457112
70211925
53826762
44680527
74851585
23401976
50362483
45352360
12342292
26235498
24013807
63622338
43764966
27110191
61599335
25900300
13958713
12139868
50708116
43374520
75576412
35519692
59016074
42071983
14966806
21444468
77386099
61161490
25535127
73701672
67176922
10034162
29470978
14488611
24559351
33105788
67736117
14940577
74001813
68060299
57407665
79653074
19340146
22394398
79810888
41654694
52572433
79797997
79177264
76351993
61801477
24884196
25970555
36333444
32842035
72699079
46082326
60926852
59978566
32982387
12011117
64347711
60485971
42808006
35822519
12009211
47783426
48269774
23839323
57959721
52747422
75503289
11417241
65069783
13216453
21019213
65062773
57070745
72035308
68287201
52645725
67237791
56664658
13078396
77121796
26460032
66442497
24474490
33038361
24428860
39994239
17406784
54876565
13120814
75290194
60709528
46347049
59662866
11630116
36461474
72181509
42688799
46065513
13860524
74791489
14700262
34671584
51907116
47846638
54669688
15897611
38260904
38516919
12856394
65003855
23897945
61371875
53512208
19962056
27206517
45332607
14019993
38179258
38496393
20228869
45592113
42515892
37087414
69446682
33883716
27296241
19877041
46717672
60995193
42546063
40477662
46409321
72880770
57246161
31393268
27058063
59201411
45969835
11172132
45452757
49776394
60803475
39819121
76771997
34281005
30303097
75236151
12268284
31029250
55405736
10018731
65561078
47198496
33639198
58744752
11465984
32002837
58278162
70710831
17441767
69998624
13634860
20753866
43544288
23172465
38365568
15608901
22099231
12045614
28384842
41143669
12656958
41128539
64777240
51770737
32132651
10179334
72806463
31889333
53862835
17730313
12104533
70330899
71596502
78969739
27185877
79818016
51856787
58157961
69600552
36598403
61046158
47405383
41411280
43336372
52839857
52461217
32655014
56474801
50997780
69128030
55343775
38497969
69612019
59404774
26778362
41166715
48842021
10476501
19348162
55624352
48569291
69622721
66699651
49767766
56330672
35672889
64646018
27464874
24815792
34952796
55268745
57617596
21381298
21322850
17918360
25521781
16102117
40857278
21259484
31126272
53424076
29966656
61097115
21099016
53655211
30954885
44075327
13929969
48918482
56335350
56475071
30370613
48454889
73781653
75242831
36665422
17172027
20257273
25932195
33093988
33380693
34239095
49839123
12119659
20482035
60110552
22437412
54490399
76338481
16025422
78837631
50745853
31018361
10900679
45106025
14827967
14267195
23245450
12692909
31766117
22438578
30736407
32938172
34855998
53027182
70833920
68714718
77148906
10473330
58975911
30167664
11358259
37221966
75993097
48407588
35145923
16216403
57168432
10604921
54203130
31168818
45818212
35826831
12529265
40567028
29731246
68437332
59447726
17534529
33758416
24561874
65577172
47465456
28909821
22688010
24373466
35501180
74788390
66862807
33696178
66922572
49401798
54736878
73679174
76243589
31852352
52606456
16236684
72674940
57188970
44455451
61452704
70109069
67549874
34638508
71442600
15836973
11622191
15259259
18496336
60958539
20790341
69204636
52281465
60034683
50177120
71667966
52599916
62761823
30574331
57816552
56138206
24141180
62717722
35573393
70427418
27334995
11701130
68002948
27442424
49547423
56301968
75125008
35910446
28626386
42933137
23188198
17314273
78444871
59171791
48077921
28152028
70452757
35947893
38552784
19233718
17861226
47370804
54043627
49671891
47255282
23936546
45796711
16223812
18452142
63850863
55098838
72071645
55893008
49179403
58574380
49803048
78113113
38035675
31177247
38859196
62572292
21650109
53993217
25894661
71790319
10454708
59510679
20796948
45626968
45476725
21781745
79845144
61905220
60670200
17195904
66150236
62734662
47042879
59894214
35894993
25916113
36927714
70753413
13888575
40811273
64346964
68430656
65867182
46514499
66697027
35014852
12576090
36160429
55098041
31375702
44907880
68068526
50687585
11081913
60146852
71913029
61430123
54473307
75311042
49870690
43662032
68433486
33032914
29663371
75311473
37425456
23332848
16414713
76187872
13664902
30602660
25099374
15620451
55297145
41061155
46670193
34502444
26144375
60751838
58136080
67523285
19827851
62729856
36306141
22990347
71802049
65174238
19717886
19233717
14215391
69182616
55535815
62975281
17775069
36131721
41516174
24651939
21120989
71894856
70189490
14602520
40114984
17831883
75501011
42880769
60732504
47465270
56971072
37323890
28069400
61259992
42675281
25745201
62727532
54299912
41838317
76814185
20007065
52157926
28965269
60361112
32118857
61239526
38809503
50061438
11948886
66586949
65870785
76195702
52963840
39203467
13249326
69082005
48356587
14640382
21734327
26097262
47104912
16437333
59273050
37304963
27660719
65641268
57967691
32667655
43765417
32217282
22023212
78586008
60937101
26175857
44721496
62238704
15607367
54645784
68651204
43410818
62354406
47972614
29493839
28174898
40250193
28336011
59860303
10087337
32506263
71702536
10122855
52454630
25881933
68559533
35060257
74330333
16286811
40502978
64857604
46975870
49118210
23378687
22555170
29567932
46668626
51959814
68548800
31007375
42232891
68500599
75975044
29606076
42288527
66814014
54535839
53099115
44855638
55934750
39581811
19181201
12441978
71943354
36242030
34698311
30270643
59961252
71414864
12384088
15985225
17455284
48830398
51849254
13296412
21504443
37396072
67392272
56889060
22284828
62430455
75157434
38453640
64833712
27208532
63779534
17984817
64813456
58569039
17970124
69296315
40485329
48371547
65597029
35652908
69437137
44709570
40233556
21489787
20474629
77722279
73699431
24881899
76391348
51959205
73838793
23397617
40704303
45255190
30873782
53895803
15584911
60339229
52621621
54471838
55402122
74718452
29114161
28557435
79159834
30613302
56484066
19286143
50467330
70241855
44195316
65865135
48269913
24595725
22782575
42685858
28659556
78484018
28977203
77150323
19037297
14329867
62736517
57702283
75921983
49731108
16800005
63567159
40168206
51468116
32714796
76001394
52968939
18390326
60357053
29578335
79706726
29481016
58765939
19647423
15541112
62552144
11770408
78969961
38312717
69918249
30832831
73631019
17639953
28129503
75710484
78765589
38236728
60732938
37575674
36648874
54399511
19754156
44394719
25781029
64436740
40531725
50015766
41602533
16165428
16022597
50779817
65252485
60124315
57943249
45705937
34468374
23299799
51205042
28851028
42184849
57790858
61900478
16967610
51925558
22151088
48349631
30455040
43729624
44075019
19803114
54340975
47966003
31800520
48940154
76494777
36591247
56902175
62178800
44373734
15472705
36008625
57355260
47630718
53187839
72586065
70023125
17177481
60187815
26538488
70255492
58533597
10829844
10186302
64707838
38773570
16253556
21695759
16088956
76932283
57339634
55325908
56856061
28208223
60644081
37037953
28944427
23219286
56804049
74226167
13146457
25077127
32741227
79550407
64817060
19542551
11508827
73528613
70264775
41351675
50510186
39523393
65534734
15436413
78948870
50669987
39475632
19046636
28675654
55805271
11388252
16700803
71622877
34816345
40069235
42832569
24784004
11820939
78083666
10808712
57199754
54325170
12318094
52654693
39736549
25284617
66044585
47429356
62650575
20277129
65522853
32357239
50136341
13244296
40234979
17119059
14858181
57821894
22407325
55185201
59657560
47984528
55560021
31407387
66107426
14235277
25444055
64892630
63707153
49765362
45971324
64663879
56527079
28555505
54858044
48633643
76631879
32802971
10095620
21352380
63878682
71070488
58357035
31296220
60367963
75832515
41895804
41179239
66066413
67029409
78652247
46524340
10022772
32151393
47317225
46324107
58805711
40027410
19262518
29641487
16215962
28017164
54919282
45358169
10782154
32822051
56172269
56146915
58512712
54480182
37345124
42488032
65876430
20946780
72489988
40958494
43761659
49391690
30639547
73743634
40738600
10878990
57744676
14196132
32366934
34579306
61052360
78696738
44842672
53354717
73924576
26177479
76553521
73683124
41259735
40972796
51579854
16712951
33422049
45064027
50948543
63145329
26305012
12112426
10924153
75054474
63111860
64113727
71689258
74215402
55200612
10161194
71405045
63374873
71668740
28584144
72941100
49145910
31718385
73117435
48751834
18565508
28575939
44069188
44780807
76089446
48928123
76649650
19537907
64031158
11210081
24958256
72589654
12608621
38940080
20101555
45605517
40240295
23663902
39768981
18729051
32317615
43206365
69736597
17202794
67908314
56101599
69858249
22664280
60333294
71067692
60982852
17782096
65128223
47042057
76120266
43784870
79580166
69659884
53149174
55925216
61281459
42187533
24028856
62255558
45491281
47468681
40231553
79522777
67040887
74373859
72943176
33045093
53171077
17335713
57054842
60258714
66463636
12203967
42414268
39205526
18295040
13357937
13091944
55613378
45026949
72420041
17200553
37782787
35863334
59182563
31067422
12261177
53901761
58349820
77967221
32344853
51045290
54310705
66186947
37601072
70330025
50307639
68851239
57109690
12002407
17036134
68999639
73392467
29148993
70693500
75627310
20165386
49745701
74017788
46315869
20337219
42434694
17049617
12295592
24375442
29389363
64871821
19348565
21569794
59211318
31016178
63689250
36566702
53273050
29200812
77583736
49954844
40659473
47551520
26888196
19107266
65762543
37062025
39178206
72659149
26015442
31722699
25218326
18586244
43961938
44382535
59171075
14159042
20019033
38417555
38019836
42334265
18998603
36325482
10297764
70098056
24224309
46122968
52209010
66239205
44827937
66612976
46667212
48306827
60860125
30240903
78176504
46787885
69820490
28575852
23631689
36122099
51346992
31976637
12231786
78410890
34155856
19877569
55665542
40796029
18179450
48535923
35502136
73986443
29247500
33625064
64257205
62049204
63651267
13204773
73621246
72439272
59024594
32550095
29301556
54780369
61820344
63524541
46934934
54616150
20087975
23799713
79930895
75800956
46435230
79428264
10958816
34142852
64399979
72780270
59429271
61033297
51399259
33107251
32757470
56491802
62963707
79254638
50871892
72643544
52104950
29631753
29076828
71781489
59404450
23426715
27940121
53821270
65474814
71175129
20504744
19542120
40352707
73028604
56608087
28295606
55462324
43579089
20731279
73729543
65213906
65666681
42615670
67242371
70454503
14066741
44577093
15197587
67900113
24591212
60882389
33008915
39660063
17654835
16745360
39499893
75481875
41033227
27241800
38601533
59121145
21788859
18653132
19881687
18184538
36245441
24455944
31905952
59792223
25563908
15538590
63574299
28875177
14196946
50372028
28525052
54087333
22965776
62086840
65237805
30399923
61903248
74892375
33755108
72471127
79280486
71628091
71748930
69439917
13690950
42062717
52269977
13961710
57573201
20272270
79696153
66800921
28245525
34468955
18863527
17835330
34509856
62692093
49374288
16405003
20748467
66429461
65169690
54046831
24389809
36382876
76439483
13766857
28521306
50306749
59784868
21002227
37194211
44092696
53254856
34607419
69791225
24554962
74284968
17692001
73880825
21350820
51905300
60756560
63575075
42786043
51307450
69421888
67284281
64090601
17257610
24662655
61719830
64669350
50340683
29189442
10926064
42066512
42335694
32290362
23334216
24786255
42586143
76412613
34122010
55695914
63838894
50705912
20355868
49637371
10790444
73401155
17680527
26311809
10116571
27189915
29312375
29384623
24122797
36555773
67069975
34502032
12349880
60196011
34293623
14668308
46787008
39671355
63858676
68870426
18095283
77801041
15341159
37880646
66098521
67538761
34920718
74128102
17137343
59448565
77745086
50192157
16950927
27033116
33281522
44366197
71858576
28547472
32847932
75155074
74047505
65702198
39363511
32567452
52257037
38272598
62809777
63632490
79884315
68814623
36464616
69530317
64919565
23435919
61250991
69412375
18727130
64847619
39853201
15729969
15472021
38634515
48861764
67742226
65063770
65631667
14744294
19289089
17205503
33260949
14055832
52816771
58531289
11315836
21849951
26170501
28571130
35385227
64161721
21346214
12750621
37193968
12227831
43780860
74999547
12256740
60409288
27050555
35335699
66497010
57473139
37616356
38818764
52311789
56855084
57674576
50993009
39932989
27073107
16001424
16356803
56050433
69020369
46898246
19751879
53209792
22778088
62973074
36652225
44383836
63319045
57284638
55716645
56814600
70004800
29666745
29866888
53094651
66337130
66793666
69772779
43130622
73994704
37694377
36647333
33954019
43787074
46753452
34896721
33401501
38879920
66930198
59438769
53980328
11258857
63912572
78546201
11082248
66495772
12568208
45371379
65994867
65106983
68467256
14427467
11169738
51781041
68913138
10865029
66637434
44117061
57042652
51818504
45800072
29874373
29090725
60523502
73951935
65851726
25477371
52272200
13187633
34702110
17226524
59871237
37907682
15984686
16076079
10718091
73532146
50979372
73095595
74479231
34880488
63831872
36300382
40259753
76963237
16597430
55277616
24685460
69881006
28390135
29726425
13273133
58085862
55865394
24101125
37324403
47032668
45786983
42664519
37130918
37467195
64354941
43150779
19985709
40485329
71391813
55556182
58221180
53297127
65593292
70889497
30088491
79015281
11705778
76875364
57566151
37867384
68697431
53248040
50394782
28972900
15139206
12270862
23127126
74924215
79623284
25817326
60382904
22145392
22258205
11273827
44961227
78328590
63346999
16505702
76841977
40031055
55652334
11098748
53235540
44086098
13297122
10524682
19535476
40939968
45134310
56968124
26817783
66456924
63349669
27201210
15662440
23218855
52937980
26060193
10120620
11025975
16484297
47255425
14638975
29977007
68458957
62365738
14803425
48619060
26892343
77228357
64147034
59522396
11579943
22472056
27503172
62269446
70834895
59604525
14674222
35412107
43540306
40438086
75827975
18786884
13823930
58716636
51321246
51362838
74792377
39438509
63512420
16049630
45474757
45955307
64866372
12048221
53956883
78259594
27556479
31627733
26336442
18262449
69074347
55874589
17232014
45976783
68440949
33701387
50861641
35758711
67565916
67742273
37793184
16151597
65006442
78461111
51844996
51675625
49921174
44190525
38026742
71374660
62681782
40258893
67308229
22425397
29431197
60068820
26196193
71207166
77848699
27696398
17226744
36416957
78526934
57200925
56388149
39099328
13183589
53600574
45508880
41582470
61825798
47573323
32430314
70920428
18525862
49270579
74223014
20415071
77465096
77742910
60385388
27216697
74788051
17130523
36084106
63714284
34050956
45306756
63803445
34740769
67704804
18198448
77166418
55428403
43803441
49115534
31959879
23790594
25762476
68732804
10917071
36111800
79502778
64769941
28282618
26143379
77848169
79415819
46384058
66032781
13983620
38232033
27381511
72557370
45815180
70080258
62660647
58371911
13686800
59523771
52857405
18411951
38204456
20328659
25637155
47821416
46158805
69235159
41257736
57870548
78359124
46043453
72091444
23101980
27880857
62902451
22985204
68623921
75386541
79525526
17045989
21899934
55193493
52743675
52646985
50094810
55251758
25944159
74646493
35869294
64239522
46206427
57466708
72330944
68675087
61470347
24629327
37284453
13652686
27638740
75612178
71616265
21987422
40690256
63048706
17192467
44009146
65660392
61059592
25125857
30827947
55781956
22405503
24584563
65570847
24434873
59527383
14917091
64163839
78124493
66890645
66079405
71689924
45747478
49498277
29025199
25914713
73071341
30156998
39276398
10408657
53011058
56675554
49906044
22210736
56781843
73850013
73670344
21422848
12859050
28475607
68483625
24805194
22489994
50462623
12460977
15631153
54542617
52568265
63293035
71019295
60738318
12605330
44421419
32932990
67962990
79294760
71304632
28279817
52294523
21515037
61683225
49753932
46270070
30052532
33233758
37351805
68924654
44260570
22190522
38808279
14120599
55734294
30985181
13160714
11073313
60128585
56663766
75722093
65615412
14192976
28665944
40421958
78868192
37950012
15562450
63842852
11326298
58955971
28418550
12591693
72138024
21774624
12831303
25692172
42676708
44770801
66116425
68885798
64174841
21006774
33180519
67991286
37209825
61025552
25444834
54679799
14152160
46339382
76950427
59134406
16691800
14675151
34389834
72211506
61847203
47918207
33767566
71317525
72824340
67179308
21733033
51348609
50320009
60378817
43793985
60242167
62501773
29293438
37397561
62291004
15704755
15007393
32025372
37271316
25458256
47521794
15583112
40688103
64685834
70353854
37396827
75071037
30036862
15646859
34364722
38996429
75865069
47239731
46145869
77525838
76682229
58434018
19035932
24872156
31934688
29823211
53850732
36709953
15019039
62051824
51599420
56057983
77355080
11569414
59936259
30905930
71120622
10651865
62006165
50493411
36169015
62089860
11554322
20746767
23801188
43476868
60066537
61029799
70214445
52809209
38003061
24160251
70613409
11996058
26342724
46850591
72080260
56999877
37902528
44588346
18780743
22995942
36956904
72574265
62951311
65951038
74977606
66290764
62699831
76301696
16705412
12673728
49683047
41011019
38419521
60595918
22850366
69202097
54014438
60109645
78284280
41714153
16157915
67666523
56796090
75362314
49626495
53007599
26413931
11749971
66852327
21230829
23209617
64916635
56599541
43398569
11575935
45824906
54358865
76413623
11959285
73944402
57378294
75861467
36965026
12726578
43775903
34684466
69549683
22800444
58238322
20548574
48241544
28353344
24683649
62749986
36249905
13737379
38267761
48674396
43269109
15219729
23953538
12517801
20539082
51722935
62925295
59248620
66585563
53084446
31068449
74941002
43578065
75170282
70469459
40803657
40084310
10934775
27192717
75173071
51447350
31691553
29207792
29841924
53448892
41462259
74131107
33265589
52733162
27369575
20975728
76772075
12003022
11956518
62676069
69870998
33293272
49688197
59966050
67502978
57925283
28159478
66400499
37251803
31281527
61400622
27146261
36960522
57922541
37265797
43502589
46349066
64577347
61149641
71187791
46442858
60761685
61909185
67176473
78607799
38768724
51267485
74419338
11168064
39978939
74698306
76009664
32045285
32218194
35110896
33597637
17738306
70441546
36583050
44093256
26480738
62284467
52141254
57075256
34442312
16169941
65528069
75161658
63676874
23430078
43984448
21985880
41628615
42639912
22029825
77889974
78886239
31268323
43880967
60367471
11049766
23515557
42634882
25213884
49943671
64224718
77756999
62271468
51580693
46484310
18816860
66637294
76946317
41441088
16007574
52443590
31362093
21040623
69723635
74033293
52261202
66023504
74172508
31664843
19536254
14021458
29028096
75044063
41431958
65917534
64439298
23827745
26415760
26908072
16461232
29027623
34858047
28206090
48384595
52241630
27882781
51925533
44827354
41112141
59719662
39037411
51953033
67280394
78769669
72094261
33269661
66987671
75225409
38593484
59506653
15858359
37892819
50806455
75696979
60808931
70863752
22156210
79697213
43819734
65542287
42274211
74999019
62812782
23707342
36724727
35457635
20114691
14658179
24893206
18482790
54878852
52723335
29020256
40150527
15690522
10353106
41970657
52311001
20226281
52543042
25475154
79497811
14848863
24662122
78396816
72223195
78410432
44579807
51131072
79117862
39545371
35878774
46332224
58433481
58429210
76721421
53723314
14295324
59849629
61429084
62525682
27402751
25023278
71130610
14209122
72641532
60703336
65220649
14866194
64135134
67953451
53422060
78147694
56135736
69416138
36328124
27724613
22039696
76475774
52385023
58890924
44687834
71399194
24185463
38100479
28140549
19808388
79150354
21836500
67572464
47208207
20566531
18555506
42693907
22990145
19786124
73580768
25521418
26109185
65592566
18595551
37202134
44203460
12067959
14415427
41664158
22156519
58182108
70352358
26652819
50929402
73893391
50050746
53472713
11393672
20543510
59615538
25987533
60047525
13883469
63441757
20656588
39405620
14817572
51823123
75288668
67234187
23301831
52444677
24105141
66906963
75205749
68994978
37726461
26321380
48500848
54685505
30812782
56859535
14553392
45295562
58877984
60160517
24994323
45694138
10489438
42988013
26903474
38289776
42136442
64696258
28641773
46218595
55144784
21268906
57568640
77326027
24529014
76653696
67102059
77447804
23044556
79310131
74475805
50049911
30383633
63419681
51234296
73120614
42108014
75315120
35261749
54646882
37073668
37732885
66783688
47015797
16101048
38495987
75212737
73272603
18013725
79331973
24805546
72652424
25045138
78589515
16987031
77791233
17395077
35546468
76698567
56473268
60520451
58040662
53842559
75373528
66509612
54697137
73261866
41000453
78018215
28092400
69065550
37941820
20931190
18520373
24897382
57687408
15056122
23248827
35914085
38859844
48340160
66495104
31671322
17332619
30168662
39011374
34169659
42189127
76544725
20730618
55776588
12171601
54614232
71758230
45842867
42157694
20157256
10087885
42233184
27720991
62093149
44775413
49894804
32723356
62581171
19062213
29175333
78743131
64591275
58998581
46497472
61687429
58063109
71725818
40678347
28289294
67557894
74742912
55530425
33405835
19679689
51508385
44930562
61937559
15619280
12840427
53186458
69815237
25394591
28734086
45823852
11066760
65226593
40680839
21730616
24998710
65700404
22548269
38713045
35534263
10413892
34855063
73914131
40710059
49384770
11747277
58714515
24157750
55486163
46967050
70653095
17897247
72619881
61251663
26156674
47853619
36831253
65467611
23635523
66947842
52531903
79664926
11578049
34100007
18858947
73928317
71237092
43469719
21288945
61616221
38635551
39333439
72051621
43310973
16014323
57395593
17520455
15539873
53287660
32286137
45858505
59313524
37396060
76901891
29209406
60449066
24055498
62076265
51886864
18503633
57607222
28894079
35486635
24528590
30912371
17147334
51870789
42554757
78523764
56092208
11399073
59905440
68860907
37692809
43607898
36132222
50866989
75930800
54026983
64672463
69653151
55417776
50073502
14901422
12254471
44231835
29978542
79411919
36553507
14636984
29697316
78641122
71304358
10766772
28799598
56434812
41016347
72560043
10024012
20731568
70425932
70665394
14508372
40931264
43487387
79186783
62172352
47687792
56361143
76176661
69060957
24880048
13892310
67529764
74853767
23993188
27469458
20472934
52151452
63522236
28872904
40995001
18725693
39611948
59185152
46586646
51619688
72356747
33769887
35608986
10586745
43060512
34247394
18164578
68870838
23166671
60458051
76932059
26225624
31660397
53524754
13171198
49529761
44953358
36790111
50092471
67683328
78305907
73722342
53811993
17110162
16611510
73833639
43540148
36451583
40632096
62374760
54702884
28108938
16903370
65895501
24597719
35204638
64943568
63111495
29519062
78975873
38065106
60370734
79799554
49724341
66796754
38398678
34367980
43350065
25354576
31245654
75978031
12591385
69250399
49404052
11882860
36482865
48419673
37188407
12559631
79920894
64888949
66786607
66897494
18336518
29251523
40691835
73759300
22599306
63798182
68727746
25628558
18760282
34165243
76841731
56210766
11381316
33116808
64915270
51392325
39467469
69607695
74272772
41128941
16623419
71392834
13073207
56171086
76203681
72763459
62931116
46581620
34946992
58174851
21127288
33804000
73130083
32987374
76771780
64059408
62775652
12473596
31740168
48437192
10644768
18521747
39630194
26288309
73825824
40380722
63176764
16989936
75564769
64499695
38102515
26286172
49069897
68283292
63567439
23766073
17153070
22160729
72746305
72652366
54442250
79175421
74820373
34577281
11254053
63906174
76530252
47802827
51108453
66325227
14686359
24833504
73295888
53804248
56829105
43922085
51778644
57651248
72694430
69630107
14752331
20042123
42709599
17464261
72153420
74593771
55506880
24312740
50358382
15401769
42033662
27596116
12340993
57695338
15268014
32048864
75224840
33238560
20571256
66507518
42068382
76430522
32507049
24639931
40201429
56244538
76774669
44287102
43854863
10412714
39717854
30646521
37649982
48195241
42735377
34793426
29710867
60437059
25983714
19132938
22940375
18054048
27478546
66052635
53840459
50469283
15585200
10049440
26605542
55220194
28083327
79822143
53312561
36752449
62676788
12611374
34900816
38930222
63634633
59521696
41662589
21071946
40019874
20339971
18707312
33565161
15804925
44466222
32635429
65684007
26556732
29360280
11125506
21256192
23532297
10976650
43841344
66224767
72999745
38979001
46629855
61575678
45622432
79608866
17248532
76804676
72567271
54382849
22132644
35215953
38704156
62220884
49263652
16212941
41044039
16750312
18546922
44634294
10732899
29329560
51984583
14259828
31053808
76566727
73348488
45338149
54408658
49791320
49308956
29022352
51228808
16964296
15046959
31955770
14487909
72615238
39605526
11872225
33629416
13914329
28317623
39919154
45801931
42557639
32823760
29651943
17243816
44300789
15137326
58297010
65621761
77736760
35704105
12088184
27987884
43967012
75412299
73386820
52648780
62434129
31452778
57642766
37316010
62228655
48866965
17515375
24604880
74106515
77360447
36029140
72944371
16955722
37239428
54583759
74641362
18027472
68458099
61728593
14719761
46172806
55000002
34225940
35251957
74442229
17083324
61072471
19254718
22651906
37725632
35333797
21567415
16500033
27811657
28298513
68192817
36123824
61868418
67967977
43399909
10722596
61579782
71389337
48581867
50526862
25307072
11226065
45784357
62993540
59507389
31469914
29766212
43326756
75330741
72220007
68052124
48215990
25266264
77923277
18465103
62877284
65307775
14623794
72947324
24760332
16018707
65608609
39753734
41176730
67021230
50586543
42411899
23891433
62636994
20433030
34039152
34074221
65092916
12552622
64769250
52467229
68658788
61729917
69909968
76995804
58895593
24345199
45876595
23608650
58666975
50005564
60594747
74745153
76247120
53139991
61350126
62884818
71275703
37213398
41627979
19222841
18969070
19727249
16478675
56775844
77952199
21109268
29496415
73872039
14533064
58355348
67829039
47917801
14795392
47463635
38741257
14253584
26670642
12061296
15099895
54933282
45251633
74393855
10833970
71279078
45843136
13917285
63651239
14842240
47959312
13264807
59644922
44988064
51123831
77138255
56918469
21618488
17832574
72914642
48387099
33881869
18890973
55674404
34161708
68933840
75041150
60354288
13193681
15645728
47247833
62488299
48243671
41465958
62540512
11842288
39041644
42505816
58999902
31696442
37647184
52841060
68120396
36589400
56979386
31197976
66345888
56027828
32328222
35389755
58196737
73354156
66811658
12849718
51016965
12350580
37171809
13394202
39247661
23115950
38621508
22791374
31791338
30956952
29347915
38651101
38696876
49412809
15253926
69812705
23772210
32490721
23629170
61504020
55413785
46141894
60617772
69276409
40028925
22877824
15754440
62681297
34710871
23133199
27720296
39310951
31608111
78596586
16109729
77993387
68449417
21328879
34143383
30772077
30998878
35938936
14309776
79678520
48105497
58191410
21764170
44767582
15656167
37246898
51823556
21515233
47201902
72224558
61774727
25699418
57541453
17780707
62046263
73142017
34363677
47337652
65967838
25791617
45477986
77352268
60657719
53121728
64000123
38648851
42380446
60601107
27696867
46354487
69506404
64180807
37194236
52795605
24177822
16628871
67909382
10188532
77359128
64026675
16087623
10669200
49768879
33908089
62540961
78727224
16425443
42908087
32436735
16143683
42829631
67704489
42883058
11675883
64718641
13869217
56939026
22327312
35482989
31960928
51498233
19007945
15388986
53607442
52712704
63711898
62843719
59671013
22829352
48957793
47835889
71463396
28572297
40355935
10667672
61863081
42310447
28566327
23782252
12698190
30829828
42366891
46351330
73700807
62516758
61055020
16091853
33457088
78366805
50439403
69205113
59592851
77614511
69275194
73260514
19901341
63117403
29056443
55636010
32737987
15947838
58007042
42741057
24420340
39960311
55341055
50818900
72153259
63298473
31092650
46869999
75752007
31323576
42156071
46198110
65200451
50503197
73005211
23073216
14143857
66224262
49048976
40470102
36194247
71626968
65115647
46807104
25799895
39502573
30169592
11424788
62925706
73837181
23083765
40580945
62728670
55372386
13803536
57219900
46850865
39972912
36172579
20719035
70268173
51013705
12138268
66243095
64484125
34330014
28380518
26536003
54932837
12987264
55578532
71139825
28375439
48588888
16949245
12343294
70396314
57905870
47178239
68486529
49054312
35884574
32105547
46626683
43989357
52228439
43278775
28246026
33473510
40914551
30926861
18128466
36986525
43494884
35096718
63523646
52329116
26596397
20533185
15417015
30726059
44396719
60031358
23294975
37689135
47574065
66515045
53439419
28078334
17320401
24676374
52564334
18012098
49781474
63103277
54200872
68582446
38293226
23322855
29712815
23931209
22775421
43943311
14221499
24048248
73741151
65099841
58693567
12889047
20079951
18255543
57505396
79643263
21276677
63050163
42855711
59486052
45461885
27406952
67330796
46463654
73586221
43685782
19240513
31645943
27739335
14259481
27518219
53752456
47207351
56037922
73204794
53380929
28811577
67208871
15500048
28540556
34215854
37478603
41859316
44913441
45681069
73130673
56177766
68078141
55155056
16187727
60518345
43233549
78164857
43622963
69697942
24812622
19283882
33432791
58664423
12573610
25857979
35557773
79986537
38691253
28893413
69341605
17646776
59701168
57997673
37871691
54900369
45838838
73020245
58532646
79777458
50626794
46408635
31408266
24791574
21797464
11863279
35109831
23348224
29502899
46146184
23639259
44690591
48871532
63169837
53376830
23199755
38336809
56828059
38713312
33942910
56450879
72133205
42580615
40764868
23319661
26946115
37049575
54022989
75516750
34872842
11168715
28179639
54587747
50137651
65528728
32368585
60686768
26528752
11371633
25397024
59926074
46647518
36907562
31643484
42242972
45412463
20148493
72329078
47530597
70886181
40460512
41989342
21315965
11242647
71166903
59372802
64858900
26825372
19390958
24446217
46678810
12002471
34263948
40995091
43598537
25557391
19849224
63905610
53329186
60038709
21789312
73846281
32125386
12880204
74186737
35586919
32118244
34789635
23449639
21581332
72390009
78861827
34996152
60289207
65303830
22590793
24678529
33569529
57828598
74709326
35607208
33050127
78507226
79510939
51819108
46036873
47502280
72267297
70951683
13821485
25817332
49507826
42989833
63822443
39727685
45563797
27424713
24440837
53076964
51416168
45997657
35332129
63705954
64715138
61342314
40583912
16166923
28202606
48234070
73838367
35858149
26212724
10239508
42136390
15633140
24344071
33095421
67789105
35344297
36862092
78474781
13680422
55174800
37228666
78812582
63718207
18305628
49370727
33938281
30867627
52530252
11319904
13520769
27853306
76261408
12241810
55332145
79857819
14966055
55128797
75163071
17354873
64162791
53197797
16644083
72073435
12970923
67745904
62421982
60660986
48224196
28291549
42948738
43264438
51401064
15142007
69254640
38156156
48685488
41662449
77383561
62841473
26059660
25354883
55567304
21032329
78788298
77265529
77628482
65793762
54855551
13424761
58764953
15164091
62923628
56625161
76335631
70363320
59208986
13663349
51926600
48800924
39236639
71728557
58386546
26931362
51311704
11790042
71308417
75323918
38002995
30514692
37778061
40819534
32851808
48771118
77387183
53125001
44445552
25398069
34742938
76788746
48982228
53668431
52477135
43205180
37123096
58637254
59286549
61199077
59911945
54452252
42285999
72335032
51627375
73640060
32902849
41450630
16504547
27761438
13524742
29401961
66452377
50638083
40255572
26634379
70064325
13314730
40092769
29733656
65751984
66854446
15527941
79401538
72123734
74651169
59308492
10617847
25582143
51406462
43352757
66265647
23359282
66593783
47523014
25383610
72909374
44516628
65594353
32437567
40412863
39128327
33250165
28039831
58587560
72575229
21485151
79777944
67712517
67617563
39736825
31361828
43400160
64138773
19344128
59820704
35882952
49453482
49646068
50962642
73955225
76075006
67880230
79864167
37570476
36330953
79205323
66531984
65353116
76471150
61365293
72013918
10849246
77316898
29155036
54859008
36516096
58522053
67527401
26869823
29653240
70912903
64050553
24356700
61275316
77361980
31923513
75707969
25342587
58023794
42732097
14028187
11279347
77298591
18683726
51541241
12024282
37053910
64336337
69320239
56096759
48164692
60577471
52639613
11156937
53266790
65017271
48582683
66334365
25302846
37319091
16995460
75307407
73647811
48054290
69618111
77839981
21778382
68891843
65785017
12974619
59857144
73627313
40036232
67331894
40465392
40314629
55827086
30781287
59721640
67096129
61603683
23808629
62509876
62063363
36570998
21951964
27946192
60483508
49214571
56775322
48161655
78232825
59568118
56210667
14790742
22078053
53991723
63039461
21625806
75406530
40670380
32802801
39068824
54658785
33566377
25616097
79310464
12223857
76980485
44947225
25053591
69259580
38250342
62902695
27589285
36168772
69511321
57451260
28819557
51235804
52529517
42866001
32241433
42289240
32969879
15456232
21070299
43963893
47652222
15670922
52485126
47021233
38475676
32833735
13271217
35614904
25554913
74296501
22527460
74790479
13040925
26951339
50440578
16067649
23109758
66550774
64146921
48829498
41072193
36564593
20316013
23043808
30051845
59478542
32255964
56391609
31306460
76944570
15378654
58878695
31511204
27319285
33333960
48872972
67466436
21944579
67413947
51339581
22619268
74940244
21503828
41370065
24389882
71350566
44692259
14115246
73091224
62564622
73825919
44788026
19969809
19300360
67479169
74207164
23479686
48745728
26554556
60637119
79882415
71605911
67250032
37066734
59580798
38652969
58018858
55214076
75035303
23744429
61922509
69032814
29415618
29315738
64586636
73501474
48372772
55608931
39615825
29891725
16350225
19317223
74635734
35976156
20087574
78075692
18812321
74604074
78810321
42331578
63386104
57688639
65597379
27305441
47740807
40952945
66969467
36674000
19898792
58829361
75808476
62063698
53078628
11179831
65879790
18957912
37861066
55686161
45876037
53836875
50725888
68252176
61096214
16892726
59930990
32839106
67909721
64152079
68315260
54141242
14456773
68182385
48150775
56544305
18022412
38553289
63546609
68548772
23183735
55943500
47167023
19273077
24725267
62590676
15607945
46025141
58194727
22331409
40311508
77152504
63047562
58733977
35858752
65353291
58825781
15756712
77073939
29090364
66795008
30967034
36220542
44653169
76254387
63520733
31004491
73003516
63457346
50633794
23858492
52907664
10979997
37243374
35699003
79997700
11981005
45453523
35168451
77170217
30519938
18098213
60442598
41657198
63012137
42620838
30645108
68915487
43190562
60805475
48758053
32053035
58971866
35606060
13071269
68048050
69255662
31062327
19118334
15923642
16041629
70813975
65390549
18161862
41758197
21709578
10270382
71317242
30610369
53811541
28354512
53092278
30425026
47000684
73295555
48250120
57087511
30047674
38059518
33773014
26731485
76669039
60599952
55410433
78518951
11456726
66310550
67206538
27434429
62355414
33196193
52679957
11008887
73562458
29048419
38828599
46514425
37266837
10678448
43757617
53209582
39107195
10547292
67853219
58537608
25089624
36388505
55456154
10560422
38340142
53561383
57308990
66462117
57743040
39989932
23190961
55612455
17398243
46748031
31343976
27189288
12403334
34369042
18690104
55161291
73085888
29833660
41485799
45304641
28483100
28840777
67300533
13426357
43840625
77852939
24807437
60465422
31178893
48211995
53058894
64769719
43120311
21271900
10770679
19501745
50396328
76690064
27656670
76583614
73592195
50551214
11231220
37754254
51284607
51161220
51148418
22358599
48296581
13817030
18901945
31751266
59331228
58846533
72347601
40116575
52057797
62574950
39261337
12803693
23421616
45750776
40529847
66011205
52261317
64756052
58583974
13319665
65414483
65883300
65999384
26312858
74643380
39320841
68139255
19356397
12668649
64901501
11881855
60307993
55753457
20508672
29519266
19922478
61925251
59264936
57489765
68095343
63728323
40516276
24064804
57132401
48585996
54123452
11817911
24217333
17802050
49122812
54928070
59225650
51078614
78619431
55487676
36929792
24159918
65160452
39544145
73399791
72882559
76312102
77422620
75633272
71935843
49094793
65100474
67231542
25064037
49017453
55910285
78232801
36687017
49177261
55276120
49224080
67095861
29407749
69127908
77648368
29584670
35425139
39240702
48343207
35401838
22735636
29505329
68419684
13862459
25469266
53363769
74058705
72554535
34270938
44096087
31358111
28724659
53987850
14759233
12532287
43463530
12155819
39225415
54342981
60234970
71449007
32543969
66004302
79798748
46087818
50578401
71698035
37359273
64389026
66484017
41855559
60849019
47067678
49314000
45047918
27701347
22649707
41533376
78192399
73419313
23705027
63423194
47637674
45127370
18873535
26560861
17032583
41968762
49701953
47784838
27259578
50482415
67164170
56479674
71493662
63206018
59491879
55012867
48790659
25219756
18143098
23764240
33216773
35149848
79705101
71059311
78452540
55961547
42371302
59695674
69595144
53058990
11925324
63374296
20113664
66669355
43890691
75065991
79564023
55928950
62731302
33307186
16401197
65144209
34733553
47549823
49756374
70823887
38967295
56825587
60435549
47011861
73356569
20416598
68727487
48850499
75870882
46161696
52698956
13408789
48956387
36388263
34387356
62746887
21060971
30826166
44342671
41328874
46801853
57285288
46205679
62362594
58830884
30623151
65581880
54004068
57668308
62578064
10162083
25416155
16048872
70916389
49116957
22682611
37573442
79476580
60471590
12430711
21478001
45113245
23243173
66884258
49489718
79984521
30090061
64505294
45188484
18892949
18478443
13185190
59396683
29440342
49467444
68569734
75382178
59101027
59848543
21588147
39599618
42083160
38548434
65387392
36649257
30875237
59987885
45047717
35919310
58463078
42274345
31471978
57632905
72911023
47944312
28475375
66977777
48155074
14328547
65969184
54325176
41800196
70465272
44445095
36211299
53467388
35008104
32241329
45599820
10140079
29587865
49588909
49998108
46265258
52443546
73280475
64156586
54648654
61489300
22449371
79303427
40534555
23058412
46924940
11252464
60385961
49923145
46354230
18324430
16369579
46498454
45986228
23902389
15262676
42968798
79169855
53214549
59061486
33333676
59679038
66454575
18733410
30238160
72490871
77077942
44582855
30432715
37982781
34693545
13140836
41118055
13274246
15766842
65171090
71140786
49102118
38736798
54713849
33187142
61938206
75672818
51579428
38852330
55858481
73623118
79797613
58970964
28917054
17643871
35428670
19970671
47487735
13909792
75328022
17975921
38377771
37843658
74878144
70370569
69358860
67029409
78318783
62804441
15411358
27360447
23773469
43389105
69938319
56127366
10217543
28566187
78698041
30158698
39560302
72704748
67026827
41840904
36535673
52965060
40709444
59586638
68613806
59984370
12967925
32004098
55577946
18675923
67654917
61221945
58815805
30841833
67656136
26546795
72542068
33110544
26868965
45641057
67725564
74599239
16975630
46834215
45187178
32758453
64742614
58772553
67426380
50660937
16459175
79057737
56720812
41031564
71990532
49188470
59220144
26727611
28735990
61590452
18315918
76812671
72281688
62081232
31859572
31902650
79498077
22202027
16944798
14240160
22374741
62421742
66002962
75102165
55292896
42559810
70670644
26245073
37482028
63308497
78218840
25275795
58026653
41877908
79006433
55494144
42689567
77254544
68472663
48991813
57291786
68948814
35714263
43235576
77702801
72244996
12912805
15897695
40454910
22521006
38318328
15784996
57415981
56159091
25019785
20831771
61455118
51409461
42754551
24420496
49690211
77781129
22851583
28932092
36481097
66032266
17620329
60724254
79269780
62065330
25982915
36574353
71652375
40308429
35700616
76258413
14382319
27742209
79358017
48943844
78878795
75902858
37594903
33585758
69403876
60092297
33169118
79152653
12047063
39685132
10855571
29060164
61076016
23759260
43513027
79851162
29935102
77039734
45089371
74515200
65875346
58975111
45801917
62260285
70716006
62925381
27503039
60201765
19766150
28083190
75442790
58811383
56433647
15187025
52651482
48887360
42237924
39288701
31694824
35693411
37093747
40287090
13652533
33361291
78014177
19348197
14986156
69552192
44249876
73141184
47970314
69114778
43985428
60702129
33681109
75025108
28289432
32801972
40878967
12022837
26119632
26252161
64556223
56718657
75923777
38265323
15044103
70098966
14938449
77141288
50249738
24358322
40697060
69617365
39689416
38077968
79590452
78430813
33373360
12469390
70403584
65257004
25825561
68899430
65724416
77155167
71169950
71714611
72926045
14794016
58152202
20333823
26047831
63547345
65070901
78883104
50293257
77518391
76947262
47906245
36113240
57953042
25702474
26569191
56385714
30025833
48744839
77406740
40516264
76740274
49000344
72479763
42065053
38429192
44880469
39173758
57052285
34111806
37510959
78893541
20247009
20756582
75933435
25071727
45425523
58778942
77552788
25390151
17061269
60338823
79225787
45307806
74417511
63797766
75825234
39125800
39484670
31949632
56415376
73770354
52613194
59652102
32670237
77358389
18265563
56653911
46936728
56244892
22895925
40427495
48564469
34560246
62174773
39717995
20357100
54837147
21572988
35423742
48095945
43696567
30093181
42419462
11303735
18950280
71958047
38238872
72312960
44324799
16185580
60046567
54133688
25160091
12856758
28939746
20467146
25386973
57489882
13231121
61457877
36138919
38720937
26180837
43258196
37438842
24095337
21915919
59428879
70512057
59598513
47920840
68510909
13502611
62975307
49702407
35700093
47519539
73358100
75426165
31055625
15469233
68507861
14061952
67484030
37433503
77513768
25167666
31040507
20222874
41007486
39502390
50048587
63405920
75889767
56913845
48193596
13623414
47506331
68674007
78324360
55858224
18718266
43660396
33533873
46104252
42112566
23224842
41674893
15392997
67100116
19625053
15194514
29411312
68673787
74826228
24458543
25932189
51736132
54097098
44510941
12478515
26132386
15649409
37974014
49272728
40980755
12146038
24351831
48464978
62683766
73409649
49412770
72232018
43598785
31189731
13394274
59466100
54334819
25809270
29413139
65184233
53092464
66068026
18788682
48363682
43496582
36424147
55429034
50861654
15854812
38071728
69670101
58602785
10417025
12767556
12250598
69852056
40018448
15716810
49272925
45450969
46903994
49457621
75391992
76729010
56158775
13752488
19846176
16884123
63951986
42778427
35744996
26748988
32581333
24977797
47879560
58645424
16778624
52759702
73735247
78236971
68297344
47653261
19176484
66302046
50055234
36282143
76566479
29599692
42940457
11336628
72536950
41161186
30870922
36505302
42242060
20321126
36727836
26249606
57624116
64901802
24042458
18633060
52801285
34386278
77409297
76488044
39191464
77293451
43100093
14141687
34004641
40464144
69197238
71966196
13567120
78968894
76815301
33063639
59353442
21658603
22114247
28549955
25299916
20920000
59031821
46587548
28309894
36537631
49333298
73330520
25434730
53561293
13191977
12623001
23342966
37562324
24422707
26548143
12511773
21523811
33634260
69935406
63720167
51537263
31479216
32526621
58232291
76097715
61268024
79493400
23309605
62279912
24724319
71789435
67771573
35663219
34955859
60702235
18656652
21858837
47433444
13077619
29235486
37204580
48252821
49841465
78490449
52332355
49209453
37259285
33679918
75475213
31080806
12170624
17984697
22522071
78255426
12286252
33250215
35333969
23087272
33588830
52988595
49108422
78544046
75272699
79570969
32698955
52634511
35915008
43208136
51780557
35174960
72744899
39732429
27421628
74789763
75377872
52730858
28303266
24252363
43055315
38372531
15643570
15007832
11549721
48858636
28844423
54332283
21363667
26799219
41985606
65930950
16060822
69029673
39470203
77661819
77915162
29093642
30052225
66378648
13904965
44884295
79930216
59196686
74443467
30060707
39755797
10129441
64828910
27253579
52145805
30574268
12916780
59411953
15951139
34211335
12096212
79540106
44762905
62888792
27813567
28491775
19744831
59581964
30540964
66492704
55008117
68715399
59798130
38040566
28273953
20125866
39062098
18992405
38323790
65134903
50443018
61037364
35111394
41869515
36559169
51881783
23696063
75798650
10866487
35827135
44648736
33590064
14354020
50460469
20819352
15922032
79175625
16391189
13422183
27837428
24658221
79834888
33163920
14607814
55789189
76703506
33650583
32428198
39105262
73620700
74188948
45529970
48208777
53881122
53120131
33067176
31613004
27261185
50616461
19147689
18854032
12073210
47885016
48883199
40909763
60308728
39476946
16977052
21837969
28299793
75759380
44580640
36895257
47816941
16168268
47261114
48294173
74548498
13454411
33412187
24980064
23013280
60519392
66546162
79487580
74521734
18764351
76473712
45613085
39699910
26753318
40073153
69900926
64538794
63534487
50616719
73063811
68563440
53320124
31440302
18271213
62448544
72148960
59820171
74027992
79138499
35716954
25709787
69067148
57984927
78482676
70155227
66657756
30644573
44032037
78280338
52140539
35610015
22852251
64680327
49502618
65806855
16576875
41975657
37299590
27224070
49148289
18750149
58348154
58883366
29934702
51184252
41493381
11307436
68247307
38677389
54104280
69225013
32466819
40408319
57839204
16567855
29014157
55465536
75553159
16493790
44102748
65772364
50761725
15418871
21430867
68219965
27450894
65267915
48334676
40442055
24542386
31028712
55105366
62681115
49803241
19163901
65048772
39795591
10204094
45099424
68398798
39801026
28589264
66167192
54359904
28844148
17827383
10624240
59413298
70766525
27833470
65859324
36362718
11251690
56668712
76880909
66519253
78204347
10530153
68041933
19905832
29205263
28871706
41837322
70897108
62062656
37045340
39337611
37154130
44765308
74342493
61059307
43515671
19607032
10920518
55116596
10005804
20048381
27967293
30457957
27394966
24386737
38273451
14715686
45852283
37638881
25799666
41960346
36955162
15115226
10132659
53653134
70074384
43052834
76172077
40667372
68175918
39478165
44283646
21618838
28952631
71199278
68451908
47846588
32786044
38663512
42118330
