70583507
53855302
74775628
54471263
22601576
30696267
45044751
77861569
13607929
25523147
23152596
21747280
59096810
21895422
23445447
27688818
13662165
45745644
75224207
24166755
16998332
15058933
70041490
51586855
41373117
33744041
28621413
39711487
67006164
22472946
14701908
17800341
61611140
63497907
48506524
36355163
59782695
17563726
76946495
35029448
54241311
54368482
37256037
60626807
32907545
37260646
30193262
22757062
18202869
58773235
46885810
74712158
58168265
59916814
46174510
35610793
10106602
11649373
60636104
16965821
61242799
54789427
40497222
79971167
44597331
27996253
64308897
30055606
66446776
47572685
63796864
26759176
50502256
17873823
69275853
75181515
57532413
29518590
33664786
24332478
15208235
43568020
40794731
35266263
50440535
17615580
42381297
65508884
27874555
19500420
73903053
11063498
21485636
25181017
67199272
45532141
14175740
46694408
76644907
17121482
73790494
50755710
11334652
11536604
29112736
12584149
12032713
46116022
16596560
79069121
13824180
30129264
22576676
61405997
34829320
57759497
66772829
15234322
55583620
59941465
70112323
32951513
55783637
25311320
73334396
30267299
65439797
46709015
79165511
12317449
17114869
42773843
34454290
73404347
52668336
22170038
56106014
75230787
49581971
72676681
42509418
32155785
78286816
15224813
52080063
62145285
13580675
62912887
30053425
64504783
28298658
20661499
17048633
62155652
17527230
65781298
37546418
40409823
43634606
38747901
57695850
51636093
37583498
45883321
73666792
48839210
12330169
41564618
42133682
73902957
39904329
74396528
16289988
24650061
56292382
47901013
70390026
57656030
50870434
13484406
33419636
57267182
43806657
69981219
23907779
54259010
30363104
58849597
18620357
78549931
75246193
62387894
51714632
37299133
53259241
34339374
55252979
13326470
29762072
37194670
55787362
73448989
78003860
16378813
40102377
53688924
26959271
27297744
67850005
19199748
11555562
77340313
49894401
79637941
42896066
37328578
71662729
64342258
63536136
54503273
28685539
25539312
35763383
11820414
42918910
72450100
42481308
67962930
17653598
62203369
31039024
25092739
29102444
19887031
64960534
42945141
45116134
13396947
62695030
14682144
38331127
53866187
42107775
29592068
69753884
73339423
13431476
66666926
54928972
65254266
78579611
15908844
37664107
11157026
22684630
54642593
36716950
53520933
51960598
67524408
63147961
71241118
62666067
13563147
75745181
45704375
42321598
78303747
15499642
61073987
19346600
41585607
70282429
49311049
44887990
17345625
71006786
65887306
32539063
28683388
27644375
60319337
65744456
21120214
79499020
68831501
68910960
52307237
10788583
79891996
21309286
70946861
61850665
41367322
71550895
18463962
16827308
61583510
50943603
23105184
25434070
27432135
73048825
29588064
66257384
77946474
63818407
37375391
63171311
30317661
57046387
22741470
55739244
74060254
60533549
65318551
60922355
23722203
28271314
71754841
42481721
13308944
28517508
46137032
44565272
19666072
71296273
41928538
29011383
48946785
45556911
47363456
34574193
76193934
64523876
53202872
27900284
19433473
29826098
78273287
71421126
12101762
17984796
13772654
65054842
75427225
42844816
44654976
77770056
29421795
48868671
59194751
64973462
40394080
63928631
78782125
77825385
11909039
49931450
31162145
14192481
12000332
78295580
66555167
58457703
62040483
28287017
40651232
47807868
29080011
26783570
33393914
23669699
75845325
32081529
12264477
72113788
28110824
42875875
27504593
20909502
44055007
62196934
19059733
69515213
25149634
63705871
14740842
20054368
51943557
77974581
14004390
50953572
58294584
59806634
68857653
31296898
17962859
53903031
79139020
41133638
71205828
64525768
55260977
78945331
32254036
59581304
65228434
10621394
54205293
75530491
21725637
13411963
77605753
44303354
46047836
67387046
41738740
26530678
12996149
63207555
45503244
73476032
72782082
51581081
21694000
34159032
59919778
35406745
24081489
24894106
59683966
32225920
75093969
17715693
41898664
28123885
53931441
37958188
23455610
31113438
58608633
77697932
46740464
57308021
65246202
57098183
78687285
33355114
29663519
36532385
59196344
10766662
54591402
17361329
73729475
28381413
67279944
22360169
51327746
45590699
59270042
22253251
46522801
24379823
23699402
76171343
72798032
26628261
19624357
40249974
23521357
72857826
30437207
67701261
39357444
12242583
71967529
13617041
47646661
20185147
71254391
49236634
27063563
27697689
24551790
78853497
25881478
67962346
15065470
20226734
58956760
26733162
41675436
60242549
16206884
44784565
20695257
65040880
46725336
35834959
50858817
56338397
52771104
52003222
55216383
45625796
47477196
27237994
65853461
65841086
63422670
38283428
28391833
48730335
79022350
20687921
34205155
38340506
31960140
67912650
71266007
17659917
26398544
29526023
54485227
53349597
48538245
45556038
19094230
16126278
55342884
33548401
66349207
67004437
53774726
32726492
23327691
71020580
23814245
49914330
64818142
12524631
27616653
61527209
73973527
43605797
60183010
22645431
27375054
31610776
43735965
48962500
28225317
36329428
64648512
31738175
17569937
17174755
47925927
46082482
25170287
38011112
25233664
16222254
28776619
75781560
34919436
67384665
77189989
36682754
44382443
74992164
79566372
39770739
69910946
54782419
57284212
64850840
66044251
62653818
20868538
63948598
64489565
62781474
77711060
14721345
11954673
48463968
52811122
63796460
52969428
22450317
26830890
22391256
76407846
31923428
35965735
73520851
52499213
72929959
34703390
60159289
24465975
36794631
28894726
22843734
46126483
41451044
44628380
27622527
27639741
42292262
45631546
35366528
47523452
42417015
74904105
42681552
41054224
26994901
28118385
51506482
31444587
37641921
63023711
52892530
51368990
46275265
26129161
36273649
16150003
64061578
61698137
29674137
11917470
38680825
61669217
55548357
18103121
79627971
15316309
78238484
23921363
34119925
57137071
33335010
73365314
50478399
63895848
33389136
33511925
34299693
69323593
30507390
39812903
68093335
39952790
51472496
43188079
17556246
55560471
58613245
60422541
75418362
21010764
19521223
66430265
67055624
31818585
44029373
48704694
32219886
47980941
70349785
38251900
57410560
44147723
34531385
34267612
62314869
11180941
21141660
72392404
75580643
10130322
31675572
11550628
69351573
72807622
79038049
29107077
57617698
51982047
31070456
11247076
66725784
53999364
50135502
71298922
50718113
25547553
58151640
31939098
48332183
74279725
11401855
22730680
76768514
62867956
44015305
13233734
45213123
41328158
11225610
58410652
22180929
58227120
26874936
32628150
51999971
32656567
47330394
12104763
71150130
72554618
54787152
69763127
19250752
70041623
34534625
11196061
52546620
49234368
65421094
71997647
54129870
43177945
18477066
44038158
69579208
11168056
63283909
78838341
18409100
16651649
29128748
74271719
19775653
40945421
17576827
45583159
55719451
55774674
26864133
26143194
23650670
22521250
58309982
67860367
46588831
47740857
21942033
48008874
23030069
56922692
28613275
66588948
33236680
31653405
19346967
37216774
43907394
11571040
28349519
51802507
24084757
68441553
48797327
12993959
12387095
71961041
13274639
77429098
41309017
51647307
77858552
36366201
48528360
77568846
32388323
75298585
30381566
21380800
66268429
47059162
41467743
37396267
41071090
44286964
71885656
56838420
21310161
18919916
49328045
24679811
30148381
27817336
62798406
41255540
51428863
55342150
45275114
27796988
12655994
21676450
23327654
71021001
39224093
35523945
55878469
70567690
56094102
65138268
17259367
61383799
44432844
30780397
76059565
28815775
40668049
60354169
10030261
56184155
58527669
29171599
53809490
21331728
33796473
41785122
27158161
23289599
22041366
57207997
54204855
37933782
14883308
24236232
21981987
79923424
18750206
78094486
77069412
36037562
39661812
19202078
40103826
74182468
34682995
60589970
21712769
11598323
63758846
11661913
40319490
48028997
57195298
69138730
49103485
69034152
21212441
79070426
18104175
73553464
49087444
30047426
78718098
26473785
45725945
15592036
79909698
29747589
48930143
69664573
65733208
42472740
46268407
30091931
31052352
69372977
66903409
51570392
67290557
55643745
38361566
53127854
49674780
17893701
58589876
73003026
26802853
75761389
44410529
24814931
74422497
72462195
51924572
48107902
36471095
52066213
58200032
39738943
73100006
21851249
53807307
75151589
71692214
45349231
70114500
28020344
60033658
73887325
40612873
68791728
25698700
24904543
56591111
47114215
76044377
31696153
77569320
15039340
15580110
57482308
18743731
24775460
63663714
11714375
35928337
67887075
65971433
44510385
78507572
45315025
43862399
34593160
52634557
34555596
65005858
42067298
49454147
63915282
65498405
26284517
19715322
33108529
26783373
69435151
24818545
49865338
25412238
25865220
19176304
79578915
37375458
61276152
19914144
63946498
60413059
33463549
30536870
27447530
75453060
60735170
58105893
61237613
42339631
72290177
10384784
14533585
71684299
57158317
75405172
70159348
53482271
53036913
72481968
35149342
38228035
31776212
14120277
33880479
35755356
23309577
54772101
33197356
18049366
52845661
74488016
58860821
40064066
77979864
28387004
53065799
13938261
53464642
27947020
26955585
67767300
19836033
17163010
65054631
74244006
53467408
74907553
15055872
20536849
45803921
23401090
71092155
47359278
48580802
29698869
53423060
38964908
24263259
68867122
70923314
77765072
41511626
14515457
58438302
46508896
34506493
69576779
67496438
13170775
31097688
20612185
78595543
70628629
39001817
37236314
59237863
28983325
47602898
58323395
61097985
42454773
28791008
15054691
27837764
23493275
77514143
67858327
24488824
61907517
31434014
11451306
53729199
15642197
30625528
51275425
75576533
19368615
70080876
56807760
69118517
49954023
30153778
41842877
28313295
38364117
60792619
47375316
39217855
68090150
56222115
34480796
54561397
19008353
48338157
21549934
70671723
14828651
60665106
55025555
55985902
75659348
65146692
78164021
14454067
41932348
13156112
59969901
46891409
68457817
75310626
77202009
36384553
77885047
18755002
52756311
56035988
59703363
58616282
24720675
79021371
17650127
23887910
57180580
58879662
67825856
52035181
59902529
22497739
69248150
38379427
22643710
65354454
43601238
52579565
66540145
63442584
32996672
11576338
48030319
21202481
76112333
66800892
18300543
15991655
47997008
12509910
12390245
21131769
51016917
26453920
67669231
12613678
45252170
12099214
21900956
58681922
28005644
73535117
42592747
34587316
37576095
28131017
66998478
32237184
46407847
50295028
72668718
54080461
27057423
12450112
10984157
47680770
71906383
39402550
62752641
59658290
67071736
47184392
42370301
44766271
27198540
26679315
71675997
67010894
34956480
41920503
63985536
61249086
57976021
70517432
50930601
72601856
58666093
73617090
30919429
65762130
33283139
41921813
68843112
75351451
68994024
39276316
62151282
25416975
73260610
78840447
57853897
64924298
43810547
19511073
73512041
39288940
26218183
66908154
73050716
73722172
71930415
50716902
76922484
53717389
26349387
52166627
59166079
56176470
41905031
29245437
52790170
39190514
18541108
64551062
19162160
56541630
78913145
65500492
46359135
71628299
71431506
74147375
18508112
33326677
71433083
48580741
58252835
70989627
27472578
73658114
74746821
54819100
61778631
36340782
62979331
54624898
29421026
42594719
10475906
42693632
44916561
47156488
44619870
55794164
33540633
22796420
69713321
61849227
42732031
74268488
24457413
69605204
67551317
23760002
58129808
11575155
22213696
68925001
47428606
35582231
36116047
66447634
46487264
11272984
23645990
30914929
19297263
75391479
44908162
27649187
53090666
27412971
17258914
29732412
33308667
48214940
10003366
63730460
31599790
76246502
54828459
72677668
42842807
14705998
52608501
61908920
28800460
49153650
29646527
57072403
74826890
33095070
77258095
65434369
51396420
23866670
23732448
12092563
59677291
59399435
20522018
16510546
46575794
70748435
61460261
48160006
51918365
32890177
15867380
46787323
16757532
29946368
73430826
38962752
75322783
16699690
10409474
18664061
21108135
32657499
24878022
11199118
41319180
28685892
56895719
70342903
74660369
72519146
54299329
72076429
56624480
17918597
79153884
16131723
36320503
68563238
15935655
65565051
25964641
43343840
55067898
69124643
71109698
25097983
42732561
76491131
72800638
11578890
12324200
11924280
78826335
65840518
56165443
26395630
59211468
39897387
47647818
47969849
27125155
63370771
66401406
65887449
66948496
18522269
21838243
44637392
29952234
21582124
10242692
16860445
51253141
33456017
25792054
18700674
48021927
71561883
10091385
61860705
25698444
37373414
43419731
75408472
51668543
75958924
19809430
45455161
72051786
49223062
39989462
15937344
41083053
66303234
76331210
11441270
27112009
56243801
60917673
22424650
66876188
23363641
73682148
51108829
33081381
35558013
58249158
57351559
56484196
17435887
24478272
35532936
37269828
64908540
49006648
31542445
15252597
10166152
60274794
21509366
50280682
77700950
44147238
25590729
46459731
38148626
33413294
18877468
73512141
69794835
79009604
10470139
32495487
25244582
78113212
26508103
75705187
13910238
49352952
11587229
68246902
29184199
43786974
44540005
19077943
11290392
45094568
26864323
31320540
20941898
52633964
20675671
42124745
75164143
63475052
76186986
71918226
22162542
54769409
50141739
65817963
27410581
16071402
11097144
21088686
54319338
32536142
76948706
14278403
50433063
36526847
58427524
13962909
60331146
50411409
51106289
51707864
24259730
53636557
31594483
18028302
60364397
69272311
10916541
33791744
53913869
30998070
45204496
22581229
47229067
24527307
15718278
29310455
71182426
10989838
29659598
37096988
51393273
32609588
34200411
74340966
10552235
69317787
45139187
68717637
49958714
55345867
78038381
31069395
29064983
43169536
68119707
50367944
70883919
34593275
66398603
59330234
32829780
19075846
58705471
14219115
63011572
20205873
30896343
36961344
27428317
51891803
22839670
71610792
18682745
16172832
54363335
19588179
64542316
27110618
75554607
60841388
61126341
69746857
33979946
26753498
52153501
47878903
27915419
78078653
27484213
70729709
18698619
35254144
54111535
64884046
18194878
55436792
67234814
29718114
31018075
47659058
28780113
73001342
57937952
76043971
11296538
73843004
43254162
59664297
18353189
29636900
41546560
29080603
28316553
28313556
50632846
38167487
58400361
67443937
14955482
61365771
23884953
77634985
55899976
17067300
51783837
25006671
67312781
74670211
26868205
54794507
40816334
56727694
57754512
53569889
59019079
11128363
65911006
32527819
69602187
78459998
45369271
44665873
11543114
50725658
52664739
25869559
22116786
21184147
35014544
14462794
68474375
31097159
69369779
52581263
12003502
71297292
75193042
74324091
74713164
43635890
52190693
46181995
53838962
57510046
45856476
19758758
74790492
61296043
78869555
35483258
30246497
69682083
67862140
34152303
56261415
78820624
19689927
32185893
53862677
74298824
57071877
66304683
43704785
11941176
63068311
42163223
39474282
55671008
63627466
44681560
62852313
65542981
39323654
66343328
71697350
69516440
39271584
40197278
24657686
70270885
51461705
55232083
50132057
30231976
46506484
78619370
64328088
59577115
48378821
49426457
59664086
69666571
14261296
12012368
30678760
40619770
14812908
32417536
12962059
30422444
23749008
29606003
30233711
68771731
75987449
59064606
67845615
59032450
48567692
40506836
78983004
53420267
16470176
79075807
48477599
17359875
15647955
68956674
35297379
35034400
40670668
68578420
41929684
37259293
27720731
12130327
38190627
28265364
29175194
18437754
26493549
44517568
24211854
16668544
43338656
66352765
47705894
79157033
17331082
26678309
26496311
56058690
73751472
59796095
40755915
53468095
38832946
25875870
24461437
21429318
62189250
71736120
18437929
78061402
47691022
15402221
50790999
52773358
49770344
33800027
40412644
76367919
62126952
35691422
71750585
52098298
42719133
19814623
70328747
29183104
26272865
30625852
38148321
37516287
64990346
25550592
47566645
70940359
29480974
19647415
35414091
18355976
51789068
61948959
44242157
16059441
70017708
55518973
27399308
64775472
70463586
25347518
46645752
20587071
29422796
67911391
20503638
70754934
55525282
21427579
58356217
17400778
55506249
37335816
63632258
53674543
59975217
61876663
23559920
24538817
32846732
63359999
25726957
63217365
61102357
19268104
17355881
38144694
32073387
19488314
38413953
69946177
53481377
55248041
37523523
69419348
58294558
41023506
18401049
18051205
46759710
22503548
63290541
42709202
74104547
16675667
71201358
24244676
58295498
54600595
42164504
33873934
78661232
62400188
61118720
14148270
66628118
32913581
25611332
16561618
15181481
71232423
16275191
70796260
69242759
46636868
70616770
34056179
77559947
56062092
35154671
24975345
50902258
76302565
36091824
38569222
33880594
78666982
72750323
42521618
23385760
59827762
72497497
67843591
61436569
45247961
49757787
12943519
15314087
65063666
13976037
40013105
79643240
12815702
21806545
35791841
73321972
41050066
12124645
32692908
12504055
79925992
47078046
11697481
46201061
47976463
22599547
16001131
25396413
34323835
65360971
58006583
69304487
41168095
26325749
16590173
18982471
68774062
63310566
47106201
53160781
51206760
20585291
31053961
31386831
58297530
68839194
40866522
27157153
67499085
67944469
46706534
25950067
29015701
41919992
59814098
21113580
31498679
27439174
41760873
51269210
16681325
15623327
76856301
71408915
40329190
72357114
28716144
59034891
31506433
59267389
73643393
42069757
59842401
54220447
11366601
19185352
61962332
59657236
78378115
71638339
47308041
49905496
36829816
67487842
51752499
17854341
52456935
67054651
42823276
52353025
29347817
54180047
75010948
28494688
10998653
70843171
15835445
12341564
79035729
37230826
78962463
19934674
69056891
22090390
18593411
19385223
59495618
42856460
45947220
72048157
14657349
63310909
24028562
40203507
26773711
76108239
65946748
55673675
54666625
63971292
73580160
21927075
35584034
51485778
60595250
45976236
56216372
31458898
72057209
66066400
31691778
11904009
15424893
50351568
69976038
59388836
67340541
14029433
16701310
77780806
16541941
30797045
25816152
76800772
60759416
36862353
58772243
63533155
34983630
19579877
18648175
64810254
47862640
52802467
13256147
48562620
11732975
15116868
72441134
28564213
25577967
20791938
32169508
21751731
50138790
11018411
42114781
40417709
45861485
39465279
44729862
38211844
73691613
79745442
22060382
30550256
79905072
23821334
61765915
10588258
68095631
16953048
44774719
62978090
53565699
19020259
21213083
61529612
20053653
71181042
43684703
38271437
33847603
49910291
39339419
43712120
54512933
24077248
21318718
47867745
71085541
22504113
38723309
50628908
69153618
70559995
43198062
68343771
74913842
42255986
14420483
14008382
42249527
37576893
66113538
30017593
24937823
39794418
43773909
68716147
31129165
73958408
28228822
63698028
46467612
61122030
59834229
44499897
56940974
46435658
34046351
58395891
29868519
79595646
57825948
68018693
19260118
48976208
20955592
62202852
58255795
58091805
25580701
36199088
60407631
34090913
42703290
67990570
13758624
42826462
28240490
34529294
48326148
51960055
74836019
25714321
16747225
38271735
72302765
41167866
34374541
53438458
61241959
10684807
17656118
20415334
34746540
29509610
14025502
34468825
64914602
43680962
71847490
26044793
11208882
15485257
77250387
23272326
47190345
23638890
61723188
74430840
35661433
38111458
75526267
54868531
29945850
78951554
18849921
62740226
31890786
31266735
61725247
23604987
38572841
40621450
20581418
62602501
58524753
11927710
54190619
18971208
15793570
79143114
57708409
37362713
56137229
44412694
34020471
25361456
31245238
57343421
48614837
62833089
16453038
68018601
69930236
22009082
14024619
34929418
60002261
61923378
21969484
31769780
10001226
18593605
22678074
36748286
56889656
21987530
34752250
25715499
73954287
20840708
75680723
11903799
77732116
73904658
74490325
63653082
79642546
69747519
52819092
71548675
66217442
73956490
52748078
16739570
21539057
70302850
56382958
28531246
61479911
18846984
52607781
52637761
69264255
19764431
21929303
61334246
20408840
30240905
23771145
65246484
30987771
22369753
13421044
21398721
76128825
64820563
13417313
36304671
57051390
72249823
63280387
35764588
36808784
70618735
29504479
28479415
43180701
49973382
68120210
72010741
33822498
68499241
38517652
78464275
12258920
27707413
77082136
70783657
19621958
19701706
57275977
63033325
56981363
54732988
25682798
76276669
37731246
62652506
65451517
78076053
70855379
62246061
74489255
54146866
17297221
58871690
13427558
33764776
37897262
65399801
74766235
69519966
21844364
74922053
46988741
77540289
36519013
37472582
32663404
15550475
28668496
69007945
71223900
38761706
31364701
77904861
67273172
50540849
17681555
27702464
24570845
72849561
25385655
54887970
31644390
51459754
72373379
49318617
79641442
30659509
22534915
14008179
56536870
77403718
33532091
27607559
30683431
26930951
47104943
12827772
10104618
73437921
40649212
34144734
26268725
11907822
15200783
10307403
26524389
59055640
22030049
28523378
41874970
56276260
59016503
39317048
52158086
74636397
66145314
32452016
55408782
40733564
25225652
62870011
25874531
24848205
49275940
74321536
57412687
57023280
65862836
21905630
79758741
75051229
41629857
79762789
13579328
69552525
77940879
47386691
61392004
52589203
32334651
56164110
66376333
36736142
19649976
36768491
52214102
70616592
10044064
68612197
75563247
47182887
75385372
39149968
48286760
74955120
58968098
64047627
72564599
32509675
35091332
65836237
42267671
35572641
39740785
37995817
11794884
42787483
28566218
43133209
44695730
57390666
45023143
78186847
62059154
71089863
57006793
58156633
26953639
52836507
22305262
34774801
64452928
75450033
62408921
74305314
28137207
19658568
52580788
43289005
74996664
31725788
33743389
29645316
57023945
18873183
21724116
51920345
17232689
22017327
28165773
72777441
62929706
36877628
30987631
61016944
75144532
12349483
18876516
37842677
24676257
57546907
79485339
31313007
67754292
33753685
74118991
28969019
39839920
74696423
20112265
43959893
22932230
69480171
29170163
72787265
61393286
46910912
66040732
45985838
24144927
28695700
53605289
37458647
39481440
79390957
50400728
59537007
78335485
44531297
30447553
71573668
42457612
43200305
51916243
67777005
10618489
13653489
43088948
76117044
72186371
39436999
13162708
24178423
22426042
59965945
27811982
48873031
22719034
15660131
71772556
24411928
15023848
57633901
46259553
23697866
73631397
58576400
75093871
28855478
59038374
36268062
28248914
28652284
51265575
12173703
43648902
70673833
31725935
46012982
40496968
34407123
43697326
47819445
44807865
70160286
52154446
30498497
79063171
19838260
68496162
11017171
31408160
37540396
13690392
69867796
17238926
38816455
26229451
74813160
58942003
42630294
10561817
67109432
76443055
45717610
59210312
58879899
70286824
31620747
69534626
12275721
52716335
40685746
42233142
48592168
39803626
22743588
52179021
63395545
63789807
77727325
68988232
38028359
12603533
63611553
52981946
18987834
29811082
38199472
58148443
49268121
65052006
51582846
69637251
68626046
24398535
66811461
46985251
43910866
54499116
47725908
55877243
71126846
76732370
53184913
67565518
73314469
56328661
21224365
21271883
70220374
26348552
28774107
21499906
36202768
29866203
59962758
76846414
56445671
24831783
63069617
73001880
71395326
11308983
10236268
71498916
77379896
49638966
32140702
25031294
39992644
30700982
35434868
31786370
35129164
41745329
56831549
68817072
67699612
60610723
75559162
77066740
26055699
41969968
43154338
48050707
13278630
41356397
47351432
31857303
67100284
72988108
24925418
75194302
79478043
66441485
22725134
35725252
68917483
33594170
39486767
14663083
33301661
48717353
43234640
24537448
63479868
27611677
42996379
37242644
48059938
72942354
11182776
32274454
60946515
58225735
34150556
12342079
53486562
29013131
60332067
19197318
68807947
23556581
79328217
35468193
27087629
42384036
38698847
23726619
49044671
74148849
30010767
24707858
43057403
43655090
63885315
66968038
10487912
74737123
38985177
38721425
16739833
49501085
20767906
39353679
26750782
21355868
47649568
49127346
69520950
54693673
52970893
58220297
52044099
41667690
51473495
47329897
73696282
72237126
28382370
11087004
54465574
52339862
31721199
50385566
59605325
56155219
26568640
66956700
30239419
53217358
16080948
42565894
28519031
42696112
13011145
40321457
27139462
68789399
36494156
77357947
69441060
21792648
61248644
27802480
29174017
63388770
34980330
76327932
26178627
50245866
63527647
10529070
61063541
24230386
39945024
46179508
20711078
75003647
12531868
33400766
66170733
37200091
76479629
26392492
48949337
73983991
17866412
10535282
77054290
36677269
38234479
58295930
41010369
10239279
70440467
54406436
32172169
27665032
61658375
26831731
29723194
65021696
64048772
78476024
16160770
35828497
55479607
25521603
40225352
74338589
79269415
40076912
53136208
69184519
17100989
78140626
10753980
63209389
13569010
72647495
67688643
64650450
30361654
47646144
71987201
44592451
35503151
28418870
69115084
23602327
79623915
11530014
23686863
48179579
43273372
55078782
71157897
46773826
74059961
11894102
71302050
36197622
65760079
19769134
40599537
58317943
74209798
13456159
22090386
19202267
51446472
50675736
77749007
68088303
43132629
76941173
45294682
53808756
73256001
74035838
57521981
77148281
20318522
53218339
15955648
19315246
12097190
32201508
34167978
30949419
23735524
55550741
77606608
55190360
48984725
35015142
77178114
33409577
73227444
69672696
44217328
68822354
15138296
33536417
26102909
42085674
19092134
55325161
74375256
50291701
49875606
75895030
78692740
74986854
70343465
44943365
72600159
59265838
74187214
50649618
75984837
29701473
33248659
73545547
31670124
17137446
31580826
61767808
76135473
69857306
19287815
26228176
57757436
28556934
77164635
40158269
22316286
78018319
56951477
51885656
71165857
37513821
66622888
79753330
11931629
62636767
19164252
23524360
46765125
32330621
24452325
41495399
79395729
46282360
50488986
36517275
38043566
43741632
59293603
52622841
66914325
72677958
31595119
66517515
10506777
26736722
29834390
47876014
31110502
46483537
49656772
65368953
11470297
51883950
78409957
59588034
32352499
17174275
65248241
13707773
63663428
38435188
56406633
20719812
58930632
37327138
52477948
15032901
19577686
30938110
71759318
29830583
68980315
21675363
10097242
13092729
74149017
65624024
64396637
13815967
46651568
11184974
55280685
35531211
51659976
27677907
60004683
50381342
10865601
21013166
66853292
52160609
56832837
18714099
10975183
36309149
30502713
64476098
27773810
30850683
46487794
39504539
32697680
47521356
59325944
69073231
18039533
27610900
63321314
43943017
65835968
67414317
36636096
67320990
46124913
45946361
19646178
73135221
32613179
73107909
31240615
40680537
13121661
35563385
57108665
41146228
52828525
37191410
49168085
36210554
44801224
56915097
76184742
42975677
79704095
11136295
12206486
56650315
30342201
43709472
55156880
54535024
52749461
46578574
12558505
44582809
64979475
37382769
26037898
72562776
68706252
51274028
76642917
30689883
41524825
63149535
76986913
70592264
38688264
26833992
77488262
55622924
63934715
22339534
52159310
31184218
54747336
43630041
31289914
52179206
27173267
34540188
75043657
41183070
54770515
32439846
26094681
45626134
13833431
50826949
62077279
71469368
27537107
59734415
65573152
68842651
55389652
77849488
29745863
36160781
29159693
76585307
30810575
69105363
38418603
35451577
50605211
78422289
51622650
25880359
70356328
35024823
60016404
71677547
14252188
22324614
57705501
11152798
73866933
66465487
24281765
68513222
58858414
61941870
70639032
26889456
79850468
75278508
68957892
14721368
57242660
76555972
17456315
15780979
32941054
21913774
75777755
40567201
77738930
22034438
42314236
42449323
32991639
75157500
69721385
45720138
68667798
21665810
23126901
72730666
33217366
25791920
45596029
72594078
29066121
73395014
47327329
50719600
22619319
49725219
72834753
54422745
43043108
77366133
55013065
21053965
51489776
40831671
30336354
57671476
48551004
53312575
19364847
56736073
63502559
10930276
16695774
68923758
38888355
60046379
68957791
15976065
27629364
47157888
46934609
77251674
56307651
68237194
64141396
31894030
54369940
45618407
26618490
64059554
10395296
14933321
63555984
19870693
51282279
47046088
47922947
24895257
78198367
56130206
28519202
34937646
30057919
65551152
23992427
44460175
46645921
24059692
57337590
52161856
57463811
47761938
47760978
19091924
20071589
62307167
79317210
48197802
38747217
24882513
15167415
77010209
74837279
14356092
23599356
60459031
69584781
62632755
30903876
71617475
54625352
41043238
33007699
20684536
60158311
48955606
27585359
57035455
72946016
56338649
67672929
78358972
35005637
73805443
43715199
41211278
58267494
74009136
29293193
48332868
48550201
25581032
62572557
46935187
12462785
34786502
74011344
10582803
73209300
37351591
18915080
52200734
38032672
73205951
32512928
15414955
79887937
76794302
75188537
67607616
49167130
10353267
25625246
24288752
56718920
14302129
59514899
55613482
50920987
25797212
69535256
17662205
68481287
36402534
53421029
58931548
52087767
24079136
42466501
37471400
22463290
37088875
46315365
39436665
45972008
45941874
72549916
79146045
47461327
22789861
49401930
14408919
68129715
35435420
55138940
16930491
54551837
78850536
43835515
46698797
62328301
64651135
51789145
55376367
37858905
63269866
50158063
20846942
24226403
52215841
51278379
31846016
48722996
50792762
20321064
37801235
72005352
45331613
60576010
69043444
59139632
42325717
69169899
51766982
15513806
40227636
57135223
44992765
20602237
44715302
79250312
16427016
19347421
19083839
65346772
35942469
70142207
24251924
38996339
11138622
51180943
36125326
26422165
27425643
18654107
45561153
73083491
15666731
11364642
40316584
59349289
79653287
48887947
17022820
59466136
45787708
67796724
66154486
50326407
54912537
51179512
40316342
61773917
45946473
74748687
24036396
53087617
22893632
47078513
11506886
76361055
69876566
79151873
65108329
30161869
18766895
31254272
55025790
45331610
34908233
11276088
34164962
76391097
32766901
21854458
41568867
32148258
41481883
50337247
65379873
66746795
60128036
18606257
20902679
17502597
74629420
16418178
40106178
49953681
14564091
77682644
33992657
30332572
79649066
59228015
18292936
64899635
60155535
68928120
33034279
31060196
15333891
27133775
19311378
76265614
30875660
49102191
49057016
54433420
65131235
67802108
18765881
65845487
39413988
66371135
10485138
52449945
16599394
22345941
26672111
12996635
58386151
10569245
40622530
24194909
57799291
63174621
33412051
64778242
16104972
79429449
74393420
41063900
42019854
51935473
79473575
28185745
68482165
73279484
76786306
41803453
12655123
38387923
79011185
53294481
48252713
64462818
55897573
70470084
18001455
36185752
40550505
22964852
14874668
23329143
19203302
27010104
27804285
14658358
30888151
47630436
63913385
42026731
26262885
30739851
71400576
64368594
79381142
49047168
19566777
38449307
43025061
13027071
10847582
77322364
72484108
53188962
31208187
76340352
39634489
39216962
71844415
63632599
75987606
58945890
77721975
25326891
41976313
29359296
13255180
67051820
58772983
25241528
52052280
50967331
13474175
20543033
78579275
11200832
65055834
73264160
56417053
43956323
76674136
23066338
61531095
33004353
20037435
56592367
53768266
68132783
17996917
38238484
71167708
23485568
30273943
34411354
64579536
51929645
77424509
13646672
68469066
21088882
26038256
33313033
35149096
19564829
65083288
64081674
74023297
63179380
20024137
34602244
10398733
20956904
15328758
63810353
16991323
29523874
60701253
71003204
55930211
34713670
57350772
16256446
48942898
30025479
56771002
52901426
35501520
46192673
74327777
23117483
25449926
37905154
37553571
43502987
28195407
47747793
72087010
67169977
38232894
61835917
42391331
14450854
25436647
36030025
15774561
47798679
75655387
48183700
30756499
72478188
71233553
17652943
70111833
43804959
57487953
56004114
21799187
70847284
72753707
45574851
29644538
44009364
66830284
74326992
37685939
16871002
24516736
71006179
38028898
27439852
43907120
44025091
45080601
26942162
16235727
58893054
43022289
26173597
41490717
42675442
77873256
52620075
22838826
55458731
45899227
21589848
17912669
33166945
63908405
79905003
31607564
76779432
32968865
53267393
49805184
63360624
61953633
16080166
52162102
65584218
56456298
50825647
28470478
57875853
77557920
67051751
53265804
35245559
72834181
31230498
27285269
78181227
20706744
70356418
67326594
78500343
73551712
25826493
56912336
18564596
33312911
43896998
64384844
63623753
42053378
31529335
68156695
27105257
78575261
41653619
10954306
14389560
21503662
26748419
78773835
20200691
45045947
17944178
17452330
79325027
35067910
64506867
13175019
51362296
18712754
51390800
20391298
41450013
29591411
72733007
45243779
42644038
53359169
17425553
54959085
20934902
48087851
71766226
50933957
34478792
38348116
65092219
41016173
10639682
33785664
20765127
76301240
54354727
78158951
41932718
67828305
48057509
25633089
21458720
26628771
15816957
11722785
38897060
35458851
56010174
62157040
74290952
39016787
32079538
22011915
36058992
66857090
76493945
40939170
30861458
20773420
75780211
28870855
55464729
75802209
33964340
12364278
29022817
57920464
35544958
15208815
13575605
54655655
31373137
49008112
66097505
29192255
19257035
77915985
19822073
64063966
52236716
46881127
43365658
43420676
32998761
28256437
32694404
74767615
76026166
29394431
53150794
53167137
67239542
78329760
49976110
19739707
12565309
44900860
66292769
57763353
30986373
53260247
67166862
33405501
66799804
30208360
31256838
79955850
24442321
51486021
16131604
64304534
51661340
10556452
18191910
76987606
30812178
38520916
34023267
12801630
46122638
70019049
34329182
75080218
12825612
79037779
19486553
38136961
19121063
43535509
59892483
59734375
46371462
50045037
55665536
12023588
57081545
39415836
15284783
41386722
58795710
73742775
52260541
64492293
41557444
55903437
58655623
66721654
55826694
35055897
64292784
23158490
46716719
70212870
68301289
24352477
19717963
28583429
70620448
21350731
15663492
37756729
35668717
29528179
28018041
55564074
44926694
20856808
72795361
47814832
40940109
35663347
69871146
20080163
55295361
76516659
41684814
79911490
29586413
32079441
40605696
62587986
65509814
34846968
28680068
57823460
53362775
71048188
66126015
67141449
15614908
33791711
32255356
21961653
10812314
70943084
37009433
43805127
44096518
38470235
45766822
22261962
70915235
30779105
30844542
27061818
49516991
62281920
64192242
40604587
65590711
45671598
46650347
12837491
45624073
24595272
44300085
22439150
39791291
39419156
47380537
39411480
10895900
38788255
18232791
61658071
24766447
42999173
64213753
27615030
25046625
42197843
46447334
18609048
23420961
23023487
19966976
27220547
75248260
35767669
28871010
65279673
14421167
54566288
79711558
58676919
78171122
55734148
62120690
45727936
10994679
54166215
78677773
27594787
73659968
33744127
44938017
39295140
42873409
65968550
78402558
56803161
13356395
11549637
44332358
79746862
16975223
38443244
67307274
61371057
19985256
55798851
42641204
76165042
53075873
69932055
32346388
37001609
77532626
12628628
65118628
73127425
65052386
67094039
64724440
26204854
36487667
11460995
48624494
65241208
78890047
19279186
65033471
43164820
37490714
49006354
75299663
47293086
26670327
57183080
31433812
47513763
32478226
43160747
17409196
24214552
43423776
65673282
75448991
47789308
44329167
53069981
62183155
46268579
65220795
14196833
15179344
26800686
65593454
19690437
62570154
61587245
60708195
32050955
40356604
14081536
73522873
46894675
48142410
11053253
43521119
34433614
78023690
46470312
27470958
28045244
29768181
39202823
50295706
69788459
54041177
60142821
52720167
34149846
79258098
27182424
53925966
78970015
20679050
60577316
44530638
31427607
34696395
58908499
77477494
49057807
72207225
37454304
68417707
78866143
71859389
29206332
28393256
25065724
22976654
17548133
57848221
19920965
28429757
18091522
33479993
13573538
51966134
41050249
33329613
16451301
43862872
50236835
22993585
30307764
39040424
18577150
22130991
74447059
31477267
66731062
67029499
11440234
57510229
31535824
28543202
40033957
67703494
61091308
66344203
46188233
32402562
31969545
12070570
27153981
27363632
52696443
63251149
39868174
74404440
78019998
43065972
49219383
22961816
77417451
29772278
48806359
58716645
41236632
10053003
57671941
54841776
54704839
15774691
71485315
76499624
76466143
66594014
22618870
30138273
58415613
47377117
65060834
59056909
50226806
48363890
45664994
55615519
51510268
77272459
57785367
33247217
25777866
52430100
48034391
63499412
17145990
70575800
31413365
75069330
24699265
65275839
42272164
49781064
61440299
59079165
18385228
76370678
73341010
56018298
78810447
13023795
11641416
38616335
46506616
56983052
73225459
41652774
35618972
20949390
57845087
38797003
56621815
79545955
45757346
67162903
41144307
68232787
77582316
55690193
67550091
75217037
59301665
44548643
12075534
68024638
50979604
78250787
15854197
18368148
56889826
76111491
11395756
77299272
20660700
42080471
60691920
62948137
32878956
49846739
25344294
48303743
23941746
35525762
43573992
33626156
64218795
23194930
14454520
77448012
28074730
48557859
48707116
13047154
26924671
10731088
38067723
47426201
61194697
39352356
68729496
18428109
60522470
34384022
23759865
51180630
79753078
27734301
32427872
32765187
17510469
30156526
58831491
63070831
42824207
65428878
33652948
67726611
35843683
26935916
71034533
20946189
41250218
27230374
32463203
48587015
30332501
58419339
26291354
36712270
70661382
52733840
34765332
43787249
28412318
76153304
61704438
75165665
71951574
11333941
49496846
61003257
18299135
54274182
19655322
50854566
58992421
46226294
37687860
19844387
20351905
26128935
63209314
32598039
19413002
30490399
66676778
20208143
52004621
29408185
21168182
46354464
54013629
37925334
45650756
45424891
73088422
57158770
61572029
50277876
42366980
55369321
23241796
70382176
46915240
47365847
29764118
71036647
75971034
50172806
11020767
15728294
59268456
42897647
75013960
63067362
39405100
44245283
18012548
48106113
72352216
67293401
77063824
15770647
60622431
59369692
69273083
24682780
57257851
25749143
29136956
29140010
24443890
17163193
28597206
11559844
38839422
71925750
30064354
18510014
72361379
77535970
67760627
14300156
35983847
77707387
39181259
79217982
17321301
61099028
31364360
47516545
25299436
28295551
60545235
17712712
36896933
13880120
40707593
42557573
50961849
22101742
32254266
54024285
41068261
53390314
69731264
76384888
68197813
44807178
44136771
39720561
31162887
28114540
77295680
78535252
66290732
40754579
59946429
79761597
58715110
48384492
44189936
57324741
47683223
15768454
17954463
38446450
47085456
10458912
70036762
66892393
35429184
47021587
35270486
50180790
58973265
79910253
73337564
46973978
21348144
43462118
51279868
25874109
24204556
18471788
39443219
25679335
67752618
62827717
11460266
67312412
42310742
36672096
74945051
74635551
68120974
78425163
42240421
64449426
12388253
77575735
72480282
53543257
57335719
67163595
35589413
57220484
41596639
13649510
76051385
30109931
61400318
71409367
72144931
43640962
39116014
20334808
50651405
54575875
39360193
31334523
36699877
45682036
41174279
64251724
19962076
45654198
52633121
36032463
22840651
72648013
43033659
63176895
64130589
41560472
71243092
57967801
46636918
14605487
58189542
77081944
59313671
55294287
60015376
64392672
57447310
51255510
78175365
64137244
37950885
68586857
33936952
78172261
25198255
54235852
58043506
62004508
41468619
67788055
27061917
68934938
28802427
66362796
18828739
20703523
10514864
69509717
48834738
19712883
54055928
47866432
60319907
34942879
60088652
68111026
71915906
19891853
43668725
33131239
10780664
79194245
28866281
22629112
44411357
40344300
24346409
53613990
28522655
32237803
52006498
18650790
14085907
30974102
41255414
58523879
30596366
37230001
63873101
21174804
26196171
79969711
20591893
72203649
74731069
64034102
33869795
19055125
73547729
66239617
10296853
20484384
21066252
73621238
54859629
36254792
47000345
53174676
41048862
63854070
15469970
66496041
79031994
63840091
32522288
12361075
69904237
11295673
70360130
54313929
17455914
74641722
32712206
27757403
47898034
68871779
48760287
25745550
30873093
59509934
37356412
61641422
71974728
22339302
67976235
13764059
56522934
75561056
19162565
69965882
22623872
11025085
56630302
28397407
79874367
72276731
11876968
76446962
31477967
24182991
56593683
14156571
68318660
17585402
15868335
37969023
59030770
29350979
55207641
40720141
29933233
42338557
21027146
55030956
33550039
31178204
63095736
43388769
37723327
38667346
55589855
54267646
21147895
21428680
66606433
52857300
67842233
57706462
71715034
29303627
44411754
79665914
55508765
40932734
23583487
28942103
20824142
34603763
37955757
36408136
26835276
42017802
75291501
16093379
51810081
63757000
72288592
33157789
61346703
46035384
56731148
38189452
44974281
17642057
52298181
26100354
40563352
26646414
75712174
47375681
36237260
31378993
29256002
19450622
13242796
71501668
23742548
58004976
27543682
47585656
75884334
38147161
26676649
40156472
42316589
25738130
10777718
59920599
53967024
31568152
69490902
50535248
61153036
54456566
78804555
53645770
59280660
15586216
13659854
69192840
13656056
41706517
12603888
53501995
62538768
79501326
64424642
63614400
50078974
58059992
78871943
20600687
67539151
73511862
77355186
21556413
68102950
49422970
76426661
49744651
25686550
55280564
21546917
64580148
28218379
25236840
79716126
45903045
27135022
39951355
54496155
42792958
53058059
22256016
40661121
16354660
69584468
40815675
10224192
67009524
53919648
22303157
64947537
10418357
29103657
61157246
73657275
56487807
46845227
27600724
59772585
65966078
20632118
10873972
70518900
62550111
58000323
60461691
65025652
39457991
23669671
55792521
67896128
11166250
73968320
31827493
75226294
33210900
75316888
42298601
66325010
22061908
46304794
16334335
38146200
35170549
10620614
79866024
79637529
16525098
21181207
61577311
60757671
44036161
67567216
26131098
62890887
47789327
15874335
71907559
70717290
55865974
58201522
70838437
62345419
22634410
23363482
32333035
32852854
27815151
16964491
42226137
70411280
21263761
14334652
74245783
65355633
21260536
71848278
45648082
10727682
59259354
74167447
38799627
29910604
11293911
11345944
23863629
13311215
23624731
15956902
46885100
41343848
73208668
36154865
16013633
32277624
44314269
66387190
13400980
52764529
64137453
16657438
75712736
13863183
57851528
78679028
76632597
12709062
28518039
25717242
66031878
49885109
65578708
72244992
36200639
42341692
53263386
76446052
10922207
71467751
33979206
46054999
48824187
58646414
47935892
73249786
30541224
23879749
37178710
36090521
45626889
66141480
55732571
40966776
15925027
66594877
64274721
31839717
60738041
15476761
44888823
34807336
33055650
74235741
30392697
28523918
73447092
38026765
13493119
44362182
23505349
71895253
27165417
58033889
44786708
47674540
37399151
45295655
17911210
61438730
66820241
70690211
54860535
20043137
55350577
32310993
10452011
57238843
65380961
54620756
75274067
20292336
72089600
60472821
15437285
32301988
53254021
75561476
67454436
65404751
53900334
64556786
51790991
37259089
38646285
37696273
56837791
29142954
41495715
22411952
61497100
32433819
25434143
39282299
42094874
19061000
36926708
13418115
18776486
57512132
39440239
21225457
25710203
22394803
29548781
35081976
39714777
36886047
22867944
17764951
76251350
41031033
13778152
57574186
60773800
14751953
19762566
30896881
47260602
10951148
66933560
45626105
26842650
34396866
56376205
25156349
13319038
56289673
23451236
29876114
72167185
67576976
52972621
38930361
31038600
21317377
70395678
39454774
78482797
75841401
74427906
43224781
12603177
42441326
64834774
55408177
46247666
28917345
71485390
12198906
36252891
30240401
20228745
78975036
23045805
42686616
36149302
18514994
70398355
16141673
13416304
11476832
15895966
74699873
20178661
59842356
14555326
72148673
11681280
17849543
28066638
72819750
67420031
32307357
40289335
73379307
44056659
17358972
44828916
10943940
57813252
57567062
30658942
42725037
71761230
50129925
18394542
65621369
14856437
19519278
55663995
36145051
13806937
61487426
24668640
54116311
62339046
20074213
76736775
29094590
56708345
66356142
76666900
74932768
13084773
16852417
23074134
39191620
20963369
48095204
10185431
50219104
36356312
67151920
41509747
52351580
68124213
67437762
68393838
49473917
18705840
53867244
63395817
35198524
75307983
32772175
55060039
53046949
44749313
54340407
24921958
11334327
14062763
58637931
47500311
41332935
75371276
52546995
26407753
48636773
32657163
52772139
63149323
75561672
22164491
20304840
12348255
26887155
44680148
70523362
20443281
40624882
17925248
60116765
14743470
35460173
65858716
78835514
11173615
28477543
13910151
48625233
10605963
59884162
48277913
19271173
68932128
27744057
37785890
33747252
54895465
57478699
42753401
33913369
32144647
23807510
77458807
66632440
70529730
17561898
68138685
21924464
56254274
36651686
27950003
18600442
25944471
62152708
10959193
64930608
62865973
50305287
60305577
26986139
76323689
57893632
23943820
66019570
56271520
62712362
54006968
57611399
53163923
30732008
32625642
64469396
58627514
46135137
76573896
49369225
40995021
17859590
44819802
36341177
36290653
65998761
35663835
41002871
59729745
35063460
22016653
24589139
46936523
77398588
16927003
57366171
29281280
32319163
30428589
67521689
74164407
58487512
21267820
20242703
35487216
21582373
11465616
25312950
10839476
36622171
66207947
46088641
77878181
12655311
63417590
15685318
47651399
34392982
30146988
59982468
67312776
40117405
73936476
65449545
29006681
26869639
72068308
52558022
50480197
39243997
38491486
12912381
11854124
26233630
36485951
61641287
66660389
30174184
56356564
33889752
40991867
60436548
24109264
16742291
16440159
67289021
22819532
47607743
69511283
53827198
31681044
23669328
24170141
22627272
43781751
75311965
11779007
71594715
14285845
40829689
68282805
65322984
38053723
27302612
75047545
47075055
58905168
67184128
19918542
37974274
42806529
54686839
14990347
65109833
23261702
29994421
22456346
30873145
51257635
70811875
53578351
31271104
38286507
40160811
72481009
39791358
24893305
73056247
71640962
77131625
16212303
11550215
44342591
54065291
64308147
46441102
61462771
77884525
39425678
54716327
23202374
25274452
68465644
20550233
79151366
36881750
28434047
72309470
63834968
14832977
14228500
71265592
43619407
25883984
76204307
17013369
70256273
16694418
61926403
66354767
18814793
25891944
34407236
61632067
37257747
27818816
37529613
29876021
26941228
38361784
44580987
22480606
45770073
25999140
50186487
55100227
51122210
70888816
16892546
68543824
47544994
72721141
55266154
43632789
11438310
54334971
25047689
70536409
75102037
53227082
45111937
36800046
19728029
58446086
63013304
57416071
31489232
73044591
51049335
15283114
79224132
49885446
60882027
17048864
48554140
61457690
30854482
45084701
71441258
79151021
34224658
36650216
22594617
59514644
21277454
37926290
32368131
18862138
55485332
29965579
27227326
18113631
71858884
66361971
70720766
50179890
61297457
39492909
67399981
18136722
56487513
54674140
24410436
67135332
28763664
60835202
58286994
15423115
72137777
31509915
17478321
12442052
78099527
75887312
46096754
64911729
59327476
65014663
37444891
31567008
46021779
42893661
65812292
28632678
64968952
65267518
60328675
43784414
24433383
68380532
45432945
40561053
60545815
76346803
29573028
53000987
26789396
62256700
23264434
55081709
15318062
13051912
43690116
59528071
59463386
56449623
63655781
63355914
69016217
37552076
58549683
52110637
30807061
18627626
73159072
65904735
51283157
37448066
61670285
66979531
36326043
31430618
18349662
52726931
34079750
72930601
24340218
21902400
65712297
77231870
73424471
57071257
61979413
76202583
48715302
73163384
71360316
41808074
39600123
30348457
22577864
30423509
48707679
34045146
28977363
52061763
42036033
32846774
42899891
58553501
75887597
25487804
68007027
10620786
13319564
72820020
33607482
14939256
38591519
50212773
65666109
66210993
34310263
51380418
77816941
37810058
77857574
28554298
67378115
46956657
42697104
76635795
26980664
27059655
77276809
52127608
28958209
52724450
47941678
57133767
49450841
46794304
60502952
56122063
53596874
20870231
52166702
35970835
29864121
20174055
62267414
50198845
44125398
29099953
36076316
69444989
65731060
21482006
21155369
22673675
49185838
14490198
43385848
76377559
20819768
10189858
27620732
73155925
20917274
38709449
64036885
19185170
27062784
37489049
12204590
58288660
57361709
40608016
25038749
58968709
31267869
47125891
74835755
58315796
10427855
11678049
38269354
21268920
61849862
31213579
78302736
15729048
33757316
13409204
43094850
59554918
68727754
70169562
56336723
53371573
61464137
63518551
24239672
20962849
71176581
55341458
18270361
35432025
18759065
39116213
56825918
43956582
22776124
28673087
37784946
41263849
40821796
13974546
77828073
47152195
36621938
70086225
41102767
30303400
24905561
72727110
64623763
30470110
14249113
58536565
23143641
72324722
30766872
73246541
17179877
23985950
50819509
62699432
42589231
22260557
23770649
11270785
22609070
22718899
33019624
72665490
20337572
58433938
14838513
22706192
13726376
42776192
66891397
67730376
22067205
14756846
68706878
51163755
41584133
66552378
35838024
33988676
17960286
49364855
54801916
21501694
32162605
14730802
24409898
16169595
29570528
47611502
66262946
57723691
31906283
65040921
14971768
39149286
19546856
29818486
12626100
51507229
55020478
47429540
42678402
12551104
79474533
10551189
74959731
23445025
79640511
13221052
53572667
59930425
60323187
26400533
34216416
52547507
37244145
33081270
64403927
12847946
50790214
19403834
34823067
38954571
52673827
25248936
54489769
70762980
11389806
67150993
78413753
49143261
60571479
25994639
50681397
55394690
35379398
29262608
36603936
73973572
78869132
74155094
65096796
38790676
75718392
17173886
50282766
52925591
11410354
38965891
21452958
40371608
47019280
33922935
40148968
55408169
40027039
27784964
69015684
58341616
69887776
14333655
28809874
24183811
52197971
34888175
59660441
53496722
72749725
75237865
57645568
45448091
32569851
31880546
73739378
12584921
48397226
18310988
13676972
71613988
60502133
17154274
15488023
70339889
14588666
30172408
28291736
45658875
73270040
26045426
20018855
61902326
52607831
31569203
72498969
55731750
15817432
31727119
46040248
27526013
48128528
43686754
72902161
47160861
50915904
13077162
26926733
72653140
58215584
40222874
63092691
64438700
29322955
68246822
44282074
66834759
75928874
60919760
44966857
74028614
72460613
14157484
26714068
25066695
33223698
56990707
68934206
17901215
42004548
29748533
37239766
30730068
49842905
44116203
21252132
16331909
43374331
69490451
54189005
62837444
56454340
20944743
63456151
69741626
22262058
56521610
62034187
68785271
73551078
22557943
14047820
52939005
44365722
59713939
14987013
69185072
24352831
49835354
66170232
50574215
54624678
60269602
23811629
46079367
26331672
60400114
16571588
60093110
36233382
62092362
73920626
32181276
54700025
18068387
27222079
47566639
79138510
54625555
45104279
76164179
10581748
79318476
26310945
50721351
70931654
50449795
21345827
28366802
26958593
60360929
59556269
49392573
14251631
34823867
65211669
53976479
56520023
10766099
54544976
69277169
19167907
11343658
24330308
72986074
22172866
60901881
12854960
26250944
63747781
55247915
30454254
26433208
35037032
65509777
37723915
25340362
54452799
15632226
18907498
11863202
70950413
26460880
48003242
54736642
21535752
74852543
49975595
65960972
34937750
72224812
51163279
73900156
73664666
25882682
45878491
65051837
22406571
22907958
41094768
57043997
36961682
48690910
67721191
69307637
47773631
29180387
23415934
42593333
39536223
44799799
73346966
62912882
26053928
55275851
67361790
69174595
30698591
26068245
64211058
31888217
54984052
50077712
74039366
35342554
65495061
15375374
14128952
13273815
21801014
44082258
31372563
42957492
24953429
33744041
24068977
67107462
24184243
33693244
55026384
62061655
36429519
20586528
39995838
31641614
29737493
37885259
29813323
45484115
48013376
20512018
47861066
70839776
55289969
55150552
75219611
37035287
73055008
15204884
47279049
54574167
31210586
79473346
63817748
31524171
79206335
68844471
34337009
13374962
51628229
11193521
58216690
75664868
51366081
37895002
27995723
19471775
24524295
41947668
56002244
75433942
27000712
24108435
17356605
59407388
53945485
15342304
35815756
27145927
31680320
61182486
46349238
34261278
39075899
73051974
43085916
28232759
49436740
77658331
38558214
12736615
28231528
18398227
22796287
54961367
16692244
45630807
42467913
43152054
67738327
50984892
21853102
62109743
70777673
41264387
38149532
45592421
51984938
17074069
12155272
31199558
34656149
44531390
56793787
79933491
71758029
57376745
66085099
12708521
15618025
67292284
28585754
56819500
75502259
78094056
53848421
66073805
23158493
62128564
68824616
10903303
12256885
72611800
14610088
12945446
39925104
65682896
58187528
78459285
53715251
63462796
48354903
77423456
13776480
17479703
39667548
70723305
25618155
49513915
66049075
18419376
50119810
77924644
16780461
65539350
53191448
23409482
46125356
58903084
37715904
20784633
53930890
79397685
57127274
70994269
77706699
58824046
70467380
11656919
69107726
49848685
14945067
12573209
39083527
28662353
44560997
41711819
18273326
38090246
61745565
47388696
46097036
78926660
58364312
41112616
70474141
16991227
71815598
71887496
18875219
32178774
59476078
76174846
54759477
58212115
47410628
38357779
55486607
14189456
15435316
75740412
60360360
23337238
61674767
15343505
64333734
41785104
10872699
58437573
18259182
52850344
49278050
71188571
74114610
41775773
63671144
51042965
59067698
65988764
50634962
45523712
34573036
62483701
16691106
70970910
79135098
12364023
42749234
53829635
51283347
79546610
60767295
60355634
50350532
36525722
13247487
30653925
12065537
45701065
29180175
59707813
12620012
67707113
79672516
44556995
72034865
21673498
30455912
32127102
38851171
59222243
58777291
59727995
52153702
20394129
27595440
12874901
13598209
66758623
11261808
45307931
40038345
33526842
38554915
33060598
17149805
15444219
14939970
25492607
78432303
76120493
54853064
20506273
40039800
76514487
28580090
52116151
55194028
46271591
22598490
37141975
30170848
70414034
69322921
71699146
63840224
43730612
34825697
45443274
41990978
12895570
49496239
52714969
16922109
73954216
22729705
28149406
16309854
27079674
45538196
49772173
24367510
70216457
62696650
78834742
10901165
29985820
39828359
19888759
32379807
12236053
21802190
32277214
45769751
46100374
39347954
37321218
49385841
29803705
66043219
25047263
14155543
41913792
32179951
45535246
13816023
46909177
32130868
68613254
41389213
10791824
47841682
71910233
25411311
48444428
78560210
18401857
26669166
76083664
29942322
13056134
79724679
27015861
23022676
17460919
31973078
52021093
24719952
78776632
59534661
61550218
47987717
47168998
75215097
67031605
16154879
59157325
74854870
48032432
73009054
60656389
58601162
67333517
56644918
75481717
20714083
39995083
35401464
35964552
40161501
22166545
27512287
70887172
47053589
68698689
39457074
43078520
10392172
13667600
45196296
46603538
40899417
22551269
43798550
28719070
50703145
42949019
22626966
35505190
13475665
79401139
34719939
17587516
16091947
61941292
16839552
28462609
58105988
77678785
26242606
66227633
76349903
43540343
58110985
20148461
71537319
42144872
62404586
62493694
35990440
14287860
58006942
33284942
47913986
53313939
21164331
52825014
17067072
71025322
48736717
20191606
24748892
22727641
72086678
13910775
79618439
47810263
76006408
29608913
61495237
57904042
62872953
25744935
17052119
62040838
28941395
17626802
40471237
68372778
54388349
52762883
17870275
72605024
55541528
27735995
20925624
41110091
29363820
21823576
76775068
79149303
48017726
78292357
60520951
33904333
68198763
43799025
42834800
27413503
60690522
49410459
61243139
18184024
72677053
19680619
59764356
79146380
64392531
28877146
39921090
20334037
21890039
37905617
23502140
32651635
50932170
33811567
53181069
75777418
45050013
24751232
79741628
43178697
63925271
65281045
70680133
47996303
49165000
41922466
31963093
20419468
11516641
41037591
67596559
69360442
71423285
51007135
12033180
78466604
23740158
11273400
24932055
28538268
69973565
29907358
31287909
16328589
63976021
65831112
46769168
65769255
70897553
11140116
15759250
33652330
21403589
19135792
23520486
13549242
67072577
42848631
33719556
25995189
42715181
33485754
21523145
78743028
58565738
34994018
29188768
26645783
51100384
68531988
64768434
62807981
12536841
22620792
43784906
68562082
21736355
78101092
43674317
72606592
27209196
50277949
64196133
14982523
58742456
55749574
27174365
22997193
48555118
35146274
44573642
57269863
14422137
46634599
56624312
23193907
24857101
13804644
77188787
74005258
35641618
25517983
13684224
38267454
43330468
75159271
79962569
33984380
32842479
45655070
43597406
14130666
51274214
64264085
19424478
35611514
24235739
74922539
25309912
53814603
24803720
19433409
21458922
66752866
15573718
76070095
16499272
68677593
39286488
30941370
45165139
48023635
46365350
25043622
18061518
74542980
33971117
71345512
25054110
20917358
41130281
66834905
74636664
58815670
17785916
25559507
38002328
29536282
43909758
28134720
70969509
30539471
12366246
30450961
38067048
59508702
47049485
26294590
62383943
22589011
68490758
11528370
39072260
11473346
28087747
69139295
73840488
37955115
44187817
30783985
20040254
60334354
25609455
70046614
67379901
10887304
41010392
25306298
40313492
65978969
22230403
24572141
40607827
71884522
14757096
26239694
19082152
63443739
65675228
32600723
47731069
59997259
28718230
35177747
67679536
73804916
55971381
18446943
19001553
36373231
53602875
38083395
44715776
54868477
68813524
45979410
58778658
40533001
61925222
20163396
75285228
76382888
38156739
38898571
45735959
10608710
12283760
15305988
73415816
66641125
32254739
28358705
54048519
21309052
74972312
36821357
47299150
39652195
13152984
68809401
69333449
18923266
19922968
72202871
38872476
41418492
23357280
78652816
63079505
50655528
36003098
75319176
66984361
35351310
53077797
35243631
48816771
68672619
65423438
34078493
55333540
24324918
32435278
31323579
68235553
37266366
24510982
53115969
36433901
43595378
56211000
79804505
58929842
77096796
47729274
50328312
57334814
51404750
79794697
49861925
64015690
39225793
48113745
10305681
16592164
53452765
33757834
32556297
18564134
28303883
15898259
69463138
79661257
30945873
26624654
10423449
19816488
34549001
37768505
36095916
54128647
23934052
49505566
45252636
72550386
36287995
16833100
66747596
47828520
42877063
28169731
36355092
11224767
41319508
47892536
49222225
65076148
66746477
48386648
12400679
74336097
62189319
51971964
46513179
15344778
71578919
79851753
15251512
47962153
75528661
59172306
62399245
22326158
74350352
60472015
30544104
66213214
41506298
76844123
37179673
22500258
55661971
32438920
59513244
58991848
24758633
41113896
34432297
19102170
28716505
73176064
71631101
13865662
33175423
37183466
17691993
71802323
35322953
44939095
37955556
17460407
49462186
67265536
27156832
79566351
14154947
20363721
11998480
63029392
38108240
30261400
23725873
71739235
36929689
70621738
72082563
24506735
41847802
67965918
49723474
22395366
48861749
13212106
27349523
18370669
53514656
26007486
69664768
11241107
12965060
50383637
54562993
61828309
41985361
65021351
12870508
23454713
31481565
55986308
72598559
17699590
61152063
74788746
73860708
64129593
76960653
21744729
44125759
12441254
74569643
63987615
71241907
75744821
49175871
76110954
37224034
24761973
55960184
61562006
71365679
15439891
41662657
67841595
66435262
66241881
12966607
26528200
52608451
10733756
65013090
37732674
30328025
78369741
62432713
49548658
44855547
13416539
76917962
13896933
40185063
57006511
72465735
30399386
48681844
10745299
41465970
63779102
70247283
60722400
36470619
12463914
36674899
36144978
52420658
42329052
28421366
10529429
64484268
24479893
38475372
40441747
74463337
15047238
58346404
33246725
12763235
76711534
50304354
17821014
56066407
24938628
12694477
26885746
50927527
53253508
50290426
40549092
41750025
47957901
54781516
73550360
75517631
55626709
27955503
55599059
37904621
13603287
53707204
10214048
38390424
63939857
53201675
60900231
30128583
24076101
73080819
49996409
70915899
19737681
78934091
44460418
13082340
40528935
69216297
29231419
36057847
61863380
51731210
28927001
30591674
47159341
68838844
37986746
37466098
76445610
37455564
10005068
44334137
64977206
61166010
64148824
17274824
65698507
41012589
54804429
79420089
75954041
78622921
39693758
16693970
54019564
28457712
66869089
33563007
45573018
45845246
37710448
71904778
24446120
12482536
24604890
72723488
78664363
47029252
54108414
57638783
35717168
38917818
50818992
21037043
20573062
30707675
40074747
69552752
43769210
66030579
61431716
25830611
31653712
72954186
19108879
13964047
48097656
21351844
67557610
18507278
63404641
43846032
45976052
61065922
25181343
26594705
76797644
58967217
46087762
60719815
11007877
53295398
32980677
26506668
69923808
68419939
34517142
34951125
18319581
46753402
15728056
25913996
77441389
64631838
73511556
17623414
24100624
59436258
31232293
29927839
45936290
55739475
28724039
63519678
72204416
75285162
20211925
28302017
60289095
41461796
41831316
48760099
14573919
77863657
71303738
70599965
56989091
67278090
31983821
70485088
73665986
53728128
79657042
76329957
28187355
32034261
49989248
38772520
51469005
23421486
29712675
67019598
22046631
13669423
64459746
36823913
27919175
63169473
21874028
50472380
15225790
19159928
48455875
39631810
70292108
78873826
30487306
12632133
22117696
43161237
79917511
75933747
18934724
15288342
22590793
45523877
72635435
72109552
71330331
11861097
44310716
24785062
77880381
14685139
32734882
73834071
13882603
50541468
27158232
42145763
40980534
50544945
44068912
33834999
18949728
43142608
71943332
20124487
34387168
43112690
44517845
54546713
46029542
10852522
31011519
55615009
58884045
48947696
24611475
35546669
33736708
71237152
32568656
50273740
53384211
22156854
63878485
27111627
28588067
58928575
25896459
31666657
34522559
39747359
57755800
25819161
58073563
65141606
36260350
74020978
10204795
16306390
64418145
28725752
38694475
76569827
33505617
35027496
55768015
49318526
54362160
71869007
60474724
59167344
61617293
76251292
19116306
72344491
63243222
63694150
72670869
25687507
56813005
36450204
28704637
45172466
42808153
46006365
28771264
42027069
68438091
14326119
56120186
19334148
11948243
55299589
49177973
56961452
32788934
65083835
40710443
42957163
12609646
70617518
25631913
55254676
66879893
47470758
50981277
55142789
76687480
77639683
39947283
68180895
42457333
46005558
10826328
74916147
10933322
41754907
32554420
32444557
21830719
75052072
78297855
59025242
22146183
44155568
42545899
22026641
67638257
59987028
44780274
31612112
37939770
45422124
20882939
53278725
75730790
66406282
23861689
60427388
16065002
15411482
34780718
29132572
41539865
14654617
59138442
63079194
37150422
44185942
45311243
62404335
48955838
34761674
66463306
68088424
58094192
48406476
34638070
46960547
12163060
54909010
13265324
29310826
38560142
68254501
46442090
50618581
45368026
65346342
16166346
39998525
75857475
45674483
57018433
12177120
26415528
42220672
56565018
57036084
67632964
40665530
33158816
19256751
75708560
34179379
39080223
44637168
75825820
70624626
71664292
69918418
68843783
50922351
29092311
70499396
15336663
16900308
21950896
19388492
19764614
30161075
49325713
41865089
52839466
49476900
73203514
61947940
65115473
27077539
67262632
14567446
32767693
27473249
33116141
64707921
59972419
26528530
22314554
65319667
40199796
34751964
27005245
60822533
67678304
17427853
54818635
23896563
32662219
33227375
25240818
36355859
18332764
73864060
62031160
49843174
57267208
15664727
45117384
17895094
53842922
33343576
55796937
44515893
77033435
20503534
66572923
67458025
35940279
31916088
15142736
59386196
77947598
26464493
46800631
20602078
34501786
59446839
44443787
43692449
50774872
44998575
46496185
13389697
59710099
17555217
75495528
26322265
49669721
58757556
44375416
16596087
63839446
60215743
51118766
77938838
47636931
44722401
53128966
54442720
15594074
16780565
47195579
23452903
47240459
33693361
41693888
23228875
74400642
60860204
71368963
41573214
48286939
45751634
45737967
42944952
13765904
56288098
43688936
63867342
42619099
62377698
68266364
51071828
34649143
30254544
75925125
41861834
45493966
19891308
40414676
53505304
16993705
51112719
62235250
50900447
72275966
26181302
44753343
13949169
30553187
14302770
24741263
66868072
49888376
65840373
57012645
69875636
71848460
17986142
33584023
36609609
74698410
34791679
31553896
43852833
34626080
16565810
53880884
25829331
40406718
58390238
76553619
26728929
19565531
56496897
52552275
50172643
19094520
31974205
28683343
55043044
66657400
47847261
39537916
34901371
37106877
21618292
68922085
51359587
79445571
39874640
59031132
52638916
36199751
27106051
27135377
75273457
66014174
56304152
30171216
64544953
53797443
56610408
53459399
63167482
50402236
71483347
29549994
64236952
25605684
67366364
63748938
27072089
31761993
49498114
57047663
60387767
56933642
16789838
24635898
15043589
70662330
75934352
27447104
58987525
40137812
14322755
19632406
14041656
50442822
34619354
30431390
49699168
42246838
70135583
49563083
49962377
77663477
44543607
23422767
29284295
38400686
11006676
44686639
78483575
73121343
16911796
41182036
63995674
59956132
22568158
21651580
42198349
61087065
14626659
33829115
12245082
10344033
25731599
16045852
63066408
22915544
26779860
51497145
54276718
74382376
17039703
69224835
69227339
33418118
67830805
16954294
28937174
30692355
67162444
11284379
54849267
59435845
50403255
44214625
20103754
19779253
16870049
57098780
76494567
73751221
45613160
18814541
79007337
53284803
55821308
18415624
55543079
15469938
28149982
75727474
16338122
63160571
55450605
69517301
79073862
51517986
69760871
12938989
37004432
73867116
16290299
57415945
21173774
78506994
79681917
41006218
20550360
69698362
48341564
11598320
71347208
25577107
13715131
40151054
36004583
17665975
41941832
57163457
43299516
79600532
65561076
26872945
12651149
30705814
63572456
68500516
72149783
28384269
54161108
71054017
78150935
79343087
15770646
53130535
13105805
12501679
48198373
67703975
26872527
77597490
46544686
67956952
36626206
18195941
10348512
74138371
57749404
26807355
38276181
21069926
63769175
17563434
39454415
38386779
44339466
12440996
54712410
44549119
76963078
77760111
59067435
65822203
43911198
40741157
59957998
67122593
10956596
42876676
47495932
41287556
77681159
41610144
25579182
70211846
41321375
59451564
27232181
17780986
36365439
28302914
43757455
69726661
57317089
30656321
19225072
10134447
24981254
79686105
17793459
47878835
33435091
35358605
51113651
53832808
27268594
48940707
28488609
38841329
45927294
30802178
70797378
42305759
50325698
71241689
50126252
74184899
50050909
39162891
48224964
36994314
42128133
31592907
11091943
33661669
28816661
59467836
45588235
67569668
19683152
63100466
10977053
50205537
79634461
69397436
67676542
64551466
11129148
52229659
34120873
15004091
17554231
27594372
23680912
42324276
29496045
20100479
39318096
19343868
48701565
70882923
48940445
53725264
75880839
20628430
73577765
49977959
71613129
71065282
70892432
62172186
24627862
33675800
10575956
63925795
18245604
74652553
12853920
39010629
47099245
71108400
71833915
67862940
63557277
12949803
58947615
35658971
39316950
15005307
78040794
58330992
36782289
77889413
41908997
10706024
34121266
16536592
34426437
46250676
16123210
72089793
28158457
75116014
70419356
36266349
15891455
13943930
53866071
52137408
11816810
51719028
74447875
65539440
76108765
32865958
30762623
24433884
17100892
26036346
45077514
32440783
72714596
74909193
51482744
76113891
61904269
52721685
79803029
71115733
45682216
44706044
14681912
14868018
29148085
57095085
77063293
44018442
63248870
34719166
24407675
47213162
25520537
15997611
15817167
16328162
55757597
75007043
39824058
61021496
71524181
64356295
77622272
57717949
40110966
41110697
48877707
57245753
38966960
72384104
63259546
58586038
36471296
26450869
31754399
18914626
30132518
29225627
47423234
20868483
19620624
70464511
59790313
15609750
79613339
70979847
73074304
21134739
15059526
60066617
31183970
33626529
18053028
20578254
44044918
18833890
36850846
39519423
63169673
38097047
74304817
68699734
11435472
42638036
28038517
47874782
53424460
59457960
63340837
18697551
29106221
75452041
23974417
13421082
23695089
70588703
22123928
27198536
78323812
28266806
68321108
38095830
57724882
62230274
61026263
37073963
56038454
52915911
49855596
76158217
59300821
14028053
78485698
49001578
42045008
32666301
63917589
54427671
75436544
77023962
41264556
34755120
25398493
57623197
32636655
34737063
57199007
47102735
55948659
59808898
34284768
24140084
45663287
50382148
61131305
33721960
45911831
38455519
11159931
64987123
49820544
26611704
44920620
15387264
52661257
47140156
78848820
40309152
67017154
26438571
51768072
60838298
33007294
39529850
14427866
15057787
12734314
21044911
15186699
27320311
17720143
48474095
58596580
22822645
62023688
70854534
30027418
36947347
33442810
23441563
49229231
39833555
60870959
77774776
52266466
40739290
19333903
71138052
14180527
27702325
35750362
25170582
66580053
15682641
71937437
59887022
43876841
32642535
46591482
68140358
35396534
61130791
39165750
45750739
19348700
37671063
56457857
34720644
39358387
57472526
12345211
46537333
75802914
20862672
11929616
41036680
12566431
25684279
78608813
36778112
60149848
15249057
28862455
22595904
74417101
22302109
36035491
15858277
38864842
69266355
11879967
28797775
63277459
13106229
69380256
51428989
29371638
67527778
16309890
78861941
53045656
33250154
35029135
31293904
67563048
33754461
79530924
42507352
35769487
48679107
55823201
24983111
49379036
45221911
63536072
34599751
21301086
40907708
41204256
15394189
28462518
68680062
53802215
66583513
69641211
79028459
78954093
12760081
58770402
10129440
30694270
71156348
69700340
79932505
45247536
24087310
46200160
74389170
45321610
71995435
19764191
50455014
65884116
63472370
25478865
14596261
23688234
65588729
39636907
64502856
35472199
64282606
51907426
34749475
19638228
46868520
16730268
57208270
42929130
28372880
69404405
54590643
27691366
44468162
65962301
44509693
73776638
51110418
39896929
69552091
65454479
55876180
43668332
23729340
68791454
28821448
16177841
16028418
63767591
35427291
26303470
63254693
69068788
32823062
26389244
41555049
55824980
19943273
37829420
71803938
66629934
64679013
10181256
26260562
57876489
30402408
15816233
53719258
63958286
55243665
16218575
22441015
48830937
14118543
43481806
45624245
79969309
49855664
12605353
40457258
55744550
76386238
29857244
42449008
22362022
54953136
76733922
78162999
78004252
55816338
39589897
39051569
10283214
22128790
39914251
37493750
54753527
26009720
37735309
63846880
73803209
46844248
15655702
68439212
37948004
51396107
72792201
34724022
64118334
79998027
30527269
44247525
44810492
61904300
51957655
78090955
36487168
45119883
68009533
51969966
69415751
51379246
19192136
50587989
78510946
23477130
25766887
37529842
36026108
71761814
47986611
11008261
47256768
16838707
51576951
23047988
45409669
76632318
39649309
56351043
72366290
48978289
49210359
17177957
58415051
48306376
44787106
61211091
11683024
24997485
34962604
13526519
15461801
26355711
16192874
45595258
61565377
55186578
31018074
12655565
46843738
54500139
33901837
50417126
60489721
65430168
38835487
18755614
77332647
42588827
51822273
25954890
54253415
28229802
67608911
24575626
15155816
43210264
57697807
74973381
64359108
67108004
61077242
17009697
56014486
74348865
21060322
59543976
47789654
70689012
26330780
75734950
24566274
51694702
37641589
69635592
47843790
78375209
13519407
40044330
19497990
46849899
57699278
28441671
12277571
63852286
75889431
20877490
72392498
43088419
78093886
38012413
48414444
47362021
72860187
45951815
72157683
78396820
35722098
67305306
31461738
53824780
36227964
67726759
67006822
12399191
52508810
48886138
57694388
68598792
53029067
51904801
78779297
14888357
20588568
47185466
23232898
59533621
35351079
22759251
41950817
79434334
60819084
78218563
45967465
31777697
49002088
37240697
30206506
65815103
73431289
71507003
24027162
34705249
61293910
65399468
57225749
50521430
44330726
52835724
70104734
76703145
46612813
15025747
56435505
61907603
30562771
77300681
78293271
78215146
28438273
26733551
36759877
43880753
23225587
16770036
71371812
68099862
71858240
23872248
60409649
66973007
59336363
57933489
20825552
27807014
17266107
25782162
65631674
30948236
47064291
76540173
61113659
61307603
66373521
62556334
30171383
49197102
43404327
69702062
23726145
61687370
30651549
13766058
60759503
74420253
56502991
36571691
56275262
25602710
40532719
24795849
14158972
58574395
61754420
65058420
76175246
70391330
44124678
64937155
56023683
20287728
23345067
51035806
68872987
39993353
39738276
71498584
44429506
44848157
64876646
15761083
67430031
45711251
10351065
44230636
72750902
17265620
69331658
16398468
72889353
11265162
76667828
26943447
11501674
66381164
34913882
70539107
28286146
47426328
67138122
70689371
55309204
75001975
72000636
20646874
54922492
70681943
49971078
30861594
40092520
62099933
64596566
21408143
12197566
25441090
39000426
56684371
77773974
49642360
57036783
76340224
72583682
76313269
23289132
60575083
51746105
44043638
26979712
54616642
66997470
75925961
28711111
66865237
10096228
22896098
11634371
43833272
27448588
19324627
48785270
69187156
16636465
14806041
17402490
75538766
26921094
41937316
68993677
11684248
67873965
20830485
64939391
43404362
21688396
26677682
62446318
12628990
74751029
70188155
25366125
57052202
66595903
38804860
35487074
55762372
63543515
49593271
69902631
63512855
66009429
74199964
58992747
11886579
18594025
71379737
13230053
43652269
18740756
72006847
22797982
49634483
29223301
49740041
10456821
39778356
44867311
40248926
65177963
13959199
65406348
42036320
68396006
45536346
62422190
57844659
24009240
79127577
54958488
68449401
19005701
16305625
32712872
43954628
43077770
31950469
41567441
38861914
30395712
43587801
26566455
56744296
19579241
52781047
36421315
65018420
60912233
39148335
50199196
74781431
52014646
12490765
79259202
30714003
29721185
53469922
55024581
19828380
64710648
61015070
51071459
69220518
61887931
74312177
74869629
61023224
79446744
29477946
71339806
51327439
39960964
61217957
54729260
43020867
37575363
69453256
29491652
21835785
35524490
33671923
22538803
76150514
47369189
44232932
34903593
25329365
20576758
18657695
70216763
73437697
45861691
40962178
63150969
64756527
79565673
30920046
39770145
55725139
45767618
66092017
72179315
49152150
17806151
67324076
32854740
20657232
27054105
31421947
26437583
41751948
59712497
75201847
71985128
20700660
53749434
30387727
65871180
33738179
38594178
33946183
48408439
23273518
44528115
43835131
19601002
45446742
16458564
50036272
43991709
45492143
23576286
20109809
16107940
65915244
40870305
64670275
78013117
76057618
17007443
63897700
30441656
16864518
49964612
69627144
38331426
79343026
16782241
48987689
49549694
17601195
14217626
45260974
22629919
25874905
74775608
79124734
66231962
51375620
79722175
26536937
31610407
35475049
76670947
10532227
26651147
22590064
34828240
12264873
25779594
35486345
25322503
70404921
60839010
62375967
21361033
28958036
59765801
51278493
32801490
42669136
17762951
43139996
43681890
58118742
75800495
63030916
10737551
15951433
73459536
70612164
29315374
24445837
60440584
57052889
19800522
79367283
70396567
57883578
73083251
73788208
49450528
55061927
15397369
31276990
16198320
33596339
52961918
37808214
55242751
47535152
48761549
52989654
35322008
47279569
42943058
68496304
49661250
23606211
28965741
28648612
77170345
64297140
42756778
24308883
24282443
69215983
68818189
13464270
68278976
14773444
31387359
49330405
51275848
15725735
27266395
24024952
34419438
73657033
31599332
25182676
27929261
22383679
35621898
62220094
61580979
62724578
65844260
30250732
28158358
67666122
40434268
72600755
62699377
29149647
10534380
23950069
46703105
77291478
12624555
69053003
37026616
45627474
42762812
18179769
30132719
36870680
74537547
44146393
66883681
73239166
22280068
59230753
75598808
52862108
29724127
17172768
18581857
77274842
58851401
50230595
39538510
64646157
75245556
23997530
73147649
39119790
24842244
61310030
12511699
25415804
67921228
31400358
17296960
46199725
38567284
46177622
44032349
14623103
49886291
54007821
43330718
14880721
70127805
56998810
76854355
21269661
71251388
41030701
48413834
43400443
32920550
66126009
37880120
61606247
30355767
70488421
38524360
53583789
15420436
37189561
64764490
67243672
35120915
18495360
47422377
72069586
15906345
47328514
53809768
35370464
58586165
60371353
32656162
72307883
14306233
36767821
68404575
12505515
18664270
71358515
31358570
22658572
38055658
22469514
17464155
40382956
78759243
64681262
72904860
77648541
41862550
25171983
40916444
38381943
79925610
32351693
68669645
42106748
78753216
74598768
76116346
15002505
17267075
11663800
67007258
25438644
12009003
69039542
66430782
46504447
56224992
22079009
17605385
22078678
12904490
53587097
58621702
64284067
49814520
48215199
50428394
32111568
79409433
52915020
69021415
12827725
30632853
49679566
17302865
46780085
48363700
79346841
70035985
66846497
72022770
53134698
30045178
48529912
18209877
14326675
23678798
45757628
50734242
11098483
63893891
33495504
57587297
34191510
79753083
26933760
78632658
40333463
69657158
74708162
32274544
39570398
25111897
15900666
52828839
21612818
35776372
33436699
68043243
63409724
65031498
56122572
58220194
20582069
25189079
27813428
11025955
29217239
21908541
54626310
13146272
28014105
60602612
56557610
11719435
20175209
68586244
19587522
14764581
22893392
32299670
41045619
34700380
63493931
63857495
71473653
33445283
47478818
41016443
74374245
53174591
16526327
31562326
15831807
36407443
72177787
34115813
55251906
70221946
43667909
27455446
29249419
39506514
61395779
43098845
33847643
75918267
64803264
13795750
24048602
11934469
50397125
22551656
40103069
32023653
55797071
67597740
35253822
54914613
27358523
68248636
11176840
51785407
43032408
49709916
19381195
31087120
40715351
24218588
65150964
55194547
62157302
75651674
38667305
61890313
47068900
13833124
33183723
37763940
19971668
73184364
52076317
12528410
71381991
53304268
62677393
50430073
10240013
27946797
24370809
48110745
24992661
26663615
40298672
61680638
71600154
57339624
31198271
51958849
58406609
79215502
62093130
74202394
33492718
62145561
18555355
74980946
45557857
30947258
70393474
30690613
22851436
23571681
18396137
18131729
72359600
75135845
65441193
33540990
56578473
56691610
65227594
43012541
17700555
67330471
57230465
60347605
23270950
66599600
53884322
14908836
22446315
59031310
69237512
13208436
65705080
56705931
36037741
66129895
40897620
30646638
73784058
37499179
48361258
46968295
57561726
31177539
10565835
75432036
29560403
10423645
25301310
11169175
74452338
50700299
42461188
14512071
20012642
64304178
65503426
37243094
69210405
33045791
76443873
69431481
41663939
34898329
36405062
44389967
22247353
22097138
67099235
56556860
49327307
59376771
64873632
49344928
10785489
11280826
52829390
74795507
33324915
48248606
20924845
38417117
34035376
47202650
55407490
15381975
70300849
45558176
55648270
24869435
65244051
54759381
47409555
28534279
36570524
19104871
46112623
30989657
19474337
69609355
22647247
68756881
10161031
23677906
15714743
75081112
27274128
24464444
59273470
63148845
73132082
54912694
42569463
11233647
68209255
51200149
46129959
74092379
32848068
17115695
70199190
50500863
42070962
35838469
40279010
72436771
50115334
33086455
34439087
41465050
38644306
12446952
56591092
17869726
55410856
57062399
53676766
36712982
14358110
21487031
72583814
24366357
51373638
48221692
72587759
78157728
13600803
42823377
70604239
47348038
49699536
41596733
23791698
44986799
64953876
73251554
51661392
68127614
34861060
64576233
39641937
67389016
37438966
40814426
37271013
12429940
44183468
13171810
16807486
36475380
31200906
72442586
61422444
44049402
61360704
75926379
75168128
60578630
19205353
28115903
69623626
35460788
62546924
56592907
35980585
36956080
27085316
73946240
32518981
37608331
46314326
58655767
29699694
75880907
63773843
20256058
11363124
31009015
13424132
35028580
10080823
65909963
32793850
67064349
22635519
14589773
50984156
19037046
29992275
31400139
47910953
69213974
55639378
73277970
49701134
21278589
60750748
46722873
69385402
51904167
31308087
50763407
40083005
77106379
51643466
19570027
31638618
34869618
27365677
67067144
67321928
38444100
54202392
60215738
14560916
23157401
19402845
58248762
71920015
18583755
15896712
52709899
52347834
50751054
26202274
75223619
68859200
10671425
20916484
58030720
28233556
35704477
57171314
53477248
15158103
17477213
62888314
28764345
79983136
64505307
58517651
79872495
74835962
72472394
47151153
28696605
14205530
39620909
19032417
14166677
26204940
29796126
79066240
22587547
38570099
22957216
18428081
13522397
52431529
37520423
16863483
34935559
65441010
22388499
66830799
60153708
53657843
64279600
63281919
36142637
72223404
43533177
68233836
76230302
10617371
39789945
40264557
48234310
31822960
46088332
72385198
18227005
42140647
66895844
14870484
33304346
59501578
56043253
44766643
19100332
50709997
49947112
72195834
70290151
25985970
63395574
62774190
66040343
34880952
27043851
19567406
60350731
46880219
20026406
36454520
61411529
33349543
22329091
16892327
27659145
53976705
45072377
22295907
32127854
38058124
34247746
72995527
70925381
70867566
39602443
40210623
27427491
79677344
51289112
37699872
74805354
47316633
26346270
15326880
79984117
39569483
46769716
45901985
63567744
22210379
37503742
33816904
66394709
37004927
49216635
72585500
53726413
28413723
72201302
71893188
33386008
26852134
39941838
63293007
24649414
11441325
75257644
11862328
23631486
28140272
54531458
22600552
34426236
76827977
18692446
69866569
63212797
65720053
60255378
30333129
57785069
56933435
50512706
66024967
45585242
18441681
78123210
76368303
29491977
65580529
57190774
51056234
55397702
54476280
26458819
56479039
71460385
64583321
15161620
10980669
59317510
10968618
17565004
72871512
17100660
43088016
21673069
27337862
75284408
48633209
39404294
51571094
77898935
39148499
64881867
23737533
19861893
71942752
36553478
79128303
28821794
54521318
51243771
19045657
42413499
39010351
45987001
79781125
71003712
59104771
79310443
75892583
47002303
77424449
63577198
25360831
34983543
64246052
56463777
63724044
74747141
33434627
11018059
23849361
34222349
69169157
38455951
27687296
27669412
51425564
49846537
28343018
36957710
30469566
51964732
38751934
55304204
65512274
52813245
15087675
33352915
61996527
68032994
48424712
28685705
13528715
57102675
13481292
71099271
47538649
46100961
41149324
18724633
76266620
17570781
37797753
44175602
34974150
43706312
68283333
26486907
37382491
14964480
66957717
57169229
35423755
47637618
46301454
43790456
64782846
67147907
30869095
44600873
33386554
55072329
65078204
45510371
43679227
15012929
23332832
49796617
34815402
31104167
29096484
51847593
49237994
59713073
61486378
34804675
51163576
41167135
11241940
21641436
77433002
76717530
54563756
17570617
36417387
51423387
58207498
48929554
45112275
75081200
13887899
45668728
39727252
61102144
29316624
77167519
24422288
53280046
18054537
21575796
47711207
40574641
64305994
28601101
41252238
48477290
26172265
33060687
20403035
75401233
28923406
30543724
42627644
27864540
52950866
51103727
40046705
71703377
54642891
79040872
23816388
78211290
30278720
16325456
41422598
10756038
18444633
30704132
72425273
69137792
58915321
25757804
20407007
31975035
16155446
50607670
47992534
41190588
64033095
13166207
59181096
13355984
32115192
71247583
25864975
79366518
44512836
38408609
32544211
67279397
77150174
23054415
61323800
26729814
50541990
30320020
38996529
10398998
77673241
65767169
20102188
55302398
49058807
55277425
40459108
13096294
37455402
18211707
41293098
75554109
23110082
12621747
53443125
73809206
75214987
10325147
75014309
27623945
48201030
31457876
36569480
75352863
62496841
40802605
28265248
72567082
52195861
24664961
60278910
11541206
21317636
34999147
40895277
66288958
13231890
22618671
24209964
17884823
35775560
59646006
23253480
28331494
28628412
64559015
16758101
21821269
66355892
48231657
79492265
68461772
15706067
18035492
67536416
51845269
22439081
72598885
33202451
49389478
30546954
66475452
51989870
52141726
11924902
66770809
13174000
36832776
45390244
42497112
37158953
25658596
48895171
24650616
58103881
22673781
72796553
34422979
72060641
76532408
16452163
49019617
75938876
76340547
53252009
18354386
73684266
35311842
65960664
15434871
46967073
67065723
70670321
73125391
65960478
31634382
51352819
78253277
33739173
20276179
70921074
52563388
46341704
20901560
34606828
78627160
64869820
10953161
54047272
36224755
61676728
20275115
17236424
62726962
11249090
67146287
13412630
61332565
69802915
73420692
67979512
72530212
48329767
62868487
55995987
31314763
70510005
10504979
31617884
22263180
65371049
10344839
23808830
45018370
27134901
16583024
40199312
73904926
66892980
41290105
20226031
29144990
40175176
20208317
11429906
37466737
72096676
66775026
65081466
68142598
44429378
65552603
73037202
41569375
35252550
36265284
65338821
17582133
30130610
45327495
33302179
47752376
28550135
31756282
47854605
11090886
65814696
73494588
47241779
46608934
63585548
79561356
22508189
54039094
19503595
42677286
12875635
62995109
71419801
28165135
47276675
74282641
69499791
59961356
38563873
55700530
57672753
58416791
22538684
41898479
78599080
72622161
55021852
15371285
61172095
26324222
51632328
42299076
39748760
47506514
26507462
15870064
64452711
17966312
77121550
18177014
19154597
37626278
39109434
39543074
53472141
38868992
28835470
54829190
65556095
12944041
47447692
57646836
61628905
24171084
36844689
54335805
33684910
64098653
24315080
40705729
29865454
19350271
13587276
50838950
56191225
10205228
44038488
36668145
19405443
47038280
26775444
73837332
11195392
46122504
14039194
54829504
75122236
72822133
43918173
19117780
26078785
73846839
60778412
50656358
22442514
34724863
15458259
62105602
11812199
74411036
40245894
23480930
11285201
56581058
74932811
15684011
74498491
66669346
77430363
16629470
67608836
69609430
12881384
41294865
57470874
11979369
54394198
33922528
62063631
76582667
70310615
79640140
34919473
33842978
12349972
30660569
11859470
34121242
78045713
72111759
50859865
14724286
34232896
15428182
24033372
41888251
70580343
11433328
12057617
20211720
39120326
74386619
42426445
71367716
12530817
11598821
50750070
43307813
62756083
79412163
34753979
32507239
75749839
56813124
42127933
46284766
18292655
74776389
12490027
13938644
23557002
50193398
53920208
12908760
24632197
22000342
23192103
71343948
61720555
35641593
28980457
18572235
42389758
65453767
26667320
40967116
47580626
71487839
27419180
61074287
34075100
25768827
29995524
20696024
44572170
41020042
34307223
18811771
19919803
40940392
56089384
26598645
16099434
77333504
68973756
78726811
76173556
23114852
63258193
74641840
48226916
50739024
32930758
34535439
44292523
42441099
30917023
36392555
29726556
21408745
62143477
75130172
50417654
54608303
69593304
17707596
24738022
52018236
26569930
13795331
16836679
70844488
39658130
20721713
34000277
64402768
70244764
79379126
28484400
52113864
54461442
75102957
59367519
39602219
16696985
13233757
66805032
78864056
70579528
43258643
79165680
69283038
60027221
47808452
44230894
31915834
33800958
64741491
30447904
56106082
27290735
52850019
60983414
23721785
56217483
65763168
50690982
76215014
17759145
74761569
26345983
27435268
28622114
38261600
59503995
52904974
51233492
46682013
72275382
56415659
58730718
74666782
46478990
78595988
56865585
22624902
46256536
26873018
55995074
23164193
27893774
72974563
27020353
45239055
45935895
68434128
26179601
75622520
39783329
75488570
48749609
28665688
73081335
69645871
78159876
40099415
36439507
39021032
12281681
46134073
57772378
12077169
46001159
13992031
76002391
16092108
27180028
10395476
32319963
57878760
37185035
79249834
68135210
67324630
66659046
73775868
41545292
22099460
73337065
10296141
60691450
73582885
10770946
24467376
69957807
17262674
31552671
39261130
28314145
78652936
48460520
75663104
49012651
39475315
34168113
47743941
26572774
21284977
70700905
33605702
59780422
73235279
32814544
65908533
66705422
29775366
68992399
50893250
45065339
44388773
52144645
36720721
51398351
77612131
40234602
76532242
23811821
30965916
65085009
76684897
18457512
74241433
26283527
41823849
26650066
54275214
16222157
42198770
62364144
71465165
29032313
18011463
49910594
62062555
12292857
57287907
43223405
38366199
26193960
59607053
11226816
65590824
67811978
66640263
77086877
56563991
46142444
44336571
15720970
36421782
60886456
73908878
50363931
45531687
54982639
55380646
28317203
38583800
58388162
17023592
50575767
34400528
77351848
67987670
79704435
23335617
14593450
43823592
59832827
58528748
23138414
75662688
17766701
27022304
73069386
43379113
11593579
59458026
71776411
75588318
74280037
71648160
20536789
21632647
28581601
76743118
55782763
17177316
56432096
77827101
64330964
20213426
35354502
30758585
43831143
26718588
29977369
25183253
18491949
65971957
71533866
63742949
15356289
10634968
50339054
37796608
56441385
32123509
74049486
44211824
67893387
32070440
10954221
27216698
31453888
77648493
47954360
50331370
39591655
28819804
66112653
78411496
14675223
41234713
18707286
20449333
52474144
74011495
40694335
45590261
42191723
65244258
21658688
45948365
69955832
59027901
75862102
21559370
20335604
67607783
60130667
50232594
61313279
69447044
34914098
15990798
41277056
32355012
37739491
15013061
47348133
31542699
56541687
17855959
35468617
76937644
66858718
31332218
58530962
26728644
32423802
55417548
75470118
46555159
75940832
51664735
41254615
61891716
57373446
72915712
47140791
66300568
31214379
30823767
40845294
67532098
60650475
23354666
14433159
40541960
41192076
25961037
17642856
19819573
50001183
31167109
69104300
41807027
33962287
23857791
66206763
20681604
45167239
33127471
68636827
12666554
60847503
54393671
40536139
26392295
46538576
26463154
65816696
16261645
34241803
14044818
67751000
16100586
53899702
61841989
18491903
17596097
62332783
78438916
28569654
25387694
62404964
37025051
66976107
34681294
78026817
