23553259
23482744
10192847
59766596
43635702
69421167
63312604
27292586
75529460
51403968
18806782
19301655
36883077
45987563
75857089
29926415
78839657
25180363
19070706
68021411
58823002
71293248
69567349
57589462
61051431
42849170
79833344
31927742
44472526
27438754
25882866
29259479
79992009
37682909
32300271
53438448
32944526
37735171
16969065
21950586
70041945
23024502
42271230
30728890
40189272
13881508
31546139
62125754
65165492
76716691
55354789
12209387
72209818
70828468
61264583
76804156
73314669
76077017
18287027
24537450
67199141
74062978
29420831
58269235
47988259
36487805
73211403
64620174
74624158
10312907
22051150
23553723
42210924
67600336
13591169
14576002
61748975
23144861
22638677
69055384
36039128
59955935
65237954
77203958
55527333
24961047
45020985
76689871
34811698
69683884
13085120
62931700
54549972
56518831
30027501
37115314
64090411
60390543
67417942
51999760
62872830
30778907
55397185
41892832
44671759
62392060
74761614
43873498
30715667
70095636
30167154
15567665
72319154
60279705
56551962
19558558
11385824
74853124
10801327
37913858
36233016
27333160
52159663
77812458
63634354
56731969
48267549
53140966
71783390
35955689
53793139
13428863
52228030
24382475
18324728
54137882
14637703
21212759
32670091
62026756
65947834
66092763
29685189
24566578
72504731
66042425
56110033
25829759
38679641
59650521
55906564
35424346
31485470
49527366
64322583
13722826
16879539
49169481
56941282
44493489
79946268
77616212
76668913
41751049
75751507
75833745
28796719
38262552
52182228
13081628
43154656
47041732
60731032
22414674
44398624
67335768
20729608
55600090
47534928
53690475
44081033
41185300
62131352
41225129
22535819
34215135
79589529
64962462
19410119
64906793
23098628
30180126
30629607
41243593
18184638
38706038
30791727
76184017
45574174
53909650
73010750
36908091
15929409
60183018
53130532
25590663
21185223
34553243
62945239
34870086
33664418
38190388
77329972
74043364
27927936
69499342
76392433
15521618
25332225
68676450
27257685
47644320
79092982
16568804
66084232
77286072
72097438
25873736
70393675
78419564
69629206
67799851
77648331
11350683
61510873
67792272
54307010
31578726
38985271
30718229
48818390
38364138
57303323
29576439
47371954
28572325
65073773
63297322
57032868
31023602
45112697
54768469
18369560
32610667
51776151
77289960
35014701
37404792
19687475
75324930
68108018
79805622
42224512
15728545
67549605
23116415
71675397
35833364
40972575
69257468
68219630
34613622
18095987
12692248
38639402
38667711
71808961
17526103
70869701
70292845
18341585
16880280
64425783
56121211
37802650
45083424
38077420
62400288
67241019
61759722
54466728
30527028
75852325
65411598
27421943
33152154
42281745
30489217
28219661
41219016
75346933
54637918
37926408
22582143
21652114
49459040
23357321
55161522
42525729
72155831
29868986
68630747
67528404
29962119
43917631
60720354
25101602
73905602
66506452
46083517
72457662
13731302
58246744
42375947
70351149
26096858
35430813
64594763
52139190
67667137
46843775
35379155
67310053
21490400
54705698
41785129
40899862
63985310
78356105
19243824
65843360
40356664
32734564
64576136
12627833
33658681
44494641
79920602
10419273
52471723
79471105
11691821
24701483
44818340
40487411
78266859
76624118
10271634
11115053
56211795
44936196
76878178
65092981
79276810
29391339
58161469
55062830
72210902
26920777
28676559
51979032
10944827
62564742
53524121
27711695
36361486
47132255
60850893
23349343
37958927
61346217
54990583
24846352
43855156
38468238
51664052
51414225
66448843
19468207
77103786
70254414
58895424
14905173
64638147
19334228
21154708
20714960
56980713
73236496
53237674
31248098
14255695
32344981
57310570
40833263
54243836
72307744
20401139
32170090
65012351
71863915
23764007
43487835
20422054
65056633
33864947
63420227
27587204
65852028
42078626
66026794
26888599
53509603
65877730
65369674
70194216
24543575
77974676
47594154
69929440
60124133
27686694
65934698
29787320
23047278
14801887
16425997
63579699
69844590
77641933
18799727
41237688
70768128
45241939
16615479
62400221
11320991
79464394
42840734
39219758
23389333
56679484
38422733
45164958
33472714
34626060
27724340
72286274
46598905
31064606
35799560
35831971
60734250
50772177
54863731
43632402
27674513
25125276
70539304
19489512
58335848
17678983
41748224
51654937
11757857
46370286
65384410
60550779
54178738
23314491
63101786
74305923
71613765
18716098
59974367
61903006
29163219
36162686
14521902
54343814
32789150
41439243
60537731
27776498
73310725
53210154
45377021
22286327
10101617
66507331
10351649
42713009
67034283
54168338
26494490
28327506
78054426
25738139
61574028
75211271
20660171
56795435
21206188
10020811
41594285
50074257
18511064
78790617
26302309
25677043
28701195
47425758
17149237
71347119
19675282
10420095
58339489
68338873
52506948
71048529
21036610
54397626
36901974
23395472
43656629
35328446
71819502
56999794
51321655
24924673
32778034
30214412
78198224
32479175
71670837
52567970
42019156
41057833
40933719
47035441
51142699
16515924
53962149
27396347
37857381
40542203
12105701
41967382
15066872
53044668
35645178
46763158
52531268
38711579
28871240
46200655
60936958
74609422
19526921
55567820
78599594
43302664
47867590
44051949
11679720
47222828
30814183
69649564
56804232
73163107
46922145
13737663
10594133
36644315
70233538
42397792
40343516
49799851
14159844
22799595
67657415
67021715
19638236
62997005
30202477
32176749
73184362
44685029
23010814
53084960
75650685
12511816
42193148
35724340
78821264
42889672
15980783
56321500
55739290
73366906
76721013
75135541
21050327
62252595
66858876
58421249
12380550
38288340
33142480
19135609
42430267
22538583
77578216
25277380
18635422
64247471
23220284
64607616
12055616
71618930
67079556
20589049
26531580
28803859
62061444
18924834
10468470
24570878
35018144
50698513
73935918
53605618
54352062
31587325
77368431
56412401
71524677
43754980
47846552
58594600
76107885
56007868
42441948
29372060
32343945
15061269
41488818
71285568
56477381
53781733
61284092
11148407
43104502
26775889
70645477
54258623
51609995
67868694
58826187
28603774
77947167
69399618
59649213
22744393
69675093
25274813
47231855
70544946
31344636
55869524
71767843
40433930
40571782
79073190
53431769
21720082
70164847
29480292
42542890
18196342
63889398
25088428
43811533
19487817
77200332
67503862
67808035
64518864
75446221
60552731
41370234
34528721
78982315
59173103
10504505
31803490
57088345
12036950
21910522
27400665
44892117
79925341
60997796
42107590
63428908
42181918
12293015
53669895
21258502
45977381
49341329
34480994
59584184
19490603
67876905
58303493
34323128
27130703
42770140
22832986
32928999
71542380
62017346
19843989
56736138
42626824
55841651
21722101
66705788
65063500
58984709
48326936
31656178
56357593
69623691
15526989
11921429
20988961
43212464
42294264
18303123
73522991
34453332
52232568
58626300
38271338
65914355
23788407
29199580
68940582
44133866
47027501
63063994
25519933
65974671
20227306
78114202
38339043
52021958
39363909
57483127
66271024
14320344
73798244
59565011
33375066
44354052
11543859
45872082
18182969
45196658
13533283
67013489
51209256
11290083
45384211
69022704
78301369
26475990
64983915
29595304
69645907
47135471
73250698
57917669
23979696
69480634
61912837
44416860
50167192
14835816
47711362
39552593
62933154
33452184
50468535
64519636
55651621
38119929
16913877
49466540
14918921
62134678
75062872
58414015
24323035
72832521
31455185
39394758
47616813
40852873
48859963
17840525
48690635
16396730
11366296
31720328
19460711
67897358
35544462
65103150
67378972
36639133
57164808
22703930
31408828
51247606
49486625
48686977
64626117
10085108
19586138
65018482
42015437
15209197
23210304
57960998
67751030
29730871
45563519
13496760
64917517
13462217
77232468
79824410
58193741
11816118
74843356
31450796
74651288
53755082
31927306
64176503
79146439
73965236
30195814
10731869
46905905
19512810
54428737
79132863
67992585
52906503
58034344
60105877
35554470
61637290
14038035
35384439
41510165
45169263
73669651
43842751
33120562
66650836
69178823
23025179
67868548
30517947
28985624
69390672
33313188
79760940
39330858
42526475
75028357
38201071
66855007
59116999
15621906
12023942
41487143
53099146
55116238
46879603
45249747
15004243
19121971
26816832
63484622
32075613
45085372
58430046
60600730
77319554
13232533
59625457
59532770
37679521
79176269
33430101
20964750
30674207
41428168
21349150
44098835
12200217
62144668
78391404
37439057
79544597
42447137
70985860
76209286
33921530
73263554
23039615
53392590
25033530
47787582
12196236
28379965
70339938
79855311
77505668
31635703
17722180
55785605
79643417
47187490
38412789
13764818
36801109
27336957
55313726
25726408
46923235
53915934
23773356
49910902
50952036
57717737
21399148
31650486
21281460
50886134
56518020
51339268
33506004
72867348
56604749
15119211
70938789
45967847
12859356
22090550
25934663
38452262
25583758
22532323
78945712
21559205
36923404
68270091
39677532
42817513
47398110
35879729
77398970
10437845
46148696
57664656
42639779
32127036
57728246
40315349
16339288
15224984
62489464
69996331
27136619
72868088
33567474
44478768
63721627
68655935
41667950
78138242
44443160
77280570
62903404
58577396
36605901
42932497
65253814
48074150
45382894
76642506
58730186
28221501
28537180
19505305
17499113
56241308
28102645
61717586
54533464
20066360
68667557
48346862
64659938
50585897
49360154
10958231
62762165
75645419
49982126
63739444
64897666
34590439
38051240
24048384
42964358
72783991
55440019
50651844
56671368
16658306
27655581
59676535
50474228
75027864
48156904
76378513
53958112
30077422
29063815
38871127
35339624
38760960
23254378
60189363
72363468
73831404
68512199
72532062
28148247
28571270
31414675
66713073
15922166
12647773
33637673
19337782
79831447
38371670
18361662
19956320
43337623
23237705
20054157
54777563
66023745
40667126
59437394
76933073
54841003
25523784
56962611
29900514
71730035
64438492
49481107
71483760
45854167
56178488
51757775
42687728
45828012
25103433
71944510
36225039
37061141
67961716
62044740
63213406
18139829
63767123
25616816
78447000
68408758
19624579
70970576
24442292
57421647
51917317
22123423
67629480
37944110
46463976
10314965
22668548
24618031
50574392
49275641
49511562
68418552
18235506
29167093
62502535
10577870
44084040
33599644
27903509
72441515
27215422
63654955
76753439
10266818
17367429
11331152
22926857
19439019
59777795
70393312
49847338
35366943
65541704
49825386
10545057
27192511
13343738
19294416
64972683
57808229
17288799
19533077
21462777
35779355
15792803
72654424
64516624
46393349
27911945
69175486
68353807
66450729
10120814
14091451
53263202
30912602
35595641
58167982
63515962
54959223
42381525
70617145
50286494
11279521
33421911
24424831
67313896
70967727
27836483
10818122
65164804
76550036
26169670
64711731
14621821
57161916
32889180
79138754
76703247
49673063
55950415
65044353
31555285
63608546
14621686
51485224
38752386
30660288
41374438
37672275
49995340
50928426
36721057
77204353
60621132
68678534
48092745
54890884
27053109
44671799
79268510
61323707
15707436
40840863
32466786
61704448
53370795
11739985
52472624
46404002
16434212
36990191
61707247
64860291
43948936
41846340
62791213
72961229
70322376
67576302
19671419
19355507
13795850
70175246
44464138
15364913
52642819
48055129
74713801
31636465
24989516
33542857
22243248
39998730
10864528
50679478
58695364
21439212
19343814
48287732
24494273
49783021
16851296
60351471
22047964
18740554
59240897
70951051
12769675
13682520
47879502
74163105
40783260
77434534
56136480
66297855
34199124
12031081
22117187
79786350
60568840
42038969
79139834
14194706
35863959
12036152
51620421
79956490
61808639
21693012
72781931
56801141
29221333
12567519
58538108
56276976
47459199
40995545
32253982
57589775
68893208
49572793
24200765
22888032
46534855
63359999
68356019
74984496
72763978
60486370
26928078
34509931
67798823
52856999
11753382
76667079
26857309
26944814
59641226
68749607
36305414
64828249
15615705
58338155
28237813
39804246
62157452
16317845
25172187
40655329
77104168
12116255
69834558
41287460
78547759
64202556
44029114
73795722
16087907
60691322
16216897
46530079
63971554
47574806
53409682
32177247
55146179
63918127
49696804
28851814
60550062
69361618
49108046
18309751
74987387
54973012
45393232
60537860
57350290
10668732
26703736
41374458
78832599
58995229
28850013
16400465
72084259
35753483
30464715
39934173
30666832
11329244
25422120
39851772
70289020
65705655
22073299
44382755
23314472
74963403
34881546
71815935
70887877
43047354
45877659
57170549
33400367
57366434
46152218
15744500
73593771
46685718
38548792
42567015
41909594
52571177
29983161
41610547
63744828
79477857
72345549
74814824
20800643
78851322
19659366
63772835
18401014
31745877
23921856
69773190
25142477
48874000
53634157
30091428
30641990
27798347
74150573
74197447
30962702
48824182
59863159
72163977
76666296
78855596
76152585
24410690
51367070
26055619
25303322
43373149
48891960
16374834
26018465
77591845
77864203
10249044
47708615
32856690
28906883
26817977
58094530
42608344
67020009
51059095
19336561
23845076
35353826
54695444
39497830
63138826
47324264
66287954
69304307
70243848
20235084
15509888
65627294
20796588
63124126
25857947
70372666
37888307
13384822
65127838
71368536
18993370
57101476
41928124
39782435
56382408
25044310
65445362
30436439
79060682
44793332
53192574
77647985
44823003
61017196
32827027
61875667
18241415
47664037
33532972
79379791
54374601
24982182
51843607
62731652
61947225
21455395
74655749
24202041
12444535
30659415
33203048
62790649
47516048
13472937
12889662
28905645
50193828
61312391
12225071
72836162
34980510
67371100
31380344
16901571
43658075
40510833
62500395
27338587
46306394
64938429
64937533
51826607
16246977
35992677
72320454
60986249
26600876
72023446
36893965
75452310
45280473
42123706
67686088
68974411
33302426
32283402
66204359
29399305
59813324
78544492
17450338
44534240
65889683
56004474
56028169
41931730
51944655
15468064
22352029
59546905
70734642
22858231
43141278
47055879
23985451
24780614
34186587
62085751
64497615
38190244
27403781
62883715
49300760
19734797
50128160
74980459
20652684
51618837
56400464
59104007
62360902
34969400
50871502
15017275
46796359
47321891
23585407
36916766
22327758
24351662
78147993
69888755
32625577
70886315
47070802
51893263
36428571
62565357
19336218
42418776
16191011
16673418
37095182
46898878
71455725
39513408
63712028
51920975
14611218
31423553
24899113
36576760
79194681
50266301
14229107
70178662
63570295
73232157
54521695
68162794
38809262
76948200
64486724
17725253
62263098
61478100
25026333
62088007
50398127
72308356
11640817
42972971
22994923
54561987
65218414
26669462
76249920
17829693
55185736
31325138
18942458
58024701
17460572
46127636
51504506
78045173
50941390
66673084
16527724
15340600
75142759
69131562
45594844
62702206
55469782
42625593
52747450
54348687
54557342
39564902
29177887
50323713
48485415
56449877
60209957
56439926
41585629
60148490
64867123
28432227
20193539
31823771
42922065
69624484
47830844
56722092
50981860
52788768
12114720
37513364
19893693
23724593
36010831
30736955
62690661
69984691
52553640
58773202
73222958
75268604
45386001
54790875
76204781
26431098
76804188
32303044
41579204
22760178
16132111
61245046
44617116
30545478
15694786
31988345
63457317
66312236
45523535
51039439
17125028
42385983
42550684
11354882
24213563
17542315
12889003
74671243
69501054
73532607
45792296
36915623
63340908
53343258
24479723
56718018
39351791
30106838
15093723
48101576
58463084
40293622
32324320
27619244
77903223
79869931
17913544
43553511
52430988
17568337
23568153
11731141
73134595
67701011
72075397
38972398
62070165
42420132
67771338
60690857
54742448
17488527
22018902
25500964
76101438
38386395
79624462
41155576
12706758
28516268
28667145
19408236
50442675
20140590
57804600
62574146
37715756
15730369
20544462
56279962
12864888
67066835
11070706
75510660
30354809
19178122
66171034
39376154
63416030
78021823
51604543
64483167
65262584
51042206
58427625
77775755
26842023
55518211
61461190
48847152
46050564
61181552
55782000
11827938
45749400
66673868
34691744
12852802
21136554
16836526
22548014
53062119
13345297
16723774
49460199
38360017
29641546
77619424
56672636
42980429
35466354
47454360
23411339
42437652
40798435
63931563
57752754
54293030
60049133
50218167
62412282
33840045
11774175
21686277
16126915
18459447
35477980
55735914
50305603
43846284
66293635
31285110
74066924
61348110
15402539
62582962
34480132
23344886
58646154
79410046
25740659
13310417
59278720
15550681
55227507
15041714
36039014
59752483
62510511
59222903
15774107
51230578
44504624
76453048
28356067
35109247
21367037
26526927
70126419
56101364
54509080
16907592
16386002
37147250
39575219
52293308
12779006
31787553
78531884
68776778
57017235
60026143
37165250
32669861
79548666
18955179
59569127
45503476
12295213
14446788
18142140
54533153
16849570
74108624
27018012
40070054
26898212
24035597
69730207
39655763
43117194
12024460
57611507
61627199
63258682
37381855
78968615
72524573
39121835
40925304
46275816
44829690
72916336
39683381
12494273
29633155
43415615
19069137
27871770
65014902
51549585
30874042
36459905
46022457
65308114
46951479
71025812
13223370
13546294
25178900
59624136
45526770
49281862
40748900
44557459
16077927
32420165
11518394
60752121
26083367
34998825
59618914
77624357
57021675
62803038
69038776
59943189
68966401
12700653
68943865
43025293
65083752
34092823
71094140
44371880
48415960
25726167
72121366
18913547
56134868
12521202
43849440
45025679
55885782
24615108
65169147
30074299
12408496
26296095
45528725
18660076
66811613
33184815
24038852
19186285
54613652
54160901
66611683
43705732
29347815
36211499
79645320
46597472
40445580
40763969
27683601
67123335
70932452
36138846
71593608
33436758
79145488
49706738
38647605
57607414
39304533
77671949
78356142
64453319
65872799
72684277
42144098
26500619
16287006
36829072
23280300
60251294
26693627
46179306
28775334
47046694
58756110
16086446
55393901
67555401
26130310
41936993
31831130
65444157
76765963
27776670
61475481
16017034
70336839
11419396
55106383
28363093
66661440
41448966
45374625
33674728
39924684
67380883
47505420
12104979
72713207
58568043
78672651
71003388
40918608
42594271
65672092
25374807
42247664
65456611
11721770
34947246
24165471
26760335
18981528
58032579
75831146
56987217
15396999
42285019
78033148
10799526
79984467
55450156
30569756
71424401
60738033
32643240
74293852
14097714
60395599
24305376
49821872
21897029
63127616
71876570
28822053
20215658
39265076
74886054
67491211
57154076
39463525
45476435
65727876
16408799
53058911
19304824
38363042
35593292
55920162
27035855
69178912
15291305
51043014
62712623
70235872
11987051
26373364
17081546
39885720
38939304
58011479
15124216
31360993
27844834
35066356
78137265
25504102
70392394
78594504
21871265
65523155
44228992
49065883
55821080
32355184
40350739
68650475
41855465
46432439
55158404
14353542
61208405
14876498
19222807
27745762
51389286
23294943
22643069
51573019
68437049
45634290
15703594
21311454
70989883
43809123
16442099
17592211
17632423
41136767
13706346
41737327
28170748
20824800
76816164
54684100
10273419
32607623
32269607
32306614
60503685
35615701
25645465
29034247
41617056
40213063
69378154
24593484
74086008
14261020
78612494
62055845
25728852
49525171
31684315
57651568
75993623
64819096
69631901
47327171
37752587
30899944
45460416
36426766
12254139
14375278
47746059
42040318
50767879
62408138
69741690
47269882
73706398
53906125
45608784
46614183
72295715
48900696
48697667
14037318
16191458
20156765
56762289
62435801
37372035
49180047
77570987
11622176
19944475
37139169
47136500
37372680
34464529
46700886
79319037
38473014
37578805
37066235
62555759
58031395
72086748
49573088
66897902
71299230
26349686
34198033
33017654
41454460
73019032
66302051
13872538
10773973
38717170
44799688
13405274
59135092
50117019
27249958
36952377
29375348
37187501
21935409
14353376
12077037
31118268
52291336
51611769
15357791
32953704
28626592
20785040
59267468
26121532
18870858
62697072
33741585
47203312
78072853
52040611
66224161
59941843
69725690
71278617
37272397
34947379
65043962
66731808
68981511
76846348
17657774
38545092
25603088
66165678
59036922
12527809
76532381
70123103
13555116
58334358
64350230
69800589
30788786
18235381
10223219
32320751
18274086
69851884
31254128
48174175
37642829
42635587
20215127
64532069
36434188
70068211
67281353
22664157
23286619
74803190
52509627
56688034
26192451
62790877
49594090
40935923
50229371
77633607
27212628
11778950
33903601
54566968
39961431
15440188
58598777
19873457
70584680
32750356
38482924
21865112
26834434
11370106
40625724
59760417
63536742
39112294
55303172
31365838
10231643
43634644
42508608
75153201
73364461
65875210
68075028
64801577
51873000
46443468
74141349
64744843
44213531
28082034
44420634
38961157
55673768
37333351
70723857
71213981
47486933
57511102
28305407
38384357
46594241
10196504
39813163
27495089
24553113
74375281
27121541
28315966
46539948
19929930
49526652
48894030
61786161
11716168
57321759
19481311
20693932
47884716
20830060
35579992
12790042
49086141
48659681
49517951
41919672
74094510
25651902
66835266
24253912
56042615
52777107
58564226
26770436
72048847
15640139
32424537
73370850
22449210
63073448
10877895
43491333
30127376
13503646
38893912
72109819
43518929
25833772
25964620
24532804
64661037
39795032
74169786
69853158
10298342
47758726
55494618
44403700
29409351
16841639
47579922
54157138
57146701
17034333
63977719
69191888
63556771
54391714
57420200
13403937
47502389
34557569
76994384
23668036
45188432
16110718
40199797
77227565
60054853
42440972
71160361
18868518
78931424
47109781
64095795
42458433
60573488
26337054
19849377
59617794
46173881
25476986
36021487
53229146
50039474
18817917
18179735
63322884
66350318
62266004
17176292
21379198
65318387
26394618
37754775
76271086
57790820
62109515
48410435
51168318
68040226
15799532
36483132
61277951
59825741
31782746
31162820
29945911
15611880
51277151
34224849
19086699
34979013
22637097
56666348
68290626
15869950
15260033
13666142
52729609
46356262
74797930
54578912
37287205
65888990
42198465
30909224
25311269
62621322
24176168
49827638
62804420
69666697
23710069
35213706
59576658
23975195
35942483
23130546
32505874
64367722
28964070
25417846
29839537
67485264
36012756
68862726
74905205
25769794
15987547
40434209
15726310
13534408
10912460
45808868
32051482
76369620
41508556
24297908
55051129
64742643
58912116
35521702
58698152
31300704
62609469
62121885
70414323
61801900
59091289
11199208
61059012
11574935
59007690
30311543
43278027
31758204
35230077
72581009
76586888
69581232
25657457
77757780
30852631
71106886
61680097
33180635
19142346
70717002
55054277
15982498
25216831
60734721
56405957
38030187
24792920
26529691
35610233
47271037
54294915
53027827
18987105
48919907
36163202
72798236
11878617
56775219
64468589
33327588
49944339
58567864
50342591
21343628
55345490
44131250
12634310
20169591
73733337
44916262
57448339
33026794
57815149
50853819
29455763
64122438
46282216
53648665
75259452
55330196
12234098
28196959
21620208
38316570
42597507
22830172
68656955
79945790
27385853
70266616
36304662
26399694
41589313
49533173
79129744
22624575
47658463
56444489
68768941
68799129
11820174
54112567
31364344
68290979
46036404
33546987
44842210
66244319
26604004
53265405
51460284
30270442
52642855
66746581
29596938
53792565
36430300
51835376
37509481
35061422
62289089
30031807
28238344
64137348
52605541
59622799
36634931
73901698
15187244
75530787
51102050
77694515
78931665
61931228
50970473
34608065
19801630
58050175
67370109
29153329
76741518
31813414
64892653
41607223
63875860
45712146
14807377
63747287
37020072
56234980
26146765
26229985
19473624
76246908
55412809
31749899
66785444
65414692
42776378
46129630
23482801
33461217
19157307
74560893
74371949
70599268
60889717
38867127
22638318
71633068
78353831
37741463
65490278
57725422
13621091
75156104
53048665
11465524
71985424
20387440
34166262
49845625
17165155
35044615
54324664
78211423
53037271
45021463
54670759
43784651
66798168
62483003
48030785
67765729
41333441
18922013
41591244
38439815
44836166
34277200
36726712
71462641
71175496
10472966
12522079
78909668
29981726
28928403
36259923
64479635
69499127
68387418
66701260
37328865
62487209
20657307
41575247
55530889
36814147
12822302
17183078
30946201
25979663
38707424
49478269
50541493
10823292
16023646
36868671
58024503
13889143
14606607
63838207
18066278
30196656
68644912
59325943
29319535
74019326
52424259
55460726
71713129
18384999
77677767
67860117
10938036
45720036
10235024
45397931
54248026
75557253
41024698
19960050
26852118
30186718
17945750
52173060
12612752
37595769
38683990
13396124
22750505
56754888
54252205
45215790
19200110
20173904
34774768
22188262
51474331
66675682
43655384
73771383
77618995
63728368
15677292
24895562
60272394
26716173
64537932
60487024
73875329
39374503
69408447
53401135
68753627
69787915
38911817
25077133
79639492
57165854
38961272
35009979
27794750
47984576
68942141
45765654
22117030
62410414
25317956
22286617
42399062
11018314
31078648
76925271
70082646
41562246
62614783
39545239
34710614
74703062
17039671
61932507
16413034
40215673
53252304
36782201
76927050
67133035
67859256
12222626
61587133
45664226
68902850
52591459
60205738
62586357
72904888
11167945
47252531
51001167
48712935
49865114
11181959
37593400
18129965
48701000
61336877
28461495
16031432
22389331
20813732
17549318
74868095
12231776
54021268
73539393
30684497
20755339
37216510
16520229
10396854
29317537
55424665
14373525
48824680
55483532
32114273
35129912
39695059
55558138
50360139
72655179
27436900
48155122
76947719
45728064
29868297
44950650
44302500
16980134
60552540
54156660
53163138
23873046
32132157
45580574
15346318
48348121
15597710
31095235
27184723
14964964
13100304
47563519
73519259
72897292
53234670
41402397
75934877
77047897
45875952
32712760
15354083
32599722
71636442
16993830
33745284
33006054
42377014
10308347
14476457
19821857
31332542
57181732
12855634
78361298
58499322
62914547
56947424
21824653
14298634
59121651
59958315
56535614
47599178
57777895
29165939
58301449
35871927
10527920
67442490
65870744
23848452
63871605
67538893
17177368
39505898
28636637
13306258
16957281
29232973
61828266
29728312
30950449
55768384
17442392
36054853
67341739
11912475
64486057
10471503
37120043
13073048
21457236
22871653
31533333
29044200
62170751
66493280
31509688
79704022
30978191
59283361
78357468
61110156
45684911
58622479
49307461
68204112
53160994
70655817
60713056
64944108
64792892
34030601
58802397
49975379
50669608
11714435
51836254
32400078
22868016
64340439
71384796
57838190
56880151
33211054
55497003
13693082
16999677
48107861
47905300
36781208
75712939
36587428
22453474
65348899
25792528
35100560
67420799
55458302
57027429
79648444
33979924
72440694
53890463
10274347
22051022
10498737
66032139
29577182
24717731
14764376
35126448
75026392
55144717
72200137
68478800
20489168
62744202
37411570
57378129
40925849
54457022
65498948
39419260
19371880
21336115
56994553
73542830
54250787
29345160
36947245
13877698
45296763
14206186
14717731
69489093
33932540
72105865
47475707
61550871
33782447
14293873
29384910
57819854
51752730
29572987
10536712
65434593
75398485
29598331
45377534
39790361
17407885
24708300
39361112
41042249
25770546
66163054
57184183
20387740
77160206
48809021
51144588
49665224
30929559
69777460
11361608
26401010
62668751
61064109
12248759
11634520
65636168
25230982
24386339
69667012
25931936
57858070
77807096
19887224
75458697
78510826
61091258
40972518
64838889
35285315
35585538
17989560
71067251
60323568
47204032
53988385
56956565
28781319
14433525
47235107
62971803
49039085
37045581
66547198
65047366
57855976
12454522
58272825
28347947
57789703
59352683
46668661
13258341
74608139
79619831
39759881
46989502
39896058
33432780
51145308
24214965
38937010
27530782
44860993
56189044
41128013
44531605
56856647
75451299
19317920
54951554
62866239
28617501
41495020
31514257
43980623
50475977
16532628
60906694
48238883
48739261
61894766
30563339
11190470
29975674
24650302
39622333
15030683
57506801
36423344
39951648
40249064
52277295
70185173
14905861
64173102
54734512
26570352
34271082
54261603
79991975
39649478
75247480
16443404
27026183
21250542
17477862
11539637
52537734
16533789
29709481
70806616
68547586
66212244
42482300
74160259
16617402
73489433
63484654
73494068
42735742
68766593
69066349
67665761
21604715
74011343
70927033
22248459
71870442
40402800
33483069
30910134
59870200
66631998
44593435
31910842
60771547
12603563
43990309
45463107
74697750
15683644
49010901
17132841
25013437
11084637
29739894
29242687
41237766
18936887
69395275
69205456
76618643
11172163
48291885
67461412
20848231
43029600
65798861
52288526
69594432
68228975
76409031
37104966
39882513
40025477
19879258
69984548
33601508
27616174
22694376
48620745
30467733
68763596
39294888
48566270
26192700
38500348
56362382
76491727
68603131
21258762
60462415
38711160
29525895
10940100
64134720
60639728
72356890
71444005
45860626
22950285
44208140
61316626
69114627
45713687
35448682
56411641
73543184
35885189
30379131
26973405
64964087
50534121
14796867
73002132
40127235
31781682
27141724
39524921
48189512
55987931
45773462
35220788
57733712
38346586
15322064
44706346
70609905
52582164
47268427
28048334
46044640
39644360
11440248
39777312
62384109
44225993
47677154
19093917
60556476
52498923
59731102
25675609
52650676
38427937
54461384
61604897
73604236
76608697
66344046
40495323
35162036
64945360
74660912
33482632
23625866
61339957
11157016
12106894
47227067
15100323
24504071
25206194
12069519
60908110
53948689
20853254
21478527
24743039
29616249
48569200
48409198
52414950
45076023
19381287
24185275
67995479
30809258
79202461
68752077
77319485
10342441
15516414
79968381
20058289
76850517
54672218
15288200
47956586
34577836
71320670
34663076
35504459
10585829
47760066
71070682
23518935
21691055
79081744
23666919
76524814
18882903
57930231
32818307
19455660
18395742
11449196
18098205
40750221
49779337
28223263
13374201
48861373
77006583
27860262
61669220
57833045
51312908
69724841
47313371
66052674
63777403
72179914
72138315
40510746
51986267
57083208
71036220
63384460
48579932
14056480
32763623
56314258
77552347
50568781
33838592
49925379
76743728
47543216
22509533
73262530
78640004
72070547
70289982
54815744
75682622
40432912
78517365
29379331
43965974
61561102
17167257
46190227
29961605
47318277
57125599
79620172
56531871
31320623
24801433
79772008
49974077
16187888
28636757
56136133
35674799
41579018
72466447
67033088
70394283
14439065
55333627
64573160
59203249
34389569
69736309
12800982
35185486
62217117
38702719
37881742
66690101
57136882
59000077
56295345
44832389
35716646
77806394
37631970
49942875
69826588
15488825
25962019
64980138
50610657
54145911
55764971
41316368
28543157
74542603
65074839
68554940
55920159
72408599
26873637
18660050
39446491
13926546
36137475
60755525
37176769
44984751
76818707
22576644
10282906
17282898
64031271
71432643
42274338
39908251
71525064
69998621
65885967
35915051
72175142
56575310
48177225
17284085
12158911
43333157
25892803
75414388
26343371
69671485
22363621
57730542
47408855
34587336
15049266
51881604
24790923
67887357
60628806
76860788
38988473
64314716
46068492
19911198
46713961
56496065
44233710
63748906
41207109
49269476
10754272
36491369
47509030
64383887
47044878
72155463
69775883
71542201
66353758
58059109
59705156
27917180
75760270
20309074
50144062
22736219
13024877
66365070
28277691
56445769
74584146
34507595
70462699
48279324
54215664
19274400
30047998
26219625
45803098
22994686
66985553
54003056
66760706
35627352
32443722
46161503
72760906
69423454
40906039
12479205
50717809
16226949
38683657
35632658
33138149
36935610
59229384
67412274
12267025
19659142
16314800
15785492
64256538
79446882
70417005
29057225
52143590
50180972
21080604
38725329
53898155
40237301
76004938
45513493
23803726
11008236
40793076
44497324
40107632
17275673
62143672
15539486
22581262
74281623
28231138
56757915
44528854
34704787
48553454
36420825
76265566
45634563
15809015
27105514
47951996
75370806
51677277
26080351
78709391
53667736
55155977
17880652
39345883
60934946
32089046
69514253
18635166
65390118
48992198
74962592
57890639
51817527
54071686
11111320
66409018
67414773
20138731
26743813
15667237
46160184
13196888
63412536
41202344
53135341
54858368
68139281
45782542
58212311
20412995
54742438
12617021
55886775
60571230
72393469
69363045
40611767
23884095
47413720
59498458
77996657
76802496
57380880
11284826
10923545
37260614
23223266
47974225
71332315
20081244
78932487
68327533
61519481
45179541
58705396
60384832
64394419
16894777
12990518
46723665
71640998
36775686
21990398
55642025
79806292
73169179
17039970
41860696
18201592
10950017
12349712
25861232
32643039
10231990
63150072
35938885
23442838
22846834
23134313
74016394
44066134
77984065
49605232
64477987
76042870
32646782
14555914
27387689
11206189
74371672
47580634
12372729
46848425
61738313
44582088
37503641
73911847
32117996
32105706
52247544
40738756
31146923
55068429
45024252
38832347
75516643
33456147
57258931
60762798
39710041
77601131
72944098
76153843
72455216
44764972
60719224
11687158
45810341
73567174
16752067
11308716
17423760
28859483
64590034
22738504
47859847
12033415
51718279
59976123
52957851
71126787
47484727
51204444
71299773
78814844
68213232
61192375
69149716
24803541
45105516
35666525
55318903
22154293
67404788
62767576
51853467
36284719
60191701
39705969
33302985
73059597
44420025
55780913
13149737
71940057
23229311
55272267
51072405
50954966
57168228
46172342
46131513
59579657
30862170
68571809
32246446
56482010
14456379
52403379
25996639
51136227
11020377
35417319
67426908
12700760
62315527
60762335
32065414
67321356
42958106
56158721
13119340
39048483
36032508
29829999
25019514
11260799
34346919
75827888
44904281
33903336
79708741
25790859
21329650
40932273
34266517
23252185
37192278
27583772
20677122
29056643
55105243
58535964
69942576
69706848
16535113
50808524
52024180
51923846
39003199
46437741
32927528
52303761
39690143
46033875
41275950
54443456
63402235
69740295
27483551
27585385
65363397
71723634
65167634
78271853
35338204
39857463
39579975
67863746
18541928
56166103
28089767
76118908
63600691
11175543
68136460
33075737
44853614
37999615
26938367
37635292
28715919
73897803
72201297
60091134
14646451
40049493
18087952
69201833
34887045
17069312
22767271
34264138
20675112
75350096
13879991
71411496
54891485
54957959
74337232
13877291
27432473
15703579
67707950
75735165
73941232
22231864
24557494
35125835
10706006
27272017
66937969
43530812
12159323
20236994
38417028
12488167
17110419
36834624
23901023
75807030
20953588
77391503
23050239
45791666
39279733
64163600
12340327
44383725
59384362
50797730
47395603
24036515
34220287
15826457
37226689
48078310
40455177
20940164
76035209
39151004
67805982
37396687
23208653
24483423
16239484
55088798
17827062
15643634
50852677
11710242
33520115
11868895
16462429
48973392
54937502
66833066
12652413
71230844
20900246
70675096
67587373
14213210
16395793
36247375
74706945
26932799
32576556
13403560
48375763
17297542
25165830
47459524
45993314
57135027
57600662
15119217
64030563
72530904
45047900
58649467
41138258
10108413
49661478
51015108
75493278
59745523
53708310
28142184
61722193
42726843
25201825
38354574
25359058
10895770
15388797
48557751
64095659
76349749
79189959
62862139
42812125
10445819
18246461
34839095
70150714
65349361
74911949
40823557
51778211
76247987
74213441
62483359
43987083
43567599
50864263
39473418
73394307
50149800
44531584
55586567
51020516
42491785
40830104
32468512
10806190
20179247
50424880
10065480
60133196
25965830
62867191
19592595
23706169
76476831
47478651
25414136
49893349
56205410
58734814
76742395
79561595
27631274
27570814
39136846
36516114
48553924
62390144
75901927
37694974
38479798
25738051
49874664
50604333
23998358
66591283
21523727
21375777
11435729
13855296
42033812
30594516
18773017
43241121
47277053
75698297
78559426
49059874
73513638
66579018
61523415
13595390
26726756
30916651
10239907
35401813
51623863
75959521
71994041
39230566
53746983
39388460
71377476
69014604
74093767
69090782
49760288
46141081
48158100
33486178
66719808
44570030
57507395
59488812
38332133
15590574
56730269
76845420
23035044
16404301
18192194
52248983
60953006
27723231
79019242
40664788
28555359
64300048
41636839
14806288
68992698
12195114
11693370
53801302
35802312
33115716
57389106
47504167
48153580
69523779
69439237
43972941
55216817
63136705
22186700
29009050
57676272
29529000
25799864
24467923
10193018
32784562
30879829
28622996
43546594
51201212
46677412
63851388
40325389
70295367
48313208
26226367
70916899
75565761
17605717
79173985
32107623
65114032
45587494
25156235
74414860
18754733
18209383
72663529
38240076
77793170
72470782
54764675
12815432
66854504
18037526
15982851
18070657
28750979
58193422
30014058
22139650
76723715
45214614
22149739
57879866
34444398
66807966
26283658
55128317
17268051
73258177
13273777
45266036
61073092
75735424
53264976
40033783
70029043
22087854
20679472
30104371
16272942
48715076
29006919
66668481
43882725
65536995
65242998
74962053
72549091
70866392
20568194
64173526
10978256
26377508
70795149
45567139
22363545
78776802
14737707
77596473
38845206
58839829
59799445
33954721
59038706
74330397
57502737
55637448
66111611
66327129
43891520
15723598
63190573
44371943
45067066
41004074
31065721
10218709
48852134
41247097
44670917
44713930
39522920
41783470
18685872
21927045
70326560
73582351
57198794
34515476
38125080
78528501
68657150
54752547
27033220
34257420
79795969
22661799
55658330
30800838
39375594
24183437
50097529
42004723
64270949
77005889
41468234
73433402
53826460
36310251
44313769
67396621
65911800
37637239
39723638
22161836
49143957
61759647
60962683
60332108
74226613
18227355
38082626
71681966
70146753
35694033
73031743
53196902
62722359
69587517
14291684
17950511
24869824
72512412
41176816
48075815
27545423
18460381
75638022
58451947
76991601
64726656
15819922
25443034
70598658
22225276
71034970
70510862
38214085
59128070
57614965
48932801
12977656
68728810
75063826
16444133
40911715
19517498
58661180
65855069
79096045
79806232
35196667
57015499
20569620
68761384
32910180
74574099
24876579
77620602
20182702
41605540
46077068
39889622
10504352
27316557
28533944
53555793
19779822
20532660
39479785
52234868
22650264
30087944
54175509
38771783
53267782
55223236
62392877
62595869
62919729
15550491
66650947
73867588
29145118
43158567
62735790
28257200
50769642
29240368
44276954
23117657
72874438
33782153
31696721
21913722
60960791
68101323
31060142
57094908
73099769
61958439
13232441
47250465
43523930
69355942
46415910
15803233
32782771
21242348
61349261
25943886
21338974
19045304
79727099
77264183
33086803
33111376
59341238
73903018
56717531
37491992
31489997
43409462
35580502
77881604
35623559
42119114
68336512
31452321
14278099
57081440
27214603
32795116
23716490
46370034
61948060
53277459
66156664
18055192
21917087
14959098
57312940
67267001
71541948
48889435
57914241
60474041
14588715
22667403
28620627
72460492
44207729
69490044
66794553
65998909
41456518
64207400
58485099
53535501
69066038
27762416
65389840
75657680
51782161
15039371
20323764
31639816
56262290
46127044
20271172
41151687
50771858
68533167
46037800
75897809
31325688
63769773
42319968
38839086
45516983
44620761
40479502
25882753
35913179
66692490
37416204
41261215
58124321
58131106
58161673
64143412
39606082
13627387
14692469
26830800
19172901
27065615
14473828
20290626
66070974
27014167
69312898
63850418
52540714
42888636
49540318
73086948
10859815
39860652
78303841
55177366
41269693
55735926
43684189
12051450
46966000
17136366
29791438
58820293
64415880
44396752
42687486
31660266
27871853
76971900
65647433
51323071
26301340
13389355
26691721
75937074
15330103
68079321
37683147
10778892
71534256
53415667
52114138
25831007
29009532
66897799
39754123
71546277
77535604
28986013
22301880
58596724
12532410
44602580
73110337
26789108
48829573
48172530
47032394
52829848
36696000
31303591
79223770
12823894
53758567
65881299
22936951
25558927
67572390
22474179
30837698
35668037
48993250
53948182
13871565
20393714
45853039
18732227
58936385
62689101
72539019
10491663
53202974
77029971
45190562
36114808
63378313
43178018
39509679
40931483
34352163
39968144
39093350
10424310
35703237
50349329
79171598
27644994
74801787
74920486
46508784
34699082
10827880
26364378
24318269
21465086
12716001
39384236
46068407
42070523
54359878
34581519
57852690
45252378
39452180
68242872
21372345
40345375
79252889
70561308
17110689
30157857
68374102
15507814
37345607
24279785
33596539
72332047
74724413
13642759
11244362
13438928
74609106
59896013
44568016
56693880
31629465
42999146
49711635
20204836
63303506
51948911
54639893
79197884
74984096
17245569
20471486
29206524
30055580
67277052
47008653
24342568
12495540
40881433
75872049
77148393
49541642
45309620
24687406
74414094
70364856
38965211
48424227
49822145
34285564
70610035
69635172
24486442
72839846
75568757
55438374
52480400
26626331
15383066
29031072
24136073
45804621
36744308
60942832
50690872
68376921
38252242
65499579
54211886
66505206
41950994
37297000
69106319
47997048
49840351
56329204
11690986
26721652
18058625
37518679
13228813
23262825
24692532
27653676
30837339
36781730
78626834
14333713
71363733
16516731
73758821
19011435
32941577
42942800
67319144
32882430
68826434
36237551
21815289
10267629
54281747
60237427
43503505
17161234
69225794
27684704
71787177
71279558
18484125
75946385
48771512
26781044
46602072
35489603
10597074
79039494
75935409
71646132
36826439
10109325
50677491
54865960
60338576
28178646
32706110
14041006
48861634
33473764
67701705
57554519
59786140
20428601
43366562
30256983
51413240
61601897
21932041
70237432
60523581
29868812
14789503
58572674
54488810
50532737
62775809
57450259
16803431
37953684
49660530
20801972
10109428
68815263
56530203
19859351
66291084
71451788
75549853
58947982
28287843
25273045
77776984
37748955
73683937
53738541
53078060
21840827
56522984
41867616
11695321
66617931
52131754
16515000
35363893
67899682
32814988
54557354
24034575
32870498
68906323
75522519
16672644
64591472
46750572
54142003
72639712
28018403
55696440
75882310
39410736
32160797
35293617
59075883
34564960
73664262
75665075
56007476
43826990
28512408
58154696
75106270
47092805
38713906
51312247
55539785
59616728
77917403
71340537
57365142
26256292
41392719
62638976
69193100
41910729
23749015
74682374
12797266
59434821
61852349
40177409
61361706
57999951
22811811
44568346
26146009
10305740
23235862
46462762
30677528
14210499
31230263
56084692
63259909
40462950
26995212
17471859
51302629
22483158
75007722
28456193
77757617
70327459
55031205
53728940
39376004
13187980
65717879
57641764
69258411
59782095
74199592
34271898
57670978
28980548
31770002
27319617
45295136
46179928
17632334
31458124
34672774
18249205
47649956
61052266
47463205
12247490
26691628
37598435
76267931
62981823
41213921
60396807
27838453
36550520
69417368
15285133
47923452
23592152
64078977
37512603
74643285
43514979
40090630
23913946
22820395
17832067
48865965
76254001
42112753
68735700
69483278
77219904
60281638
18960713
11192765
30674326
53096190
13439060
52059361
61628538
52112498
51951663
25946448
49167951
26720758
51128315
30832709
59555576
79294443
78201294
43031162
47014122
27947736
70377872
27673330
41293396
40806273
69999692
61090390
37855412
38025859
64928889
50395773
27998376
30150205
48801667
18325058
51308761
52418039
31426514
19384295
54721976
71614830
19622385
68553957
23163385
18813731
43016518
58665750
19071041
68608941
48189210
17068561
60499913
41823635
32883615
65922700
30801927
16987132
38397739
23846261
78290828
36817751
26935857
58174337
14169148
63246391
77968557
76758625
24898032
22728923
74276751
79592722
46012035
57775753
44145024
58999915
13745919
55978166
39317804
33281489
68188909
38663078
15575614
25826933
47837486
63428793
23195315
24816324
26126036
60557874
61648544
20396003
10251141
61505781
19503793
33623867
49302873
41903994
31161473
68502925
67296951
17617802
27858835
56600606
37587437
72810890
36445433
34130316
12205806
44410760
58502603
12860699
67028842
40629827
14022001
54914683
29426352
10439572
27678582
74944234
23134651
11325691
48113773
30911785
24768597
39166745
23110363
10131487
15058536
69976035
15081029
21954404
13541690
15625558
28870450
67693065
39387363
52742818
38482873
22808904
43710169
75454492
35774605
57586407
51216212
42167215
29741180
55564049
42144692
12841035
31149956
26998888
33138112
58707916
49866368
65009170
22190635
60424890
33663841
14939949
18061135
59598621
59174322
37186080
17109301
29782729
15340899
65758238
69261495
23745546
79503724
72409147
21382992
56427206
38443440
19442801
26741274
45435767
66647102
14222957
47070555
45277440
57594818
14276493
51576337
22722164
46208038
19592071
12574538
28766954
29494156
78550058
25895598
65618901
33971916
77498080
41292344
13710374
16400387
73454048
23351042
26790603
14277286
28895958
74345927
50211774
43103483
34889911
47460680
48958908
20755238
36618604
53576286
77816736
63446941
16268776
32119631
53812380
79810799
43273178
39090865
19550742
11352853
74086082
26071915
56113579
23797752
32653623
42277717
27201909
12590399
23869314
72644341
27644960
16620387
31113413
26143971
11666172
53210068
35110885
16116062
19876536
10565478
23960024
45310216
64745411
17633410
51602836
11126010
22891678
13286018
32278504
57877891
77996717
73478590
27776525
54658601
30139951
52702178
39919715
51303893
65827049
10072649
67142336
34008219
36384164
47646159
48022991
22985531
47954323
56564559
30003256
32623167
28743965
25148435
48034381
68869147
40713945
19585814
41494215
46490551
15143377
50135944
12123110
45437374
35105183
11177741
64522621
46662167
64346498
42824590
27485930
68095446
70638619
73122833
24873276
75441151
13744117
55678512
53430230
45422891
57648535
26113697
73091324
74904802
47446718
74921694
43361970
36305504
50719288
56832749
42479189
13764079
72845357
22282371
49100717
25261246
67050235
65719224
36464445
47147460
70589375
36667105
13399488
53018113
51193337
53694893
32593899
26874595
29371822
37996332
62123170
52588196
73278014
58560179
54546242
16735747
22696667
23957048
15774763
47402705
50889691
11241398
12167634
16971906
39653559
46120105
65746376
55884554
69634772
58858372
55991162
78871364
54865326
46273599
23870279
57696447
72406862
50090441
17225786
22202058
74671688
75161686
58812300
41600423
77509244
55726122
76094500
46391305
23644990
16748280
74811899
67548554
39861339
69061611
63979315
36973373
16504863
62982137
75095775
17659161
43722646
23436031
78840072
61675435
61006770
70636670
44562567
74404471
34034592
52652717
23506994
18476745
23520795
56418938
48219912
37576709
64139624
24298812
17121266
72044869
75299352
15541662
28703857
61675531
27811852
35355785
11605954
52646845
77237140
24998204
59317057
25320762
58325280
56318528
11413601
31490711
16153464
68007524
47932656
50222835
40896049
61358221
60918737
60339105
43862580
30063869
62116063
63275218
60245859
57067808
53233707
51996357
74238741
20426597
10023143
47874889
56510034
51884614
28658771
35566048
16761131
48143210
63672516
42736893
15984901
61768467
55984721
31127139
65016469
46605898
66018619
34195185
32299918
52222489
47541754
30084885
13771097
20453618
18861574
61570959
63423670
56668500
19000222
13219480
71655799
63638207
51292387
35658421
20994631
76499438
18657808
15512209
74305887
68423827
69234117
68704654
36924732
57739456
36320814
75735764
34325006
63945105
27517379
53008715
49903483
40758750
70316579
55371475
49094128
51207489
46596810
66161993
57899078
19966391
14368629
19749311
72060639
66031757
28734170
50818315
48812722
67253007
62270500
47963898
59145606
28766760
25147711
10339505
75887593
78319182
19896243
50458206
64876970
70445077
57132839
58059599
22963183
19164683
17094323
19073387
21210820
49090282
30899857
53656988
60962993
44997514
36834123
51512249
79829380
49240773
24265634
38737431
66048092
33105875
10669003
64469899
10906964
62674972
50299612
43710209
38154021
61657125
36485356
27582749
18661332
12653322
12076852
51333373
63988151
18872289
22638560
38459677
43429526
43422405
13827457
49661268
64352622
69062741
71359737
58777185
39782557
12968494
40175379
15257347
50750824
49142038
10215583
19279709
62945385
12777014
74006742
39855678
32060121
30578603
67216121
48871108
19132900
73284561
14108936
76496386
56575170
30224477
74628558
65281370
52646548
24998975
74976220
67599491
39839716
26962009
36300273
62011998
72079604
48541833
15381185
43852551
14358585
49041277
12688498
39307546
55213838
22834955
59448355
50397097
43767466
54804361
32695856
23919408
75654873
46470214
41144144
32558088
54427463
21904976
78801860
73096226
37087691
53751432
14970639
54537348
57155948
18010797
56446283
18079093
23341009
58619555
16370476
43008961
76762211
13067297
13285796
13231743
12755501
27955651
58578309
30883601
35168176
41265996
61242270
56600482
18595096
13216359
73758939
76262210
64418972
40577375
38449478
71687418
19181375
66696835
26722023
51309586
35656286
10390979
43497310
32134273
33553260
63165738
36272069
78465047
52841916
65175860
13313985
65762190
79335198
56638670
79170291
41662378
25901753
55145096
28885478
20703696
55476606
53808161
19434225
67911243
55701518
20419805
31608272
37559375
22251900
27049119
49119899
33692464
65283957
20212857
44488998
66479461
16310750
70215954
67930534
68788853
20569849
56164269
19414027
28392816
65590230
79087505
38253690
74972640
61057264
17634873
35073796
50951550
35715075
29978698
52383712
27715995
46569507
15928972
28727023
31606220
58136317
69286556
46206273
44477583
32188962
13899943
62147707
24142347
66503972
45697966
63726290
17825120
70197134
32985277
36189968
51331671
14751301
17907310
14322056
16685860
64281090
71034815
35089679
32447336
52021256
45822649
28402364
64403100
38761747
16568020
38839284
58715281
69607621
41779111
79809175
14405267
66942618
73415796
34976390
73319579
29313912
12463808
44974305
27064400
55937428
21524965
48210990
61852383
11250915
74134086
36191135
33195570
42768776
70981161
67701308
41271000
26089143
55905995
55443797
66814328
78816103
31544247
23602059
32930567
62579186
18582014
31797291
73816379
16487220
12811430
28785909
60454819
74733289
54492391
69207608
39892351
71429085
21030387
69681373
72105280
28602257
19011697
53226592
64796552
60287065
55182607
44621033
70773846
43566341
51922762
19612211
69321722
33638076
68699680
50132602
19273756
39810488
24819882
77500836
79553396
13924378
59337224
30914667
63397701
78998123
39917549
46298746
31729734
47045202
20032622
61368970
49273758
24187440
50083450
29593815
39614917
73033431
65361397
54314691
26104663
23681484
68546344
30345540
36126361
66488132
72319756
29120391
25103970
17984782
74229082
75745904
15434832
58456767
38194334
46007882
25984635
73421349
41237244
14042729
33567335
57752077
16230032
36767817
25448196
24914180
35783616
59375239
15805178
50953518
61281117
16994302
17573893
10030318
48231424
21796851
67943547
68635979
76474498
63357252
44640542
24901985
51601325
76209635
54069190
39511801
55288274
68799192
46918870
27051441
63060732
72508924
55925506
76217660
32021694
61986784
63208701
29815161
27720805
49846874
22045485
39288955
70709380
45418897
31132665
59387389
63435776
62428031
47913188
50469848
40809072
23101240
65483188
45666254
36443134
45036325
75074220
44176148
54144080
69369356
39647941
74926898
31488568
55311957
64603844
15942486
72014442
74479144
29967805
10047086
18302684
68568378
65713595
73878626
64237670
23871765
40362942
77206856
21510975
52461467
22530974
59037344
24216726
30021516
72376268
23194438
15167693
28817145
13016579
13894253
26947517
22829914
16255158
19388725
12790460
30085939
25909295
21042568
21540656
23811104
14948448
68194860
41876300
68637605
43443734
39345109
16596701
49060816
53864929
28267856
43878662
61358321
10405207
45242534
25551334
35316476
10672958
13302530
43028539
20358453
12292504
26438768
60188057
16093519
31251377
26836931
18174468
52894465
43935248
32369182
28140376
25649894
14810592
13630681
26616632
10857811
39901944
36919844
29847855
47846445
18687454
54293468
16884167
25243054
24291689
33971910
60518757
63137262
31662643
50705894
65652989
28250101
27517152
65681432
75336289
37322416
19868254
40408107
51975352
40432427
77519539
27492965
20989155
72817199
20775297
14301127
57180823
60709481
29582800
26718133
57204040
12761506
28079512
22939622
41741357
34585860
45172776
43264902
49461917
39845197
77460755
16935738
57487907
75895271
64704139
49468678
73604807
63048737
74338995
24975346
24048244
47980461
40162028
68616971
55139777
26621687
62756767
48537699
71457570
47341353
53018917
41824637
32412053
13006644
24934905
30922251
52642820
33239455
74013869
49145355
40133567
16006902
45144152
51062784
14214583
78354329
43468199
46257927
72696364
50925278
48350851
15676474
49859883
34224701
78177635
10769297
45508898
22716371
38407218
29445670
65793650
63721060
59469580
43011763
20318647
24528030
71317348
79683217
40207078
49266558
46992175
60291167
49043059
31249548
49085451
49886404
65325361
64993519
13710252
73772610
73644223
72624347
59205134
55568689
38462698
44277845
18065538
40805434
36932241
47019773
46116800
75622910
73079302
20212162
69299186
73064705
28456242
34227727
24150324
63092950
75995209
27683115
20985528
34426702
40545967
46055002
45420182
24789573
24035119
50716250
34817930
20592429
45581185
41405966
33291081
40804422
63096796
55057513
62813072
60106897
72835603
62810526
26243077
30168265
57523352
41770580
50717978
28640081
25031317
22741430
62579253
38684238
12629470
74320668
42504295
59495410
51064917
60338002
54381158
53817072
50014306
32838590
18417117
63334468
65549104
48594979
78634827
21483467
46208700
30975889
57411810
47861306
25407659
55444715
42018965
44868464
51159142
67108740
43296946
60589529
57938019
70294354
67326565
47289572
33169618
52917649
22090669
49988882
13257551
45661314
42411172
21700497
65769218
79843841
39311523
22477001
40664875
70778148
15588502
14957748
20678730
33268982
35953283
66895953
46273239
44166000
13371508
48353638
59955368
28986037
60269008
18057018
19830137
73166975
28003793
11356957
24285746
68806959
67302214
67214118
10627390
73997525
54964284
64069136
68787959
70411909
21163094
66012277
30229743
48092214
10932070
68888200
49648266
40819820
31153730
46453159
18592184
45972905
53590994
60308115
21350858
74256509
32807960
55077779
34903812
69539974
21444291
36789357
63810518
30778207
72599671
48994389
63714244
72196996
38807110
25050461
45858943
59765418
10417047
28298590
28713649
45974481
16089390
14277523
22282437
26475230
66496845
46427508
16108954
78027088
19370925
59212684
34811131
11877769
68498841
57405316
34550027
54557854
49851817
44432623
70802664
50517268
63734454
40706994
59909389
45147210
17151952
30831301
10290500
75137358
53762032
36124601
69938580
66227497
51653330
30837325
76817841
34472424
12666610
23497487
12484282
27019509
69147436
47413734
61793769
37485394
11497469
38695580
79217184
58324892
44174680
41144285
79258821
53025517
57700848
26838679
44576438
25286314
79986335
28106125
35414623
14512356
35976685
74547274
53661940
65880201
55587680
17818529
12860845
41635915
43062986
27597467
71848782
67192043
64539261
20925463
64641849
46288994
46012574
17450221
12440721
14816409
35089520
44794950
24173573
10021097
36529684
54660492
44207088
56999952
24008912
59447943
47955302
44114158
71596796
67184415
72192495
34523078
67135009
68430519
66202292
31006127
79218149
64246639
48503569
44510727
44160438
68755210
74612418
73765305
11646599
65425360
53546865
12862945
61859379
67780240
12032253
26645877
14861305
74169798
20566800
68919640
64756143
20912510
76118948
38084902
76839862
37487977
69615053
60996037
62427556
13403003
20945688
77027779
16949851
73012169
38319205
43940345
43962788
27729238
34920353
57239667
17647168
56620758
36495890
74179877
12611398
50542999
21181055
26401764
60172373
46669006
41450301
78922806
14920978
26778618
44613226
65470033
40188986
31754821
26427707
50891539
48030135
54621583
66657318
57847987
18293045
20319318
53498799
10872760
32521552
56393937
22222206
68659603
17115794
42576224
67571316
42343527
51438367
12678193
51938619
17855239
37845183
40339382
65220022
31219507
30674895
65337667
10476979
68037861
11396674
21449010
42549460
44356900
48598664
44202579
14142458
53183418
56575664
77164905
33404558
37294709
13056499
17800905
37889751
45275245
38610574
41026246
20970242
26926548
65484959
56608890
75530997
77360071
46058053
53020431
29916272
42184329
17122369
18578580
10137045
75666992
16633679
74581030
32301497
67811004
75498425
39907629
39090454
67955304
72767459
66914597
13225362
20054400
79676358
50805075
57934900
67729017
63636994
41843213
70713567
56287362
36040951
79165382
76518135
67694729
13802749
31666841
77438937
69251890
31330313
45923909
78699081
34745145
19249455
53888195
28682611
32104569
56974442
25661298
30809064
65927649
50754495
57541444
66977984
49475085
66933995
23985834
26794297
30076405
46041316
59146438
51286035
44436315
51582916
40254730
15608470
32505165
48102353
34176279
78585805
38948607
44575400
28782094
58664432
74659788
53845080
30946835
45762809
20642322
11764709
43450441
15002609
29039151
68591566
71785565
26700018
31973087
18938600
74699376
26055300
18829424
64287255
69078207
30167401
19233720
46241342
75375806
25769206
52587420
41106738
63715434
18398603
60991910
13575626
71833262
17753147
40732197
30069337
54966870
12163213
49727236
45083740
39690831
11050132
58987057
79984615
38502550
75333222
43624952
39768408
63262311
55494468
29466251
22132503
63500443
25163517
35878211
69376412
40318630
59571049
22987976
73038213
70777055
40354774
47308797
47333914
66080707
65690453
61343694
57471794
61010473
68750950
53502032
14659407
33559427
24412465
73580802
34847015
51924347
57745770
35981636
54400127
62530463
75078614
22467031
68139992
48706716
23958499
15835429
41711409
17859064
60383131
59825597
57480033
79542553
45642622
55648938
21957974
47638273
12787454
59274821
75798964
17215079
71336114
19887521
68914815
75375486
25783250
79498205
79466106
62998604
20731513
18923050
22385355
28679701
33833795
67360675
78374783
16350891
59515445
37167299
66668704
38796869
13132479
66641234
66134169
42605117
48316189
65401899
49981175
56907145
38461194
27107324
27467140
15997450
38888243
30687048
57751473
77181247
34617877
38147086
52261205
59756378
59755797
48406525
18390572
18564246
70148307
76065034
18799649
40925650
35009398
39253585
19636096
61020192
58950136
59721569
37000144
48945258
33115675
11386088
57751362
51088762
49063194
60230090
66229314
78445840
15046979
79716470
14691384
76931499
68032170
23045553
39964549
17446100
66443690
30547898
54613851
22238742
64230089
19312389
27000251
48866405
57000305
47307857
40553570
55997119
73852113
39391317
34873485
32335239
44907806
31842739
57859514
19867662
56493783
34628924
54710761
65182834
19066069
24383494
28075452
42474660
35860231
38590831
18186581
19232523
61136049
27456941
58655257
70179743
20518546
41341455
47601058
35970711
38448273
17531887
12534385
79016699
58329307
42824061
73241325
44278148
69410913
70797412
33952132
51829845
43333152
27005832
77670527
39361360
51949525
69343313
42406580
64083199
43059615
27641906
19804856
50499784
11888607
64278123
56512280
60878924
10322119
52050324
34607428
78433353
78427768
50767589
12124525
13369965
52669863
43757240
57241639
70320948
66211097
70051341
36007935
53180341
29615272
32054838
58514226
21775361
14828600
60043291
43258535
20140824
38115707
21849469
33281537
15007645
20715108
34794332
73632257
65149890
73090388
60499023
47910786
11612898
12731299
55577764
77341313
61984549
23990881
44106891
36987037
21848422
48584420
74816335
60654738
11817286
63655801
60837763
32770691
13926041
34399838
11804212
79781425
15327810
11139247
72698632
12160131
46734626
25613028
62511907
48554226
68532012
55470879
76050961
27929621
71875120
13912669
47880339
36549733
34440390
25517431
60666666
71845375
59176262
45709335
33649306
24134491
11912960
71060929
21467454
20920786
58593313
72215827
19078240
65550360
56427922
18448575
12081609
73332285
29462324
31530838
63985725
40860657
46734262
20002176
47828077
75946692
29878309
52932569
11623976
55369788
79168991
41772619
15868956
31830976
37904779
22246502
21553016
66116861
48687508
38936194
28587603
19637684
35975288
33996721
53061520
48553577
42212850
70750119
65794595
18527677
71223980
18387699
23447288
41313672
19411814
60293681
45761931
18228989
42391409
34875770
54043097
16610610
77285744
23058807
56369973
23545095
27851492
39879344
55529294
64781971
15589927
38285429
75880031
26361242
59113442
36434168
41260821
16344284
48719621
30506444
19958198
72504203
39678394
20395484
51346040
22630808
20342924
41201175
32549191
58257251
18098370
79325154
79458847
77357213
78329649
31612976
14789802
28712706
77603107
35903830
26237946
57530544
64937263
13639362
55760946
49659722
73926884
10802160
23828787
68663384
51415921
55476668
77429401
56985325
39608397
27549592
41279330
57243860
25740244
25045797
10734390
63837278
12138793
40452880
25583445
56662167
19386835
45391311
48189843
21954599
78521658
10801287
40733912
32642357
64723579
75478958
59122697
20610722
32176836
14150464
25606589
35562937
11369487
72184054
67361681
47172976
24252832
38242012
58230837
43317569
38159609
64285146
17483460
64500959
66622006
13225009
40167533
34619459
23800669
30830248
44679054
63415436
37904134
59697206
66650675
79587113
35450701
35993646
43755731
63856953
66495237
13569739
41014364
19329961
42698286
77996456
31935968
55359769
13148074
12629787
74347263
57509714
58278317
21484524
78593980
40271157
53527193
26298741
53131933
70921675
39657247
32433177
78989064
29912052
71966571
63188791
59183810
57644701
69336538
58609490
25681611
68597444
63759609
41138852
12024312
71322549
15300542
43759060
54678936
55066974
34596809
31220174
17847117
31173610
40066053
54489741
32927730
42798564
54508341
60203231
43909452
54996759
64701509
35365860
77429017
34100038
54710205
51925881
79454763
41807368
56304262
35158857
67070746
73082038
51644350
23528338
70133920
63908410
50217187
56093530
22675158
53550232
53987492
35233174
30099677
10498504
79588134
34125777
23855738
16903328
24072441
78846899
13104497
63232628
24883556
45778233
59198690
62741489
70702576
69491114
11555102
59101815
78470595
13472051
71146362
71082296
40748942
31776926
63346864
51716626
31038759
31014689
35101257
59766582
50162057
14015905
57121672
38515576
61530692
29116067
45223277
48966425
77069901
70782298
52055549
47573152
14033194
38631121
57764728
25195729
75499812
27538148
13273068
54766040
38301422
56490311
78485999
63630137
46835712
21423152
48041044
13195651
68597356
41811230
59197601
34988668
46891339
37306519
49565085
68871949
18002843
20127302
41167060
77805345
33195460
70263482
30054237
19795156
23403561
21865983
58056094
11315644
47117262
32330047
27807505
40129144
23716866
76911342
42932631
72647391
50723585
37898963
43723644
30643257
27067295
67885611
63031955
74811003
44332111
41738420
37178455
70036408
32489107
76070416
13207584
22049584
72297799
29118931
62766593
73099238
46504349
36623940
69321908
56076105
76306553
75603927
16472790
32381442
31431759
60370918
26515008
67506144
76152598
35414714
27905642
38342630
12753591
16257548
17934842
66087635
74013533
22144801
21582927
37543581
74879036
16264796
73394068
79152534
30595418
19574278
21228417
57740304
47723460
74620775
68270229
79884283
40197752
14007711
23027742
20117230
77309686
63582544
68431459
16799305
41878353
60462041
26778227
47929105
49807728
25079159
25447990
68167660
59276585
73461421
17753881
13138837
54680362
20852212
43529219
48587686
18443540
44016628
32780223
54229205
30710632
14263618
39206897
39356699
64158239
48184524
63268072
73503932
25606761
58460055
48780115
32031049
76151862
66047589
22473260
10444450
16995708
59106508
53460085
23421275
12313317
74461202
49211809
45974933
46185865
15959443
61760618
56786639
35872556
73301348
39435864
66524824
31222111
67258716
47585218
41518207
36730375
34309896
12546155
36119471
57704688
29687634
56098484
56104924
66044569
33766849
75493607
57647875
48591849
62339980
44116288
30822909
24594969
12198718
63101517
71068896
64454700
11060539
34990203
56921190
14863735
47383396
19397737
22537535
44712683
78253997
75164567
44405359
26253295
23885137
66574580
10783808
57950583
20586016
58980782
43966626
54939159
17451970
28858703
47425835
68268201
41070863
70626967
19305604
55864892
50162481
76741265
12110386
24939550
63632615
33874239
42976078
23094274
70344546
73832747
69532030
48631258
62989298
33059578
62049008
18374381
48760794
52750851
24544158
53360941
49094896
15761375
66586134
74103394
35900572
51486325
36213678
33740850
28082803
20218473
39000336
13136749
50065569
37247781
57934966
17492190
72330348
53690308
14301137
70397148
18591083
54405573
14319408
48998830
54416521
20833448
22495010
51924181
28425202
42258905
25952735
17694598
30597621
48800982
48868192
35033778
32734110
42523307
40916675
62892752
73124167
69154240
63888976
77264264
77754407
69278433
56884226
69221701
18876334
78322712
10900501
67788458
72677229
21605582
64550070
63988670
22626428
43462523
68207503
50426359
67912314
69135058
77551322
58575345
19456621
36815273
40203873
36034098
35537405
28529376
52262080
23105425
47657573
17894587
12579432
22031093
26673412
30835434
41554473
63335442
31490812
38811144
76043727
43936767
72628395
58506015
78229198
27089298
59908479
71762897
25347679
25130475
16960837
10965683
45457174
60602578
59874907
79700814
57123389
22062651
66348074
23087887
53047749
22897162
17872000
56889562
61572875
24272502
20955823
28809874
49138944
43421881
21016955
48651564
39270121
26334607
44846681
78508840
16060459
67676466
17693080
79336619
33001960
78486360
16133415
64196386
22990052
27495079
26058358
20469586
64576235
33973770
36671894
20746771
52554758
28274981
58836736
35387040
47044097
56465790
22550744
65959249
15126932
72116425
15998550
76098329
74680874
18072892
54341005
67740994
60713836
48040151
11332570
41328474
67012370
15178807
63765732
49004472
49479777
24697025
49441095
29850737
38041928
53769805
16484718
47845502
19482667
40971711
55122251
43208674
45945314
43441160
44686068
30772181
68041683
26075292
64623675
55670670
69205783
22885247
78827055
15249638
55755885
65611642
66527023
11030694
48333614
49322202
11326401
26998385
12434371
48689896
69740837
79224959
27481119
47761866
75869385
57870562
17631016
31277395
74593098
37186487
33401448
68630299
37758132
60133324
16687960
33128678
10623294
45452093
68669897
70930649
69663813
71968903
60899431
48655994
43187636
36779889
24744592
40590648
75418002
30173924
23701732
31628775
49116357
16403720
48044188
32472541
28120453
49484979
59947315
63330490
66565167
44647459
71165240
62130315
76797350
71366484
53590736
25610544
22527617
67523168
60081776
28899287
14961940
23005806
42646629
47993267
45798374
70225895
69860347
70198028
54865302
25475270
43546103
35687538
33578699
17162877
51466326
37933998
39608881
20344830
79596311
33766311
68738190
20747218
73468309
40259158
74675606
18859796
15894477
36993640
23639836
26425093
29468854
72829087
22519120
53990368
77685353
27886017
77605959
61954519
16220096
12851997
24834521
19320150
47754069
14156752
39445370
28240197
69627658
26222677
58269580
71217477
31947096
17975489
17496965
68185194
67346875
51634820
79905094
70365509
28822915
79146671
59641379
45730302
73122468
23609530
37199431
16532664
30880150
31800099
36888224
67873499
39317522
29296163
73596239
48174079
48847469
59999364
36451277
26965117
61011999
61632641
66278066
63502084
60239164
56948080
54560657
10772087
74072333
19338061
51469183
54122303
22585423
30192172
54711682
14765078
14566264
45638447
14734837
57669093
44557085
58397396
55691120
79621046
30097264
10928508
53125448
66619751
18957533
58609393
36161093
45272967
34590629
76436342
34079498
56885048
11145024
13977183
49796914
12718701
19365836
27182779
42177650
40686239
32794752
43689971
35081713
59146070
56430703
28372000
37333340
11688286
29951238
52418102
50777743
31955010
49597612
61155328
11708293
39443736
55151799
49209144
66890837
44849522
28328980
40577146
62179177
47448800
28139658
62302749
29458490
17478395
41114023
19424185
65914145
13425152
63809200
69872909
42336280
26196237
30051241
43486048
49448840
62104274
57639921
40757412
43499978
36037285
33897818
77513193
60553956
10987745
26351991
31449174
56748076
77297456
61412461
47299185
30897775
25973922
73331013
36148979
34329958
70781327
25616455
60103965
12051271
57746074
41083960
15297060
78022581
78352034
30356621
24493219
77092612
62003457
43194899
75211486
30316064
45572785
58607969
26261808
16813980
32234757
74420081
57510510
49405648
30266860
44992723
62156702
20753084
76885078
58224633
68001185
79689041
39004906
43791297
53862510
71531891
37001184
60691898
49586820
50041421
73130019
40860195
48532937
46696758
42884846
48159305
68406473
13092603
51026372
64142510
69730933
12535525
33440697
56162278
45145775
30085685
53528284
21806600
24176904
50422762
45994248
20298955
48106765
75203576
34835468
31831772
73725668
78339020
42995044
19711284
71861790
78540932
32321215
50561079
79337480
36907980
53973571
15730496
41570482
36158929
12473809
68721753
76710434
23851645
28379027
58090519
50632889
34227541
34256320
24025664
15523827
34848079
37166096
18659517
79638636
66625079
20612945
77545897
77492264
27571731
28636931
71199874
37204247
72343600
27911311
17332195
32475644
11245905
27845478
12630065
12829580
27034612
16932492
59910655
40708499
63172897
10274407
68182617
78062944
16733706
50391938
56707952
71307594
12051856
66651045
15519745
38763883
79802252
16103111
10151226
69372661
27039595
52230010
57961384
63125739
43891195
62018494
25472921
19652053
28422959
61752946
63503685
72247123
15199908
41098372
66964769
69665012
14418153
34445124
66131339
55403323
47706914
49253199
34332253
59903504
58109570
23558914
34030621
44135163
27646406
52433786
48309368
34066754
57865187
46833170
58940945
38120481
17703157
15031439
30742241
55978491
14717308
53693755
73245513
56460134
21251666
53914959
57114085
27163562
12369226
67659038
13873955
15301136
68666785
39613625
23812991
47366123
43049919
27257144
59174950
31748001
15198605
30039196
60474110
69063066
60337953
59198013
20116746
39764862
68954070
50614606
40640424
17720684
75552907
77865880
15241663
79125562
27570551
58030884
11607505
14373594
42651593
30700119
40239208
33964683
47559151
48473757
79967464
70760499
23127727
27635748
38613296
29165621
40715013
55104876
20984766
74383967
69306805
39474849
66519157
63495692
40013730
15991101
71026128
21033316
76013211
38166464
47702903
20553483
24598843
65488927
66542467
23300751
32866740
46502368
30660032
33054249
19992821
74860885
14588823
29167838
27057964
39798218
41800413
57206132
67642011
41140932
58503646
68492270
30895089
42381069
36446952
41783346
52646473
23337531
62160635
69364641
68859849
47446604
21087232
65688283
43286774
47852408
37188667
38119217
19315340
59615386
24686581
62166041
10418345
10608554
11684263
12561193
29976175
26686932
79772365
33026318
41288391
42832621
73122201
69613720
19946806
57340091
27458117
32526563
11972083
23274119
49504733
23741786
43392578
31735284
18877609
62582644
48068497
31966848
18857244
52088572
17221558
16417680
34482838
65914627
61083284
37748610
21785992
68986860
29775419
45351419
27686287
47957347
30856386
56235802
26410811
31968924
60366748
77146589
27253312
74655062
76478687
47251803
14399257
58450188
54667856
22670501
26317778
31716349
69928151
44376931
38392062
53727350
46546803
60950586
40362277
57880235
13109068
37213554
18003948
52380672
37062000
19884930
24087205
18129443
44127397
39316158
34393602
66619593
39317413
14265400
50417981
75280964
25503243
50338813
35534187
33990525
31170881
36777874
76415573
36806130
53001012
71565788
58926785
60620983
32282262
67304774
16866079
18939873
25248980
24515689
51501876
39037853
78762432
76618174
15734101
71512013
36902554
26419569
72726614
58483956
70759597
32661121
63300993
43337003
30864990
69729897
21769626
78694159
36293271
29840478
63308984
77586756
36422791
37540074
25685667
49509485
51727487
73521339
24397392
11565388
57838017
76582653
48985491
25615324
43347421
51613635
45325914
66028280
24473668
14586063
63539978
28050740
22722602
77512088
21295824
71738326
56131045
34258809
24749284
70518009
34613061
25565989
53403265
73008234
17716926
64981701
56749356
21301194
20877330
46357117
28342098
28813445
28900474
55943079
38375857
74391447
78700489
64789125
11728535
46246953
50542042
17798444
26060217
30280686
60904381
26572293
10209507
50058764
31199206
18095238
27066795
24851382
50766266
39863001
68910811
75409704
50571520
35677164
42526473
63245998
78925021
47434593
47635968
39979232
20838891
44464421
27296061
61250429
39714354
35784750
63808193
66702493
25860230
29735704
38462789
17233083
36236439
71953622
26341247
67151232
77567651
66153426
58925644
24866788
66258587
70791620
47780022
20900828
32237948
13704283
57056958
66139679
59987897
62639644
79712479
26004796
57547147
75461819
66660078
39639144
11767065
50427271
57746418
17405609
63316883
71518568
32418609
61174659
67064317
11347291
42751282
64777692
43894641
54420398
77145065
44687465
30720816
24535110
16310828
39871038
53510310
31126996
58148944
79137527
40260754
14094936
10729183
13451486
25808006
58481613
12369453
44294342
64261079
38470809
15612737
71695328
32071071
23208537
16620414
36381315
62756427
60273242
58026432
33702309
23056662
39379186
75346606
44527135
68776507
35224868
76122555
13998338
57750961
68049529
43570367
58838827
79560499
44312576
79557849
43165827
52652280
19999893
17503867
42100730
24682220
54869108
78488395
19484649
42894318
79246393
48930921
59260507
75914857
21717306
18115037
35386168
43442839
64936986
14385238
78342009
59932846
79322466
55097294
41229712
49968870
33274431
78610562
64399958
19670494
70616465
61839009
48525939
51737681
21889106
79897325
72880498
14235745
32140126
14129203
54844456
53557028
76075548
64536067
54716863
76873957
66585856
50062549
60505526
20705657
48432859
39832878
66476799
79246637
64981882
51086229
62237178
27797467
77345022
57305185
75330300
20735432
45386407
66201793
69811225
25017504
55560000
44230680
71838269
75602704
38347226
17488693
78550248
60362072
38174747
62118008
13698421
16861190
20960829
29958320
76733345
43227027
54377597
71992504
39901319
11117653
15795665
70564305
46346264
25436013
71024720
11914956
29651961
61830621
57421392
56688889
37621586
62439890
52658102
11750182
60502048
46442149
46589224
77004458
77017827
28149307
18187835
26188373
79815804
34834112
42454829
19227167
27541952
53532214
32296767
49650038
71792284
65834565
62473761
70473800
28481223
74933794
52406408
40447846
74487098
44874092
34257377
24051628
31789020
51249411
25680801
15159869
57298955
44435376
14140034
77636381
61692753
14771415
72693656
42872826
28413236
53023985
11036946
64560697
41504030
58495112
53724801
36842824
41502327
24742162
57635477
43538445
50122502
51925891
23455792
56012128
64035472
54177888
61582941
24086553
18298675
67393234
12466291
65449589
14594735
53633160
23055693
58828062
71499566
53820177
23169691
26310492
68586679
37180980
65076260
25223944
26150044
62022561
16032630
15001636
76023660
16576618
68924953
45790753
67476854
59410514
19579240
21469247
39813591
61169157
65945400
36007242
59032167
54093845
59241980
15837968
68571365
66103798
40802796
24813067
75341776
63403042
61412406
70849462
46053197
28482181
53671795
20002327
71509285
43438012
64484939
27698719
32547272
73462867
50870269
14936550
71749461
69775477
55882614
20356605
56963332
74617412
76208032
54854013
24940964
79680559
16123302
52394269
59325727
15455230
60349321
46569294
41509508
19615836
21861273
20383714
57788958
33962184
48836209
34014896
43976984
40097744
65039359
72544830
57269379
41500560
42608909
70236558
59017901
61807689
76090396
30872247
74060397
46719042
63190617
27640495
68010323
14007397
60672238
66510710
10207899
29503981
18324787
66920718
26551385
61637537
43662826
59839067
17360707
11403740
34521264
52957850
11547192
66482878
54645521
50103928
55654489
27423361
15487716
24082642
64635101
15429484
48931108
57744361
38257978
32453668
52033990
64876125
46585956
59947320
17923378
73681864
67147497
39306321
41170495
68397609
47952704
19029217
79108679
71187752
51604123
27735898
42761431
50173832
39767348
66042765
44536342
33018044
49430078
71039124
65474472
47289594
29620051
70753920
42160524
47811362
35164600
27317204
68630131
46376042
74456773
78496254
72104430
14643339
40126516
36180542
13832721
49596382
35361481
50827716
62190076
56784772
38471847
17259644
57997340
19593097
48833911
30848873
59979249
29164742
11284759
36449484
23647561
24142200
54212070
45041036
11565850
22770483
27566560
52754771
31111234
40544155
66265742
27299900
69571009
75974495
47746329
42145354
23729583
60557388
37712477
55446421
37757170
35536817
15412261
50910288
75704559
27344563
75514002
42988426
54536279
31300278
44516888
75227393
40388649
32541288
55494388
38249263
14177039
17240238
47612695
39754954
36688022
41383514
17448253
44484596
30963160
55752773
48687567
72108356
27831069
20254622
24285183
27895971
38949610
41562853
62833758
51448557
59124277
46909454
24092542
44699049
29788684
75864510
58259643
36976556
40828618
16820705
77296047
47678579
32829587
52091937
43049175
66327564
41617737
35285253
42801401
17252628
50646441
46525357
55421854
43366658
31276734
30178105
15701205
29179018
70773869
76169354
12228772
17775790
68250039
60763938
79469240
31776786
79210219
60638896
18841004
48781158
48106669
61173895
41233560
68884476
79357722
77069703
37416275
15144690
33992600
52167629
50912630
24768896
63992602
76987714
41147811
26984800
72827532
15332083
18172105
59422616
61019479
39238172
74574999
60690051
21194830
76941809
52306189
40757249
27038394
63972290
17977460
45708721
32313933
69088446
54807384
65241963
27913011
72116863
59235098
68904820
15803334
12459211
31212794
72633265
38734024
35405423
37797356
46714329
11006351
22697952
22621202
50238511
32506375
74989164
73963313
75772428
46420115
19066083
77190214
63047157
54561725
56301430
43194714
66535369
18518217
18537410
68201222
21797277
34764260
53984003
53695967
73745550
27015718
69975855
13829961
16412933
45814545
10367764
24724986
24538318
35802861
23154630
49684337
27403760
58230758
75383934
76179423
11036595
42660041
27622421
42873726
76972886
15817170
43359529
66711702
69220968
73990516
42200470
35512136
72491106
24686592
27929813
45595672
77928528
43570314
13543789
78495368
23379696
61159268
46557702
17550207
32628995
24931777
74295018
54447601
67831935
68526549
77194317
62648667
72640410
27853451
64675517
43560445
37611712
26226268
65667394
55823837
62315944
45974291
42663888
14981453
56327779
55263574
25295713
23799127
18647954
11075061
77838356
16587394
38784469
49640366
31601500
13867719
55559545
51024118
39413345
48951268
48974879
77760242
18329719
54193041
24660368
41529272
40034061
23112827
69323699
13582020
37694292
22456730
57098169
41319880
49696936
11232104
52527316
26765401
47959456
44763208
44270413
10552973
12496837
15269136
38507872
14926528
60256066
18058878
75514979
36260874
75809378
57523443
23528975
16074983
70646476
69688989
39997152
62805550
47124089
46754696
52518994
73644099
54677051
75998196
11357610
51528911
16133772
27083034
17944079
60948469
46588703
35506746
37920226
66972599
21062650
37060583
45906443
25983704
27497212
40288247
26343217
53924059
32425790
59192145
13832146
65283465
44056474
30513954
77295990
20481203
28343739
38121787
77851445
29213465
63810119
70701466
15253582
38542057
68393099
66120541
36105270
44636036
71526590
28356380
51030323
77521219
16185130
57062561
78719864
42363765
58323123
61231833
27723704
24560278
51867493
25644632
21267314
32742235
17451279
64648071
68024015
60678023
40466565
48430875
30856652
29359545
47527201
70402586
46210104
53885313
15987221
31615681
21865621
68156059
77104965
75072567
66057957
45295322
23886756
57752746
39797120
51504217
39998930
13490180
58375570
61072256
53138183
24993265
79004134
68919156
32680057
55023822
74292639
51464631
69902744
61820630
21478811
73769258
35261434
40640034
65657027
56578924
65808563
23045575
24483346
78486129
47755478
76537794
49003080
60295548
72848981
22234833
32732045
49586270
58733497
27404223
25199225
69689585
67153555
34174253
47789744
23287133
57868028
32299291
42049323
76782607
75832450
14539695
59571122
79534894
41195033
13259227
40674386
75481344
16351572
13053992
23918132
37887429
77373565
37610149
73322239
53816635
20700233
58896289
48431321
57922557
17124831
32527327
16087877
23018034
29524901
15107365
42844757
55943414
32872724
13937598
20964991
58890426
34486212
60749057
68061196
56536016
15039161
47785831
14127916
67222963
20458320
78832502
27014571
52332301
70277784
52866574
36570499
44425748
12897539
71503566
43434951
38041784
33462517
71633099
51606806
11082130
32635626
27456286
72755536
68080788
57830155
16168663
35036119
14252202
28017499
32282463
36696336
31559591
44972649
69572359
44464682
33672869
44877732
35246465
36429598
41543412
36794324
20721224
42597505
52091806
44320281
29121082
36677755
79345316
51627388
59646004
74943149
15908227
44292435
42371812
12006944
79651134
49282035
29303470
55595720
40414903
49460899
72665934
40451139
62041650
69448817
15172137
64420608
69778298
68313348
61079013
49134879
64427542
74165133
61635396
60929105
40325945
14652033
22848280
50744963
49105046
45047209
68574665
47911526
57522410
54301294
17834432
14938141
44302777
10553776
63323484
25081661
52291738
40487425
64763453
76975941
73740624
74999229
45061778
23759310
42351680
59876229
34093389
27219389
17903347
58677271
42834073
57558528
48910807
62184600
23563572
22640097
46154135
31379704
66990451
47562860
15270955
21788634
30864069
70410071
54160650
23273487
15134564
62510447
37178257
28788931
26486889
58874767
71085302
20997515
50224320
64486888
38670570
10958357
34105996
74993994
50722505
26266765
38689133
55506027
31106347
23214018
35524474
42382564
28706178
19599295
51232336
56802584
55963862
40964752
40867367
60470377
19074899
22114412
33679716
20250148
28724644
62775958
48880066
34751254
59550110
48343049
23503193
20127102
51580267
76907610
14543870
32885042
76143612
47862732
57124134
39703001
41194268
35265135
14115751
26006689
40557348
15226305
35795855
17978567
48241950
20642956
50779447
42966849
35495333
20645513
18743398
54178841
74929062
32347033
74378168
57919604
30852162
22101736
79960440
71140566
10218106
33226130
67156771
18742642
61473967
54960442
24975917
22893823
72500365
21823705
36928358
27897872
69291007
61929230
73832527
33189816
12920669
70015769
11123703
56047253
42958283
59112909
11420295
15723872
35745619
76823737
78075576
59982378
11459085
15632570
44635894
73576875
33285644
59569348
54475190
64140345
56506289
55198259
25030038
68616800
51067687
53875681
61255465
39684948
76983087
13334399
33643049
20201916
31131056
78192559
68108133
71559710
36072138
45928052
72064145
25332041
27149879
30864172
40436515
31576376
47795420
15134599
71161878
35731292
70963705
54316632
36895460
45500084
13406053
18035314
75991186
24265285
37058418
33620875
73946873
73220911
60476086
13425984
65437132
79980605
49750861
50116031
44139265
64919512
32438307
74764966
50630839
59239831
51062141
17478749
13748404
67134065
77255566
76669612
30414267
60986778
25150636
61477010
68025727
71346191
39153885
18180302
56788214
45732253
58957383
47269773
49752939
39103871
24681440
76329523
46554804
64480046
41656703
35018657
69013455
59518320
23405178
45474638
76951347
12078603
55498191
40494876
77858879
75776364
67359626
33461343
64629938
59472347
70537962
45830175
61242557
67687779
18129745
35631741
26237707
58894577
13284546
59752209
30086783
55557968
46425675
64106962
42519607
12712493
25954858
74124826
20688076
11137765
68679031
50993509
75558445
54487849
24765166
25024868
65714674
70762544
71011980
58397641
35315948
40354262
19280662
36108958
25630131
55714973
28301517
66539547
71944069
47547642
68181210
26918319
33971014
75470376
55012374
32093114
15172865
31972658
73121331
57269553
47004861
26624460
73609068
59682382
17816919
52282676
60695879
34635928
22864435
77254679
66269598
18706694
71204579
73769471
11146211
34887881
53348824
14840344
29892552
66793457
48998300
32355783
64560014
43057935
55484798
74478469
74186485
23210129
71827155
44121329
28502662
67629320
37568228
12909727
20424055
64529688
57451950
31948034
34937587
19949543
75569450
46507253
35390417
44411392
68585600
76342256
18376077
78921746
20104343
41483560
35960779
50747934
58382835
45332776
18854674
64831116
77260853
45779597
71484071
53819315
42850455
21633547
31719006
12741131
26174261
74005918
23833886
54299785
69058743
27143020
58832869
77934773
42094004
23482385
57813350
38747998
55386888
51401839
32875097
57119084
37527935
21966198
29352329
38529942
69068130
68333818
32407782
32502420
23507000
61004632
66474076
65466319
39690070
73752016
50828805
31930239
51496446
41221312
78203147
48552686
50535580
56592372
75596778
30822302
18388461
59846036
54390714
55969208
54419987
41280255
56946998
18398166
51706401
64330639
74492396
25635591
26365012
34316036
41901259
15866144
70887153
53276789
29564096
25156543
75989538
33821469
48650682
39266119
49725541
35108187
54366211
66724580
65043320
20117373
67407954
30443488
72455053
33268689
26731728
46240805
64873148
51920388
68931712
34599285
72153634
27929549
19468934
10142106
25737134
67421289
53731917
62764709
61083191
27882544
51769473
42314521
71549467
50515016
63010266
67947580
26959032
29129298
29165439
12361839
67083654
50172941
74720084
11287580
19132276
12034191
69019062
10229472
32164302
64606513
29380836
10116822
40361737
13932349
46419647
14345663
35230388
49726982
75336822
43348397
48561650
58686572
64060009
20978997
58700989
32666139
34859575
29141440
25731639
75316745
32955703
60225322
18256871
65358211
57264420
38139606
51691824
74144579
63376211
64956684
32196705
27873265
60414403
72073008
21732299
61010854
35863178
44653728
59931095
48093439
77584867
54156452
50464104
30301604
22742345
57225174
13350890
23774730
22028299
11930810
56292802
41154240
25426717
45219346
53726741
76987097
59365682
34459653
42919476
40904762
30713033
22690016
63233436
76038107
24594233
58534997
71858519
77315333
67217475
49267221
19998435
22464014
29966371
40360428
38156074
47945928
22637474
23862704
75867384
30271996
18158173
66971919
20759071
68920861
29396404
32664923
34546069
36999831
63256732
11536187
35999378
55625987
22693391
36820419
34360064
17046468
72542230
48769033
71981259
52889947
49321186
23826772
66827783
29137957
60548382
54858860
51173420
28063483
47176321
28241320
50831937
63906807
63590902
31144608
77699485
13753066
61971337
25488097
76461649
44756779
62458449
16436686
53688949
27776251
36583887
63072176
70460422
68806308
66661593
36105768
45128928
12363034
26745539
21707750
32256186
46140302
26146292
41242391
48951205
40521683
63516091
65739275
74780258
53726137
34858713
56134265
22482397
36260003
28016686
69480871
38776247
37408995
78149639
40153955
43559202
17564509
77048043
48559209
37981292
40683559
57748224
37951944
34169881
26922167
71796855
47271117
36026392
16048323
13758392
41337408
69975849
59471996
39715525
32509164
37539477
20891689
27882167
26202946
29349264
77304475
50237746
63684194
41686294
56611761
27951326
14865885
46793305
35522828
79349346
46192795
69725880
52803766
63265897
68238426
50905956
39009764
59562412
64346416
45556637
75008148
77071339
67849881
39792844
13619857
61802395
68315480
63529457
19000161
46706681
47708898
51127602
50310220
37122101
76268019
69097691
11245801
15787174
22358757
11933067
45924758
44415048
30073045
26835854
46851234
72371585
78327503
79097733
64274507
46322446
42313948
73504840
29879832
57804357
70213957
22443937
79243058
27364953
34608994
75565676
38280302
42101164
21335726
56808806
15975275
54693856
71631001
56459673
38747394
57823031
62502735
63888840
61455603
55156740
37077487
38430906
27866400
37020704
44476026
54987653
67990769
75745807
12813551
52965901
12851810
54110737
50078301
75917995
55268835
14338716
43077568
53750310
56137414
15971376
50825119
78828538
16614289
71866208
21834201
68284863
64620278
34414841
51122329
26866438
34712403
65744660
28499344
24692396
38389628
16687231
24847872
15707261
37142501
73840618
21294510
76370767
14924665
16523912
14338725
68615325
21731702
78002574
33001511
35762291
56953432
14648371
12641508
22059053
42749997
69708960
20214340
41887758
72924265
58175974
52232168
23877541
55847435
26897856
42869163
57804021
51732424
31027105
13736122
54115263
63465429
12221216
78036479
46209752
23312001
16466115
66094761
28120712
45363401
23889134
71339887
51862178
73344685
26469472
65790345
55270570
53803580
38086989
27046685
77720501
59509334
14527787
18084038
38948240
34240223
12276521
45231024
21815661
13211411
19214025
39260504
53333356
55159469
29453989
40394640
28761449
32602021
38359891
19078741
29257546
43898991
58574735
78856848
68140979
75976807
33956931
36906634
11063322
79597702
21804278
68453682
46490168
42405814
74555874
79424251
50181615
24738633
13500067
54202710
74975131
28882445
29882470
34792967
18187324
65603878
28301168
21271718
73670326
16313181
78760467
45426460
56122438
62318952
16222232
55627566
12770745
17050434
64114181
48687379
22045454
46697004
47813938
32779299
75567752
77414552
16454794
78517474
38294133
72205426
26658024
48375002
54152187
30050610
33341775
21218831
31878540
34373179
58699120
38943986
28847189
46408689
40069104
38725163
11872158
48140462
24367699
44920783
22253597
65706731
56860729
18596527
60330797
27609154
71090876
49035292
61578731
18501175
36905795
47000843
47080482
57481736
74587393
68978781
15991254
65826381
42780381
71605357
61986361
78956777
57793542
76710326
51354597
56171599
71122145
17126521
52261590
79483733
55724494
55724531
61872803
69970532
30975304
30023899
61659176
56613971
44952865
61195149
65352302
71906015
47035214
35697986
36594519
65891130
73417075
28360217
15025865
29841857
61996246
61087422
35799418
56807908
22495630
30594400
33129576
45283203
52765477
42782784
37499144
54380943
46548226
18763792
66693180
61380165
76034920
53572330
56730179
62477686
27219862
49574667
17061444
73524156
18401602
68367317
19152748
11906551
52756851
79616407
48788886
33436357
51018103
48906324
12609093
12711640
70549687
39809161
34126604
76702234
73321108
67813384
67473847
79663262
54386396
22330861
63321921
50596211
74837961
20126788
45001396
15766564
53168575
