69387010
77587434
55205563
47331460
76647777
49527937
21114780
54271358
18693517
26368878
26225530
28067855
10616180
38902647
32417841
70360078
36467163
59310373
22514135
49241328
16266103
31946880
78698842
47629412
77718884
14754844
64699927
71292098
34780396
65451398
41027447
63383364
79353446
34629745
24851173
42015212
32022886
18193507
16022095
71475384
57280080
37201068
34041485
74750269
49266067
65228436
55694333
36745430
12001744
17552403
61244962
72261680
30879385
44090346
27054155
62938791
10950507
30913140
79562084
46956432
67044597
11443687
29006109
54352329
29990664
38005540
60905330
29946878
19984431
20310327
56224295
19045022
21609301
32767132
23556949
12288718
61981844
69922275
66900902
52121851
52490440
21203232
41430941
40752953
76214417
25866701
11919906
56789882
39030834
14092192
60474035
15394876
32882869
31032170
12920181
70436480
56514382
58814798
52018195
26954660
43122468
31044175
68486574
68442275
42606346
23843616
45881628
75186699
39260040
21278834
44561531
39295844
62454306
35410223
54344858
16766714
19317479
67449538
59690705
54350945
52727045
60973794
22803313
61168352
44579487
55277633
18446786
42783558
69465282
45890467
21499772
75903680
47064162
63229255
29759395
52706318
72132184
45859419
48061168
78646593
57143634
35064890
36458236
76024955
31389959
46308596
39824918
56247067
65557033
13489847
74297493
72150211
19780142
41169462
78873933
72219723
15876229
24205856
45276776
54696048
20844490
62576410
73400207
14835956
21046432
50895481
35009298
22842817
23259402
37314797
36791014
11264771
31615704
24368039
15121789
27984829
70563589
33293090
52097448
55671151
76063940
23882028
56862744
69234632
34494496
58745171
78049066
45862744
69379685
54455221
38314146
31840276
18115591
55431191
68096801
51793185
10670697
60631227
30976824
21857047
14085685
62695202
49499672
50748720
55464231
34128728
36757704
76997387
72164382
75056064
64292338
72612956
60740956
47070211
48062465
14817503
41660690
55859707
57768442
63604928
43859246
49532715
56720759
58498021
75300468
43231426
67481903
48571994
44171686
66661545
50788739
24876795
51188915
55395437
60810030
39581530
39090816
42451583
71080505
53835603
65914630
55721654
57503544
75670338
44724377
65656649
15730312
65734110
21330917
26061187
27912347
67255605
54883634
44203683
56806016
79158854
40222708
52540782
35363789
42520059
26553422
16505466
34820968
73115265
27088673
77740037
69314302
72598514
51530444
52572787
51122928
77394436
31922474
54417509
79592251
66189133
51390034
64793041
35800608
15583439
38559964
71915865
37699530
15600569
18508238
19831636
18278605
18652716
69368382
64321924
11006457
16610919
58426291
12552052
19980309
58786251
15423273
19465088
52595614
64711941
64387744
37676400
32620979
50785439
56628853
64041041
75851535
52553565
49286550
19160937
44935541
17797396
62505456
66351322
47203985
33551475
13267574
49054794
59235313
57253071
39429295
26490433
70740705
44426238
25525650
60494621
19453515
33396796
61938594
71364587
70826111
59889446
27676557
49889204
32477907
54764675
70702873
25966297
73819286
66581310
75045640
14863763
18513926
49028424
72195045
54144240
32895031
37101121
58148130
53573909
75355763
75794407
69423792
25953010
21998761
53307105
15644869
14624255
23379941
62794959
12050930
76756166
32223810
56672470
35766120
16799789
28924060
55541965
66121894
74484397
60878440
78394383
16034985
32970807
75638825
16780304
32073616
72608262
73563848
53424789
58659194
72532587
31297167
49951767
10540467
53122475
49291404
16366813
72368972
35645665
48934731
54882985
53188901
21489449
47698543
13242888
35125082
36465385
33543841
18637735
13577523
15265307
68014366
47138205
11964321
64700738
55647036
30941589
53327452
29937215
18632227
32864866
70511352
62968887
33375613
22918548
15524679
39405869
19175020
77766647
36447639
40427853
47027274
56658192
61961887
11299214
66407753
58462884
32015855
15144101
23242578
38031531
31123706
34448678
52192489
15455373
73972933
68081294
52619988
42221954
74717528
66761400
55721577
32857319
25447656
78487148
20568540
48476806
25581908
13162515
75478985
70205267
72605466
67458414
42390464
53061598
73936461
34552913
40324408
57341750
79264901
21473614
76930155
73613928
30203571
45411354
18638812
41268841
55472000
57084794
45151614
23982664
71952756
35428066
52475323
21250879
53777510
41962186
61364937
14292446
18567315
15056479
69352184
30489678
27840468
56009840
38839409
36762716
76180800
46931688
12119104
69194041
26910703
29662924
58688172
58235397
15848755
12253335
65012319
37130835
18915405
67994374
77480371
13163338
45140540
71302350
16382908
41091599
56155462
46270377
36439899
71292258
71696559
12908637
18916216
35323253
29825233
58277979
45810400
13212028
28386909
77542543
23407970
58630648
28815172
11716175
71477729
69464467
28191237
52073839
19049917
10164545
11705013
47346340
23203912
43855263
76333220
55185252
35942288
29462021
71166928
66948158
44411836
27137218
28589813
41677054
49936070
31482783
72752197
73876952
18971774
34471636
54360767
39530402
37044960
40453703
79946640
28386616
35259936
19596421
48379970
13855157
51285320
72852727
35116771
59723836
43617625
13033081
70333513
48437134
19451483
52782898
60022337
31202154
20361173
15086543
13399134
45159141
76917041
15837867
45178217
72558066
31285061
74490449
21971606
35487652
31342063
29460961
50992820
78943688
15198218
66815105
59620778
61833264
77198872
41660237
45364638
72885947
68125080
71037664
41646423
72647231
53787780
54214958
75474158
63183988
71317475
17580809
28914977
18535015
50314898
52977072
35903847
29662418
32974241
19266923
76471263
18499805
30386699
56737374
73897845
66669002
50328805
10384921
74759538
18227471
53859498
79782029
76760647
59892450
42167781
66462527
37486077
52320935
64912402
62426816
27494454
49312113
22614574
11673983
50938572
70514318
17780156
74133310
74626761
57311637
20780450
41414648
52524807
61444430
79044609
66317166
77581019
38891589
68335974
29582206
70342748
57792462
40959967
48455464
43169521
14838069
31978083
15913880
24809789
56009614
59836452
66514259
79897829
44004687
25509534
15667891
22351868
54283830
34090145
18278138
25876501
17914221
42401313
11160715
60936434
15740428
70867082
76834533
60508124
17868926
26931937
21900296
68104352
25257813
45035694
68264994
19910641
62932630
20848791
33434799
19852459
71745568
66298076
38795904
67908101
61522932
28079176
48454872
67225434
47321465
43160717
45329132
45345448
20961374
73402219
33060896
29181194
28919605
34586718
44999297
48717518
55206198
78469151
77124442
37054857
29836766
43458592
14379704
57282956
54442789
62998399
48854071
76026676
69288796
73610405
21342390
52358776
12979790
55391128
25969409
40128390
57520589
18523414
48058347
65475147
52759238
31198431
44099841
76092229
70194714
27942715
40488331
32840450
12700306
17509424
43039957
10602848
44349594
56438587
12251523
38017299
12501294
43949156
50214934
38801112
14694023
32661665
36999353
68952305
53785107
19853480
76392040
38405901
18823963
53675861
16500630
61294184
46171365
65193868
38420483
24596355
24600055
63723049
74045384
55865040
35482603
33223887
40546298
25736305
15560692
57655286
36656221
18108461
42187023
50729388
52314421
49765422
52454457
23608818
78739310
43061627
44214975
51597993
26389674
26428039
20369852
35475647
77913508
71394120
14090122
15139460
12680594
65044159
14602494
63093598
61469108
45484968
32026442
20005266
38357772
14365806
44183766
11463996
21869245
76601446
30492379
65282242
16141904
46914430
58270870
45018806
49330492
59081766
69553777
73667125
45849207
75733668
55059598
34540255
37939735
38085342
74292976
61838690
20997867
47042096
77915412
69983528
45221792
37304088
55445620
48948353
11098598
45556853
44170464
78895873
31810957
24145397
57138732
44577845
49502333
79943355
76169957
70098919
43891792
71642533
11640669
46944273
33819311
76971293
35187586
12005129
62731187
21062509
19373334
61052349
32267498
62997197
32922841
28331030
30350592
78126482
65565523
18420994
65378374
67637683
60184120
77308594
51932126
35575639
45129652
20177721
57560079
65148376
33468160
35722244
63197556
62016084
65948057
37834904
71971130
47149078
32155683
76809064
16995278
74413809
45105139
43921598
57272497
68720918
69145283
70121556
48642390
29097230
45761881
48134346
11182163
59739025
37409143
33364627
43365429
16801196
19373972
53582212
43691472
64394129
27655261
35136689
51303826
36875976
61789358
35161494
48283130
76967439
31990332
36222093
78323558
20754186
65590782
32879100
48361917
30630848
63754077
75711844
33388772
70874995
65621207
64423415
72939545
50253401
36555790
21687912
56850699
37472244
72809700
54194581
43970441
35845614
30695271
49331950
60463518
61304319
79400002
30096193
33748479
66903424
33129515
10524327
44219125
55489859
38188090
46198274
58469584
35858654
66551631
10705555
37931590
38522127
21237436
40029611
59291967
56194164
33890103
35161264
78199895
26213585
64227158
43448829
58282009
33137102
35663278
63289406
13412348
76615746
38611268
25774309
34195907
45027457
78612024
21506436
44210838
35788960
24621063
59394918
27936501
71255024
19338171
42075034
79667861
66370415
60176621
28840971
20579153
50696295
40302445
31402942
17138676
33119386
16138490
16975531
50708626
18528745
26329564
65979560
43768934
48225193
43764904
16844637
28699642
38082069
52788067
36251664
39205758
36605317
62469144
10959359
11636347
62167385
66874072
64624434
22624626
65478390
35757559
69340288
63986388
62156127
54247724
60111546
76894737
22020230
17200421
53487660
33228860
22431905
15264117
12448421
42398387
27953747
52650486
10173315
15606553
17747850
19685426
73656204
61656619
31775043
64695010
72267783
66490197
56187813
22243802
69323790
62576441
40445431
26849199
25027748
49387834
28357885
46517500
20917938
68316624
11937776
50172434
49537934
72301524
60414177
11015210
60656302
71405523
31552791
63914457
15622848
76920330
62186226
58028888
28889454
33940875
45912539
23735390
38986810
72569083
11495851
38096789
56444488
72048308
69284303
74855162
78986253
27080543
20296428
78017135
67528177
74900969
39303723
24460825
53601898
64916258
34022996
50860104
19873639
28375173
79763467
26076606
28272776
32261795
65624736
47273165
71614676
74382420
65568843
25282770
19003154
65517856
26302761
75671638
58430017
13466289
18907308
30912515
27626317
40767876
13080390
23161246
33828432
67740608
50709811
41739596
30592455
51525467
56543412
67022398
27142528
72246398
76104085
28999095
71671998
62633324
56385100
77985972
25622763
57948895
49887223
75808394
23453879
74771664
78403271
37259844
33306228
11806721
27566557
32817521
35502787
18059129
45129348
37777086
18354546
41190767
48763025
68598483
50929511
74765951
69256648
67469044
14618662
34122973
36217497
60873999
60408537
60315633
12755512
41528466
23793857
53537240
64677700
18142100
45007430
58800376
41937880
40661781
69655516
50636265
12641910
64914295
12958670
69850445
59553741
18862262
30560084
77838749
35006827
46737656
23189898
36266387
61414949
54805681
20343355
52405713
21260129
28867293
23648667
12371701
45624026
55273601
56467607
12636794
43471980
67616595
47086006
19864625
66611878
32679544
56327498
24360381
23414042
60821080
14643165
58154574
58629362
53465441
42182146
34573850
15262295
58064559
34615775
11060848
79296841
65773897
72699755
46567781
79169752
63080343
28105695
12533177
77541811
49436478
56997227
23244013
76107203
11709138
68960107
24142774
75368854
26645452
15854915
15104514
11472212
60746324
21248632
79509729
69304384
14700674
24084607
74246324
57336621
79652766
36602822
62790056
53116566
44121965
35912796
67746288
25198712
72339494
22734599
47779563
25064993
12913932
22632879
35171553
32324711
75179463
60331311
69477451
33455857
35061226
24827417
77292731
67698969
42032258
71148346
76425912
60605873
51096114
71849115
46557897
52847269
21053586
16697478
15961965
13790930
56044551
27393739
32925793
39189259
18959760
57009188
68483213
17340227
65279633
75943225
37489172
36509877
64726946
55027289
46927490
53211720
33072547
67166026
19084013
72888304
42609901
38193652
31940512
15379536
45897318
20413857
69872954
11422965
11165196
24886296
78782855
33185793
69424277
36371586
22760030
74845659
40519654
74824388
11840845
78953273
65047395
59088336
64248916
41438756
16583706
21781430
51898310
31701487
74233491
45860410
35638074
34248865
44858103
59712132
61130634
29940942
36699986
74807177
55305584
76661509
32084561
44424088
20651721
41650171
52206909
67253886
24492059
41260772
15764340
18036244
24281785
13139097
63607225
25494305
55368572
23823333
39374032
21816562
55652627
50866813
68733671
28690525
25093926
56088922
69878872
48084829
22405266
22393997
57291273
37519182
43585276
27134901
56129237
40551375
77271511
39009331
58017154
39210486
58695211
26989879
27031159
77078035
45145582
73405719
38025123
24266262
79095899
72084734
44322069
73190322
45033477
46201536
18202230
45684761
72770353
17217386
15717811
15390297
19796687
49037855
55010536
64341682
77020006
70991995
57124215
30022172
74289466
53246016
47443825
49694264
47156452
30955806
45117671
71588735
41929208
38477197
61562668
51093819
74183705
69925241
76071529
67910152
79059170
15990599
50177090
64750814
79040807
63889441
14480410
27699882
19902003
40944400
45895232
36533853
32658702
75671089
20649301
16933449
72997141
33151905
37984583
17138888
53913384
37586392
70278819
48785718
72714436
19450351
64376247
76779632
22900931
41422705
38786090
27852086
16871540
67917303
31791055
56223438
77221082
37491208
19019734
42377286
32691374
67973315
48043665
47705081
77121559
34434482
51837310
19591612
14705824
53698877
78275127
55724947
23237950
12682225
32230840
67171938
36239787
36426509
23997212
10287875
37766854
73750978
67242981
34491701
63727419
36353528
71618602
26686015
26850759
15879201
51860083
23353121
71346919
77090939
47975079
40682285
56952081
42335929
52375586
20109527
11057210
47928909
79998628
10030544
45345226
68684323
77516371
24325490
43349588
72268536
34094544
35458483
35332859
73518749
72880083
79373175
47108174
64158825
38999252
35638843
42817827
67640018
32371764
63900893
62833899
45042234
18895729
45088455
30685323
56810471
20199871
61070160
76040455
49279890
35833638
27018517
76271792
16544363
32206279
42016527
28012874
58810732
63206622
64767007
21610601
38032516
55659689
55516841
67962033
26396218
18762875
30975079
31858342
12537281
45830004
19974460
25878468
12251391
60768951
13115115
50295684
44218151
42141468
35761269
58380892
39782666
18448332
46124725
67892114
49219964
28883602
37517081
24317567
65842813
71589105
25460861
72807378
74386011
53084447
72280093
59000749
52913311
49600161
64150537
69030167
41633490
27951018
48359411
40311050
64671650
52672442
14466747
51099809
34243821
38934844
36506036
54796403
55886816
13972592
60037026
13583165
22908791
20618482
32317446
21086332
24023740
53078682
51270505
29364738
10521383
26270678
17463424
31366062
10519838
29800706
45446617
47035702
28416288
69099666
16970794
49595968
14028454
54788672
65860838
41029057
71982435
67817768
75216479
64601193
10554265
33538809
55033575
49605103
10545359
69576022
74962053
52874812
13888200
11709581
32618184
48098588
28763169
27476504
66741919
35609762
38794211
66494738
28507690
41391339
39940884
22487737
64671253
68692203
19229244
33451227
14950011
74331031
75761711
59286114
46783054
56632013
64331876
16974170
43262449
79808668
66826902
34337044
26816556
73285805
45602167
19355278
25342190
49660247
76152769
29590027
11685787
64019830
25612599
30929319
69235723
12570104
34795820
16176414
67137567
72621396
31219752
23686366
74744325
51060350
76869931
22049613
76422321
57258279
59544329
79623884
56183367
12360762
49241513
30121593
68689261
49487473
18472692
44686873
66927431
18148526
10516320
68165536
29451124
67828247
76184470
18189730
29507107
35575500
46779112
15035594
71976853
55611522
77758500
48473304
47341365
62798531
16442799
60467160
76791266
64132651
26838810
27389963
22948912
54257176
33683719
77813711
76441989
54286410
77096843
65385997
24992662
63381392
12960747
24060935
70700056
53370285
40157120
52945351
66375198
47616262
12178406
64674646
41392108
73970648
67140047
46592174
43157390
70708363
17943471
70495501
52969006
69678455
36481041
75353760
48258751
25485777
73127493
17899678
15930147
54973347
13708674
73420251
28099090
65899892
75930796
55774204
53425887
31340863
43162232
10871599
79099269
12994830
10513533
71769714
30076598
79387035
41153834
72870890
78742353
54991174
40214822
46926527
10428199
70698345
39166759
19855452
49488179
74866250
54026745
15792696
77818730
46338041
56214315
35643579
32372726
74889292
42789362
19005289
61234118
78213682
68097536
77849447
17754960
54418962
46058335
16824685
60176514
35384383
58251751
60983649
16590894
42012904
14444820
70311271
72565521
33831487
48350552
36466954
17365292
41556915
74171385
39832081
30608989
18077201
67394638
39171668
11706863
16067065
26647654
39920949
21226703
38668442
19481065
41594707
15106840
27812912
75342389
72177112
35075143
69048673
27117546
61138299
47610888
60479757
34819653
62294269
53119024
36137551
27037533
17969624
23693685
70995752
79665098
73606571
18212167
39815688
59080736
38766067
35502714
51148978
62101500
13640000
75060873
69901219
72527770
26038646
37710978
13317769
64013212
44471984
40654890
78846195
59029048
12150019
69157699
24486444
68102097
65522763
61670176
47405434
12381125
74808795
37412426
55518258
15477311
58818737
42309924
51449412
55899304
55022063
36882665
11564509
29765215
29202569
75726435
57322005
42228620
47552214
59551364
64159212
27756633
61065158
29178986
40519979
36986159
16433931
37111929
67483320
76408565
54597357
68972281
20175301
75513140
16388121
25853312
44490638
64203667
13059165
15372822
49124733
20943647
22416274
11658899
31127139
24484951
73282833
40486709
39185888
64196193
65797859
38865080
76433957
67003565
13952031
78091187
59986623
74588583
78573411
40474612
38176063
22927131
33779047
20135572
71428180
22910128
28561118
50010296
79225550
68746510
26634055
14668875
40599850
21758350
21796587
58770574
39067187
55658096
45075508
46633033
11503715
28875226
79961201
17684895
20942505
69866932
37332088
44845813
36250596
47634852
54451417
14853043
64151606
30271752
54291183
32138518
23359100
25174055
57747526
12434549
42560678
12101062
18489724
61627924
78535040
70107149
50353127
48821434
19364556
69616717
13432269
45829633
15763939
31885912
37137267
65402797
38923970
33777294
74468931
74173192
10503866
69041738
79652667
20918509
12228736
47773731
63316335
28222605
34616309
32334791
19357661
34139542
22740858
34533080
22549878
49651032
28577145
24357034
54424605
34987359
10848604
15917818
42424693
12943154
36755604
49144423
53097083
45482060
69311635
77529736
23060105
58607094
64122075
64501877
46507459
18349434
15735111
40770915
71434368
22956516
52646583
68518165
43459442
71461159
32320507
33909908
35166696
58687707
31607692
17568237
66652386
52848601
10391779
50982616
12910467
74508543
22994089
60498039
10751565
24388213
39205980
71014255
60858640
73484088
49097763
34589742
63238503
59847735
32254792
23190366
49820816
73843408
56870314
43571001
25474056
15099013
11978029
37251881
27973385
58465904
26924513
65603358
71309426
26697460
54107259
46486696
36884078
12136401
58029989
15500610
29980612
25105675
68046154
49239590
53077572
42676678
62160627
72166555
48000720
28018411
25798613
60276626
79098730
49995449
18968110
35712223
13608290
45724987
56035770
14853426
22746621
79712592
44130607
69708810
27502960
34898718
19746492
71567636
65343915
58078184
79061545
18854389
67274333
52648917
12196408
30058053
64499601
43277145
15985803
38705434
74422940
79265235
72590063
36501282
67432287
67259223
34275646
31265551
68769837
30516978
15580257
72332339
50594571
15533230
22443889
52191165
45762017
15324053
70369201
16182313
44990656
52878352
43010640
55296934
31902056
13355318
54910038
26931264
11542245
75380706
10130866
51076402
19296334
74406170
28581086
34259207
34029091
74282222
65073077
30922775
59241252
23783894
69861815
68720184
14474365
50903896
24066616
61511953
40212725
53449593
53977367
44503248
69731671
14304030
27257978
58252896
12209041
30054255
19323895
17809636
58405534
28587227
70346868
62822340
17210953
40278715
48674999
19036783
69338633
71438633
46176632
35353413
72961548
57557716
61562492
30985140
45356402
15184886
42987391
33811541
10634158
22285815
64846247
64516689
77414977
29362496
70969005
57410653
14165687
15530058
61463651
73789314
73196996
51330160
51791603
14402768
20107745
21674809
71612244
25205160
61346164
10347828
48521525
15387490
13419694
66485801
16353488
13295339
17851595
49343626
72189057
31483628
60235839
56280979
74507556
27928255
54330505
70472665
10868612
37557888
61562855
74495603
47390584
50390276
20362474
44895786
15671964
77136483
56927861
77814050
65224143
49282852
63708932
61411408
28961145
33092391
74492008
49250081
38148380
10050683
64450774
57590634
32030426
14270491
54089862
16755061
14677828
24199311
31099254
16071608
67581746
58449463
15311623
22972767
62038252
54351874
25364168
61236039
21421447
24109000
65065825
29109247
24734046
78870849
19624530
67875017
51438784
41756815
69298027
11374440
79834477
23045092
32102865
36810849
36055066
70293632
72007031
13249718
59921669
35577249
48759740
31062903
24142158
70734361
30900975
53489775
77591372
68277582
41486085
49465406
63234615
62656628
26624605
67254985
31388661
15999427
13968081
57575018
56101799
20889798
71775151
45291404
51690494
34217389
27402148
56333814
20434617
11060331
16625210
13234671
19231126
43143033
46508312
26039205
73197851
50961051
54773363
64377519
74611681
79951192
11230821
35712592
21567677
24194224
40526494
21019430
17803438
78285795
51670742
59405393
30913480
36159365
38289126
60969815
48980073
75799902
68766891
58924443
41298174
37051329
65890550
37825575
77286690
65349787
46049334
29120186
52799095
36599013
66125408
11374819
27649304
65291230
26034636
45303110
69941468
65829383
60255165
31959044
45404274
69016330
49192177
29473008
23473714
51477652
69516717
32750976
75373473
63308586
44152563
64512516
78606481
54711912
21804878
29273451
25692722
62276302
17261469
26776204
71627514
69160742
41761271
20805125
63066565
45947946
28510964
39167842
54915241
23449828
75417835
25407636
43212493
16577237
29761356
53090133
59777670
73912034
16381630
70450912
42761028
25022750
41777837
27019775
55063552
28947102
51440600
67448513
79276127
63098260
74236313
40013944
72247663
59443000
60331263
59202129
77734621
52521383
70188778
40983695
76755590
61234290
15873561
16890648
34290237
60045301
17441534
66654832
42947620
41249321
56806755
32544953
54750509
51157352
78924819
12947441
23617388
18479960
39778357
12005506
46656567
55816177
71691455
13076563
71088567
67918098
26000830
16786389
25115465
35946479
55167097
12510048
49469077
58241458
45659277
12160567
68172471
35940796
56917702
20165016
55990535
36942614
34961971
35387060
42226387
16569495
62735713
26213753
38767456
50160819
61177913
37860959
12321408
58653690
12135738
31375664
31106579
70426743
52393111
18902019
51249215
54340059
56683088
58065457
67976673
34984978
79875049
28259456
45021261
53067096
42169691
53101571
20845440
54137814
28765543
18674144
41684264
32993310
20444714
19014279
57705382
10880911
21280780
49371546
72883594
24284734
26985615
17708157
48521542
77961768
79429755
18721199
52822678
28457755
55805395
21746755
61364712
43181835
15135288
67182251
52427778
14970574
57023998
31904745
72210703
10613835
79788036
56206648
25166401
68930499
76897007
31878133
48471351
56561996
62979923
78804496
46961423
21569022
54058108
32774163
28727246
51359392
38403955
71738646
21047516
13530301
48515190
10070843
43074372
39506221
45372352
65254753
26673650
71705346
59118910
22052211
18452652
44819024
50816655
63312400
38658103
13723643
66698244
61312164
54298564
79030340
43179959
60935182
19777187
33978137
71710907
40769675
18983754
57094321
50020221
37640384
26760890
61164026
55283264
18791771
19261328
33866555
59122431
76124185
50430403
53708308
58565129
73094228
50726325
53757381
51627076
71540691
63844615
15255625
69130580
25738783
68293111
54960616
11178000
78830267
64849344
74561266
77819509
70083402
42527808
31607804
45333390
16784202
67999070
77651010
26954501
24276368
79087825
26224793
37696309
56327971
32738945
23244708
42372822
64753325
79231058
36940429
45960847
63048681
68939784
70339871
50026671
76736815
40227010
45636698
20580092
15522671
60711420
78099185
57450365
74342413
52106180
33315931
69982623
26118472
34103290
45175969
65462306
17007741
52052400
29180573
52072433
34592793
47490195
32613592
14339235
35443714
63085152
66763293
53193389
67758010
58446450
50138084
74385856
66893617
17340452
53544804
31366593
20884227
30117500
15977888
60262954
71900610
78734864
63107632
66039514
39382820
65708631
54533923
20896776
65250397
39886445
23259057
38516775
51025827
33120261
14001827
55889728
10825950
56764836
22817451
33563069
43594108
20207722
49949988
58715454
26847223
31141729
75518937
75333987
13604211
56561803
64795358
20611667
31494135
20225210
73559009
70634815
39861085
67542398
43924356
39955488
57726147
67788654
57687197
60439290
16985519
20312744
67024324
15405920
13200814
37219884
58525477
72952391
61735194
10651219
24372617
38942604
67866892
77556695
27934111
54431731
51526210
53008587
20867314
61304983
41073932
43433119
12180535
31166704
46800863
16664233
61296911
40419031
75183671
45297738
28708851
60572822
37028814
36084819
42873951
36827521
78183897
55100482
22920390
10739735
15606175
78488302
55926533
51550533
69060298
26486282
51894892
29562659
78716915
20773493
49029104
47826213
14073997
33944092
69921514
38164640
21225100
76105720
56874176
22096141
12096843
18797142
12233035
32861340
12439005
32280300
49241597
22458025
41222844
78452500
35702064
51500412
55550619
72499271
24686424
74498337
20809653
62403152
61150408
65443245
43783503
59442686
73413116
61486884
54887041
26825384
64832600
49397458
21999880
23081527
35787984
50731533
15917896
13100807
32855633
46713720
15194917
37511229
74512988
43247518
46827256
50139772
20557517
75945081
24915610
42733724
36692337
20772039
26598170
31804527
11963355
23169900
22352782
64182558
49279088
48366751
23497309
57273031
69715812
11476153
56920816
14334769
23029217
39662519
54371620
51517686
71331152
66848754
72088789
61508843
29293635
18764586
72578332
59582806
70692683
31654750
44381490
22880639
17740679
44857249
59229747
61750797
10003552
64627779
23356675
46157358
42162579
57139191
76457953
19960378
24464508
38110609
34298817
42404194
33662096
44972333
43919075
75605214
15210844
49589265
60769780
74484480
21924626
58514213
47667662
64574347
60769616
57447594
31760446
15940308
61493829
74522057
76731427
29733395
26814916
30972432
78828131
75564859
14693307
35550843
16878474
33205463
68028287
19614387
24401085
11361188
14704659
71742145
43717367
14015461
29208217
49293084
70339119
66295901
10925857
72797032
75059667
27399111
70100863
31244970
76302535
32053666
74362186
68005912
76278728
58255206
43826912
61745384
61558605
60292148
16080748
64399816
66987596
63498920
61513791
44852390
40559654
15438111
53073039
52480061
68062550
10430454
62194474
76224393
18710526
34771730
25792897
35153875
79973315
12630155
73950336
50309720
13147640
58887257
34555249
57430029
57456992
29254619
77769118
45779775
40243607
33948676
58842307
12743410
56580202
53572637
47340057
71184179
17375320
18843619
14964215
30084738
78101261
18120474
23670444
19613317
66816263
16444419
23440210
51174483
75489408
55011340
60643141
10347437
50128762
63335345
66078412
18109378
78703457
54508784
24953859
10985127
75762743
64180096
70657520
78487176
13379881
14911308
72638122
27604852
50393615
19213521
22113288
23329608
16212013
78933728
19154081
38075327
69489216
37618880
12112882
33432444
71131576
43769041
24635682
40158610
70312126
27668765
65141011
76020826
61750339
55632864
40952878
40593473
65819779
21121367
48595938
64042948
38211217
50972046
22602708
72955034
74289362
49932975
39039025
11484975
38078893
29615494
23272381
14066445
49448135
60443394
36184517
38310377
52673810
56366580
11056226
19909650
32087139
61237217
37158492
38149459
45084654
55870633
26790351
24964402
43765910
18005510
33120901
61740090
24443253
15322453
56665208
46878369
71362185
15025355
22481555
39834269
16919607
18861158
20558318
72626598
53443077
71687834
75216615
16381766
58306683
77497949
10101283
43836681
52330287
42719543
56934969
55699300
58754637
45559832
18526443
53228937
19439607
54616644
58138548
56786808
67615326
17774285
72859895
64681505
16639797
46445502
54557657
10957157
68335454
31998863
55312573
25220366
56277560
46250367
18144294
13550624
44046073
51752359
34860562
59207967
51288565
71528878
16152316
73661488
30554374
27019805
10497219
55030204
64395390
27537096
11902961
74104444
63642571
28705676
22840537
56715731
50298136
75491657
50610011
10159338
53677373
57794683
16601576
73097392
52511117
36962697
61571626
65064094
68033982
50407962
51136318
63351523
47511511
24943783
22931261
79978552
76496818
17331365
27995693
62822266
31047424
28297073
63102801
21006876
71319806
54929112
62904308
43398124
23271828
55293799
74344569
65942445
78195231
76422522
49996797
19021619
50939582
60836708
62270185
72856577
21604853
15461706
13641695
33855652
34119442
69958671
41915530
10739915
49693424
20563203
67354419
56007311
67555341
54985736
50843487
11173587
18755409
41036428
61660908
32043427
55216983
53587905
11996832
12200598
33473470
41359714
71690859
76305948
55301711
19378459
53675716
24552223
59253511
29622059
52694859
42068692
20827310
63570121
15347248
43720495
43572313
63999135
33548533
58646370
62599792
62986538
35726076
49664398
19832844
59973213
73162766
40094850
34120385
60276350
38286867
50942283
76460213
30828309
47251215
28865475
73997146
46170046
76835835
19869971
66679473
45733082
34119967
52887726
45868073
46907822
75056748
44343632
54991760
27452535
64734142
52074238
63017688
70720015
47486854
10027369
47062776
23518910
74299576
20069002
62644485
50819287
60680124
47244167
72618030
26825724
32939392
73699721
55229341
67307563
14539325
52558141
14719356
58354706
75279590
22029984
28416489
13718570
41480344
39401158
16823566
42481202
10690891
50233910
59738287
73126525
62299678
45455716
18271568
54101069
41865164
10909592
23431899
14839540
27538994
58060439
14360440
22061526
16668617
44414483
70574869
47787514
73253069
72808274
11376874
46675574
23593396
43578950
56646924
64795554
76421540
34046270
65480992
22121663
69586053
20171227
54626861
23753670
49233884
62566673
32371346
32210238
30283452
61334650
23246567
67327523
72986850
54435839
49263324
41362335
24585362
34465136
10267532
36963511
13831109
47597924
69565651
51720804
54644924
49109543
21970333
59692791
67800857
17509593
69655566
55109222
31677642
36202362
17169452
35706008
42081556
56072794
65155064
73303903
47498135
66571295
40795335
43019874
14171550
75355933
33508459
33146018
75116802
49084108
53677597
26436679
24506981
43872565
43729967
30105662
42027442
79843999
25708464
14828336
24610052
69271408
17628273
44566441
20829114
77153936
54784030
57248872
17461073
24481834
51910411
68781949
31615113
56796697
14564316
48099067
44059667
70914957
35792897
75893466
44293032
50920645
76168076
72681528
43920164
36929878
48102354
20061511
23924153
38131276
74301232
23100656
50888741
77543115
61329120
21886919
70563608
63888935
77854093
62766583
16505893
27455035
48465370
38665059
23379231
12129217
72408785
56593076
58125053
15750013
34500421
56689917
33689226
25607010
72586334
55336594
79968916
53737121
59970302
58783908
55367742
21458801
56156745
25272207
67498890
24428363
36753073
58196078
76028422
35121270
18932039
50122955
65437347
66362571
26577070
62356622
22402645
61782778
45533621
24880635
58384003
61668965
58369427
54786502
49871939
14584553
50205671
69445576
13081707
56475803
29383714
51602740
62138515
11369990
40262106
68599199
64249287
75798293
10946183
33540801
44170693
12315555
64717753
20245234
76639485
66135719
27757027
43892215
66769853
17441893
50523707
45974255
67009540
33378681
63187720
74709205
34175154
68743525
45850856
11625316
52169597
36385967
41270568
20133909
30916500
68347503
29297470
22817649
66266181
53284698
59665022
37169914
61808233
25610378
29303875
66914050
19023150
16526195
51979135
65575610
16463179
32415056
76348281
26678316
75576057
26937103
21063189
25138224
15577780
30192554
18749031
30199482
12584731
11012003
63494284
58692266
29476972
66542531
58996499
52094378
29977403
61367999
20084581
63538544
64756374
26194358
73050091
16883193
13244203
23107899
74018977
44022877
58647023
68596793
58315162
23204745
22482184
62083484
61329836
77543206
11668043
26719814
74783177
30320746
33563630
52156066
44820528
79306589
37739336
40395529
51673846
59348423
27120982
38691394
77969687
33189397
77188776
23266926
23743394
74306934
79129005
69272411
72434521
49585655
75713094
56442754
35787341
35471776
66990885
73258211
48055083
11118593
25902716
71862819
56416356
30536343
65561983
32149629
46108780
33118732
73718150
61580141
30403519
58746306
52254303
74690870
34260662
25442823
56144418
14753211
73278945
48485825
22286545
39361169
58854143
24734851
27928934
47840350
38384340
47069913
52216089
34065934
28310699
31069642
73052258
59532071
39234821
18681437
74684769
56773270
29655691
57341414
45502627
18552329
21226390
67312835
33126750
62918943
48395368
19612231
61717504
53572078
49885989
20934203
22215808
31956618
46236447
18768481
71625166
38050678
64866255
38790514
56614249
25205125
18079641
50981493
44917747
65852581
22653385
32225484
75219890
22740575
67902244
26621884
70945265
71303136
11538181
34108812
78734542
62747277
25926389
64679185
10637290
64840145
37283052
17110144
10293207
62867367
14875537
56123373
30478415
50715058
76416454
25964160
47910720
72605050
41424350
38459440
13130021
62389875
36808007
64849970
56680551
63805985
34189442
68982009
32707991
14004478
17436320
28200832
65503878
18374156
21505907
41517411
59599421
11744530
36641363
35209787
64949124
21970391
61735570
41984297
56270078
73385158
41636254
46271934
16349116
36595790
75895033
31953307
76242984
53872170
62269724
17066814
14486537
70925049
30757476
67708273
67248467
74667525
15799928
27802380
19262759
61890093
44596791
25547013
63457905
64108742
60734038
10396808
19488639
50607329
53498079
54443894
59185232
40043170
76491382
38738528
18852853
50622499
13480389
53467988
18740869
21611937
69846186
35559052
37939348
18382090
59388751
10207134
23950554
79515940
12712133
41722250
39727042
29746743
10738069
47279746
20926483
31044830
29076417
17801203
35444193
29144295
45544978
21601413
64741262
43339631
31353399
48556955
69107806
69604895
11443656
45220797
26707269
55762811
25207940
49231897
59080432
59832564
30618941
48624653
79818639
26109344
69369200
74903942
14660725
21050037
73104517
77367315
37009355
59529931
63482232
14651853
66882547
66936130
22783696
26801057
34028445
76727022
43727976
54892069
48684417
14242369
16026402
68171877
65043690
71592140
71439002
74645435
10413799
36094131
68959843
73468782
40306949
77406778
40317423
78807954
30077619
70593931
10284100
63811341
45001787
46003338
43891897
58053892
79109161
48004218
31496466
70413559
21004771
38364737
48756784
37612277
60139412
10828679
76169516
44209547
52376030
67165177
49217303
47780164
16881502
49989911
58930918
11026391
60173243
61763173
42678607
72122687
42928215
70612465
24782594
24499948
50707221
34238922
60986625
33253402
62986934
63942014
26343069
41093530
55349136
61064808
19571517
46322203
16502914
49229634
58212514
29771879
16440999
17215892
61119192
17986243
69443941
78630880
79954788
77179078
30877861
15076714
74751652
30621853
64349504
26639714
47084248
51874529
36169287
60871365
22351815
71862659
73669969
18912942
40669621
28448526
79366742
49026937
36552557
48921141
62099336
10651565
33494757
57930765
30196720
10189751
65766690
73476961
46567797
56807550
47245543
22060836
39371444
35344337
32716375
53010241
43459226
25590069
73373159
68217106
46100834
73960761
18263716
37591943
21284171
42160835
31748207
66214947
78948669
53949879
26934495
73629087
25753017
75589571
25518416
61092698
25284631
15535238
26057543
33982196
70741642
51992325
44216165
76175436
72060447
10647274
32590236
58846346
27492173
71209981
73351773
54907309
47730619
35405575
49035187
66054666
70429420
49780224
39197736
48709905
41733320
38484643
51462407
31084961
49401530
47182334
40912152
42139260
72433041
74385116
47955483
61610306
44189716
23732782
68068619
51145617
43102035
51371338
22603095
76662623
73659376
25195737
72803030
13404804
46141511
30777406
68552293
72956510
60757755
74696268
77697855
22103497
47067487
37683887
60149631
19257838
50957229
65983541
53725113
60617564
35099173
19296110
65841103
73846403
74829883
30952345
25089512
53612491
20887278
58999534
46879189
28811028
43205019
33496710
55787045
18489847
40324480
51590594
48647926
22218935
44327827
74139688
36742068
15662263
47577476
15142218
64266406
43239408
52494447
73117096
48055907
29339027
33550379
54630161
56581309
78556315
53340099
72193845
54842843
70923592
11169110
20535962
44420633
10254959
26486353
18488618
25395357
58690571
10838122
72607227
71304646
21796238
23845817
49164389
49472635
64590534
64399086
53552227
71769579
71707578
78822466
69487897
45139375
72516610
39513194
79083776
73883366
72590003
49545970
16881102
33384098
64003879
67324704
14832843
21721337
31797327
44122950
38729114
51171459
39513015
64454979
43904453
15888018
69341991
57327955
34053370
57452474
42194113
40180616
45658400
10847251
10851779
54430651
23200828
44291840
58460421
42362363
62667740
11203245
27073231
26905630
14047533
25301265
19987422
71705059
15006874
20933385
76611946
33688703
14563738
50369920
48857308
66804187
48817828
50133022
49980941
63581436
33153491
22747547
70645245
78831308
59720007
70345553
11836381
43018664
18685797
54208356
50213107
26189825
18055640
46854486
65075833
45041042
25215843
16766169
54811876
67992294
75261501
55251841
22844273
52447961
48656302
38666810
52410278
38347496
33744418
29320448
21895164
73333731
24817185
27317996
49757959
55304205
18525406
75978632
56107994
29647017
32082822
25547182
74649261
65834479
28700123
19662522
45088058
15774330
68056741
52977200
38843324
14134027
68888009
55998001
17151509
62907421
34125426
45943869
61327426
22575173
10837288
78452122
46481685
23930660
43177090
20857092
59768905
14519750
52731395
67682124
41212570
32106568
78245759
40929444
50267954
43870938
16065631
12814059
79382045
40693031
41497387
16497673
21013400
43095830
12536033
11324871
50836489
31310707
70226238
17079845
74017886
65532989
29037740
60243938
78818712
12267875
51403215
33567105
48595603
75167733
34865686
37696685
34111991
70184033
76892522
61540366
67058500
76806801
59707368
70576965
20015951
76050467
44911911
35995010
37533579
43301912
36688183
44567579
68682896
22019071
25556252
18029255
41386178
44827195
78693826
24202684
77236001
73527673
64569446
51307882
73052963
11151991
30492718
41976078
46754718
69292244
22914250
49198352
25699509
39951030
47382305
24472053
32911449
49457012
20602475
25678582
33136102
25215755
25182936
74700061
33287869
43736227
66722128
72577505
19929270
25809392
26156749
29841376
50469235
18307048
13720466
22231770
21796283
57208508
68977946
39560105
29709034
44124710
62199503
50402768
25635344
33610497
39687751
11276143
23503973
57766539
54146933
12339882
79878462
37397719
76202423
30824467
30562139
27262061
36423582
11944305
63037973
79947060
39332355
60467537
78192766
20971056
27586934
13988935
58160857
18926120
43072258
59132000
67811988
63701171
48428932
69300603
47940892
74118034
27237897
18828731
68733969
53518799
54629070
25518960
16907752
65785480
26703052
51062676
79241325
55680206
23115935
63760222
66079364
35545830
77284301
71581698
42821441
19752638
28340212
46831470
40844106
21097042
74258788
61194316
26465859
71820265
55802572
79432695
26385076
59135257
64618191
50542991
50042295
21580652
72438195
25741096
24380788
69389782
52514883
68006246
15770239
27064434
13347547
37622486
56632377
43886952
69794972
38707562
46648898
76420423
21630115
40379026
42513710
37535732
34946585
13129491
23046376
79160324
79163291
12052595
49315329
24201818
60788299
57438019
51483603
41599645
33019630
29107382
13925739
61637539
25083359
37113979
62533425
16613348
46406252
51271766
64174150
43974232
18975155
56829594
43098174
18114476
42436139
23658368
16519390
37354593
45698802
25010282
20710183
76437589
70233355
31904025
64405181
22368288
32394449
64439860
46448433
67314950
55951918
57162434
31736536
29168841
15843180
58464233
15259880
32659444
71206843
45899625
43231561
13276662
74623224
49834118
68262086
62862319
33828684
22674334
29387846
59822648
22655951
63297535
47898653
28141184
26245001
69121408
65499911
13460833
79693383
30873476
79495874
67396638
59162054
20191853
78639895
49257444
75010789
53159151
25715342
18635934
35738896
45651355
60675777
48986252
16542812
66928995
32738713
15343721
73569230
17105870
73689673
10000544
61910527
56891591
36797507
65712280
62373104
55054242
77371226
13996751
43850237
50728359
45781514
66378516
35128309
10799959
38768207
50453182
27933975
78580859
57442231
49898329
51262280
78400098
42099259
15483357
25691600
21968007
53788818
69007712
46542761
10231511
54120020
44785291
49633728
58179611
32228743
65456433
12479850
72059178
24176095
34684435
14438606
66511308
14065304
11671558
17602623
10743390
57874566
43569129
57211435
24822301
12848350
59979793
51918040
33924859
33997715
47892433
64976927
55493254
45007541
51639753
66389648
72448691
73706666
18482466
43720745
25925699
30180781
62904550
36874697
74720881
58959113
48418923
23206550
32417451
71273496
26823444
17438797
16078611
49203941
65233860
60454832
49393323
17411088
77357601
58986151
27029131
77070129
68575124
11229091
54393070
59577772
34316016
59546784
49917389
11760775
23549543
48019407
52084347
57944617
38620289
67816500
38497627
79169268
60779749
67033663
39561753
11286630
26312006
14340426
54674463
62345961
52883161
36562861
38972398
33528675
74324345
43121856
49630555
30937268
39622369
17166657
57096308
76826974
40503705
68175913
39386876
34140916
79843659
27855029
70557094
46957494
24067118
36012460
39775764
24302752
15904125
18456457
79381817
45478077
66828895
31520285
53592365
34476529
68145629
25010715
67331931
62230390
50228495
25551284
61600372
66090158
50868243
68552853
56461985
79368857
37525367
15568192
43362987
41689123
10595036
43879062
73501362
27870839
48479646
22551965
23656659
47628800
15486576
73328176
18731697
46035417
54997679
59828285
60505922
75994000
48841472
11187929
29698236
25803957
25580020
25196443
15115208
18227148
72834318
26764448
50629300
25776936
10100482
63376762
36341192
26211630
78727865
45339827
75434264
53779875
42852974
22631909
30269582
14169021
30311678
26111819
63077314
34718263
27699573
44290867
28245571
37565164
12437690
79956402
55083138
67050526
40941473
38959748
31640942
62485613
70483746
11429870
68260969
28084214
49499775
61650135
37453367
18159841
21403398
38685070
51221260
78047112
73850439
62859562
34752343
35243613
60142345
35740179
44173708
68763305
11076185
20121115
77453865
36368703
27028077
15665629
48885499
59829797
42129020
70899245
55902771
38446567
20777860
65894627
45172497
63020873
45824639
59352889
77029568
22476345
50445767
18457981
11167380
66590111
69587747
10192329
44342688
44177099
73184836
35434959
54210210
25304897
30850909
15544700
31532803
30586744
52082823
24781396
38996205
56304050
51207111
49477317
39188745
22941816
72793697
52759558
27238120
52299372
38417638
79484408
29482462
44539584
27934907
26896836
71369810
77737645
15668029
53122509
29518484
56714751
37277120
50204812
77990901
54605820
37846954
50276510
36531172
24980983
57467276
40798306
22075453
30521161
29922819
49832444
72843560
23204515
33804886
50194558
35021464
74188935
21693422
75178106
31098394
65263803
44376948
68148404
46414851
32272529
52109485
52810816
78562634
22015606
57729613
44142330
29612958
46525761
63520623
48083105
11377868
71719690
39739163
76898355
49387903
28076868
62389546
69754155
59850546
23789588
61796610
68757009
42045070
51565226
48368432
24623012
35565440
19541517
45831646
32290789
51051480
18368480
69521427
50095760
63195691
31910581
48344002
52145468
28689736
28087468
78607007
78282734
70889003
24552110
65689687
77859077
38230802
47075868
62115704
68046979
68969874
60577725
50280075
44599097
79283213
37096480
18462744
32186984
79005508
42664671
43217410
67482850
41735891
12320333
20226257
50935831
63959125
14693306
72199231
12869386
19930026
25703930
61555818
68679024
27154857
42864508
72761123
46518882
75926195
29998897
34827085
45361026
10588223
55760186
50359235
37536195
31185618
40119087
41457989
73266657
69934661
16918876
43351878
33045730
72628982
39819538
48912521
78174707
21093899
10986265
26163549
12615863
56682379
21164400
22107475
50483445
59795480
31901467
68700149
50513314
68800952
61757016
18019360
30508054
17599134
30511610
38164405
44068107
10180337
65557089
51869634
15991852
63509986
68504091
15335009
38965054
62680247
65115883
36399458
30016161
72429149
70042908
50149447
22119048
60774833
35119730
12057261
58177242
75991776
18771302
77006069
33793673
10746351
66632928
59675547
41567502
61586732
28758967
11971186
18650435
39388509
40133208
12695767
57884506
48750642
42437050
30316832
65547310
61549547
22481992
73364176
64264719
16688665
43977883
57708687
66597187
67820936
47251997
24575874
29728309
41681213
57920630
75468992
18594562
28199660
60686116
42892479
24836513
30550198
22136984
31002899
32320770
49845863
43389960
18895045
51681912
29075188
48720729
46403589
68850311
15247571
22230458
17362229
46077717
39188885
48083038
10498000
72754442
23660168
51818124
55833721
29095007
13863358
56271672
38151096
30498013
40577282
19598575
21386347
48076189
25291112
13462548
46266665
34914719
12968341
61374308
29121753
36294882
70456825
57635383
66425216
24788949
61828609
35038043
61783794
67942181
29674880
42397652
44046987
20736274
69575093
13752758
58617159
54726245
46029326
24942983
10349698
35741542
40508574
63778882
49626062
48558479
12917436
51641920
24062799
27257387
53472993
22069153
50173739
40041373
77491902
38015774
72230989
49651035
70195506
23015607
50096036
51175613
30156883
40622060
46435115
36847528
51562138
19316202
10374514
12462041
19166874
39722473
13637980
21558921
43961596
78070427
53867528
58650646
10260506
40659501
27417432
47683624
33911975
61561032
38457274
44392976
23051749
49458296
75837692
41473259
78716724
69480597
73080932
61257811
52411131
27922375
77741416
73311395
68739211
12376044
20862951
56918929
45800359
71206954
34501001
66034646
47327668
31841528
75882165
26361097
22384243
56886525
11952996
22479242
60910131
38564309
54208003
24223871
77277341
45111576
61724059
22302857
40678182
35482379
13661298
59475329
48240653
74860363
48629262
54336071
68893198
34960865
15386842
25585195
75741140
46840902
60850440
75273567
62133637
62791104
25399510
24287878
38209348
55913184
15989032
76469108
41095181
40969700
64860403
11736643
48189832
56029261
54375460
10251643
58267338
22144948
72802684
34518809
73807081
51902576
43037798
34484289
45359629
49178542
63180773
26768258
18486718
66701468
27192446
12330927
61320291
20482746
60736246
51475331
39178582
42649790
36818238
42650318
45362127
12148634
49358207
74803892
55519601
75437630
48660145
52749983
71702703
24970984
18810161
30312290
44306954
17840810
51505525
42059611
33830718
49463535
26559387
50136675
71482086
62270696
16973483
46571980
25624154
72942819
61496909
30447766
29114728
31221891
11370374
44116088
20042876
10117191
51541946
33863022
28861755
21193215
28914944
70354173
29160781
70141061
32725966
35554412
66163783
51656287
38196746
63001422
58761751
46389908
37925074
79125596
22192832
62651682
46339347
61120786
72105306
44138761
78005623
62509577
77171228
19388389
39691326
17187880
48651309
73477711
76799817
79012731
45275551
62812542
11264651
28986043
15160896
62606267
31322464
31747628
62358542
12856761
39287617
46990051
67332385
14669127
27632714
30579412
66162807
31603728
66003286
61706009
76318649
46164370
45903074
44640601
29795074
36148914
41551643
11467922
32131124
32086883
26458068
58460407
12424450
65536651
44471549
44904098
33981629
12481635
37922813
53407172
66121203
79310717
65451354
33194438
75845094
54266317
63237503
77024137
47625199
10664642
56912508
65523862
46963923
22122218
77676238
64087970
62892517
71364824
59960937
28459860
58411304
43425328
28929145
49876720
62045179
15301278
71026003
59133516
38925861
37961301
74064527
15231333
28019763
71610894
46044172
56027796
24968446
43162863
17082494
63519268
14980867
48211971
62993439
13997493
29905214
28377435
63073881
12622193
11819959
40215234
38080140
41039208
65529123
30984412
73715313
48345096
37737527
33086819
66055288
62607953
32377174
61878532
70030719
35812954
64159048
15247703
77120421
46304983
17283512
33540474
37211032
16501972
34385501
60431561
34941696
36327339
78141436
59811377
38800637
14033569
43311326
57279633
18042093
15587530
67014168
13930358
28472458
38439223
61844841
13233416
73286361
45608811
27465138
52357809
33276934
33471453
26408563
21051908
23000913
73228115
59979200
32753315
78131675
32138399
74348238
71568176
43417117
38055674
46686542
68953188
17109003
45306426
24401564
11731648
20033049
39095266
59831594
17328978
47683871
65422227
13741832
50156156
73058561
60415420
39010102
28766175
10882979
49150742
33922175
67532380
10740113
37878415
77410161
40805209
60139175
30598575
35040998
29096577
49835451
17032779
65137183
52780654
46791075
42831738
31945211
12032647
12555012
14976250
44236841
32630841
58771747
15876649
52827211
60664881
20243496
33020535
12778731
26372983
24271223
37418692
54213092
32808986
27014661
71860523
13345666
65758744
48542299
67023935
71603606
25206788
13078549
70353508
30520300
65956495
27015222
31002526
18299460
31970424
11124165
38946195
73641569
28049080
20084693
43140016
67363973
18986007
23678602
52975479
51450649
69535760
76401408
14382872
41252627
58447886
61020696
12446528
14230457
33225702
72722562
25374123
75696510
62283281
26758960
57649536
59445169
34034237
16738541
69267211
67875193
17454997
42776471
31289629
31435385
74837585
40403967
55875340
13235685
17695736
22242426
64842451
55554138
20298709
52422948
50555344
40557464
16481056
46590417
50323044
49388297
51090920
12513282
54478512
69780629
16337667
68882249
72107556
55694190
43480302
35747533
29386209
37848606
64238853
16959764
21763816
30408251
66990071
67429236
45738074
31958316
17291223
66074610
11234248
77028750
23562978
61521655
77440289
12248491
45436335
45716843
78124074
56944199
68272572
77437039
69600402
52175821
51445621
47519262
69118045
15842655
68533611
24091761
13830090
33031723
57728328
68816709
13428941
10426342
48214835
33165086
48708799
16705834
63832843
20502385
45888390
19028565
43159443
79666618
16324478
35434072
35334468
51291709
32401900
42448010
27437240
79065759
27121015
52354638
70707112
75728443
24010382
27410817
36941550
34719701
45158406
76463246
29322905
43673924
49951110
26906578
65045672
60865047
17129784
61345112
60077297
24715667
17655867
19223702
12106904
62869216
27473786
21925031
50117297
55782014
14027120
67305581
22223196
62383799
48489705
76641826
35560341
12229457
41399047
76470581
40778268
18509479
12977043
57855251
57975819
16804834
14543955
31418367
56197917
53445885
72030512
14385064
11104945
41263161
59921769
62294953
32542597
55929879
35439013
12220248
67540878
48809587
32364182
64694083
66683509
41453511
16183415
78765163
59579143
61951506
24463759
36367699
13279807
47297997
12367845
50231970
37372533
41943866
46660557
72657381
69055223
77214617
23544563
31643554
67782429
75289192
56053536
12017075
79498896
47388357
31917482
14840381
35127937
20217915
71391367
11828366
73386433
69271091
68090522
59170483
30557764
25659779
79036869
68789650
50231240
46168475
58962492
72952355
74427791
17372595
41246391
44543230
66874225
55290113
76216799
14793098
40726733
51907369
24770762
67342059
61889617
21242585
68654585
24741737
36026527
72981457
33023302
39360434
70665034
34154936
15128423
20017626
59488778
66673976
35963726
48586929
21840117
41990858
49258989
64150952
53409608
41619569
48705359
39506055
67688176
42558212
24458510
10667202
23132563
43278659
15788630
26085217
53370539
25260524
72422138
62871796
19695506
60988141
58424389
36767104
51416030
16005469
19631286
19779630
30656344
54421986
67033580
40519251
50255738
31009973
44977844
68733959
31581088
24348486
43378963
26794202
61071317
48438214
32530786
66075695
61263434
79373899
48355370
15300836
24222457
78089996
16673587
60075175
11118610
54984881
20255225
34983427
34376713
38089305
33166285
45192078
50621281
24842052
29040059
71906988
26769566
46813610
40438544
16102227
14948974
22054627
17142683
69682138
75070465
65664956
68690772
60802841
43146489
52445736
70734862
54762102
63372521
51504694
23613893
53478604
61433430
70161990
16440464
30621676
53727176
76563452
33770185
30191714
32152763
17945727
51149537
40412873
54131018
20926603
64658921
22233245
76452491
77341635
64826844
40066938
50120934
72172319
44806697
38057746
32561607
58984280
38153861
43482033
21409687
55496672
73758638
66747761
25850791
74173527
31140423
79794323
65566760
73312310
42495850
31013706
77299286
71272624
37105621
18507589
13755943
60066771
75340511
23750974
70541215
11394882
43092326
50294725
52556162
66244663
23629164
22467702
59824766
54131546
10977214
39615926
18164897
77109658
77066014
76594492
59098337
49859204
31374420
55242270
41904708
13040327
11200450
67733041
28320338
14636948
40550365
22878827
31154462
68453804
62821119
66548034
47205831
44060205
77103097
42357109
68585468
42228979
78900179
50403614
19392792
21263096
53075886
79444556
44564465
62147181
31233104
56826800
71364267
43673424
65709450
55672008
57786611
53607039
13821802
51486318
74986923
52923962
12332297
13861659
22684480
79894625
14122776
36427340
18483828
50056207
12506154
42923827
33880138
13361422
54880072
43572484
36986358
64235620
42499405
71791466
51992714
54034396
16463560
45949342
39628228
17130503
63903960
55408931
40871814
15483523
23213576
13450483
16254014
65416148
48650457
78290950
32927604
49871125
59369649
12760575
22489326
67197665
16128627
34236092
50122657
77383555
62264148
77971039
32813187
32740631
24363254
42673551
46710141
69791262
64217545
48837599
43822068
48570395
73552141
42118773
30440506
27018351
72559459
35840221
63502676
12638048
47471544
61031882
36489533
55144996
42804224
61893198
75174658
34671208
66205747
14226570
48497250
31066325
17587567
46090657
39241317
42503843
40902094
66146853
46444011
13531839
13293387
37814051
33714828
65106843
79278210
72979906
43380736
56601554
61345337
56601128
67336921
66027745
71965558
21494943
46852615
41455275
55556307
38757354
57664540
57932846
24511925
31644980
66764890
74514512
15444751
51262585
46596033
63393484
54165363
64106196
23215290
61317589
64595992
19795540
63579666
69238299
19938357
79025036
29991268
62712499
47169954
29160137
56418195
39748680
37058363
19725329
43924733
53962526
60666779
64026542
49384787
63286848
19055300
63253370
15437871
61564484
12770939
30423454
58926801
12464741
17460083
44116359
19057239
72393404
53848077
79305106
26628606
68828709
19954832
61490581
36415571
35605931
60697808
76818106
29427896
31232620
63199033
77118127
50813775
16776294
21554681
25413794
53658062
40890415
63734129
36324764
38647134
17925759
64044092
54803984
42397461
31906882
46622327
32080979
41973941
45029103
39972603
49453661
31628583
59877749
75391055
20206014
74264314
68807844
76444020
73627943
69253135
33816635
36594209
73087643
15337189
25252015
54296242
62823504
16381170
29190943
51261100
33131617
47889103
33982005
11718475
35807065
17367504
66071565
39706466
10170780
23785332
65011595
42773583
79523805
75112744
57658141
57633931
33769895
26805347
64374805
67231106
78396678
14401892
13593720
79820178
72812982
48174796
65205252
46059071
59237488
38224684
25600239
25307648
63409591
66634815
38983506
32436372
44270138
50340427
30331642
65183140
75974011
79864131
49359190
15546979
23180457
62825406
56343776
52082969
36228920
45696926
66249493
18984099
58984626
78591183
22733621
24530253
76707141
47793764
30707640
51411734
15178723
34795213
73753091
72781107
72770130
60961807
33061429
77268029
10546051
62093783
71250264
21960593
22378010
10544064
10574556
34751743
59651439
14044371
40586936
23467309
70053930
73236097
45328549
73568005
57649057
24077626
60358335
51942575
10268234
66308191
48731052
11499222
56243645
28189213
34520842
19101121
71022259
21755498
54573004
27333728
55058126
71757742
53684818
37644621
18423748
46077907
35229378
68872408
32009562
78760335
43105508
44326369
14591939
23331302
64254131
62881175
16745096
73472386
71221142
14033397
45333432
12769078
61739798
42823564
11859877
26158371
23084630
52805534
19925350
72447693
66974639
25922869
54335733
62728608
42810724
59163462
42868541
36480263
73095554
17357382
77105980
24049540
72057673
72184021
34199364
46730544
62973852
12661138
57669622
40235808
62096411
10514215
16199836
55732334
72640719
18040812
11388186
69800315
73775592
66381138
33098582
12300966
53155022
11248139
75220431
47979194
30827661
50468465
19001636
21527776
68789718
62911422
52781202
51357258
28471543
64314768
75131000
15659657
24649128
43170286
28455602
60207690
46272334
25149370
73527935
48632686
20751093
37514137
61377499
10822883
78300372
16870976
70785374
25138788
37272134
46784388
36654195
74098663
72323693
76738479
49499477
53689720
12050683
38143728
56298696
21915074
33276513
64592066
34414467
73248188
27829813
23285945
76696351
72445088
69107367
74467565
48931387
32881402
30127178
12294858
19401378
40918859
23488660
64241690
39342125
11039282
57838974
17901599
55774903
68311300
65172229
24815789
53299744
67090341
47425917
46324293
48158435
76831989
64319125
16607915
35299691
16541782
26126593
31199213
13748854
30303556
38771914
25113208
29182767
78664970
32286838
16695642
59029984
33796442
58021573
49484221
16221026
78935803
26260293
59989304
42954978
73174560
28616840
10463813
54978494
44253226
58056824
28448862
62019466
60175066
24140664
31689620
11734492
32263887
23670063
26862470
36150607
55246738
65747527
32220110
17601014
28841077
42660010
45142709
72588324
70853472
30747476
47236383
69699872
77201436
17154162
21672354
77981759
15788022
69478471
71093755
77565060
32826050
19776528
40126528
72837688
34694789
58263334
25667490
70850608
43973356
13122516
57553917
32031439
24182319
26956086
76854626
46472693
56136926
24360108
46279757
24148966
64103269
63910261
37091394
17777273
78590525
78251119
17182599
68199598
65524757
21598581
12341302
37044777
52585231
60789857
29529428
23076718
16421916
50257901
25164581
65256259
28247771
78345217
63438737
37093824
22200668
58297246
18786753
18885142
69141988
75475145
30953931
70894648
46621511
11400409
51901335
44146345
74775397
58756049
17005904
32996882
69292031
20105053
66539247
64219412
28118534
28730821
66148328
19927600
76486415
77830155
62668657
65204054
47610057
33381855
75128625
77751992
57829668
28149049
57353138
56341283
44217770
71152883
40802036
36003041
56824769
38297114
63958749
44277678
40950317
14807125
19577729
51667086
62854249
56530328
63679233
70685380
40045840
76794112
60724297
16126414
74424211
74943036
46676032
75229572
69758507
50235096
28692129
45639330
64534917
78124676
73946522
21791375
79090361
59580411
10267773
74185675
77973398
73730584
42926717
29454858
40347156
25943000
52341810
45655499
20947048
50863270
74175659
24913819
47797109
15925060
31262045
24572252
74393376
58384703
61476759
46224438
14117395
29346379
31100582
54898746
69763069
49700572
29243542
48113134
56471324
68096042
72298946
32656779
58259176
19161380
72499440
53588491
76144006
11801731
23993651
33711504
35553027
67505036
38970477
28743168
15972105
68173520
14610713
32231938
31760656
17495306
32417734
75708786
66485145
60757620
37145073
54054462
32435429
38827514
24654193
34477815
66092906
31107816
13434861
12496236
47609146
24785277
43750567
57712469
50554625
57517461
59459606
48910221
61325606
69212607
55554297
42795929
31085299
67753112
23328559
27395870
77581327
75796011
66585747
65091417
14339057
41017153
79204086
73820646
16051509
35881362
44876073
79609102
18253078
45404826
43805166
10885593
79723265
25775927
22336449
21288952
48522080
61776611
66486135
78070292
61415361
38833423
41723470
59927215
24389179
39406894
78423828
73906182
27470761
27622222
49886157
26529939
12036414
41435262
57461393
35369951
62655457
54713257
68323777
76529418
11663119
52158984
57297946
63705004
43008630
70031434
28027549
15927427
25108049
74141368
60395792
69641592
45779136
64583578
60672140
16659236
53669430
26980743
22660827
78829609
32575424
21028181
27012677
68364816
39146929
18607456
34362323
54790463
33456920
17357310
21339589
48662107
38121422
33835680
43010964
16381540
64749145
40273966
58517344
66471846
74202775
10390649
12336093
48101078
32078308
77654929
11548103
67051172
43676761
19693484
79197937
68400626
52828859
33884952
79264248
19248521
24753545
28917987
49405241
36622422
70501278
17078788
40948136
10158219
48064830
42445323
41741804
58701138
34390647
42647377
56238633
36807459
28829734
47731986
36587197
65936915
55341628
45321873
37537571
55630036
64762575
63054307
33540458
36443920
28866522
64820366
56559941
46863597
46657430
20054432
68206557
23830280
39891397
23112570
64512317
70779141
51152635
77655232
22565846
50160460
57581361
15496296
19061449
22548110
37250132
77716036
63199851
67726845
45779969
24881861
41040265
26278038
79570347
71351894
53792684
21545875
78852846
71543978
48679078
34431562
79501860
45749459
35318187
70268202
37735705
27800032
11252705
18866812
26212693
31805363
43687125
33395400
41599200
19301098
38600776
31691729
47437960
16283316
31269873
55343374
39259592
16179401
18741583
74604017
50332620
17730869
71069949
56949042
30017161
15386369
67464861
11460561
20359480
72207073
16114708
74885660
53430439
17059921
79353449
61169691
38706792
11121843
34108450
70349866
23463702
43310248
13314168
39711581
10741582
76296622
14017793
73654486
76820089
69633435
16251182
39402716
31919922
55373853
60214075
60366386
69576757
43177611
21766545
46444666
63304717
33195893
79912075
75886711
15532332
64740659
31085123
47439809
26544476
60755953
21987655
71491653
48190413
73698097
21000337
13150216
54986366
79703881
41395471
26844375
30623011
35821015
64023006
57994750
65851990
18323411
75745305
67515109
47277668
77494068
47800897
60183535
40656457
15009816
73900315
18267579
42916640
13090812
22400219
71548206
51518558
36973472
41670545
52135397
69993483
36472610
74797491
44652457
44574417
33141878
52686189
48089710
27188911
69134021
17009038
27412094
24222453
48463579
37171092
11540292
78837119
74775495
36633205
32586819
76144996
62501786
46006587
46266593
22561929
42406459
70025036
30782025
75195247
76938556
47704852
15751803
43224011
69584668
60105279
67793510
73210709
16041235
27199271
78474828
27089929
25717991
57027918
10148687
17736007
39769249
64603136
58008911
17654040
72147189
67538136
28007054
50169792
77067738
73555657
30739694
72361744
40259697
12548862
29351587
52634247
69856422
49907673
25201484
22554809
45698524
32388343
28669492
37993799
33442819
34782529
29737689
71854853
30379798
17441726
62269642
47675646
46546408
73346126
56684103
67176541
10067828
58456915
52041691
79222759
37707356
69557175
15977119
27596867
27218891
29149982
33318749
29467849
26863837
77471626
30960216
34349454
21195182
40249351
46463711
69944300
25606936
61815725
76305390
29198099
57932568
64040813
60455505
25987260
61564846
47622977
70441844
31802874
78271164
53405764
37028450
61488793
14560490
29335374
56757512
76919773
77421852
36324665
68987246
24499567
43383801
33871511
28169824
33328817
40688338
19457106
49798574
27181891
68230762
75877421
69540511
57154379
65668122
38781924
12050431
50151239
71816868
54892351
28101327
23315596
33121838
48301071
17507635
30637880
65027931
62209203
36204635
46370666
39893027
25636256
26801714
46723448
48770610
24992098
20458951
34024454
26900650
28965500
35947394
71560064
64496792
74035490
46263760
24790558
12099832
79842095
23797806
21006915
29623692
17432942
23339332
42822505
21209538
14755848
52373246
44287610
34469881
33430666
75414250
57211002
41842473
68091437
21381192
59686313
62542966
62313606
73061212
48432840
53403409
60407144
51186945
66780623
19078056
59926342
48527078
12457795
36917401
43814657
39414832
15184075
71424586
64764617
52380209
36925739
50191137
19477519
28818555
52844238
75744782
63759973
14687014
29714733
41066928
24154997
23364754
57166715
18516212
50332209
11464359
59758799
63253683
43592666
62755802
55919273
63483267
41476177
47446934
71889516
36058067
66173687
36163592
39904679
68869444
59037242
27440167
76816574
64046930
79462177
46732669
20337789
56777980
15525336
21482986
53595236
43011553
75538203
72495078
35641518
28666225
16050212
19806791
42945311
73123117
16890778
66861989
59351020
10750824
31284879
45711590
54644534
62705364
34168550
60168335
75104973
18676071
59617699
37903728
42575842
60500322
62021651
30502983
14744988
74857597
44475474
51117762
33658302
24691006
75789203
77739786
52316743
43811556
61274110
49325005
66340634
22933299
46387840
78032157
63170908
38780775
46560616
32093200
56480029
53176848
23153832
51785460
11666982
58575325
30081973
47376100
34680842
69772129
56816103
55379798
70850880
23864049
35109715
45285164
43839053
17976684
58931687
20025162
41091044
61282915
56112852
61849098
58978225
17436062
54275819
63681792
79754558
12415324
47220287
26868848
67690175
38472617
72848157
39296645
29347919
21835168
41273738
54062872
67907769
50489456
24903833
65946689
58842231
59018265
37141548
48586692
64433617
10549961
30226008
37626433
23244102
46475833
48323655
16283940
68125527
46458639
40938132
43606211
15297523
27907921
33306541
16489162
56004792
71227063
19727440
74468381
27939686
55814057
55860357
41129766
13784698
70437556
77169201
62903532
48874576
77606202
29864007
16934825
72009330
24183201
30973511
72930934
19284047
39000776
69602626
14472449
73549031
70287824
37148895
24533546
71751046
49098270
78134781
18386361
16205409
54632502
74450238
65750698
44037845
45369414
77432191
59463841
50150255
20690329
73476605
78304495
62283260
30125962
72446821
19194971
25772978
68215487
59355948
64251464
69870797
10221387
25035416
61851070
74970854
42698073
75802165
19205120
76599143
71249494
29501914
17046117
68446067
22523090
78214269
63385091
70195954
52968920
58408455
15108475
49503802
78489274
24242458
20605986
67101634
34208545
74818042
77951266
29973819
61338734
30063044
51558368
79806050
78408269
41747366
40927779
79962576
56697791
40183264
62348565
51298227
50064792
13778978
22368629
64037911
50913703
40075764
31461272
39216893
73578131
16331640
23505075
14367436
62222524
68518479
35418257
19850164
28677779
12195717
79395679
25380372
31770458
23675673
38147983
54288368
43091069
43020697
45898746
65883248
77259983
61392167
28980554
16616851
43605452
57166941
77881453
24727847
44880119
40983374
75896703
54919107
17499879
68874552
37190496
12560916
22627687
73380920
22894677
60324455
46707349
40086585
44053930
33397820
23727356
47574671
12306183
76038280
49950607
41026675
37350902
71692643
19878619
42445754
75870745
72983444
45446146
69113177
78509727
65123901
11520592
15429060
74736016
47160227
62541561
35888658
55898309
68350378
49472491
37610761
11728683
71547414
65637403
52444821
74775026
21205105
37272262
54891571
27048253
73312734
13834962
75902236
72332862
50291913
25537179
25608417
15501288
26937853
71581008
16302006
75368473
39408004
51796401
11473566
13508025
47703892
24348305
26348425
33254807
25253793
20705501
21208894
53606477
29108398
76236421
43975634
31931815
24281806
62144009
63954342
31939388
27304979
45395849
77230804
58857647
45814605
47236854
77162239
50370004
77863640
16892273
38327996
79684812
45979325
68816892
46862318
73919017
12138715
38819611
61547563
17013706
32764466
46859488
68768770
13269392
37417568
26426497
49215110
35935017
64718668
31160573
72442197
46826561
57545769
58989277
21349410
69138347
56474868
15670221
46788721
53667343
71532701
51628506
17451616
72874016
26357554
32600075
67023101
28567720
55908141
69519512
23921917
68503167
45140467
77453701
11494099
68325799
43590388
45687512
70991591
66398647
32413132
45322111
70320149
61748364
66631077
11208481
66695573
10696495
30521994
23252778
13547918
41827718
49793777
36605287
25249208
51090222
20444967
47501796
19780811
68208497
78403511
63415602
65479360
29126109
79612582
26401722
56790151
34873440
57377639
79196260
69860238
16350056
17753723
60124338
67060165
73527525
25235356
79027985
67289736
18466571
47758672
23375245
65193845
31251198
14681300
24793868
43475322
34681731
44918730
70929611
52649054
66615422
26580723
35698413
55336933
72128526
12641229
78552659
49939449
14186167
75626800
46672962
21422003
56440446
58995921
39742606
49792990
56583386
60145974
66078470
30256155
60952547
29068530
60210399
43245537
22397253
79469990
55992132
71562047
46927801
49703884
33675387
72248717
65797216
46357824
39793300
11243049
31113563
50224265
57660496
65614894
28475605
13268477
64707819
38817007
27682824
29335817
77751928
33624011
28067261
22690589
49909117
34044309
12736921
28233438
16906030
26368652
32305092
25274442
18439735
53155007
12905796
38572069
21340936
41753834
75189518
60528021
35741089
13390149
49197015
74534549
10035320
58411358
68663529
74038761
15810057
23538287
24745042
31958844
64804076
76309704
19058626
61717677
30298757
31279315
62954483
57461825
54339994
69421689
10122749
34649669
35738850
17291773
24148197
49157033
37860941
12101450
52328740
62333143
24136206
72772660
25271069
61306300
77240482
59613546
65149318
49133636
78105147
56166987
68118849
53654716
79940849
48395501
51581764
15982271
39675685
14239587
13701969
10154641
59010010
65377412
23575377
37292453
33255256
55105345
41719324
46176152
39115075
11325396
32124555
21208349
66115616
78089934
69797504
52943918
71134221
34895723
68450523
64700064
78227929
74494706
60038523
53317942
72488248
48507206
26940980
18312251
33328313
47296920
29642711
59235456
61986207
44409501
28063529
49487552
47603788
25385133
65118356
58859669
45528210
76715079
32983697
78242698
19990579
15322968
79673419
21351309
21260528
50988977
57243179
59646999
66830522
46943819
78917546
75101408
53087224
74914589
21771924
77278584
50212025
25357338
74846015
70603075
69369965
26235016
71645523
21076896
57492402
33270760
10039746
15715859
40980280
35000746
16657258
22326687
76233575
41763912
40450403
50127501
50394934
11968257
44826046
62586315
31920273
68443866
72008887
75374365
43258899
40595803
58199794
18229722
57854370
72622339
41270875
34454734
44080733
24385796
51216021
60262758
51688570
34089198
68933413
15686322
35832033
13123422
15990788
58318950
39288978
25363724
35535340
45035517
78365219
65928413
55491753
68353364
60655360
52868105
54330264
48692146
26850051
65563532
59009847
61706956
69340973
78058747
22050811
53058074
31020402
46798242
59991186
66252223
15055142
54369280
71214283
26416674
75078321
51311454
50435274
39492821
48729919
48418586
67344088
63485946
20879994
15311941
74415103
59643824
49520957
38774410
48628140
67830869
70445029
25836526
68207533
69860038
75510865
11508707
66091195
22906186
18988932
50802434
25253590
40298367
61147267
14560014
72827029
12640263
27471097
21209394
11863767
56327470
41974190
65185804
60379279
19625026
50022000
24214245
42753110
34384556
27996260
38849830
68617158
67914625
15962910
14126013
40351842
33316978
30783249
78163350
15124109
40776634
62021250
59953295
59706324
52751966
66357548
15879973
64922465
51918469
24444399
18551683
35751630
12254037
15934016
50590267
41467795
23962012
36932887
63619212
56754568
31816953
15428059
68016651
41826775
66911279
63900435
76450189
24061617
79302687
76834530
31911554
46324692
57713978
54098370
16508083
79934657
58186121
12273658
41464985
59998474
36148761
27573409
47308591
17525213
40355873
43881645
61428395
25725709
40930746
58053298
34967229
48024765
20732464
24126151
47125112
53164785
76341630
21505158
11803754
48243290
74185694
43816113
40313579
11511569
16026545
79932027
27578854
49988336
30365478
20560783
40629867
36522640
20280701
46997262
44680450
34838219
37811764
37380715
78425325
20254668
32222345
43542509
79800202
26247060
75772867
72951517
69359094
69801531
76137525
53967378
14522561
19093401
71290351
41436223
41875266
15143436
53038539
47632500
72646705
31865313
33727147
18004813
37552598
52772421
54654512
38868393
58217025
15457322
40869969
75476941
67809267
42781798
69462566
76692507
38451442
54264135
70785400
45939887
76061497
32807393
51322934
43570650
76844110
23080239
11337625
52848192
20910681
27306004
38599664
62550369
60245108
73652325
53370745
77197000
75546897
20606524
21031294
77958357
63321413
20255529
20487974
11490024
67386413
63055918
53154297
78338748
58172193
15800130
56571964
13238101
55991034
52959442
74066765
60086031
58051385
73944722
15899970
45342825
46557241
62393957
48902758
23304979
62029663
65870998
21217349
18617947
55950596
46145454
13245090
41449349
63789806
35653017
19601388
68189821
27037249
38717072
21506520
29243717
63896530
52445462
38848004
43300181
15671029
44265361
63143227
45290791
23707964
28088702
70004701
16495072
13477958
60188455
50495973
44523790
43212398
25792072
56055090
21259989
12666027
45176562
50777873
24638256
64059787
76935250
72065858
21223291
27198064
58471853
75743632
36585889
21665341
56750239
29890782
76182930
77278372
62789966
78372977
41368565
42012606
10658551
76843929
51901491
27806876
10272254
77147479
58279278
12388045
55497769
70161144
45959484
20232687
30216024
25639478
64694451
13780333
44841223
73969126
56014562
61871453
30285904
15219376
54665271
32344590
50988688
49006156
26737514
78327612
78455875
53270089
29214750
38893780
14598004
45204006
78007195
14403025
54640789
77200094
36664739
52968544
30525189
20395296
29395473
35621015
22673300
20913937
11400252
45790783
56507067
41745063
10682247
76107658
13482922
13075780
32694600
31933249
54017425
68018732
73634162
34287914
40539587
50338331
36610747
16070964
35214431
50792687
77749580
69243516
58787001
58972916
26909956
72301674
73439310
34569223
39565392
20396444
18212864
68569932
16452751
25382179
47515696
39257046
61481553
36401766
45005757
32800072
38573131
35280966
38622095
66028792
43373304
21972815
52286546
58205510
72075795
27007962
50873274
45932181
11726643
33577188
46599960
28624859
65819429
67716924
16458073
20169703
47764641
29648961
71245839
28227316
73917976
49752455
11006617
73822267
12605932
25989878
31762839
60003459
73338050
42134216
29580971
11981349
54511736
55906361
40249301
31370649
57852191
14806165
29432559
26295151
57050290
33004524
41151246
53610714
29716216
42071648
68651095
30687817
29001746
32925275
48550812
24370720
52446560
77938753
68973123
53390733
69707507
65793205
40910822
74727586
13320247
10963564
48659347
22916332
62834493
44491381
65897494
63296983
15825916
46103650
35174147
39725578
27506057
25680838
14321807
37545190
42018853
70662945
77196207
40466264
23652201
18133698
28019546
22293461
49142172
48569421
37812169
20934433
75456733
33764510
64356865
33073500
21556800
64047243
21493199
41983961
47357130
11097034
48261376
71872598
28771730
29538636
25144265
37509875
52009036
62676270
14185818
26311126
27458992
42694140
40167564
48833694
64229749
50387422
57050605
58245515
27957711
36126353
19133920
55945299
40183387
39185918
15041641
41910646
64799948
12590342
11026354
66318052
12311784
47462953
69187894
34456394
42233597
60748127
41779721
13494533
59894894
71455236
71069168
10712174
58493060
28816271
29653099
27995591
67608214
72783494
16793174
49261026
63259700
55988352
44235212
47063598
61211911
16126495
34069226
21635263
20442641
46953932
51272973
73466386
18443895
49878671
41369356
47159541
56021858
32658192
30444257
43421691
49416402
76380439
29882138
45570529
41357852
51858459
20059416
75007283
51208093
44415505
43032853
47520695
48178387
17219580
20407894
28262587
36772600
52521783
73462969
52395107
18438036
32478195
71121763
64596332
21695982
75395464
76254477
24062777
70697645
23119940
45849962
37131640
37019496
60328458
62160333
12053306
48220758
26756930
11255429
66978862
61627193
10443369
40492279
51474372
24209036
66453986
64414708
36942447
20978154
61421971
58675583
43235563
18384737
69387357
10914261
28066731
33454823
67354750
40179468
23426612
11991478
74473867
53196139
24840576
15663604
13240249
15708569
10425665
47357793
45278277
10851860
65828261
15362531
38210811
57078827
73628330
37382970
76755380
53542844
78675931
14447864
26351542
67780490
45462411
27218187
17138731
30936988
71071119
50305052
13337468
38371586
15845925
43539921
36533978
51261315
61036393
54679663
74783552
44836689
56378767
57494290
66184616
46031748
67362863
50707642
20438401
20604608
60978083
53748102
19239328
32512894
34313738
10864470
30627839
50129804
59886945
58531229
49415711
47292939
17103567
16302611
64202780
44012914
72262454
19694971
40620616
42977396
22969234
35210010
55629908
61628039
34251516
72735058
31222479
68881728
70159283
39308422
38318522
79959071
50743782
13745819
20526373
54882691
41182189
27901075
70974231
37338104
47711184
34448330
41856372
14606983
23987136
18432859
59738870
14518206
72936893
33662602
57813237
36247385
53053073
46718398
53392114
35301026
53778964
31855927
25633604
23573957
79068073
46111277
55248563
29955847
12034381
45636448
50200058
29754684
45214477
67328061
27103605
48507951
67309791
36774537
75657334
65260037
17310174
72579408
74112055
39093072
69472631
44344853
66276947
64159625
10767109
79468455
60567824
26520759
79221121
63187733
26549240
12554801
38382441
29577672
15191535
43173431
32434813
76947018
59996296
67501712
39474319
72087687
41897753
25719285
73113824
32409648
52811894
19101316
45595410
59228367
79703883
18003679
50392046
20072607
23126919
48951950
73392780
35725467
74614165
22548919
55334517
38392482
55037675
19781215
77110566
17218375
69992047
26317987
10357468
29931072
22855290
24292576
31958151
28816499
54238634
51895454
20280260
72527524
45429907
17211618
52743237
64331392
61753187
52144507
14765145
20517508
16907586
52549900
54917049
25488305
17167869
27842633
15377855
72936452
18214161
75943210
15668090
45397372
42491156
30377149
53680097
47138827
71702646
75769610
10720584
42361026
15755733
13696199
33190429
19583255
45570095
67512621
44421698
21876738
62773593
52294412
28495705
31882745
68320960
41000241
22329376
68939839
19981395
70527051
31448628
30339468
77976812
22672055
67431758
54651134
13886449
79838968
31951311
51284487
33110514
36591369
42707137
75824940
21098485
51070714
45331459
33102710
47017477
64562307
72332667
77933450
43431163
76265355
58208931
36713945
17228832
52834130
65393258
21562732
13231650
27886413
33443357
71588370
50345464
24775125
17897471
78620703
54217967
27845378
79516111
76292791
15041146
79270305
22958131
30348237
64016241
10124434
51816523
36823923
18530652
12519702
72092388
54858204
25686576
48327396
75209198
12394795
20718696
57317625
43463235
40666434
22870465
63164102
63661001
51530288
16263951
72070118
45900863
15938134
69416576
63346432
58024476
51899924
49248769
19397937
20956914
31784302
64269947
39993753
30948032
15909099
68430963
72080801
62738340
65369140
36764914
66275852
49481916
29509653
55600754
47522160
54064321
18263368
26617322
13780537
39104264
43692204
46829709
12880157
15029005
15905894
67682555
34858656
57182305
59058357
40492025
32694892
14276796
60636351
14733023
57141097
74223205
30279631
51366635
15476672
56732375
43139694
30724824
42220963
23860328
71326790
47842854
20633697
26262340
40288842
30355413
23951766
78566201
57210615
58086072
78765274
49717382
60644774
47636624
75585371
31484110
60657307
41107152
51867040
74782246
67519580
70430659
31666883
14328554
68585396
37480404
75803149
35515620
62911171
60497451
54244499
69116408
44542564
18888199
78648674
69432888
76425225
49525200
43156625
74250679
20403373
77585857
47036874
57012743
21165230
45981242
53520528
70261908
11953170
10173176
21876162
43377688
33716489
64811013
26159478
17943040
14846179
37581501
39170043
58110420
54434781
14790813
50392886
78875456
70277563
30408902
64587511
74050300
19352709
75309413
29244271
73926000
65478174
74761584
30909666
27210593
21617123
43990420
54867700
74596747
12896190
33715543
11290221
41551702
47768705
51832592
53489648
49593602
72845442
35872437
49870456
58823024
76988750
47393035
49983822
14260788
78773885
12256730
43209739
45099734
32562472
53748284
39461368
10764831
39649745
24287931
41062351
38409476
77869086
39837456
25484105
75608047
31558955
14392008
45903090
70970193
28621740
17746876
23989886
20091904
21825372
61699131
75044769
78930685
65840220
48554618
68022664
24789296
42100861
36684417
13983896
77000758
59831370
19022213
31682005
29248308
22395483
55695213
14133449
62581691
12757398
70686221
54211125
14364342
28276855
20092200
62925163
27302456
28013820
60425797
77960546
29366101
22271836
63971418
70176844
79207925
12296980
43269941
28502967
22064912
65642931
19214632
77597148
67148694
12542974
15572778
42999492
60529678
75874523
50686655
59143627
57479480
19060871
16753692
39817987
58145078
24520914
63530386
71011663
68165316
70754760
26382656
75020740
60266245
49310546
79871242
58183487
73880234
14881720
27731819
62986253
55742479
34622951
40224746
28750034
48180625
57293013
36308843
60087188
35967993
66359874
27366460
23906643
51770313
79078522
47003464
46712038
23339352
46331858
51935681
59219141
24713587
56979010
11528547
54033642
24013870
17386463
26222640
59414095
18321360
11029059
45150497
56486925
42110063
38883394
36512885
42343288
46456117
69193250
61330738
61150770
56666425
19487175
49882020
34729189
18817154
26104490
33784347
56572853
76986745
69552208
45512981
36612475
66446002
75152260
16902079
13789783
65885648
68899232
66240240
43463660
72192020
51372638
51353463
46256130
45416570
58450485
50779985
29856412
45471566
40141262
31050860
63606264
69760903
54582761
72752873
32758048
36508469
23187780
67191848
27196270
55553310
16338540
45541040
44347956
63657546
78210309
44809868
27864005
70812352
69666054
62975726
78549615
61474275
16764406
11583689
56279373
67972069
44631113
49255850
35179368
36978931
65451444
10260244
19081475
63491441
10959851
45332890
18968430
29474894
32940661
61772062
46114865
34497136
55014016
31764899
16516569
78549894
32567823
74697589
61815470
16689836
24670298
32253106
43469495
58215721
17832428
37545303
56856610
10628934
77131548
16155779
52644976
57938331
40559986
64227044
76651225
45102997
36827081
25994359
72816723
76321550
38795887
60092242
37728691
13008182
36639922
43919372
16829561
31792345
56330569
71541945
12001903
71399578
43356659
11180872
65627484
25461509
39431825
13027323
25839677
37437203
72066256
37541063
14917695
55105056
23868156
72873262
34167207
72576514
32036258
55955225
53100906
44549324
27657748
10651395
77743652
14049317
60299285
21374357
46744337
15820233
63542140
24420154
77449052
23820308
65157434
36003659
58166231
20889162
30147464
69680501
71279248
74275333
68129531
25546143
57423623
57587248
49098320
21876096
23630799
36386110
18177943
56721114
45453104
50792355
16507161
53945360
62660958
62496236
36121062
26040000
73263723
62874320
44144525
30373738
75553759
20737475
51953981
46776807
42346791
24393114
68986032
19555240
21858047
39182549
32638049
25567784
71983916
27635855
23902385
74419217
50534120
41219617
29223691
68859352
12628779
25780374
46832037
21880777
33168408
28301996
55741315
72580007
60038355
17490949
13742433
37782209
65838360
17719832
13619437
79737205
25368586
44897908
42879459
46027789
68660378
68214560
35287104
25533284
29524250
15853474
23847856
54807433
39170342
53339972
36847643
72574542
52456705
28715848
53155496
11445986
22465554
55958823
68897185
26101979
22249543
72825484
21807296
77998021
37530945
30207170
79480751
55641672
70375049
45574395
13001121
48948770
18584608
17733957
61947539
41904708
56611629
65555166
53547905
50255272
76753567
78900902
52441150
26419086
25541129
47516710
66606244
45204473
20921185
72219132
14002594
60456589
28534714
68634196
68179281
79976724
31805069
48299598
78767534
37527379
15708005
79610255
66328377
18358502
27288069
13511518
46006926
71589541
15881597
12238228
19146860
32806823
15304927
47974459
24699683
71033506
10167471
12447670
35359468
15741142
78798897
51973759
67486590
55616562
59424726
51444833
46450701
14595906
16341272
40426218
54789797
33337978
74523146
12259504
18617816
46618680
17080186
28549317
14661979
23652354
54418715
29070278
52130844
64500867
60682112
47367524
43472518
39626318
64454937
22097406
62108000
78951173
48072014
47348460
58562499
64924240
32503105
11596844
10582866
53693501
31970377
61025193
47255331
20839297
67434734
67181075
59828293
71806579
18370382
45442844
37053492
31229220
58188001
31329853
71653463
40511424
15304911
42630329
27577104
38924859
48269820
78820868
50877168
54154431
21415499
39052297
20105577
62069300
39704348
41768051
68087590
43206768
78226217
66584365
55470407
69256722
67153753
68293696
65179959
37726902
19709843
44144055
24622542
59723336
56950006
23875779
59159072
23261339
37672326
62505592
57021456
16528202
38596782
29983851
42032993
62962441
10949699
40524485
34443752
27617804
48647530
26900503
22871263
68595797
27499082
37608716
16713204
74508877
31055978
62586221
38352729
73753595
48367071
35708205
79979107
14132269
45291327
51700107
64109335
55642409
13082224
18138050
41231803
44391830
48962226
56772146
58836207
27798788
79695942
65305756
61035086
28640947
51598391
74470149
72418842
30261904
56190690
65113288
56255988
60313419
41735835
32751863
30163625
77018842
53894500
70232552
15640429
12868017
36887122
10457302
62528366
14362012
55576940
58135530
65022760
58683131
32178659
67026332
30885543
41069711
18153116
69754405
74900278
51117397
76830492
10187684
70672205
13490575
35192837
56754671
79474113
10344686
66114812
53945882
53566176
31988213
21159625
43938795
73688185
26258742
61235374
75965930
37609811
31461257
10527080
74723820
65091368
62589506
73295950
48866588
15631435
42362764
74399607
12347213
25454185
60037111
78544379
51028607
46677664
43140930
25298730
70048455
20734753
35430306
32351360
71052229
41329180
52689491
51363033
11645317
73114488
68624281
52885926
17343341
76870225
69807286
20122262
30312458
26453559
48781207
35299222
51392099
43540431
36559921
66286577
12319809
38901516
76645470
77428479
45746169
27909282
67471074
20883506
40615175
77949701
54122232
21948004
53115795
62905853
26984022
36669503
52305004
77006518
79694378
18558169
15228323
47339729
19791748
39864538
30671197
47413932
42382137
62970136
24692124
50061442
36174190
27152524
20768497
13399202
72084676
52628299
37297156
32259644
16160173
48391061
12478256
52449869
56522971
79427629
59580898
10059882
73988741
71944804
74448927
57164081
49643195
37382573
67777759
12381135
70877674
21273561
49458863
59563523
48198285
14948282
66746791
20214026
18702189
21838537
15662935
10342984
45708292
67751540
31797872
27059032
37207862
20897554
44574460
33010640
30564043
39761310
16494279
14510741
58414755
59491248
51831059
71186749
59257141
56643551
72156921
28433321
18756552
44112570
70006705
23171100
46981932
21672585
21151924
64698929
18282671
62445707
36002179
60172411
19073400
50310259
33584286
12115535
72896737
58066895
71644712
25162474
41445535
17547699
78089633
66405649
51295316
39592138
65757357
31542772
25701576
74369900
30040302
10950748
34273875
25478377
27606972
76255782
52361107
42453169
16156661
76438342
44871014
45250940
72669763
53920786
34769126
24430702
66028258
50437041
10265463
38036649
46478806
16566873
45845169
51518590
10534544
52608548
58905758
35123021
49028624
67205319
48092362
50964586
71920990
29230120
58267393
28670773
11025831
56766083
61666230
52162365
22591832
31473821
13065982
25793871
38221008
51451501
72164525
68343752
48460469
57761653
48885263
70609318
43611209
54943978
46706044
78986705
39770795
32852874
42314199
14288567
27104184
19672631
69740126
24528329
73428063
68818769
51511873
63117442
25677770
71581817
39027762
18510361
56699705
60245753
41508613
55365973
12370669
22007232
16384934
18929189
64368104
72220010
30279957
75348769
10761946
20389469
53597396
65050603
19456739
37016798
53706221
23593702
75216586
68167827
10579449
24444101
17582132
17327447
79247246
47848047
67204965
49503734
36343995
32172728
13074081
51863236
39320058
78976094
51028526
63880142
32721484
78817409
24969532
17439720
78873128
35159895
49618512
34787237
19600847
78725015
16055888
77132127
41501807
34183478
60813850
37161865
49313495
79484176
18161875
13414969
45009838
19258883
58228435
38422270
36479485
43314320
38894260
32831050
78030166
79047164
77490470
55069590
58594595
18426983
47596261
74270433
79548433
18596609
15531673
61549211
33012463
48085591
45839903
73061229
17771168
32614954
48502011
31899392
11162667
37964086
41743828
52211423
11423495
26601737
41900752
38372421
60414907
56998581
34886373
10452334
52411731
39866683
74930395
29789818
69203616
59217076
17021460
76262265
70026070
64282991
73129422
77273775
47034481
19180474
19275085
72320857
50512767
75631178
50216970
23716972
12242507
61061450
67935944
16984958
11136235
29144472
41952190
11677481
42409202
12666431
66391041
73990201
11351334
31165212
31195486
38957491
54127939
25638387
23103313
16457224
32966721
28661417
54421805
25654965
59111677
37440421
41413443
60908222
30412793
52408731
62055369
29148541
63118769
24438713
69420383
56458731
51199238
26785211
32868849
11788304
66219529
66294395
29559023
51958364
10661023
75571506
74255355
20304398
73585277
38831691
35523257
25428531
25906885
23889882
61870009
36532279
38318970
65679468
69119705
58557957
42351591
54975017
32473975
22361189
33262519
75860453
28675919
66410532
22115707
46649041
54356221
75206695
66829963
68743321
10769067
39417727
64694287
26824567
67142185
56305586
37129757
10430004
55874461
79544830
76105931
58518861
24932432
27266534
22760515
67917763
43865729
32465300
72913502
44470339
41435082
76269484
11892455
76129477
36641627
40280421
66669208
73480830
12420952
49454038
18716497
31993377
24815949
74645856
30111974
59503491
31140248
78842350
69331661
35088490
10847923
66916997
72779753
60667744
71789347
13344323
38740478
71407640
40067915
23641510
14338045
35613355
13359106
65384450
70811318
51012021
34209446
41541009
22029094
33743985
72787032
28853283
32894528
64974063
12889500
65148349
22534297
11477703
34003114
25753314
64190036
55214188
20977787
21810745
12308389
74755005
47221402
