69013021
15372068
51835562
36747210
17722403
21992350
45093159
62520433
74666653
79631208
26404714
41084703
65031152
78037297
48509230
75256652
60990572
12050274
78732490
34420874
70490565
13076478
40017337
63752491
36925156
57661398
10079256
61533432
15748085
20912573
63338579
36646660
23162057
79463559
56214464
37603013
67519211
58754381
45886572
60693202
33061599
37276325
59780385
28774415
75812006
64382025
57566196
72422982
75432910
63930205
20668327
11713388
43489105
54937211
38418466
44449319
31976239
62227370
79193188
72626427
38307400
70285795
71476152
16473676
19682218
35483342
31101691
59616962
53230204
50043774
23726530
10537631
77517765
21426401
30528549
62502768
20496563
14553526
67304731
68403484
12597764
44669312
28914429
79587310
57821249
57437675
41491239
41960946
68758777
59653458
28967005
78395076
39217110
25878366
36874464
22523301
56426712
12466397
48521365
52898198
77551915
70883509
23940224
18693275
53597483
60143839
33348042
41995819
70154190
17800616
58174852
30011117
46201466
65165186
33197332
51918136
19379627
65719087
51710362
70521223
77900529
59294055
40355583
40564857
25737820
17123441
44582133
25183429
22526820
65472212
49720814
64954957
67394499
69457082
50149700
65457829
71347436
31746712
13135954
44933621
61844623
45466780
75492272
12239238
32374786
10046534
18312001
35447273
12321199
57245650
22120877
68590637
51752167
14706194
13133294
75064831
39707404
25662751
55010770
78131375
24426744
67681432
73254372
42433838
38075160
14244330
26529256
41632141
73038452
47275552
27405918
68504169
75495829
29122204
25517622
61099025
51130917
71872677
52906422
34913647
48163609
34626744
21042323
63117814
50943205
25697683
39428451
78468221
65483954
59176295
75396718
44617720
44604292
77349175
13630174
59409427
34755148
32396447
22804888
50413882
30108501
75628132
75219130
50992889
44461486
68247699
58538871
34773228
38127711
32116566
57124911
46166285
77329575
52750249
29737950
34812672
59488965
75293760
11611859
55876738
38539585
74979337
52316588
44735747
49554005
53396490
67491606
61019582
40556780
55931952
60794730
22459020
23331279
11579868
53084234
52024557
44642711
71315153
29251679
10055354
52084782
58984810
48381785
37446692
52033281
29724091
76259229
76448939
56496901
64171811
23136395
55836443
19475877
53724966
29997669
69677964
49534451
77070931
41159466
70799648
64592755
37050519
61428658
34103747
32381290
73082610
35186363
64546740
14755828
53408914
20099436
57507396
47590879
52615760
62905180
73893830
14965107
56429520
53179915
34205798
48406136
10731941
77527927
38269808
21742445
22870118
63152062
75651889
69813415
23686928
75325889
38036371
22825454
78092843
27217056
63574053
32733156
61516120
33398778
23216770
27491520
15904593
57362223
75751407
58061465
31409495
56547718
69665948
39446397
35549538
59430047
13240226
36953260
51844739
14529620
11555751
40431014
43926282
59960326
28098899
22505452
56321135
43396452
16883876
24046985
59590335
52573160
62760721
73492165
44219434
55823599
53585173
42399581
44514333
31751810
43895136
14060008
71749132
26086105
66735475
69790821
58943009
16770972
34940573
18638806
27561314
11170504
60108099
37863449
16103620
54607957
69584961
31236154
29522454
55181140
61210580
67754972
59238146
42682194
28193803
20492685
42880730
17412884
22205172
69673001
74748481
27041399
22243051
67236415
21623174
40460823
48693289
61311054
51577328
50840077
65707833
56810647
44237811
62319585
59673790
24995100
60298973
43547141
31501771
37490723
36987375
53640732
56318357
79556768
73348573
36171414
55118415
30536699
46233706
63301869
15370111
73015906
25415454
23856290
24848618
71123051
17454017
69372190
37917943
72572946
31011756
24454578
13805760
18571450
69898901
69759134
10251365
64983319
19361435
35178038
42358120
60460717
40524979
56689042
58850315
39121109
16060680
56578081
11692589
22110093
78809726
26937847
55275992
21477601
45205767
14017186
69610977
54610603
27938140
23876509
76294142
34793836
14107602
33585524
74757358
35025947
33768411
76535483
43266945
33647887
42641919
20209142
11579671
72045712
71130918
42268131
50973858
60630500
34102274
61618955
72347983
13530483
77981763
74132572
78041866
70980764
60553527
79550541
60620032
56384794
22386892
35801421
62040452
58832472
60474360
14021525
14497732
79311249
65489879
37569185
22405505
40007209
12432672
70002070
28554647
58609927
78460745
23430879
42745873
71533322
42247740
63734079
11079912
57041052
19807302
62198251
51109581
52809888
62511140
60392358
61039161
18974585
43433512
30790020
43403459
59061349
28609652
47450243
24028966
73889738
12060363
47120628
24804957
58676053
70358787
46235180
51205154
29486411
67298351
19139199
16401686
19606660
48602095
44466039
21089528
54345003
64663717
31078916
14661766
51550668
20689615
16067367
25176747
26779510
56064771
33299755
25845408
27390438
23864964
22818528
64496927
70392585
44237520
33063697
18335616
62610993
59011090
60302432
13753982
62903675
54775785
22592937
75364631
60062604
17674839
54469222
38900756
13437706
20982059
19425710
31064065
59401150
49215360
24148681
21309523
57542225
13632326
20093945
41232052
71327376
45896416
42788674
59743725
58373023
16135740
28570753
30694919
40424836
11240294
18641835
55008052
43618434
72307968
34334747
15502333
42511336
33023782
22468440
26477533
18863641
37613386
60841144
46912186
72298486
52853851
35761267
37105012
23470812
21377228
16828086
38974029
34392280
24649565
60640048
28122044
68168548
36628224
52041941
26085697
50374335
15487940
77301651
55454675
22631782
35972676
11111035
70548817
25864791
78590982
62421870
20515508
57932842
11440294
37415930
20453658
45607193
19448349
21665249
56894561
69444513
23046630
22447996
47819010
55769755
24711321
24891860
48316957
18814713
28958256
19206957
18578128
68044682
79174582
14776240
32102979
31940017
65892470
42349417
58271838
49797886
46673717
43878522
40884161
69378778
61707995
63494551
26455514
56641664
54109991
49594153
55852560
19304121
24522911
15978230
56120270
13180065
52777478
55352352
21251692
40834842
58654345
68512982
40769971
52942670
62200281
67957172
27597326
66789003
50531032
63080601
58061292
35578618
32014530
67177185
32292602
27499490
44077780
23409538
25646874
69862498
13552366
20562670
64287691
15486252
32575299
40664480
32106102
73598901
54461319
37069899
59490939
67506364
70010370
15256972
34171528
76029295
68332744
75607060
72216805
73737403
48627446
18869384
41318397
63219745
59804193
57324688
37520274
64418889
10486719
28695766
60074757
19358006
12282759
64268166
56033808
37597632
73088084
75035042
47615417
28074814
72217415
61331584
75990481
45660168
41699937
10423306
57826979
76111368
45431181
73838617
76920588
34668535
41830749
74673995
54010790
26408017
13188850
47539361
64530120
44501111
44515436
17827987
56572636
17911595
15226293
75924389
37672659
60872460
16772668
63342686
72210766
25165162
39803016
54090999
79553997
69536243
76964026
10073337
76195066
33567098
61925478
33678067
26335404
13772372
27448866
66832873
21349029
28863040
65641503
76287873
54027657
29106798
35111383
67534221
76911744
30736202
26386540
64802852
52359183
18205398
33918773
32960180
11000309
22859596
29574915
28477831
46247637
10512482
60273118
21830832
66182843
73945660
43923490
27365964
50587578
42595949
69860400
68827484
15445343
41539782
76395819
30696520
16018808
34577598
13174126
12184866
76250175
35756239
17487016
29780203
41750452
11884068
17562306
67657270
11255079
48382320
39284699
59614701
39519163
53297918
77544458
59944877
24015170
67242213
53808134
34079898
34705722
40050111
37922881
77667492
43291790
75570610
10731152
17784576
62323462
61802158
52874401
33788156
62975586
47878158
53996141
56522321
51890801
64424821
66052835
53124438
51529642
42962838
58042193
19812307
31466756
57108732
40254386
28962498
35034773
33935469
21174048
19695924
77596590
43150648
15350232
11125946
46690967
55688652
40543443
43219280
21975600
12398343
37548047
36944787
29521625
34946954
58201182
11588732
54708073
66330360
48466926
43757952
60563372
34883800
67911906
37382036
32756909
34193646
63343627
21406342
57225254
54140433
24748799
57181724
16861294
60001139
23425689
66177483
42999355
69525659
34753461
48259859
42101607
52724528
29786230
15899087
64327322
67680158
64414393
24463332
11097263
43367923
36468570
19146409
59404169
50146068
22213752
19645789
55927645
64806588
74319068
19887686
10097037
44937726
49284006
72071465
58391751
21588928
68186604
37181369
76375755
14024656
77441928
24791396
56589991
61619408
58989962
67765873
79466433
56814818
24767417
25640986
41634803
20244433
15671199
59145471
48536233
26786440
27052890
66206858
28915924
66487305
47696871
72026601
14261017
66527497
60258583
72970236
48986661
49408125
68853256
60624313
71777038
13257213
58640913
74483210
10149591
54864923
77400248
52074854
79111334
73096537
70434590
58884815
37349445
70754675
18993123
25470011
21602487
24777556
74203121
47231301
29087644
74286345
22774402
61709218
51876629
19148304
71500411
65342424
52687545
35593045
71668962
27308096
21646510
11404287
12361361
32214847
21481363
12402742
48724855
56839607
59442024
49605199
33291057
69440140
22401109
27166967
14802198
41722537
52531155
16601686
44311056
23066129
71847082
75231986
48962929
53883500
56646581
59302732
56299093
32844300
67617111
76173452
64082181
47730846
19453004
24571031
16660892
44152880
70360607
54924823
74427103
68348609
31082522
32697237
10344534
42257658
54557686
17413553
70502439
29332276
63707056
12924721
38520022
21363653
68071662
11359761
45886054
43446539
21754754
40419589
48622142
78590749
39936683
59903471
72550247
60108927
76657409
60829097
41277909
60906444
66028114
16202335
41939737
76906146
47207462
43575972
74038626
22341683
64093236
40681322
29896346
75292804
54327342
34860873
56245827
24833845
29798559
67014978
41886724
79866169
16937076
37522217
11851974
61225556
47487109
56519729
70878072
43414677
28813803
21258849
78293979
19424024
29673214
14535041
21516418
36032205
22804512
19199354
17874523
29124175
20869367
24140188
40513575
14320707
31289940
77565408
16261788
22439999
64498900
69767971
61491688
16510436
54314772
75958175
65462679
50861557
14282487
30741418
53116681
78895839
32052272
67834318
16331823
48089279
46697974
68532179
76372761
13963680
60118504
56662455
32773785
53888501
75898309
62038888
61000345
57351315
12358883
50437483
40822105
61612734
12698041
63546864
24701973
32999505
36716535
30019126
25785102
16881450
27176176
23575485
58144952
54002112
28595794
38403525
10584921
49487525
45799223
26120741
23494152
35618656
62982703
26393929
12960081
25009856
46934574
73102074
44959280
24551216
40247414
32584125
35907957
14695848
53575926
56108150
75502511
11608146
53702727
13118936
34166000
10892598
68685683
57980663
49645243
49196095
21389348
39816265
63726149
70783749
18524358
60374742
71523641
39237470
32322175
20045734
71308048
77897434
79442806
18677688
45223304
55037627
11301359
46453313
77429117
60697620
27362839
75989825
43937766
70136694
23944453
16739623
77126578
67340009
74781908
60827737
34071744
58428930
78930858
70102852
40085284
15713399
27913574
44982318
64803905
75428331
39358089
34868983
41851255
63704812
28402875
26652658
75804771
55248124
64025742
25322278
48167878
53931524
13178310
70698324
44074553
16534135
12083362
52295589
23865379
20169364
33912173
63637710
19458811
40457101
67969749
74682296
15712383
56769820
12060901
69510766
28218359
68921101
57577392
73281072
35333246
28835090
71253585
78313166
31668789
66521013
33293904
46196191
17622611
25565968
49700762
64503154
59309510
32826561
45417107
63159615
50500788
61045736
75048646
60926093
18994342
31597346
64346387
19016173
51700066
33388061
63942335
50738574
57508922
34567582
70336273
41563247
40853280
12838683
19162271
37986127
65978877
58409013
20025123
50160131
20005173
19724056
17381933
58072012
52035919
40412110
47310074
10140341
59506405
13099107
47539946
79706190
42436197
45553452
73285947
19708923
58147326
58970771
28321773
56940522
42649300
36061267
70940988
63658906
12406276
75035565
50171240
14683807
59793361
54022504
48535739
16713184
47705004
15012424
56992239
26185870
29467424
15986229
44443379
50210004
76321052
51140623
39517493
72933933
11478700
47085757
18898716
45056057
55486482
58547267
21279037
37995238
68465166
17914903
63823381
71679266
35991152
39284590
78765457
20174868
25806313
33271641
46356185
24529316
49261033
54972458
41302448
49340024
29886002
70246627
10970133
75664822
64270790
52305207
31265226
58094127
69062662
28465909
47516298
13209214
23799491
26188090
62533152
43105068
27546931
32668686
33594411
53558417
25009384
34881499
38841583
21787883
63749209
40604463
76392290
57378035
20398740
44801646
67698571
19765598
34662930
15983642
23897774
59923247
45139286
64000430
54300645
74356461
37462586
67141544
26050124
53522594
24022597
71341046
50190678
16723512
61752785
51767127
79587466
26395777
68769140
72636006
51176635
60071150
24546104
48446475
40901417
39399580
32818220
65418555
26118313
26857249
40835533
38881746
19146893
43340471
18102040
78009456
39917882
18107858
22980611
74296109
25039134
62584995
49973158
63234227
79399331
21716895
47334830
53085557
14284571
12756276
38012290
58804471
44618678
20763846
27058830
26970530
29859276
61245778
55931395
59728696
39696836
66417704
63086802
63178637
49017147
48633484
43086658
25861631
42847978
42648174
58620872
11223576
35046756
73502873
22431118
70668648
21559834
46100091
66154675
57358946
19767520
40939353
63479719
57995973
75332102
35120199
19535779
24686625
47634963
23620557
32048596
40004523
15975981
41154082
60101460
26300776
12075396
56974196
37723785
33123894
32637063
64198307
47791644
17769219
33166010
40303247
54228788
61564171
38573164
49911544
69470858
69351529
52493389
25272996
59351093
49847351
47595660
75259788
51148416
51614448
51712704
60732256
79362410
21931264
53958470
29834393
37724057
36893793
34478346
65885579
29597041
45159785
55792806
31951600
24745761
65057717
24501034
29148828
40723321
15779302
25683718
75247184
49279418
21327444
43820864
16058821
20634085
50955699
44269329
25786277
41514779
52942516
31851716
66811606
75575394
44935498
73516056
68561457
56297516
14488616
10818761
30936596
63786734
35908526
15542562
43963608
47529494
36593272
75525517
18522572
51412502
48902924
21446149
62261289
57490954
44355214
38410048
57651276
21543090
15501455
35831272
62662884
14756654
31045009
41115194
55066107
32034933
14013673
77285463
21445989
63680163
68896549
49867883
37457488
20174569
46047735
30126920
64476964
59456357
31306557
51235428
26410668
30794644
35997248
32927245
31079245
77746579
14692364
23658231
51985189
52799514
50255729
27890830
62715127
65538041
24860689
70802910
47369312
41345843
50036109
66631481
52337908
54119975
57536598
14528206
63119598
60294861
61491770
10071728
31948491
59896653
74469008
24730930
52408543
16332057
42281760
69182796
68234835
11833793
71875797
44731733
39220526
42004276
16440844
51752145
56198458
12383270
74966865
77278767
14494689
29033457
36924201
16692811
57991607
69483418
73364261
46293515
70231724
70223407
43052655
23707605
51551527
29315282
54603898
57471320
73156742
71925861
42186477
18227351
69511739
28613564
56947656
76535845
42248632
27868075
50543618
63436037
59547593
79080819
57881965
54687312
60280708
18838620
49128495
33469519
12329003
28083903
68630052
19720415
57995679
73698439
58770390
58988125
73211073
78283599
12156842
57437485
28247118
76376726
50992830
13812782
79872346
20904257
55962170
10773686
39884403
68167500
64498018
71235162
19489170
14890254
52225734
75645088
27270626
28192807
63718953
38002437
55463048
29328191
47476633
29156394
59944630
66830319
51949706
13135086
43828939
79842784
45455729
36773776
72351032
14794468
57488128
22681146
70041379
65013628
26566038
70557666
79378371
79076061
71351735
26231240
27149889
25908678
24385104
62055305
62902186
42087739
50705970
40723412
51436186
72259041
14183883
51608456
69988206
23893949
30951721
31620434
55510734
21007445
69617554
39296132
36596424
72392881
26852553
65059119
74184331
57660431
10111000
10610032
13900663
32979184
68324443
45910324
34443767
59118044
59261127
44441418
24776660
58809472
61436140
35608757
56143467
64399820
54161840
61301608
66737477
23773089
21071686
32429036
14959386
34927578
10352516
24345238
61467068
24779188
56008868
72894372
70303950
66840371
74263531
64980489
72700508
69993756
49623244
75062183
31006169
32214090
64757320
36478080
64266121
14829033
28107038
33953371
20251386
15974087
51820518
10585248
26388361
77638082
72571560
23913690
69852749
72097819
64697081
52854217
33477738
38614923
45618791
27799700
70796326
52161365
21874367
48282364
10793045
30836937
25934114
40582369
47414140
42441746
53183364
52358630
17246929
25592623
57365922
20991881
79297789
56132594
65277444
75429142
37935238
27696653
11285129
57409955
30119460
15682358
13666852
55708998
60805276
26850293
24619164
35219858
46192340
16249606
29869634
75188358
71651683
62278565
32245005
73728210
78921490
39193728
28383473
13393760
76089647
26666387
46515297
49861547
10782659
33247108
36145384
73237218
39242635
43792937
36673886
35619223
78401201
20138187
70314672
49793004
79781423
50743201
28911401
21584597
27364021
36897706
33686378
48768036
51884221
25095419
16282357
47736737
13451737
47813005
21421246
29469641
26871742
79338552
68155493
41137652
53787979
41963664
61557966
11342538
12347470
66610942
23638603
55077558
58494696
30324266
42137238
45939240
32049046
56375279
19367319
39037010
69859954
36173037
12532250
53562788
73372826
21343025
61880488
40559888
26673474
73081276
35178506
69238674
41098665
59948855
63203692
68673999
61491480
72420441
10451601
26097899
42148573
27038564
50626587
35280492
77594031
79473160
32191290
69715641
64371258
78997203
69343262
38311550
13478962
77754761
30545719
69957308
28732449
25355961
40686794
63612989
44073881
34233315
29358246
36804478
56879098
32247063
33073568
10978917
32454094
15693699
47264413
19741091
37336534
54029407
61376847
23336207
39549297
45628937
74143188
65380416
64740477
39541656
52055464
75187600
70659315
62693921
27926972
15039164
18625384
13600101
19848822
62837016
34938660
52853686
33909715
79988005
41014042
66186150
17789964
61657805
58912482
37462569
69161852
13571950
41637110
28794337
31571671
51411775
70401156
56669957
28091715
26417712
20705213
65393801
42706385
14120892
78847762
12212198
78051982
18162261
65116336
75571683
54591668
36139707
11098677
42735686
22854481
50098989
64355417
40861719
71936083
32667575
14923476
18482748
36529907
44545683
73917732
59979110
61321356
43380604
57476643
59609197
72031697
51428070
14163781
25768887
59805489
13930662
23017526
25175625
71952383
57391320
62705102
59528341
34246251
70974057
22730879
56123647
26160005
23788718
70880237
30022912
71344251
69811275
68326019
40233528
77310262
46136567
20870859
41411876
67304109
20935756
57317642
36526204
27482708
31681085
42946365
64801812
42571547
13662524
23932967
49831113
12408243
66901986
67400804
59728138
71488936
23886591
53033392
71753394
56577288
24941934
75901597
16045145
34170068
74567792
48278710
11426578
56780127
60691067
42349172
42792671
56430244
13640885
77269122
79466034
21526726
60980376
56631009
79871374
25413172
71297831
35042600
57046859
57142091
10422535
63912949
48780481
21708773
43665717
57427966
79644418
48135989
62187467
72568770
29198940
65274587
42974010
53879852
46403803
66670015
66790674
72389964
32672493
27211408
65583340
65921968
12385721
42655268
34203236
66793073
64416800
44084366
62585412
72523842
23286528
67148559
66037706
13793664
73096848
59354759
14247762
47569540
62701897
15460659
31093788
46159660
34878374
53374485
10696142
48224746
43416870
10225927
63799538
56708924
75160993
17110802
25989478
72435001
36053989
11006535
74448255
59737931
62130476
16248738
44814357
17526402
48395672
64083733
64872653
49742809
10643026
76857599
46475604
32598884
18140155
37662868
46536604
76114339
31277426
14971249
76967752
57906976
17271748
18041454
17436842
59542202
18451979
72748076
59405003
73000756
40793348
31282052
26457549
60528745
75259865
56707117
73587035
37416881
35755608
31315101
34833156
11251351
71873323
21194030
15955767
57049883
39332067
74724954
70032661
77080402
13481125
47517529
49021006
66185630
31715676
43003569
29794658
44445099
26070187
76790059
28381477
72417720
37982196
74094838
13734869
74462049
48494477
71567614
37422456
19913684
21055844
50241287
23324269
64030194
60213714
72664607
53248934
14891729
32527401
51887480
64642924
75555254
60656216
64443191
40899645
10043064
49668476
23768879
76973817
63546618
61455813
35831478
17256807
74914510
32471433
13180512
66494192
79374259
70278520
40835723
23149660
75416593
68149782
63718068
25717992
22700848
79157307
66571562
59550432
51339631
27491882
59275432
19836352
79121464
22073917
58594277
76681917
73085122
18016634
19266833
63572405
57067850
25100375
42296885
28130719
75798937
71114496
61945340
48148701
10957800
71656977
79614484
32209563
74417940
70140981
38043214
77307892
75147560
29061070
55780405
68394330
72653444
50316676
41993761
67998448
72586856
30990649
18704458
26401848
78904686
51040312
52816397
33357368
71970828
30108397
51588235
34600491
54455587
63050883
41947158
49988269
45512847
37268421
19230090
62565587
31292857
70453654
52424980
12670007
15420021
44850011
65457572
61997331
58899473
18214666
52241255
47575751
63718288
63937904
37194447
67360760
71331205
23602907
13383940
12500888
46314062
78997007
24654537
61237162
27814378
29879864
22797966
59585225
38590357
66720634
43756580
59327285
63972125
24203446
51731412
64400903
52762346
67634048
20624221
27215377
11411559
41964711
66492857
23024666
46141103
25597989
14440488
77169840
34463546
35834463
31683909
76354808
54723592
39864386
53878201
33172776
61450433
13314089
25772261
17522951
31135398
75883416
63887021
60332059
13157344
70376344
60700674
76154439
41101913
28250557
14968046
31245113
42511819
46866319
63311204
46021307
55660716
43154373
25289325
54227701
22051641
51264806
62715539
79238930
44743889
24680409
31567341
73850835
65891428
77372262
71388631
77509260
61316261
77137171
66168194
70175395
44861214
33621655
54546252
44267508
45456735
33003678
47952111
42462086
58068305
56721255
27935893
22058373
11444568
79333843
73911506
64509586
25514462
62096155
79609019
12246227
54178654
37515392
56508415
25695223
24639074
70754943
14496193
66635924
57485458
53080489
50206957
73060752
38866111
58965144
79089211
33006895
71304537
22572780
53254690
48526861
76524870
44638629
19118265
60841652
45889087
68808774
25839376
56571089
42727547
10064840
46315605
51633820
56331331
31448593
29683051
38157058
69436075
72523583
12540112
36851963
64508710
45465592
40198934
50794914
39182235
34338117
32219815
38002498
49702482
14623499
40880211
35950854
67795480
71527618
61949795
12331375
61008765
37952503
26395656
33673119
78537761
75654667
72571620
55087450
30435766
11332078
62408738
29656419
45438297
79807131
43931764
25529647
24803450
79916251
38473470
49139550
11440611
47150586
59726965
13640008
27641823
66952911
47720792
45334840
24535490
70991241
33369263
24859728
55500316
16076788
53645921
71855382
43571360
27849812
32786465
48106055
19802580
78466289
72122807
78676793
20118892
26202103
62623260
26229428
53561896
56700914
20980940
65481483
58075588
32755349
63704278
11123187
48012637
77292277
19133665
15254193
72746510
48089386
64474981
59157287
43065891
47480221
66508037
53943698
61600761
42996322
38926143
23860058
48507950
72697603
10281964
25488645
25595460
57198889
63556722
71962066
41031312
70813021
54715214
49252516
16233089
78090750
66166732
36110516
42156577
51189430
42541371
67044195
78938462
33290042
65834710
58863738
25205718
50536777
29285550
68946167
10734634
40452062
42309766
24572833
24411718
30669734
11224600
57717670
47601864
74592493
22855629
43216299
42747257
54074444
63538300
27256064
50673443
53319573
18316935
13905340
23785880
38974571
28409671
45523628
44274324
25142636
71646935
18216865
55318408
74141214
57430220
21952034
56417378
52667741
35249077
23347829
11120294
23568345
36351719
33417192
20587620
63537346
69689934
64041764
14360085
35724160
75239907
61442676
58331881
50657697
51638613
68089689
47830406
24049367
47157012
24988652
61805122
58998183
26340582
29879612
10778961
65110087
54626250
58906593
11929284
52836156
45919543
66587396
62845303
66343457
73967247
17233316
75048607
47069990
47201287
79542003
16334836
38390228
13412429
50393576
28372434
27064611
61179086
39195543
44390498
73416086
37159233
69122036
64565596
59890098
35458742
71218137
30156805
18413215
11243568
75868308
47769530
39123495
58977784
32479788
30523406
32001057
26334640
62105885
28693018
11839841
77066456
32968408
47832895
25980163
39753233
28187506
25730935
13868662
10481180
37695377
35944625
29403793
65249789
21188682
24686871
77879932
74779011
58731340
78629225
39251634
14126762
38756416
21173304
14759202
77827979
15535975
24040012
20447395
79553871
44749505
11012824
46190955
10585937
64222250
68158715
31291469
54480490
56339877
77256135
69686906
21093610
15980298
71994059
12713337
13440223
52524854
70487356
69518685
21720590
63429564
25755488
32622042
53586797
19307750
58000064
78028869
27236782
27324206
26339124
12818133
77841904
27428329
28305365
17200049
43197851
31112357
44852371
77779472
25864292
22306556
35967271
16511281
44471412
78287040
14576702
17627555
36801897
55863534
16987543
22415960
47984130
44979936
58510696
44710157
51242714
33533139
74414893
12843529
76394811
66560553
75074792
64730925
22667024
59877551
53324005
68039520
69968702
44390594
48649338
74270379
41619115
71791070
51832024
56735195
78016478
12706064
78737273
22703679
62794315
45461332
43070035
78743127
10374060
43604211
35167261
18687692
73162933
52915924
45183016
19720392
20591454
45406770
32495479
62888570
45989116
67690630
67417705
64241582
76210654
46729705
55542038
57223930
14195655
42653931
60612482
21765333
21364831
31807821
25379338
47501423
42002895
20536258
72023726
66136029
52955604
19756744
47276917
15944386
17850753
43876358
66543861
18455534
53676727
26936678
33946758
30109528
59642120
25948558
57330454
11300707
57501965
61272074
28610775
55410326
47617044
39706187
54033026
11681011
48752247
29710089
42853867
13899318
75947174
26593076
26863976
68035790
22514995
53802149
18633180
23360009
42202888
61190051
62377951
58413954
29906231
66607275
75450306
79139887
79785711
48212320
34140474
72114550
75854909
19841181
17931865
57315194
30094216
51988127
79350106
23754969
16296138
47895305
37477357
20416890
43799281
35061125
42050745
58007223
49493288
10641105
22745224
66844196
46371254
20476327
52773957
62149416
61330790
28348350
64160214
57418773
19477952
56965706
14818339
59074486
18602327
60472886
29662563
14542709
56690414
43251342
54935451
32488645
16993100
50887575
73853857
18926068
53908532
50060104
37679672
34244765
37096796
14618625
27360248
15492852
10412696
76972417
37786508
48729466
76647129
73931973
21347474
14922197
68173636
40678283
75404034
57895604
25102076
34439231
50952047
78813882
62300149
22891568
52404930
34342661
72606026
37483555
70318345
51775204
79984953
37916162
16133175
23940054
69472136
63574392
62922449
48605844
17264853
75976861
47857795
30930595
43287671
51899700
38553355
18311213
47719268
16880824
60824816
29929047
15853830
15828935
31383402
77104017
22719256
48793601
78726552
11719939
22211073
67101570
39082398
40703117
32416408
13563901
15101927
70275019
64212217
27835968
58548438
61000929
60617831
65687144
20230081
19441342
13246227
28943486
12719701
78352935
26655657
38893482
59652056
27621182
23554562
67100575
50534124
45595168
36945031
13710038
40858289
14891541
77051788
16541494
30194954
10050234
19906631
73464382
40994057
12983120
35703620
10934692
32814371
12978084
10033407
23816928
34670985
15923213
77998160
21138981
30004425
54347939
75560353
61732047
13885877
34270643
58515040
61949356
18413451
56353069
58505801
68193132
34075178
59973688
15375029
20141948
51583398
30766442
16192802
38832506
10458987
46667296
10125698
25653715
67589622
38549877
24344989
39168285
63726302
35770557
75279585
24151297
16465455
49214186
39445726
21866983
62320356
24813970
35955357
50977880
77450838
70148855
52839521
44578064
57798448
11815678
64956320
49422535
70004415
68693658
66058582
38658283
52977502
75442026
17749985
69628724
48771494
44960490
58406938
15225091
44445777
30447914
58251564
51138594
23446553
79103941
24571381
61801818
51492500
27782206
76226935
45138822
27248761
23167902
25509458
69326779
59252672
77177825
45893809
70120403
33175753
51558510
69924446
48146855
62470733
16107912
45845403
23773236
49866605
48124181
11007744
14330017
67429099
39794126
78591109
31351017
37969861
56403904
38304210
19334950
31040256
28088763
52299475
53330307
54492819
49407738
40442648
15293527
43361532
60272431
48909059
51411497
59622054
42129442
15927756
51744011
66722939
14793674
45577077
43398177
52932270
73935694
31497517
36028246
64120188
57779335
10710972
71438142
45163875
65269901
14176088
43717874
37981081
45684553
28162258
51972223
24344536
40036218
61655068
38520229
38094156
42720024
18807575
51240664
14242604
76001684
58553641
41798727
39142282
40931648
59480947
21853938
51510578
48243582
79057601
48270645
39058445
23792145
11902793
23779025
60119748
28612938
39324600
28348909
57665364
23604146
40280753
56720592
35893305
74198240
30956963
30814092
45104144
45485190
27621628
75429252
27679112
32580791
79179134
14712323
68680352
22361114
45083009
36978076
12806060
23996126
30490682
39774910
42989417
72155445
69670957
38258543
43471646
10833417
53469646
50011622
43184526
69090881
75356676
42731380
43033521
70116419
66392421
10473596
70757623
22180777
57315061
61172914
65736646
73599980
46654485
50038020
34470660
39931658
17837508
49527371
10673622
31728759
78969366
75236189
68905557
22567009
30340803
47298856
21607265
79321475
58713241
28726139
41533818
63057796
21078669
40430685
13353600
78788149
72203726
71183583
45194440
68670635
25508148
43557945
18875584
40016450
53712278
44628141
71415177
27782642
55538535
64173382
40012707
49329091
30159202
72592870
78395827
49420911
43553113
39876918
32230060
79193182
68237714
66681809
57031315
29156785
41154270
53330617
39655654
15366384
71346578
73136265
12753966
38455852
76139971
72577915
69725757
27744966
27956372
63333416
43927547
78827201
78501284
43257493
22910978
14863955
31053164
37386264
47336653
79635571
32835251
77867550
22805019
28463850
32211460
34880130
16213591
42369269
69251485
56186386
66877383
11593568
56667333
79961153
57707022
57714689
33034782
78256510
10667979
21984679
33613116
50372678
31199342
39763752
78126272
65219296
79041484
67598397
71158220
30096275
16182080
21502604
74810152
12980773
34965396
56578906
62968271
55274442
52918380
35474526
63152068
74640367
23356229
65473144
52752553
13133405
60169706
19803761
60687571
34928947
68138961
27199407
74474255
62494785
78530185
52096946
19614003
43730331
12342773
46132376
47944429
19120318
38698737
24201150
74825315
72529062
73774859
79486044
77479954
41560504
68386105
45642813
70535124
59885788
65680395
71090492
59751032
46068161
55205800
35816447
55515716
75234434
28123260
48315737
32867014
41281351
15017565
22643465
11765643
36316801
49101542
66472769
24728655
79558116
70797024
42126869
72954839
55097751
75347576
13410507
17847445
18621400
26666001
70055172
28348539
28718797
10926477
30814959
46309335
62343988
51528050
12118104
14723271
74190395
64450859
35211109
53151663
12651271
58979268
18858714
49746049
13058723
39981359
65360305
69099002
13097179
22406553
45161718
51504859
49888734
38051853
34520032
20673451
60437865
22319125
50545067
29154093
74684596
35542892
74458352
41645315
75447787
60038658
68634894
34596859
69971527
60185820
45329013
27953064
70624379
10383375
22076665
14213645
31674417
20767963
69452247
48065603
18290201
26761285
25083283
79318982
45639014
58681996
60049788
51955016
13219956
79537425
61399068
76926426
10500681
55708315
78205303
64347888
24095270
62220434
20527874
22914097
54178941
66145105
63695844
34278286
78808964
19984234
29530281
40263488
71864812
76698515
43926888
73769099
30937985
34618764
27639822
11174567
62944726
15652093
71439292
11031169
67288695
51771730
78171909
45655261
64051431
27375710
29636137
75943786
18661192
20666824
62130356
21353170
37742725
44088518
66578774
42179533
13417146
53806502
42336816
70152726
35631199
53137008
14758604
11998803
31612099
19836354
60787841
26411933
64453909
35235071
51564216
60325987
11676852
74510719
16154173
41548333
71547007
10650665
15996130
58921290
53516995
59340250
43966379
59871065
24021295
22668855
54363477
32542479
38882376
38395179
38731957
49648033
41109350
69666352
74481496
55067403
59419427
29291442
13711751
23760387
45777312
51597876
30420082
71739905
69014049
41959228
69430331
79539395
30196802
11691126
30105987
39578498
17770709
40857918
47705373
68235927
78358866
59659997
58280699
23901460
29300598
14413196
15770073
26881901
37002314
49386666
49480177
31675520
13868584
73678859
66297022
79812556
48485299
63872362
19101877
43404438
68334845
38966327
60342872
62548623
13667918
28044385
41645817
11447285
73314180
41659892
42571345
67305878
13917277
57294155
43289856
25177482
78626053
32628113
57841879
30773039
72649037
46452961
38580839
30305642
43291008
59529960
39524482
72796670
39282337
73122077
29602959
12766542
74068728
45781106
51822903
45092854
24111615
13802606
34377449
72060046
67647848
25526432
21048065
51558615
65378629
72369786
24787646
18296667
27952871
76041995
57585869
12606019
29163910
16427432
47654591
76681688
64979712
65347255
70790366
12742835
52655602
35258716
53208739
22749679
43436469
19271925
66547504
40465851
46632786
10728280
14727903
69989291
51361591
48453639
14496855
61569165
50098387
37126713
31840425
28933733
25572823
76116817
37540603
75760803
77520337
48119396
31009424
51355021
13832842
16368361
62555691
72359490
64814934
15574232
69557800
31631676
70138312
28697542
79973114
17400893
49306071
22383595
30050930
21058790
58887269
63708773
60397123
50820126
31258904
35396474
72979200
54351582
71880453
38044570
13435382
55426555
58012164
65390763
48945580
41954682
36796265
19341204
20019510
39103296
20075280
76705095
46183426
40204530
29215932
71420672
17052495
72853813
36897803
36827234
54061253
31548056
72092868
10339299
60347954
16283750
10427441
68687315
27976620
36116447
12466459
28098757
28225054
71429320
14488016
53382226
21769146
39023448
26668062
45319860
77893346
26558001
67766089
60683574
47233436
73165035
71866430
72679441
75990418
27708292
44739498
24519654
50626471
36214503
64068061
72752318
27635383
24889366
77830443
13204860
17294512
23989458
44745502
36103321
53357290
52134749
59969631
67654607
73675084
29964359
61949125
57898166
59893371
69225268
59894649
22828568
75811157
29686076
40546245
15321405
35561441
69130304
13537097
26311347
41236566
78484714
20513467
67721444
39855920
51820633
58021743
36167687
55550356
75754858
26632615
12191680
38892568
70010458
62986520
33359124
62105678
42341773
27493687
75869071
29195980
52041221
64419171
52277624
29734467
56295872
18461807
11616821
75890637
65158670
18736840
24986975
48158043
71128581
79217969
12109226
74881311
69175002
25912611
16025849
52820932
25211283
42292221
70799552
60367085
57180915
22684689
35214188
18623593
61718375
51393895
70488996
49888251
42147729
50810594
42284670
59010030
64696084
24068161
38072432
32279929
64822594
43569231
56527320
27097627
18250902
65230444
58232260
35269987
75172139
39339974
36111634
68323516
69296404
79467501
62040514
57184644
77779944
70453797
42424865
13754306
74546621
67061518
57898326
33626312
69860966
26987108
66196233
34800257
13420682
70796757
28765085
29185040
29078223
74081495
17657433
56120396
12570634
55217155
59716009
57836730
56878088
66573641
21270006
40415811
17954782
11275793
44366250
13259074
16690370
21812605
16942432
20675768
43480541
59259882
54697218
61928857
37971201
53458611
56186721
55418555
38673598
66912338
16341171
41922971
19615350
43841320
73107343
28880265
44524634
20051084
66503399
47184385
56498848
79831587
73614808
79715646
73280153
77873063
67343519
54556070
47046931
57454069
29781135
49069967
70070521
21138415
25525136
62119963
10265369
54604257
66423134
41111556
60746081
45408942
29460382
73023075
61732841
55229517
42636811
43876496
76027772
39991183
41152728
39630131
16462991
71796544
33930886
36029000
15843460
22260718
45077002
69385476
21080227
68887698
68674082
47789968
17181280
14963451
41650333
32455139
25387348
79296761
57852688
42199056
49476898
23834843
32227069
50801898
19597476
44121472
28994724
21356983
40427310
10880129
63296890
56820818
36825660
35648502
41705698
24265949
70554419
27697882
27179376
26507910
43094337
21317560
38757706
73291612
77823402
33257139
29067259
50084795
61775752
21357893
21480334
45957411
77950444
42993372
28773871
79549714
35162831
69655594
40460904
54129912
15789559
23083591
30502109
29496125
56289586
16389180
72592874
74372744
22772712
74070805
39946124
55862860
24704186
75070295
53583393
57886407
67152664
62602101
40451361
60187733
41089058
48669467
67978927
30096238
33400578
59732997
75694539
74508905
14544939
50473786
32926190
22273314
21331507
49399568
34099473
12736572
16259125
24728262
18085312
20927899
12136262
29910122
22768681
63085296
51453926
11061876
47086665
53992705
70827856
17590686
31879269
18065131
50503002
33505914
65281282
12919820
21919694
24965258
47797824
68563254
77196013
39393248
27691596
19064782
69249295
41822615
71643454
35443448
37640550
41389059
26050687
20460222
23293934
54699334
30276572
22389004
24971539
15368252
22570358
11420370
29238192
15151989
50955299
18270267
32268567
54755171
46469643
33044839
11578060
32518933
20656994
48022084
62922304
68824633
30738583
56902886
23853346
16287021
60300224
50096999
27821691
44815292
77394170
42571057
53070820
71518520
61889067
46099821
21088188
29599931
59059984
27889723
62180351
14794072
11584390
43199067
72889468
41558810
49676280
16984496
17795113
72440524
26310120
18941420
51001629
55123983
15844753
70185354
42030614
74984576
14951461
31660289
65071181
18882803
67023133
68611066
77107839
33470646
44842122
45847988
67928925
56797640
46385718
53020145
20120583
66868804
57567010
19985822
60091916
20344749
15027814
46909117
46919461
38990489
29691279
26962946
56308008
16289768
35055656
56284242
62672354
30993877
44295126
65223760
10459543
47385487
11270351
17344754
14079823
58360737
66534660
18993777
28719852
34963680
66697395
26953807
29818073
75802867
66271005
27794136
62057873
37615753
63439616
60638276
34247776
14978120
41691956
62292076
63413437
41093614
33761231
10136318
15470375
47990767
48328833
41942007
61057849
68383616
32066435
27230079
72487528
10738049
29965070
77054950
45678558
67141807
34517961
56850605
60283073
12811053
59285961
19283816
17937274
66275207
58703829
37409711
50308250
41348067
39426709
72634899
56523008
56174385
11572414
50934144
79866230
42782758
68962527
27709034
53456697
18717619
68858621
67046900
10804795
78629460
19015619
37106303
70591087
20318839
23949887
78649104
55306929
69665723
55433523
34580311
47251128
76501956
64567808
25356296
79937479
73082207
40277482
43100400
45317000
19116744
62324556
32218302
35607719
56411926
32964737
59254713
33009722
45772899
13926922
34457628
77435680
65697268
39230254
32957405
28188926
76091034
29404798
40650634
72554801
77487941
61905969
65277829
79636513
58396553
29097310
17319147
12560585
37745120
68522639
26860511
61341226
51676522
38327303
77102299
44489246
41005030
63467045
30787283
76620971
19268261
79870769
25983069
12989756
70860930
48415135
58287750
77412438
75291960
56693660
18778030
36731026
73200204
11326841
39779090
39990151
75443146
43895471
69441703
75730124
59625922
11651676
33804540
56802109
74419580
47239863
70773551
77481157
51151028
12533702
50361715
50916979
72560089
22524403
15076788
11153098
71570025
25260056
51620014
23623584
14694699
73525725
75666092
70681686
43437821
37392433
31854465
65178438
23780913
77824589
45310917
78956282
38905525
55755329
15288097
13631202
60604008
22481713
56519201
43618755
12004422
61786769
17983810
14611515
39315197
10260438
68452020
65526581
38505900
52891007
23853316
42084366
10133996
74007290
31504450
68149243
19835177
76890694
51740891
57090544
62653273
15080522
57531927
35016242
14429877
45306421
55566093
63405512
55868507
62799232
54375154
51940836
47821778
63941097
10969494
68308831
63597795
31551606
27637074
26859605
11036212
58876866
28104652
20834438
46283619
11828168
11667057
62769973
10756855
37369051
71383369
59187080
27122359
76298417
36029894
64277703
33963719
39247108
75556831
24906938
76239719
41298138
10969253
74367361
51879419
25233856
40674631
75866950
17937324
59032999
11676769
34063231
55646978
51073594
74590723
38807501
52512143
31677946
57599686
60935082
15970477
10365072
51304089
65464837
20014041
78834951
63387114
56369576
66927527
57964850
54551997
45272700
60082341
62669071
21610366
44506021
44009856
65732533
76518288
17182153
77509550
38427390
61959601
61554721
28347740
47008350
48600208
50684215
22140148
75869825
74168453
27372917
48115863
44216142
46411851
64352350
49295894
64871021
38089994
40442045
14211521
20172854
62404509
29283699
69967107
14877995
53643517
66486490
12069362
53507192
34669537
17342237
45378858
13620913
67546126
11462400
51813932
72713260
58568194
33052720
67604989
17580095
72363025
14403895
40943906
73582935
25704267
69031199
54489184
57823935
58744740
54710603
50187695
41104432
53296634
49544934
17400203
56976959
17206892
59449982
77265904
68007596
47260971
43474978
54570597
21113839
24147094
65408203
68830449
20399227
12100068
30789052
58655777
13716276
52501335
13558835
54665459
39965810
26395298
29685070
64314906
58895182
46068865
21552117
44270254
49976028
24402861
32776554
23818153
76376278
69718647
73499702
74647823
79747106
30392507
32940548
74756219
77886489
62339517
58616870
69522406
59038066
36786709
25544805
68754373
16272661
27672348
43323398
25079673
18861195
69084478
11485776
54957583
40053686
35959066
60124022
45429859
48274055
41981103
74230280
32901255
52243720
22119178
57389839
45821904
39130033
27331131
40087740
72915237
13565453
73474569
32515252
26949028
75821770
54372068
73088442
31785867
60785903
64984061
32182970
69745124
47852313
59030396
67146429
10184216
11173975
40666874
34884101
51756053
13750605
69094725
63373071
25259137
23019576
60065628
47104833
51760367
67350198
30840630
58383676
53748779
36102157
76079635
64266060
56976863
75142182
27629606
68517892
66474714
32924475
45546473
54025136
56799627
16368628
41433550
64226490
27805861
40194289
65977535
39198558
28230662
29094578
25743920
44152617
25822066
18428727
10421171
28879180
13316463
37973178
45759283
38742056
73503436
28107410
65820008
18934811
40104889
79521223
78087607
28479853
20109698
18419755
37210424
45194904
32563076
25630999
48847486
37638055
36116030
21365246
35743295
13889913
57983997
10698918
62737665
79815466
51593095
58747134
43522199
10819960
42478876
23895825
45489473
35235560
54477306
20280432
48480026
67470334
70000699
57544221
79234834
14513703
77183259
54088890
29700228
21794023
28927168
66149301
11439737
62932618
76287708
43676522
63586296
28051866
25133927
48921430
32134335
40955017
79027110
79983263
45133392
36116951
14679353
78420932
62943799
70310445
13821337
66317312
60111181
67939095
47360783
46895040
39397654
24447243
34679365
41687671
11758746
63280138
53222071
55630554
69782307
33578802
55445702
50496192
51515332
35547818
64069752
32891781
72044465
55473522
27629830
25010821
43857549
64198521
52707808
55814993
70547180
55548857
64572353
69793589
19754171
74928725
44573529
76098954
45234710
48117597
25450986
53974421
21648684
23253581
31038336
78488474
71056697
61045741
25236917
38945390
11127572
11264024
34344658
67229808
12003850
16397369
13498287
74292839
55840221
65537907
56205582
25431833
58049777
30736970
75673100
39067004
57613219
77029912
58603657
16358890
57941110
79074974
70947614
78961720
62361749
65725020
18509238
32768586
17589779
51033242
61744276
18356863
48134267
23039246
51031670
18368644
33819619
14519163
13785416
37767246
40904001
24688602
56294552
69739122
25499688
49457737
37894010
49219235
39781929
55978431
72130780
61233086
60532738
26996498
24314416
38021946
48982854
60143440
45497689
41463934
12895934
20461238
43709966
50854026
14246736
31332885
21087370
79553745
72523439
23169016
18190386
56626281
73528180
67589006
72909295
62030166
69277816
17054054
40071424
38669456
17785730
70579881
49642077
32326807
34057448
54225830
38418200
71916696
68525541
26561886
53412597
43117492
72432700
26065655
78726407
39217688
63836004
54702018
16066295
47710077
78293767
39586843
16046088
69575909
34571882
34381778
16365809
39891599
18967128
23762658
17288671
52657678
71808838
11974234
49670784
33230897
78158275
60012578
27630423
71988877
31288322
68167707
19988837
70186254
11238011
70960156
14172768
24504981
62348973
63174590
39802880
19698163
74238252
75199579
20072684
73986143
56949794
59267935
78798739
60516922
18545915
78274070
69729714
75729798
23280507
17293502
71309435
67134903
10215929
50156095
39081009
26888544
57082891
74611877
18342858
59937321
31570813
37327602
23604390
46702708
21660718
17449613
53137579
25823174
67715422
12134050
27465760
43443945
44511861
55511109
13017985
51732810
15267584
28139855
61970538
17623537
22328207
73017543
29590379
36157806
32039281
20646090
66276364
69758622
49675989
18267530
27659967
34820859
21927994
31203450
77982695
61825514
61307640
18845433
39899290
41382628
59978434
35312267
52126602
10017267
60614966
78405971
77138085
31305337
69746391
61397898
40746259
51669125
43384111
70756346
30688068
19850642
36604793
50383310
42779033
60437309
32373236
64735002
76721199
74053360
15481946
41161724
76900900
35350025
49825332
56196834
47437881
71798562
79949580
21459055
34585062
16932998
13198095
78224471
22295977
25032456
56495082
51006145
72066885
55293713
12426788
50892819
29702179
38247472
35131680
40096724
15507234
27735961
31844340
36745548
35533089
65194876
49081961
43176131
27897981
31740242
53865977
21273438
47546276
72745778
19588065
10610853
16848024
46148056
77787117
72502520
24258153
68966086
60377180
43124333
18906824
19699474
76355409
76387071
40890129
38168326
58946455
23799937
60822606
74822325
44756222
67233918
17375677
43730529
56627707
41938913
48464705
25319719
33124286
32100674
21587887
55705333
76290187
69955254
26611429
35571207
15432101
41655001
27942825
52907268
75810699
12041324
37197754
39167172
66814771
33590104
35210979
30488783
41142722
44297680
22041801
31137322
13804233
35318508
43097532
25967154
58467380
42939909
12180163
35987859
39738708
16862698
19520509
26514071
70616707
36513994
13197514
76820335
42496783
63738695
74489039
38427993
24267206
25567477
36291761
13837691
60534385
76448594
68173591
77536279
38850427
15008184
51777078
26043935
51756629
36053438
40542014
15432084
34788597
33635842
13406167
43122967
70016560
66238486
34574474
72552321
51874083
52265814
64788365
66662551
56561511
70750667
71978218
13214471
14168277
48334766
69762328
71282720
54317200
79264749
70048840
29822067
56905013
22369322
34748932
61380443
34622352
67179926
70703251
71510304
14278566
12970335
26948852
71572548
18275282
13744029
26539783
49765247
55578359
70844197
61915774
33702176
76674711
41198191
70469641
30237742
36252552
60984562
76269605
69233649
56577470
20627433
23327071
70249349
49480417
16759074
74958900
29822866
32346214
34251316
58036092
10299901
14407006
66582699
54179144
24607610
19520982
50427652
74722888
34589821
19130389
64858960
47077076
10001306
39881090
56224187
44748233
60395616
14271888
78859950
43524929
42552008
25159823
23032882
40119887
16051895
28623778
22776885
70046567
23553964
23291228
45137315
63018639
42372904
20450728
23053551
68892915
64347544
26671371
63305525
67377147
15998734
52081398
76912037
66629987
19261388
25765638
78763723
70790503
15214656
18468350
78914397
72230283
31294942
15463170
76773110
39157561
57365143
69382388
41541653
48876279
39374321
73177032
76048144
61459433
20017936
45285426
31988799
32016008
39862960
51250649
43164672
29553907
26643837
76419445
57520998
14784018
19263568
60058884
37313840
15913007
66660742
53364056
52392269
34255486
11921683
71375312
68805419
54316684
47535367
72610956
17645311
60531421
76400453
64687540
42353569
29591489
48537808
68083249
59935045
42919489
31322781
59273548
27559354
69252397
26181067
70234105
43880331
73894169
60174232
31994997
37181658
66304104
50911225
73298743
54444481
59444670
13052426
12353670
58626987
67153333
25246304
51211767
47798569
49178046
57392489
75867921
39028516
41382475
19349392
73260072
39621295
21902643
28438675
73350378
52248685
45616547
49844624
51297110
25807742
49110351
72819671
44965789
18751434
51479605
16220779
59953001
34490009
12757120
46174629
69393509
51769450
64376413
14989129
26610986
35948254
71157673
18665046
47649357
55220718
45218885
71390549
38931179
41598599
43619281
16320813
21747246
34880725
42761343
72267867
67297101
62950025
29728967
53357585
37065659
75671095
60354896
64506654
53830446
13412358
49317955
26048092
24550196
32762916
30699523
20204355
67694533
72933067
10792791
54041053
70911408
36475806
78176177
27778711
46030734
65733980
21301699
75260831
77252951
68009808
22322535
22656633
15377719
19469306
41432423
61101884
72816150
64348350
59064248
77440924
45244997
45424307
18799258
43204697
30227097
77248085
79837491
20268805
13298434
63976722
58305412
18714662
61007517
23041418
34118794
67146742
71524105
32792109
55080301
19611808
52431532
65590995
26994045
24809154
70716738
43160672
17917470
37673302
63917770
79713659
47892907
29893756
32412460
70687270
18463333
33017551
56811851
32192934
72984293
18109349
40151715
62139493
48518859
66761015
63289633
19250891
67206865
78852175
41258909
56257189
21413717
58174212
46312147
14228921
35530330
53388562
53978726
72186433
59247593
73054223
71862019
55365276
33699094
20713215
28381634
35186491
54890873
62465339
67484461
65050727
37189152
21884783
35273378
31883687
63553377
44041701
38529221
57134544
47290543
62034258
63328578
77088653
73274379
70691550
73913986
47672338
17983971
22610829
16930306
53249789
30645191
63107254
78685024
30696124
58476457
36065965
43114248
43021076
73671077
22581430
36970616
10029780
21020649
45174866
54179576
60022376
73690729
32147403
18925754
73173152
43954561
44827753
75614784
48919025
12382715
46882493
63864896
41280315
44995722
43572283
32414181
68777141
53833202
39858937
67634734
57841617
20462968
10112655
75788051
79765814
41512101
36404013
57529866
47453386
47820754
50758771
55840003
65740159
59628231
33791709
31074178
44847334
79180308
31521198
46622888
14850157
37543102
58926592
39973155
64453415
25039958
28371798
79847674
30434502
28552916
38122492
15289737
50524589
30240598
14615587
25916568
30807436
69629654
73705417
59962788
48149396
10191396
32846979
70408935
56280570
15524532
32368120
24487524
32758082
12739573
66661719
50967790
22710233
68854080
22813465
42168496
28794510
30680716
70081544
21632607
67360708
57519062
76782632
56145722
10797613
65019092
49389270
54345150
76346177
35506214
32446599
67401580
17333674
19354818
79315805
55110882
69392929
22705222
24265161
16002519
18139087
57833743
64524355
30330781
24993317
17241030
31208801
42060359
49913101
54509988
25418566
34282660
57928090
52668934
72369392
56722339
34050015
20928459
78156876
52639602
70722307
78545782
15818803
53048432
25973585
49262499
29619154
36044745
34515753
22357063
53729290
37836247
44403623
10263561
70966354
75489806
47520321
24526136
53870348
43975837
64877083
35049445
29934283
71269931
19206195
23230341
35571401
72525472
15629961
25773865
74213473
26332672
51219778
60634930
32859409
19408141
50762295
20001411
44124489
18714109
76495521
63546790
49773487
38913440
50042818
24567435
67505823
53096025
76726314
40299173
25453422
70924366
77959848
74662861
25053563
33491528
72476407
29547209
17946048
36235809
42427240
24501716
33820748
13670773
10125860
77347848
24539501
33610837
43070857
50388276
29584481
68346556
60432824
60499258
49787147
30200671
39664158
51239951
57384047
75080422
39743518
36058323
49779892
40994849
25149250
49649336
10632228
77280771
35870175
13824051
48830657
19155896
17570079
65330511
33316896
26957991
25771271
72948504
22198553
38489839
48327328
77892751
44902820
14701327
48438108
70263217
76947129
18294358
19139202
14962916
66564137
39342334
42348215
23670224
76116622
56686566
54888749
17490510
50876945
17515258
49296538
65526334
33920495
19168504
75794599
17229397
65822622
23301009
72932913
77747919
42207978
53343419
58097123
66677221
65890227
33396893
77897775
39765024
79544180
23562952
68732921
15026958
27809760
68077190
68906016
36901607
66977498
59424144
64461519
68490315
59909988
33992787
24827513
47089673
59651292
11791534
66750338
75779457
22478678
32620439
79746716
50194323
74125231
53818357
33919897
45553560
78355319
44294990
13453870
17458974
18624137
39192630
53825809
55111256
16314765
33608875
22779955
52820846
79052871
42167026
55134515
50265670
26437258
40645412
49004571
59284068
47607158
61194832
35180350
12245401
65308760
70443374
50540286
78647920
11770114
64160140
37660276
30998259
27274535
33391739
72134256
61593712
10189423
42202547
35854810
37939699
40487394
75248434
49740052
20604477
24961167
50675305
77787224
41458168
58047926
16627621
63498045
51433513
24093839
40025907
38937822
54698279
25160721
46520258
43102003
73244520
65506068
78592303
70547732
27249235
70904961
30145710
50718062
28014231
45174477
76362510
21037833
19870807
63242584
63055452
29420485
63999362
17620956
47401021
73653332
38440575
74300353
40057334
52752364
59500534
45731046
26137877
20480032
38766936
15385592
24499462
39865766
66527524
43945334
69793516
57526823
59700371
72744497
46235394
46476554
57940351
45437505
45864330
16909632
33854220
79498181
52353700
21245026
72625488
74861283
55210945
73467518
31959255
28495221
64409613
71543630
50975159
13422731
59922206
70094082
56776337
44566090
65210373
33295429
14341111
47978035
16080877
57403459
67231551
57568962
79791092
14109919
41987831
32516561
30963580
11391362
13661494
57878546
21795712
79681297
67954109
26723003
38380336
35048964
16021070
68799085
22982467
32039208
70230949
50233712
57652141
37685506
76333460
41262220
60689276
64273756
59639987
17396731
71555934
57829577
12698007
24331944
20291284
10666465
49281263
52662624
48326936
79772320
63843985
48005945
13564806
77865606
58744891
36179984
38259252
59611537
20528816
75622138
74378090
79934197
42393175
43478472
61402887
10343228
33195421
49390964
50713031
35934068
42858900
17353704
14196489
49685415
20642126
62503392
52748757
53503436
70630099
56216664
15045161
16908767
39762841
34804311
57990357
18946664
72442720
79886815
21165752
16120274
34034821
49821812
32759875
30633867
77780571
46860500
11748089
39970576
53186406
42792369
44161467
59572024
16501291
74142785
32797500
32258079
35286017
48254256
40189332
58562270
46755311
30442289
33434918
40405355
70526544
64986034
72142735
53625918
47611317
72230018
26099624
16535146
35118834
32171916
72622447
19567491
55949633
46058971
64320955
53250951
13860258
18377611
30616133
28358758
10188138
55386049
10182306
75323303
70148389
36884320
19783454
76637559
19760299
79096453
13566791
25412163
61100415
11412545
63053848
43904117
34151884
14226048
20247862
61249077
29860086
19962438
58306961
13149980
45809741
26427501
24689788
74395432
66619134
39301109
51109802
51396062
47380412
65900514
69124825
14452250
59085510
17199939
49686799
61053259
21548965
45200030
24716274
69464272
26901949
21231106
38332601
34583730
59111925
64139855
49167717
59567980
24582727
26218667
10275046
67193072
53868951
49093615
19541813
18534750
23455695
47147469
75979915
38833973
26707879
67247830
10521221
16835215
43800178
28652886
50325383
46464041
46920771
53618204
19946680
76418837
78987809
25663235
61796676
42088164
23971854
19500240
70684190
30456830
31438844
25310598
41162751
24716177
56892417
66003052
74697369
28615947
10258616
25608982
38548558
19782991
53891481
26253475
53731488
55920736
41399547
25041625
30007013
62940416
73883563
76860031
69245392
29274789
24779985
13085117
68795996
49208696
11854221
54075648
13342990
40739494
33890219
40348981
73191951
33266530
74123689
57438687
16406219
48234031
53619316
29809085
74449830
61942568
59387578
13328882
21808177
16026545
46976868
24122884
42010305
68845800
17906581
26481787
54913063
46881423
35281832
29574079
28464393
78509835
12135187
54435799
61228005
57881262
34674175
57744375
55241018
57247889
16171778
20768076
34312075
34338159
70495694
34959323
45949836
76936778
52108025
44020991
71299238
38456965
35061508
41201840
46145931
48067845
32467986
30086647
35485116
77921413
72113763
28951508
46071692
55565564
44965065
76997685
58433887
59784870
29553472
74055361
18184618
74317621
23288927
11516249
64691904
58305856
28591129
75081931
36145154
42780157
32077613
78251935
44688574
42856337
79068099
21641615
75367463
20908954
56479436
51278829
59689819
61211187
50902925
74209512
53015554
24517758
14224559
32325938
50913676
31363166
73360908
64431838
38697164
49852888
13657218
22343160
30129298
36172268
13482416
79476814
68424808
43245499
62279542
59860722
63779637
20694223
23131990
34425484
11827509
21418355
56049615
17365580
71353026
15684624
17427011
50771152
16161554
23539673
44767450
55870827
69697386
24980563
34359673
78166343
56798221
11277285
70027905
74351068
20961045
76666624
77689247
40727441
16442790
31366568
30016196
35272593
29439709
71124228
38830473
35580884
41704494
63399304
62930139
19570934
69737739
74859169
71318403
36829346
60564970
56814304
65726485
42717755
58547823
21381483
45286992
73858760
27884750
28371144
37719715
27725584
27434937
27438986
66746171
76359147
40660942
18573148
11854025
72082677
77915738
72405354
72393046
31602210
27526735
17683528
64963727
24663624
41006246
24155835
44583460
10831220
60764718
25517910
57415089
11516211
77100942
55098571
44485257
76173377
22551154
54220988
37594267
31150892
15435072
22674042
23770517
47301815
53301936
67782915
23160839
65079799
59524195
36394493
50758946
78922312
68614930
43485909
68607780
69997150
56224712
13376617
53678576
28147757
12207288
49551516
27632530
54939901
41890731
25826425
27296276
17307554
61608753
72310396
21076748
73265508
72978890
10188577
11952478
11834826
51066141
73142665
20443491
53330055
57767754
69152286
46484366
34300254
75414268
40619076
54912759
69055107
73164387
50134520
50857815
42464289
73603943
12260360
30653510
14487935
67843312
62462104
74667729
55481574
45582028
73353133
40109984
31627058
78784566
40475170
69385547
46521062
59242255
50212365
69062406
45626886
34556860
44292548
29610858
77709426
32464248
75967524
68218262
39429861
14685184
38904788
72624246
64290364
14178083
22022018
11330831
20580433
22147248
31445474
42392534
66419337
60343407
59558462
16875846
11839264
75779292
51880673
77525679
46362425
36706068
57827609
66756945
45638658
43912964
54753070
52508538
46059944
30114761
42958163
11424295
24669548
19667666
72602101
20280762
24419350
77257790
11311161
34473089
17906591
16801769
27017424
65334931
21580621
58121826
42453042
21083094
61504490
12332779
58000120
51180979
48506637
36334066
68106900
70499679
54734596
73707352
69070222
52707662
24046006
35209400
26236251
79470781
31081529
65728490
17282946
46484054
60792503
78080172
22864349
36657355
73735279
44011680
46690040
75357700
30569336
16361946
36145389
79516772
26018907
79979871
35987730
29583818
16614150
19197749
74806085
19284130
45208330
51868948
27695784
77314987
41915167
11294513
13946723
59816046
74565475
74735942
33679725
32577327
11368121
72891553
36093872
36723931
70413493
19144707
25905194
76801284
64647361
63339883
16831763
28528295
71067038
72647444
40336902
59579155
25622394
38047286
35048311
46148256
23414664
79955627
22154889
60920497
26858875
36409307
70088215
31216855
14072411
16754486
48734140
54705052
40407511
58155851
50955021
37731617
38034169
10470294
12948649
17290847
79780877
78328613
28285688
26464747
64311516
18095061
20217846
76041973
41163623
14685717
46751166
64538480
79356716
58667522
73382056
42864145
18209200
28885511
32767876
16719790
64455366
61527702
62261361
30408692
29803562
53017899
59275110
71457584
67488316
30031502
43306484
14455008
46392988
29591341
33016390
27327701
66894717
69311941
20187516
78253608
19497411
71600971
13421499
74582924
23734266
53582372
36975521
69718657
24675882
48544779
18955659
25685461
16233736
68876441
27651358
21791432
47082031
20361545
31190025
73924022
50025331
35465766
61917954
60576335
48868773
62208624
77920866
15297326
24814466
75078419
48516387
66204844
45652705
75857096
67371883
27787024
41245340
20530300
22903492
34516114
27225125
24278245
40059093
72967507
16076850
62709460
18527717
26407563
69328411
19291615
29953763
25047955
72481596
57387395
13754947
24606509
31935890
27747831
79304031
11020303
14866322
42175922
44352589
36828003
75225601
67925900
20181240
16881205
78058120
39521465
38844281
49772546
13593139
21569632
74858763
79089768
41007210
68260997
67877190
45787573
13331205
37591487
65713271
31788241
75139730
60268571
27201380
10794933
66670531
11533996
68751329
23297912
64775199
22867653
68743120
61181599
40549022
79503654
22966166
72593619
58209366
33352282
71109856
16376896
52559049
66879965
37133328
51215260
72698719
22079986
73334803
54074356
30094116
14641463
44029566
44882761
23712353
37367957
19985362
71305617
34858826
69282942
75305093
60020005
28560312
28659865
37402717
15310316
64036016
11700522
52987404
61375165
23879016
11314057
47809121
65374016
51871592
19801340
32065381
79444005
42967235
72886250
26923002
60412455
53758155
30986770
74091703
45266564
13371978
70666200
39201268
24292357
22927076
74033859
27472492
37112797
62080591
46074787
67190022
20580932
75139541
29784149
55115952
45508377
23589007
45768384
36104670
42202195
12060365
36527011
20729518
41423993
57099378
17188209
20713872
29215888
52695224
49224986
30497945
45466143
44196335
37344343
37323729
72744535
45619634
46482740
54496181
40788893
20640711
54583372
42430639
47440033
60450554
52122693
68546133
23893731
23752243
53578445
67347753
52159730
59831962
12043810
21073960
50812619
38290319
16548517
37347348
37108019
59565823
63639142
33510238
67305258
35577738
24986520
13024145
15967464
43059364
75026862
74443266
32503176
77416618
45303093
77911374
62065367
43605628
30246406
33731031
43388748
17344190
51455551
43379215
73593300
22404955
68116505
73262255
37661959
20630202
13217691
49592242
33630553
52276739
41211222
18567949
77303181
45000433
59125856
41534203
51267506
76169152
20833536
43398165
53627423
76264749
21979988
72682238
48733145
38033428
26195243
15779167
33501158
23114394
73322046
75982910
12270528
56676161
37584244
16274613
79654681
72723129
53557062
17717653
36009163
58594635
60488767
18434557
18604933
74218903
74369942
68188497
64174446
63824203
56968549
63088092
63777307
11681717
29782990
70484142
46156972
50352268
59471645
78888037
54645125
14717770
30624227
65457485
59023273
18062851
36474869
39293095
18402623
40001512
31029235
70019555
61995138
60336161
65385742
40879759
50386050
49518921
78600163
34876426
50026167
28227095
35114354
11668430
34344021
10500016
31329465
24073378
76936890
65247939
47734137
79616319
54259288
39140641
49883086
68750247
48700438
24109371
41893070
55660970
65186263
49728896
42594836
65569970
34772883
19718846
21763446
25526907
31956455
46338704
79243634
30133218
51641970
60109976
41694217
31393774
30740216
37398969
76858074
30520544
69631827
50411480
44478858
73984984
19967578
38975524
58551201
39940571
15326475
34208369
60830991
42100402
43901713
60053336
53568648
41724245
67139767
16226082
59942580
60469673
26679882
67188542
74019475
67096724
46212349
11946367
76949202
14799829
33023127
76086648
66819701
25677390
68380594
30997033
47328129
74653219
36370807
30410815
60044190
75159005
71038416
73476117
75663142
41765408
17543305
76480349
72538366
45910168
58266061
54558451
53874225
68425388
29772121
29088541
32012093
77845668
57180167
45791397
26781631
34328709
56083347
26117971
69579675
19614331
30110193
21046824
45324594
64287200
77404664
11275280
44606735
75375094
55800777
52343674
29745097
79800417
44026775
65945062
75729532
20249798
10780254
41111549
29977262
79893314
61242924
27083047
67602333
35144443
11554920
77740718
40592742
26113348
54315446
41502246
27989198
42367672
35002534
13536337
22494481
22474378
19229682
29733469
20178206
22826184
56017655
67303792
61037924
49220493
38408328
44230722
24669580
44569756
76207589
52759114
51206324
70967750
50274231
22350115
59226263
31278252
76883365
68815423
24256793
65624719
61582622
40005021
24274592
25446378
38470084
65006684
75957562
70506637
76947162
56578899
68176912
39588463
50547095
36534350
34223194
52836616
37847950
77384185
52498611
21339508
74903031
34199944
49548567
26406736
16409757
29545505
58312146
31995052
58047256
34529215
26765711
67791272
12959683
19063552
37124233
77147656
62286351
19094502
75855257
68475911
56392317
45104480
56669700
16450728
63567649
44531435
28140510
69486196
60192124
68516963
34336592
13353273
77607862
12690420
25107605
59586260
67384818
41463834
38360430
48229052
44701309
24313056
19745351
68508368
56151816
51310523
56813036
46723235
36111784
28760350
70698610
58266949
29873441
55654290
58341014
26154116
78649976
56979171
50579911
61593647
62800760
70234305
72460633
32626852
44457616
41210105
64713557
34313904
25267193
46603118
38520367
79146315
76377327
43544528
28595532
47955010
77120645
76581914
76124514
29969146
23568883
22541907
78236222
73991075
30991665
52167651
41699191
35093601
77756815
57385296
57885528
71384842
42134296
24613371
28709067
74881616
40855273
61058218
16619801
61028960
13125485
19001481
24842307
11644686
54455782
78944768
60273124
35661823
37093404
13026044
12721330
34958290
53882247
17118361
64870690
25191385
56805940
29691704
15952938
47744962
12968855
47940221
30104871
27444063
52907198
18654867
67882436
27675367
30280929
37676670
51051164
60466303
17815539
57790430
75698074
27772689
77879710
30074826
72219627
78106174
29403230
23543058
61360307
36189620
75104633
65700040
49418580
14414932
75981053
78629253
45537487
61298547
44723298
52821826
30514693
53457461
10893563
37119684
75933452
70455931
76400013
25831892
24755929
32139969
14153398
55327831
46834995
62284458
15756293
36218119
23362109
25368830
25310662
57540891
77674332
37278851
71871792
71158734
73133249
25737097
71386014
54460122
76156978
25588335
64334230
44960577
74009406
48780523
61895287
34004032
67171030
15363852
25815181
33156128
51374862
39057742
36182940
55201165
10099923
20480174
59386746
58272880
66823117
76630481
28023387
41641236
69558852
20010665
11346699
66762650
10036538
47535694
35254585
18173923
49077108
54771973
52978943
51844177
76814144
61603799
45348643
75066983
14243020
47345468
30889499
31224015
16440723
43610688
64898152
29377299
71475757
48694004
60818793
14375146
15975275
70362438
35035649
45568776
19663305
57485420
67725269
59561046
40197248
52084382
19548681
18932003
12054784
48186486
46489316
19828977
51233476
65034019
62699079
47848731
27820129
14811281
37336468
34754962
68159312
56262627
29925290
61622865
15217943
41388659
13482076
27187443
76338192
20826707
47929101
74741970
53595673
65047818
28588425
74324862
53618103
58510277
49403781
68326081
76401698
72296455
12840691
59358755
42775370
64402100
74986082
52266517
26344007
71194509
76984107
51514898
47752108
22452852
78541412
79045335
66810004
58397837
32424789
10079756
22795588
72344065
65048734
15383535
20508915
72751214
71243904
23731289
22929022
27166421
27549098
11341232
76849037
35798225
19130451
76685735
32432196
56405368
14508196
26993263
13009200
20204440
78336054
48787561
61817013
24493716
44020807
76130164
70857687
43754922
37993395
73028968
51954704
32724101
70211672
13165523
60538016
53416848
68860220
46898802
15466420
40406578
62774047
32503253
50112071
25291642
16111603
49164494
54510278
69875221
24538381
72903204
16839715
74336132
78795463
21831927
20629301
20607405
56423523
61047819
77822698
76431768
20782125
63625725
34522834
11925954
37148898
64518939
26844328
42162767
68585707
39137819
29615947
77444239
35919977
17451627
34128704
45564170
61246619
10641052
29561923
29444454
21608683
21128366
77152523
25417214
42128577
41754987
64803307
12055821
68863517
58312901
78270123
53289865
12960896
44662475
63218080
79715315
11869248
56854325
13827736
79859890
75644937
70367785
78428152
15356845
34046648
21975412
33539687
49519084
28988968
16685862
57552268
27552899
38895341
58069163
42614965
20478587
23899180
31788446
30785291
47017354
61843253
32952964
14054508
44049896
24870585
47872873
38710783
34875025
44987708
73771696
31424542
27416407
10057481
57030162
78092202
48999835
27843873
49018674
52838226
59053616
36697798
40520255
28489959
48108177
33722287
74718354
20930227
37030001
31740130
71296097
57789488
77054599
12295252
78090725
54387891
32631267
21960784
54046526
72962383
73277630
16818949
31189299
34322734
13397651
59814287
50227130
15167929
22543927
37876621
11083520
74962113
25217678
66048149
51766770
33414520
24628660
32537312
33439376
13362635
27254167
78559646
21725511
58341443
25853668
52016733
21370412
15388847
17149112
71845516
47308062
20558529
37924412
34632953
79197454
49385991
33711573
65549259
13380197
76835618
11051079
23423836
63105510
44264811
36126009
14775006
18071430
22223779
49607222
14072705
53906312
11793660
41507356
62043198
70305231
14964061
51439728
38321365
72104735
67205760
22237356
46459951
14060330
22669965
52439782
10155469
32446156
24384039
21155724
10443277
61438872
65185302
60565857
68764670
41953695
60772390
70982204
49550421
33035395
55594926
68656196
43739795
30262755
23027471
60762653
54472279
17308430
71759979
35581938
63122553
57680897
52035332
15178636
51323300
14027483
17987317
34275463
45219689
56754402
73833229
40510381
76157330
51462776
43247521
34413362
76524321
21894632
13087322
58763397
44957484
63184148
45285708
16649971
28674979
15571209
49487749
45510161
53891623
74332936
58700556
34226217
35425012
10251450
24159378
57112689
59698627
30726710
62542623
42766743
11377900
28899417
23524992
67922067
69296632
67823392
75192708
72170163
64515542
56422661
42595746
70401307
16414465
20726877
57340201
46164630
48442851
78621776
17483539
53044146
56492635
74882158
58223318
79237031
53574102
21691345
62217030
14367886
54290793
75141584
43743477
37589519
71963047
51438601
23694724
36876760
24187308
36693646
77732728
78057712
49287066
70377838
60458526
49662918
56381085
55526747
28337146
79288860
23956629
57925407
75287154
30127587
65683253
70335863
28168040
37376058
42807133
40825295
34543085
71754744
22497837
39941144
17553066
63812633
57404865
32631191
71396130
11498460
54466891
22481470
63483733
72881594
69686411
54462880
29848542
25540663
17715784
33551189
34438810
31637343
52786985
39243638
66646704
28992638
45583962
78975189
63036789
48735190
13054882
68150039
74924553
20702808
34582149
14585068
35644519
41168305
35524673
52728144
69824869
68057444
71357347
66992588
46916056
14762169
25961249
13420269
59458981
65378649
35329342
32490580
77071081
68089902
16861295
30002176
10477696
60043554
70498297
30246119
37775017
60726656
78332455
51835605
54723824
73837385
78519060
18917657
14596487
16993295
23904367
11338729
72346715
62726134
61298433
32053834
39268024
49536567
42235062
46724875
33472605
34580189
32371490
14807162
55974434
69461439
35028492
71147675
59400805
46444503
68391565
54484018
34905856
50071027
43269759
27356695
70926752
27355773
59818583
78671590
15194364
78698605
67794977
74286289
48151499
38525240
19709577
45664713
72610633
13631785
66513510
31678539
63092967
68050283
39321947
62610258
21109889
18186851
20640757
79577274
69410863
54153438
66368143
69124003
16308164
62559447
38625174
61584476
14352392
39367636
37334427
16338475
36485423
49522765
60230437
11921943
41413964
26125352
27315245
48937137
74625898
55820550
71144822
25672641
23159814
69806096
45228002
67859610
43232993
43954447
24428385
49947419
34746202
23686622
55732890
10867066
61824323
74956365
55518634
14312021
38654717
55548579
39942319
50798197
16130417
70459140
67274283
78538015
19145543
53670929
16713660
56100073
33238479
72730077
77806722
52014503
10691753
66408028
34735454
33126584
50706734
15007119
72811810
62356647
64146584
49217169
49066466
23531335
44272500
44864542
59398952
79973882
67926453
44818635
68324937
66429801
56855111
11741912
59665667
27734674
12834421
49742232
50395365
59169228
57880620
24945007
25655028
32304157
52404188
23077253
57184562
62615767
36805124
64248476
35579580
66939283
30351687
24584810
71985667
21863465
57074550
33252580
69836726
53628713
62675119
73914023
43706911
70772458
45391350
66491102
18265664
35031798
47295169
71462959
16252885
60724859
14054117
25634353
74387720
15951650
33710340
36164091
25166944
51209186
66941609
10132425
76458922
37500505
53835816
47387216
22758207
55467585
57301547
75759158
20286567
49292207
24569294
22618860
28112198
48760116
68755619
31133700
56546914
53351258
21939417
60454956
31022454
79901105
67935130
19408834
62867408
10425053
48799602
57800035
75013874
69411999
14748589
25429456
33066121
24476489
53888699
74130229
59416003
13072198
77287905
47853313
74371053
32920980
27284015
35344060
51906878
56024730
67193585
60248171
61593742
71341989
48780374
49011713
44518982
57373266
39124418
44321526
30876069
19770323
67312232
32690387
42945649
11533074
30366499
68005880
79201889
14987375
17998032
52583698
59047810
47953226
78479016
17860134
40553263
32591289
60686639
66382255
43141610
49317355
62201493
25849244
57799878
16951197
74935081
71041601
10744431
66501055
73595608
68700083
79778112
56483391
26065286
39725281
57120775
49851446
46197473
54303213
13698247
49292306
12886958
21270357
53598946
28748122
16659089
22530955
44939564
26399063
50302759
11388852
64160149
70969362
53390317
50942884
43415988
15143677
41988209
12979207
70691442
48126816
41520277
50947666
33387963
73421898
77159951
60302950
79222482
32621236
65174226
44817478
46251121
22564559
28637856
65027940
57471348
52836370
41671318
38004244
72569587
26325311
18772034
66624128
66695219
30943176
75279757
14878127
18118908
45931169
13140474
74651191
58288493
39697910
40926288
15180855
47477727
50435045
54599773
17700058
57259828
35019960
67199183
62022745
75104711
67431122
58954061
37085002
78111241
30176689
37045461
31395226
45347537
21614306
55600804
43001826
75960197
70646808
62092754
31891981
27803388
27156899
10975012
73728764
46077406
38456182
20499148
77603129
70609893
18079254
29479256
78275466
53632294
65811699
18594383
79986983
12760367
21660892
62229381
75855109
59374788
56569490
79645896
71325932
34490706
52106676
65393271
46469164
14140269
35083990
30875034
78210905
28404032
36579429
13044116
65317629
63917835
37882149
14296910
43210013
67067318
14041118
61123026
31012112
41884401
46339395
19595005
78041790
60906467
70694840
59434127
40511633
25318404
62195209
59012659
42600558
49067198
16896602
64719510
28539304
30912215
63956266
67150067
79281364
31001624
44989564
61272286
56161990
65290820
54942817
75325138
43531799
35591111
33479061
36434865
66876823
15923556
38301225
55205848
40557529
69213843
11284030
26813754
49651910
38333019
51038183
67421375
51829768
36934923
43989929
66837769
34042828
73164977
64276865
43431413
42291507
35449942
72331218
43317747
21192351
42994449
56161257
38241038
66614334
36430607
53453754
53246477
55423373
68375489
29198101
11287331
29338838
65309776
58743592
65944119
29964190
22522876
76021552
63459729
27175601
12266788
44586728
57033932
29611116
62866077
35125352
13174281
29501096
31407852
72425587
48335601
11957246
44852122
21217779
69568183
56606589
50964592
60026267
28462100
67328315
51845307
49784292
57713402
70701272
60436346
49784537
36213007
56966073
51962295
21029350
52998387
20391273
41711761
15008186
16664274
43238709
21202568
33892314
36455755
78581667
51602780
36684360
26450025
67438938
77531998
70260975
27699573
16054290
24944192
41413353
20213048
66621981
77014349
43174742
28685620
12758732
77400368
56689185
34305685
17829321
57480908
79986138
63125985
51257152
36861994
38956097
68230046
40026464
48522007
59432186
42835144
38284390
16390830
52386836
12030183
67632645
64398908
12354574
26813310
26016812
22086377
78300807
11253788
35545237
31502625
72068402
11335135
55081324
32491754
63150215
61681334
75709807
36653877
69663037
12485842
79827697
39474342
74820959
49369910
38139566
20587514
73292274
52341040
56010853
26454218
75119716
54971274
60737953
15543139
61678061
57492248
20702108
20077992
13051227
76220021
61777435
14216032
30383179
75387126
50092614
13213400
20548643
16424536
34896148
73102239
68823867
20078494
14954995
54375445
36615060
36036619
77370453
56223541
16600600
10460399
39769713
40366198
33070805
54198760
65783698
73109406
63404837
37990963
61763863
51666391
10330895
65848790
40287088
61646252
12236240
21895665
54111804
10318435
74246025
39098897
22823303
36005528
63236105
61404305
47498039
52804961
24186097
73106576
71671524
72301095
71764359
11175743
36170532
46343889
27861908
56210333
12798469
73280739
43828301
69575355
33797206
30265942
23855890
50444192
10187922
50801299
62959100
24757341
74874266
76010309
44698786
53347541
63631270
26186303
54411940
22859336
24422296
66789070
56738351
21825214
33074775
70418789
58369199
24124049
42347046
27778564
67992118
79518188
34129871
26775587
55239841
34846400
14868160
41605192
65134026
18482813
50527005
50317448
65583303
20052728
35096533
56146272
31609450
38139345
25511165
12527898
56352336
57373581
54163712
19340697
41197633
40516120
69274731
24889850
52718297
54881474
43673826
12629850
25906361
23801561
56333582
53483670
28956495
47407431
45026033
31491417
64982273
44532190
14613639
24599167
48883249
50524410
46630993
14711242
10505167
25889981
21710764
30347265
46872843
39435367
31423974
69282757
51519257
25902661
23158278
56310052
77791965
23463146
47797473
70687861
70296684
38889364
38356220
35880278
16298882
13580884
30691210
61131981
25013435
25880853
56251647
36690412
77129395
56415418
25591330
38760413
21532166
44924571
62575492
41973168
18154065
59577855
13954453
17340491
59408019
21807763
20742460
79035305
51977548
13750753
12957557
39019201
26560402
63551324
29618953
46176823
74279201
53087497
25388199
49656404
38540413
66011505
42023604
52988549
58034805
22501937
11094882
64560713
36186448
34936469
46441580
32911137
18449190
63450848
41339318
23143392
14919530
59376491
33161432
42428224
53982704
27355703
39785129
61257347
49152537
44859479
59642064
24267763
62848122
75843152
13070246
73782040
18262602
47471851
16046916
20174237
74328740
17290398
49675478
28361123
71858793
70594832
47907476
40904991
61000177
44509084
42099115
45768811
30486110
68846351
45406989
57777792
20136682
31013859
49529344
49821957
16797118
42550797
49882476
54172938
52330578
38119014
26938981
46795467
31359309
17765223
51518877
46912244
58030183
35667824
50944096
74080908
50367864
22108841
64846565
21182012
37579265
40158658
43896680
12335882
36935394
46926721
32992181
33002034
53996978
62369887
75603727
15149744
76687236
35895851
78657226
74226615
10409775
13921706
38961891
66165358
10292326
77778253
78915840
27056111
43087785
58557586
51594197
53403235
25887843
27694339
45749845
20168362
33036848
35577135
37241064
79484091
20294887
50595144
74762271
74780449
10553526
66841820
44617043
25176774
63995267
78516813
47151179
28613230
79964944
19730567
58534135
13570498
27749268
73456814
53501223
39656875
59249802
44701933
22035080
44872264
22762153
49071506
39449802
17811898
25509168
74806130
62157072
69280874
37860953
26425183
39016115
46278649
67738247
26557283
27452029
54639696
43918811
17588895
12824555
54128972
26485829
63644321
35978237
21808446
13068995
67672897
70992531
35643099
36942315
55438695
66673274
51562896
25437871
64053416
53937723
50356387
23824067
35167745
71018836
73024602
43781130
37234577
59106328
64140088
41707581
27026055
26594953
52554371
77370645
48749597
79062531
50766591
20587129
76032709
22017176
69353844
30600393
42448054
52772480
47648177
37876984
75956706
51731507
25838746
45678335
33860107
14474290
12438393
59835266
76249178
50310298
22606161
30510100
66068579
50224266
23353687
55573579
47895930
14221963
59483037
50597635
12247028
19999049
75947365
34006803
64488706
49232797
31541370
11484759
75592852
16019423
32060053
78545728
47865422
44486141
54064879
51813216
56319194
64671233
35089059
79687676
61317434
61721213
41308461
78704033
24828940
65027365
65586049
59612130
41875091
21733119
47895144
75032000
19280588
53802044
30486272
30847386
37142029
53527269
67719589
55390941
54271043
58801305
56831960
47025685
25421345
74610131
49703770
54224480
56088245
31869821
46113253
28903158
23260184
47182321
64906612
52057800
73370578
77707381
65705341
75332062
42205452
44190603
70387922
59156951
70318967
78326498
14533732
75433866
24801137
13144010
25568863
47929117
31533133
63057121
76746797
39132230
43788716
32972927
76824579
66391898
34147387
49383410
26630977
71538277
68116361
51766940
78153350
42246115
45234217
65541442
74124078
10767401
60965941
62507079
50057858
20868741
58820921
38842480
41743716
63769149
17218349
42222674
24423667
41825685
20159732
41211791
43143009
55201187
71011035
41422914
67464095
32871818
31797996
75267470
17472641
64622585
16462856
77785700
28324939
31212082
33151976
63366990
25181300
69216033
70834341
16432471
38279526
49302746
42175956
10082577
25134074
31293038
12943482
22268383
74330886
29458667
33582558
41707771
40798512
38917837
35622532
19516135
24215795
46088806
11181065
33078957
60830209
52694869
32555732
14031966
66434617
52007302
67421554
17386428
31929041
16154698
16274975
46367827
42132353
28721762
64212473
26037502
50244405
69496168
61089771
32141575
50435522
14178271
69843294
48194162
36106194
33836509
65828879
67178057
41617688
50165908
46963543
16982800
42101620
44288787
30017545
72341866
46612921
74568151
77939085
42798638
15626646
41603105
54434281
39654004
69915697
32778546
53140731
74150397
58881761
55302577
65887527
67889182
47825481
17638201
39740970
26956905
42314484
33788283
14645441
79532867
15737709
62181376
31095581
37441682
38191816
54737025
45536572
23319116
12899399
42938242
32667488
11797218
44708759
44486811
57979867
41223462
32674430
77875795
41694692
33940620
24700108
27669588
45712202
50640243
46736277
59585162
57007895
66314469
67548020
20560855
51007145
41817750
66525635
12751582
69660840
53395997
56527658
76108104
25583908
17175090
23398701
61706027
23352241
74653126
11525067
73683000
73699075
39245976
72277271
53672500
14701326
39581342
79746643
62292913
12512700
33487137
39200849
48013392
47125098
36911519
21212496
44037210
58478532
29020748
24990232
70849148
13917695
47796344
77637741
24403653
33444967
32795632
35890881
10071669
34446883
41753280
14532227
66464651
34636690
21613785
14290423
27529098
37060875
36274692
62503914
21806435
45914421
29590182
25240311
56144825
65886071
55880727
74646457
42317720
47978957
10537858
77821981
39098978
58068157
53284812
37490109
66858785
56281086
53182241
45810368
60871906
70493037
45761468
47002987
48148131
61663440
50031196
26302398
55938975
71127303
40524217
37192998
41846586
77368885
14068894
65016593
29486769
47971241
69905711
74281266
63586467
25915245
31416425
76212751
48032669
36975912
14341609
35099756
18476484
48917284
40155473
24585945
33382866
22931189
23608260
12579781
50266656
43639235
75087508
44808165
32315594
24235926
23129136
62866229
74448013
61604308
38749042
33742764
73565570
53619137
49115885
13801102
31581024
12569958
66239896
53132190
37783145
42304375
51986732
44812571
30461764
55109968
49272501
66199181
66268302
29125219
44395804
10622843
32831790
42014544
59840941
23111331
14347569
14921156
69502678
50858984
13955838
67673077
65121350
63621803
60981424
56858767
71179017
49338363
72172849
63369409
40978794
62981692
10587142
10548462
54037230
64488887
19451347
40858710
25448659
22944536
36444123
23716737
65556759
29832884
27004414
63760269
59231801
43959986
12315691
27283501
51356517
21012249
60454332
21135841
43454408
56063923
43426865
36716700
61621053
75481743
13117837
58082038
27665136
71043884
59009850
45922404
21913547
10915984
75311069
77304256
66429673
45907619
32538343
27139849
75909399
34386494
46418645
61329503
17309427
78474144
17929132
40400519
55516754
27387949
29588490
25999522
57148953
67950584
50847872
18792872
12056201
38770314
32169792
76189872
18541388
11544671
11393916
69881561
63502225
28880621
48369549
43176972
34773953
25479893
19486619
21921264
13930364
14992434
38194331
35806357
32922632
56182221
40242328
44205882
23544658
39061083
49226724
64810877
19254871
29410650
41787564
72615121
17367007
56948095
50912190
73052066
27250783
33320668
18760792
19591170
41925685
40554099
77075520
15450178
29304774
41087590
61636676
59454109
40704206
27646794
39488604
13362427
14619166
63445239
48942478
52828822
27220395
50972418
42913125
67875052
64289124
29553559
36986536
44623368
33893864
15664906
11510691
73882335
11235989
24566158
35996833
75143479
25516406
75215299
76229468
31938878
72283463
13842950
11534333
31134863
27365428
31586564
24173806
45543791
17265101
39535444
72071836
22737824
16381727
49302696
47824938
33558152
65455864
42894525
24677819
64240193
51373252
30981026
59037473
77187926
16843708
76437898
20023515
38121646
60293179
35264872
21687508
76387743
23977131
12868662
14743085
36577541
58637548
78965826
28545935
76981131
37312686
25719274
15840378
32332837
69892667
13440309
39183814
66424266
27394389
12173762
72477055
56077353
33380738
46182614
37436872
48840415
52846997
51057383
30452240
37631737
48537210
62104810
63057410
67681589
42235964
21315840
35827520
14918651
38589758
40153312
32549998
45014038
51537334
51398973
21281284
47854341
40114651
68844395
56739827
64147081
59910020
64420351
66991707
15576637
35218553
31382289
10330932
30330842
71180253
56196081
42592590
13045537
70027401
28968430
68583046
10377742
12689206
73011046
67422471
63578804
47765429
58935107
19972388
62066116
35035741
10019124
52018276
37319710
22551946
71191027
76377385
60158811
13177546
30699919
41074011
40001038
45045460
52500423
55547020
10342237
48112227
57602665
63869923
73226558
33957432
33243016
13798408
25769458
34345070
15737667
47798035
60061352
78357990
35497797
65712962
22800629
38750219
40913298
59332332
58357614
39563054
48437760
61933823
71111092
41667607
36250986
19166902
76070870
16506590
66462296
77542186
41232248
53205207
58093956
45684500
44251599
20570527
12693389
79984468
38828179
58176805
62279137
41742725
33754954
20329653
70453980
20727102
22724461
75670005
76477942
36059160
50680216
44023681
64483111
24701680
73921155
31560789
74082237
67450922
21095028
10567527
47569835
72792941
59039363
72012446
38066836
79594833
14556666
14588761
32635799
71945246
31843608
59104308
52020351
77861384
36546135
55694378
20803472
23807318
54245066
53122950
62890703
19245371
57515690
26628399
23580481
52436490
30381668
76110464
37371275
61734972
59140675
73148990
39356821
71306246
18822149
76795548
78918294
20375555
59131805
78484312
36592247
65426215
25902302
56877042
52869202
27345852
12272049
69000653
66833113
54642414
79790656
55091643
28657081
46224143
47107356
40272997
26293645
12552626
17898319
57461635
39566424
66181264
62345180
69252073
57464984
25184269
64342530
19220262
47648998
61194447
24140003
56707979
65988004
58714144
50923861
67655521
63797605
24506868
45325252
58695878
29623132
77654766
11257670
65742362
62097300
11820395
43986697
59618270
57538310
41168267
46270764
20214038
41580661
40328556
25651978
24213885
73201475
28512667
40095157
17093620
29418029
25938549
64383376
69271149
20060902
54155393
74390575
49108462
37894316
64836681
78667615
73438160
36869726
48591646
47600373
72119038
54707239
75759689
47983902
15426609
16080270
53175751
64969429
69919913
31623446
61286843
41549828
52960819
25137837
71563601
47510067
27595881
63757134
30206249
40922765
71656489
58327700
70254515
68194917
47911136
15682638
76537379
11319131
46855672
19014451
28813868
21913377
41394378
77276695
47832232
62086416
52986193
34019655
10981226
43372102
44226092
27886329
20715203
63576883
75631384
23204632
26131188
76776187
53536675
35612957
43119643
40973973
65918792
19072204
69559775
34944748
28501271
28641966
47670655
73556274
42589810
15825435
24350915
55166989
30511147
21355824
79512037
46089763
45210567
12165578
26635282
78460211
32688670
44771614
11478740
23392553
56935379
37199282
58890003
14631238
44388345
42490837
62101194
60776843
62139964
20210716
11991839
68299095
37635935
51376072
58613093
78011002
13125789
46471665
17832415
35230444
20104339
55059445
66104092
72777509
61555891
14348464
75310087
44770113
71442655
18235996
28846988
12054327
31874936
40621824
22678982
19596555
60894691
32922913
13115684
16351018
14698169
58784960
19971543
19895344
22423386
17260293
12299833
64445985
36660209
44314906
41504558
60508806
66302726
60943141
64904875
14119405
58244237
13674459
62245975
20451417
35293080
25084970
52468184
57083721
50996012
73037543
48884802
35393035
51847940
19946433
50892781
21264599
47046200
69417105
25910369
36904552
49615488
46428836
29523376
28647049
42743809
47556967
24440041
65463175
43450848
22623670
30600945
74934986
59050632
75781791
13894560
66778976
39784338
60446812
36345805
43059676
25886172
68422306
72979627
66221431
68631132
73793427
25008696
47204975
72265964
49687736
26190414
19005173
51632291
47702108
14108187
23015733
53016296
13544759
53423073
76969133
72971005
50101263
67001743
78437114
20552902
62492331
26823843
51728253
33995407
28283533
21293533
62659586
25747463
22107758
66559931
24789879
21465368
31256367
42653168
52133158
57413526
33693234
37757322
45985945
51281207
26024396
20858238
38936572
63752464
56209222
29312998
45651880
67663783
28306403
78541079
63608913
32738649
38706526
32873553
39797281
50468199
51961070
67867405
55132218
20353583
69291729
26203156
20239162
37905486
25878472
31671651
34512825
12716719
10399352
30429824
75413079
62396326
73965622
64076226
66477233
43721108
52005729
37929875
38908466
22425839
49928136
66807839
25742788
50993781
79835088
58470884
32804335
37011543
39132444
21273129
25637679
30444413
77465856
15278505
49638628
50788803
46545525
71093493
51619897
59662331
36147898
22451746
18878799
22681005
68477248
42771372
73931762
26217280
13623390
23808918
50874757
62249293
68034696
62216338
52441424
25756204
22187476
62730249
58737651
60299542
31505564
20045962
34262061
77437665
57044974
